#0	Date-time:	11/08/2020 1:24:32 PM
#1	Recorder:	19H1067
#2	File type:	1
#3	Columns:	7
#4	Channels:	5
#5	Field separation:	0
#6	Decimal point:	0
#7	Date def.:	0	0
#8	Time def.:	0
#9	Channel 1:	Temperature(°C)	Temp(°C)	2	1
#10	Channel 2:	Pressure(Bar)	Press(Bar)	2	1
#11	Reconvertion:	0
#14	Channel 3:	Tilt-X(°)	Tilt-X(°)	2	1
#18	Channel 4:	Tilt-Y(°)	Tilt-Y(°)	2	1
#19	Line color:	1	2	3	4
#22	Channel 5:	Tilt-Z(°)	Tilt-Z(°)	2	1
#30	Trend Type Number:	3
#33	Limit Temp. Corr. OTCR:	1
1	11.08.20 12:52:00	25,21	0,24	-21,03	0,69	68,28
2	11.08.20 12:52:01	25,21	0,26	-23,21	0,09	66,70
3	11.08.20 12:52:02	25,21	0,24	-18,64	-3,12	68,24
4	11.08.20 12:52:03	25,18	0,24	-19,42	-2,17	68,41
5	11.08.20 12:52:04	25,18	0,26	-17,78	1,25	70,97
6	11.08.20 12:52:05	25,18	0,26	-26,09	-0,31	63,60
7	11.08.20 12:52:06	25,18	0,24	-18,01	-2,96	69,03
8	11.08.20 12:52:07	25,15	0,26	-15,54	-1,09	73,37
9	11.08.20 12:52:08	25,15	0,24	-24,14	-1,20	64,67
10	11.08.20 12:52:09	25,15	0,24	-20,98	0,32	68,69
11	11.08.20 12:52:10	25,15	0,24	-19,82	-1,88	68,30
12	11.08.20 12:52:11	25,15	0,24	-17,33	-2,05	70,62
13	11.08.20 12:52:12	25,12	0,24	-23,07	-0,16	66,78
14	11.08.20 12:52:13	25,12	0,24	-21,32	-2,07	66,61
15	11.08.20 12:52:14	25,12	0,24	-18,18	-1,92	69,91
16	11.08.20 12:52:15	25,12	0,24	-19,64	-1,16	69,20
17	11.08.20 12:52:16	25,12	0,24	-18,92	-1,40	69,67
18	11.08.20 12:52:17	25,09	0,24	-24,83	-2,49	62,68
19	11.08.20 12:52:18	25,09	0,24	-18,69	-3,12	68,19
20	11.08.20 12:52:19	25,09	0,26	-13,73	0,79	75,48
21	11.08.20 12:52:20	25,09	0,24	-25,85	-2,58	61,56
22	11.08.20 12:52:21	25,09	0,26	-19,39	-4,20	66,41
23	11.08.20 12:52:22	25,06	0,24	-15,93	-1,50	72,57
24	11.08.20 12:52:23	25,06	0,24	-21,76	-0,84	67,40
25	11.08.20 12:52:24	25,06	0,26	-21,93	-1,22	66,85
26	11.08.20 12:52:25	25,06	0,26	-19,82	-1,37	68,81
27	11.08.20 12:52:26	25,06	0,26	-19,02	-0,64	70,34
28	11.08.20 12:52:27	25,03	0,24	-20,91	-1,58	67,51
29	11.08.20 12:52:28	25,03	0,24	-21,77	-0,79	67,44
30	11.08.20 12:52:29	25,03	0,24	-18,23	0,83	70,94
31	11.08.20 12:52:30	25,03	0,22	-20,87	-1,33	67,80
32	11.08.20 12:52:31	25,03	0,24	-21,67	-1,93	66,40
33	11.08.20 12:52:32	25,01	0,24	-18,11	-0,19	71,70
34	11.08.20 12:52:33	25,01	0,24	-20,66	-1,56	67,78
35	11.08.20 12:52:34	25,01	0,24	-22,37	-1,46	66,17
36	11.08.20 12:52:35	25,01	0,22	-19,37	-1,86	68,77
37	11.08.20 12:52:36	25,01	0,24	-17,77	-0,92	71,32
38	11.08.20 12:52:37	25,01	0,24	-22,44	-1,62	65,94
39	11.08.20 12:52:38	24,98	0,24	-20,74	-1,84	67,43
40	11.08.20 12:52:39	24,98	0,22	-18,45	-1,92	69,64
41	11.08.20 12:52:40	24,98	0,24	-22,09	-2,20	65,71
42	11.08.20 12:52:41	24,98	0,24	-18,56	1,21	70,23
43	11.08.20 12:52:42	24,98	0,24	-22,65	-1,54	65,80
44	11.08.20 12:52:43	24,98	0,24	-18,81	-2,67	68,51
45	11.08.20 12:52:44	24,98	0,22	-17,68	-1,39	70,93
46	11.08.20 12:52:45	24,95	0,24	-25,69	-2,56	61,74
47	11.08.20 12:52:46	24,95	0,24	-19,50	-1,29	69,21
48	11.08.20 12:52:47	24,95	0,22	-16,17	0,46	73,37
49	11.08.20 12:52:48	24,95	0,22	-22,23	-2,12	65,66
50	11.08.20 12:52:49	24,95	0,22	-23,05	-3,44	63,51
51	11.08.20 12:52:50	24,95	0,24	-18,13	-1,32	70,56
52	11.08.20 12:52:51	24,95	0,22	-14,90	2,46	72,64
53	11.08.20 12:52:52	24,95	0,26	-28,64	-2,00	59,37
54	11.08.20 12:52:53	24,92	0,24	-19,34	-5,10	65,55
55	11.08.20 12:52:54	24,92	0,22	-9,16	0,85	79,99
56	11.08.20 12:52:55	24,92	0,24	-27,98	-0,73	61,29
57	11.08.20 12:52:56	24,92	0,24	-23,64	-2,58	63,78
58	11.08.20 12:52:57	24,92	0,24	-11,13	-1,20	77,67
59	11.08.20 12:52:58	24,92	0,24	-16,27	1,22	72,51
60	11.08.20 12:52:59	24,92	0,24	-29,64	-1,13	59,23
61	11.08.20 12:53:00	24,89	0,22	-17,99	-0,24	71,77
62	11.08.20 12:53:01	24,89	0,22	-12,09	2,78	75,14
63	11.08.20 12:53:02	24,89	0,24	-21,22	3,41	65,37
64	11.08.20 12:53:03	24,89	0,24	-25,26	1,33	63,41
65	11.08.20 12:53:04	24,89	0,22	-17,76	1,10	71,15
66	11.08.20 12:53:05	24,89	0,24	-14,73	3,03	72,24
67	11.08.20 12:53:06	24,89	0,22	-20,27	3,70	66,02
68	11.08.20 12:53:07	24,89	0,24	-26,24	-0,37	63,39
69	11.08.20 12:53:08	24,86	0,22	-16,54	0,31	73,15
70	11.08.20 12:53:09	24,86	0,24	-15,61	0,87	73,52
71	11.08.20 12:53:10	24,86	0,22	-24,00	-0,60	65,40
72	11.08.20 12:53:11	24,86	0,24	-22,58	-0,28	67,14
73	11.08.20 12:53:12	24,86	0,22	-15,90	-0,78	73,32
74	11.08.20 12:53:13	24,86	0,24	-19,31	-0,69	69,99
75	11.08.20 12:53:14	24,83	0,24	-22,62	-1,38	66,00
76	11.08.20 12:53:15	24,83	0,24	-20,10	-2,73	67,17
77	11.08.20 12:53:16	24,83	0,24	-18,69	0,43	70,89
78	11.08.20 12:53:17	24,83	0,22	-17,99	-2,01	70,00
79	11.08.20 12:53:18	24,83	0,22	-23,04	-2,93	64,03
80	11.08.20 12:53:19	24,83	0,22	-19,67	-2,21	68,12
81	11.08.20 12:53:20	24,83	0,24	-17,56	-1,19	71,25
82	11.08.20 12:53:21	24,83	0,24	-19,36	-0,58	70,06
83	11.08.20 12:53:22	24,83	0,22	-25,40	-2,11	62,49
84	11.08.20 12:53:23	24,80	0,22	-17,73	-3,45	68,83
85	11.08.20 12:53:24	24,80	0,24	-17,49	-0,60	71,91
86	11.08.20 12:53:25	24,80	0,24	-22,57	-1,57	65,86
87	11.08.20 12:53:26	24,80	0,24	-22,74	-2,50	64,77
88	11.08.20 12:53:27	24,80	0,24	-15,90	-0,37	73,74
89	11.08.20 12:53:28	24,80	0,22	-17,23	-1,04	71,73
90	11.08.20 12:53:29	24,80	0,24	-27,20	-2,19	60,61
91	11.08.20 12:53:30	24,80	0,24	-19,37	-1,99	68,64
92	11.08.20 12:53:31	24,77	0,24	-11,63	0,25	78,12
93	11.08.20 12:53:32	24,77	0,24	-27,20	-1,28	61,52
94	11.08.20 12:53:33	24,77	0,24	-22,59	-3,79	63,62
95	11.08.20 12:53:34	24,77	0,24	-12,93	-1,96	75,12
96	11.08.20 12:53:35	24,77	0,24	-20,33	0,07	69,61
97	11.08.20 12:53:36	24,77	0,22	-24,89	-2,03	63,08
98	11.08.20 12:53:37	24,77	0,24	-17,96	-3,12	68,92
99	11.08.20 12:53:38	24,77	0,22	-14,90	0,64	74,46
100	11.08.20 12:53:39	24,77	0,22	-25,34	-0,12	64,54
101	11.08.20 12:53:40	24,74	0,24	-22,19	-0,33	67,49
102	11.08.20 12:53:41	24,74	0,22	-14,62	1,99	73,39
103	11.08.20 12:53:42	24,74	0,22	-21,01	-0,18	68,80
104	11.08.20 12:53:43	24,74	0,22	-23,76	-0,81	65,44
105	11.08.20 12:53:44	24,74	0,22	-18,32	1,12	70,56
106	11.08.20 12:53:45	24,74	0,24	-15,35	1,14	73,51
107	11.08.20 12:53:46	24,74	0,24	-24,94	-1,95	63,12
108	11.08.20 12:53:47	24,74	0,24	-18,57	-0,85	70,58
109	11.08.20 12:53:48	24,72	0,24	-18,84	-1,57	69,59
110	11.08.20 12:53:49	24,72	0,26	-19,31	-1,19	69,50
111	11.08.20 12:53:50	24,72	0,26	-23,40	-0,82	65,78
112	11.08.20 12:53:51	24,72	0,24	-18,94	-2,11	68,95
113	11.08.20 12:53:52	24,72	0,24	-18,58	-0,16	71,26
114	11.08.20 12:53:53	24,72	0,22	-21,67	-1,64	66,69
115	11.08.20 12:53:54	24,72	0,22	-24,02	0,49	65,49
116	11.08.20 12:53:55	24,72	0,24	-17,99	-1,02	70,99
117	11.08.20 12:53:56	24,72	0,24	-18,30	-2,06	69,65
118	11.08.20 12:53:57	24,72	0,26	-21,46	0,66	67,88
119	11.08.20 12:53:58	24,69	0,24	-25,22	-1,51	63,27
120	11.08.20 12:53:59	24,69	0,22	-16,08	-2,96	70,96
121	11.08.20 12:54:00	24,69	0,24	-14,90	1,16	73,95
122	11.08.20 12:54:01	24,69	0,24	-27,20	-2,61	60,19
123	11.08.20 12:54:02	24,69	0,22	-17,73	-3,11	69,17
124	11.08.20 12:54:03	24,69	0,22	-14,82	-1,64	73,54
125	11.08.20 12:54:04	24,69	0,22	-23,11	-2,03	64,85
126	11.08.20 12:54:05	24,69	0,24	-22,11	-1,14	66,76
127	11.08.20 12:54:06	24,69	0,24	-18,16	-1,95	69,89
128	11.08.20 12:54:07	24,66	0,22	-18,89	-1,82	69,29
129	11.08.20 12:54:08	24,66	0,22	-20,98	-0,85	68,16
130	11.08.20 12:54:09	24,66	0,22	-21,48	-2,18	66,33
131	11.08.20 12:54:10	24,66	0,24	-19,13	-3,10	67,78
132	11.08.20 12:54:11	24,66	0,24	-16,37	-0,17	73,47
133	11.08.20 12:54:12	24,66	0,22	-25,15	-2,48	62,37
134	11.08.20 12:54:13	24,66	0,22	-19,72	-3,66	66,62
135	11.08.20 12:54:14	24,66	0,22	-15,44	-1,14	73,42
136	11.08.20 12:54:15	24,66	0,24	-23,11	-1,87	65,02
137	11.08.20 12:54:16	24,63	0,22	-22,04	-1,33	66,63
138	11.08.20 12:54:17	24,63	0,24	-15,52	-1,04	73,44
139	11.08.20 12:54:18	24,63	0,22	-21,94	-1,17	66,89
140	11.08.20 12:54:19	24,63	0,22	-22,78	-1,48	65,74
141	11.08.20 12:54:20	24,63	0,22	-17,02	-1,35	71,63
142	11.08.20 12:54:21	24,63	0,22	-19,39	-0,86	69,76
143	11.08.20 12:54:22	24,63	0,22	-23,56	-2,16	64,27
144	11.08.20 12:54:23	24,63	0,22	-19,39	-2,30	68,31
145	11.08.20 12:54:24	24,63	0,22	-15,81	-0,49	73,70
146	11.08.20 12:54:25	24,63	0,22	-25,77	-1,04	63,19
147	11.08.20 12:54:26	24,60	0,22	-20,92	-2,45	66,63
148	11.08.20 12:54:27	24,60	0,24	-14,90	-1,09	74,00
149	11.08.20 12:54:28	24,60	0,24	-23,18	-2,34	64,47
150	11.08.20 12:54:29	24,60	0,22	-20,20	-1,83	67,98
151	11.08.20 12:54:30	24,60	0,22	-16,21	-0,13	73,66
152	11.08.20 12:54:31	24,60	0,22	-24,54	-2,21	63,25
153	11.08.20 12:54:32	24,60	0,22	-19,25	-2,20	68,55
154	11.08.20 12:54:33	24,60	0,24	-16,65	-0,69	72,66
155	11.08.20 12:54:34	24,60	0,22	-22,97	-0,65	66,38
156	11.08.20 12:54:35	24,57	0,22	-23,87	-0,41	65,72
157	11.08.20 12:54:36	24,57	0,24	-15,93	0,86	73,21
158	11.08.20 12:54:37	24,57	0,24	-19,16	-0,03	70,80
159	11.08.20 12:54:38	24,57	0,22	-23,46	1,43	65,10
160	11.08.20 12:54:39	24,57	0,24	-21,05	2,26	66,69
161	11.08.20 12:54:40	24,57	0,24	-17,99	-0,47	71,53
162	11.08.20 12:54:41	24,57	0,22	-15,79	2,24	71,97
163	11.08.20 12:54:42	24,57	0,22	-28,15	-1,64	60,21
164	11.08.20 12:54:43	24,57	0,24	-17,24	-0,84	71,92
165	11.08.20 12:54:44	24,57	0,24	-11,35	0,23	78,42
166	11.08.20 12:54:45	24,54	0,22	-31,17	-2,57	56,26
167	11.08.20 12:54:46	24,54	0,22	-20,09	-3,46	66,44
168	11.08.20 12:54:47	24,54	0,24	-10,34	-0,42	79,24
169	11.08.20 12:54:48	24,54	0,22	-23,51	-2,35	64,13
170	11.08.20 12:54:49	24,54	0,24	-23,78	-4,38	61,85
171	11.08.20 12:54:50	24,54	0,24	-15,30	-3,57	71,13
172	11.08.20 12:54:51	24,54	0,24	-16,16	-1,57	72,27
173	11.08.20 12:54:52	24,54	0,22	-23,52	-0,71	65,77
174	11.08.20 12:54:53	24,54	0,22	-20,77	-2,12	67,11
175	11.08.20 12:54:54	24,54	0,24	-18,21	-1,50	70,29
176	11.08.20 12:54:55	24,51	0,24	-18,54	-0,16	71,30
177	11.08.20 12:54:56	24,51	0,24	-21,53	0,12	68,34
178	11.08.20 12:54:57	24,51	0,22	-21,58	-0,90	67,52
179	11.08.20 12:54:58	24,51	0,24	-18,54	-2,08	69,37
180	11.08.20 12:54:59	24,51	0,24	-20,46	-1,34	68,20
181	11.08.20 12:55:00	24,51	0,22	-20,09	-0,95	68,96
182	11.08.20 12:55:01	24,51	0,22	-20,13	-1,10	68,77
183	11.08.20 12:55:02	24,51	0,22	-19,56	-2,51	67,94
184	11.08.20 12:55:03	24,51	0,24	-21,30	-1,39	67,31
185	11.08.20 12:55:04	24,51	0,26	-19,11	-2,40	68,49
186	11.08.20 12:55:05	24,51	0,24	-18,23	-3,09	68,68
187	11.08.20 12:55:06	24,51	0,24	-21,79	-1,84	66,36
188	11.08.20 12:55:07	24,48	0,24	-22,42	-2,33	65,25
189	11.08.20 12:55:08	24,48	0,20	-16,97	-2,86	70,17
190	11.08.20 12:55:09	24,48	0,24	-16,52	-1,83	71,65
191	11.08.20 12:55:10	24,48	0,22	-27,33	-2,92	59,75
192	11.08.20 12:55:11	24,48	0,24	-17,03	-2,66	70,32
193	11.08.20 12:55:12	24,48	0,24	-15,27	-1,34	73,38
194	11.08.20 12:55:13	24,48	0,24	-24,59	-2,07	63,34
195	11.08.20 12:55:14	24,48	0,22	-20,38	-3,14	66,48
196	11.08.20 12:55:15	24,48	0,24	-18,17	-3,02	68,81
197	11.08.20 12:55:16	24,48	0,24	-17,10	-2,04	70,86
198	11.08.20 12:55:17	24,48	0,24	-25,09	-1,62	63,29
199	11.08.20 12:55:18	24,48	0,24	-19,03	-3,14	67,82
200	11.08.20 12:55:19	24,45	0,24	-16,34	-2,61	71,06
201	11.08.20 12:55:20	24,45	0,26	-22,43	-2,12	65,45
202	11.08.20 12:55:21	24,45	0,24	-22,10	-3,02	64,88
203	11.08.20 12:55:22	24,45	0,24	-16,67	-1,65	71,68
204	11.08.20 12:55:23	24,45	0,22	-19,09	-1,22	69,70
205	11.08.20 12:55:24	24,45	0,22	-24,50	-2,36	63,14
206	11.08.20 12:55:25	24,45	0,24	-16,35	-2,75	70,90
207	11.08.20 12:55:26	24,45	0,24	-17,33	-1,95	70,72
208	11.08.20 12:55:27	24,45	0,22	-23,20	-1,97	64,82
209	11.08.20 12:55:28	24,45	0,22	-21,46	-3,50	65,03
210	11.08.20 12:55:29	24,45	0,22	-14,48	-2,38	73,14
211	11.08.20 12:55:30	24,42	0,24	-20,93	-1,40	67,67
212	11.08.20 12:55:31	24,42	0,22	-24,08	-3,89	62,03
213	11.08.20 12:55:32	24,42	0,24	-18,46	-1,97	69,57
214	11.08.20 12:55:33	24,42	0,24	-14,89	-0,78	74,33
215	11.08.20 12:55:34	24,42	0,22	-25,05	-1,88	63,07
216	11.08.20 12:55:35	24,42	0,24	-23,40	-3,61	62,99
217	11.08.20 12:55:36	24,42	0,24	-13,02	-2,14	74,85
218	11.08.20 12:55:37	24,42	0,24	-17,89	-1,36	70,75
219	11.08.20 12:55:38	24,42	0,24	-28,28	-2,37	59,35
220	11.08.20 12:55:39	24,42	0,24	-16,68	-2,78	70,54
221	11.08.20 12:55:40	24,42	0,24	-12,40	-1,01	76,59
222	11.08.20 12:55:41	24,40	0,22	-26,37	-1,82	61,81
223	11.08.20 12:55:42	24,40	0,22	-23,61	-2,04	64,36
224	11.08.20 12:55:43	24,40	0,24	-13,44	-2,44	74,12
225	11.08.20 12:55:44	24,40	0,24	-16,49	-1,47	72,04
226	11.08.20 12:55:45	24,40	0,24	-28,07	-1,05	60,89
227	11.08.20 12:55:46	24,40	0,22	-18,97	-0,16	70,86
228	11.08.20 12:55:47	24,40	0,24	-13,94	-0,16	75,90
229	11.08.20 12:55:48	24,40	0,24	-23,16	-1,47	65,37
230	11.08.20 12:55:49	24,40	0,24	-20,97	-1,52	67,51
231	11.08.20 12:55:50	24,37	0,24	-18,42	-0,24	71,33
232	11.08.20 12:55:51	24,37	0,24	-17,22	-1,45	71,33
233	11.08.20 12:55:52	24,37	0,22	-24,02	-3,39	62,59
234	11.08.20 12:55:53	24,37	0,24	-17,19	-1,50	71,31
235	11.08.20 12:55:54	24,37	0,24	-19,67	-1,61	68,73
236	11.08.20 12:55:55	24,37	0,24	-22,30	-1,29	66,41
237	11.08.20 12:55:56	24,37	0,24	-19,79	-3,46	66,74
238	11.08.20 12:55:57	24,37	0,24	-17,74	-1,95	70,32
239	11.08.20 12:55:58	24,37	0,24	-20,84	-0,63	68,53
240	11.08.20 12:55:59	24,37	0,24	-22,28	-3,11	64,61
241	11.08.20 12:56:00	24,37	0,24	-19,51	-1,18	69,31
242	11.08.20 12:56:01	24,37	0,22	-16,11	-1,04	72,85
243	11.08.20 12:56:02	24,34	0,24	-23,61	-1,93	64,46
244	11.08.20 12:56:03	24,34	0,24	-23,21	-1,70	65,09
245	11.08.20 12:56:04	24,34	0,24	-13,41	-0,56	76,03
246	11.08.20 12:56:05	24,34	0,24	-20,74	-1,94	67,32
247	11.08.20 12:56:06	24,34	0,22	-24,93	-0,78	64,29
248	11.08.20 12:56:07	24,34	0,24	-17,12	-0,29	72,59
249	11.08.20 12:56:08	24,34	0,24	-18,11	-2,48	69,41
250	11.08.20 12:56:09	24,34	0,24	-24,10	-2,14	63,76
251	11.08.20 12:56:10	24,34	0,22	-17,86	-0,03	72,11
252	11.08.20 12:56:11	24,34	0,24	-20,06	-2,78	67,16
253	11.08.20 12:56:12	24,31	0,24	-23,69	-2,85	63,46
254	11.08.20 12:56:13	24,31	0,24	-15,43	-0,56	74,01
255	11.08.20 12:56:14	24,31	0,24	-22,40	-0,75	66,85
256	11.08.20 12:56:15	24,31	0,24	-23,46	-3,48	63,06
257	11.08.20 12:56:16	24,31	0,24	-16,22	-2,74	71,04
258	11.08.20 12:56:17	24,31	0,24	-17,24	-1,73	71,03
259	11.08.20 12:56:18	24,31	0,22	-25,25	-2,54	62,21
260	11.08.20 12:56:19	24,31	0,24	-19,13	-2,63	68,24
261	11.08.20 12:56:20	24,31	0,22	-15,64	-2,48	71,87
262	11.08.20 12:56:21	24,31	0,24	-23,97	-2,07	63,96
263	11.08.20 12:56:22	24,31	0,22	-18,98	-1,17	69,85
264	11.08.20 12:56:23	24,31	0,24	-16,86	-0,86	72,27
265	11.08.20 12:56:24	24,28	0,22	-24,89	-2,66	62,45
266	11.08.20 12:56:25	24,28	0,24	-17,24	-0,91	71,85
267	11.08.20 12:56:26	24,28	0,24	-18,45	-1,70	69,86
268	11.08.20 12:56:27	24,28	0,24	-24,48	-2,51	63,01
269	11.08.20 12:56:28	24,28	0,24	-19,60	-1,33	69,07
270	11.08.20 12:56:29	24,28	0,24	-13,91	-2,31	73,78
271	11.08.20 12:56:30	24,28	0,22	-24,60	-3,56	61,85
272	11.08.20 12:56:31	24,28	0,24	-22,29	-2,96	64,74
273	11.08.20 12:56:32	24,28	0,22	-13,77	-3,43	72,80
274	11.08.20 12:56:33	24,28	0,24	-20,98	-2,53	66,49
275	11.08.20 12:56:34	24,25	0,24	-22,61	-3,40	63,99
276	11.08.20 12:56:35	24,25	0,22	-16,37	-2,81	70,83
277	11.08.20 12:56:36	24,25	0,22	-20,54	-2,11	67,35
278	11.08.20 12:56:37	24,25	0,24	-20,08	-2,35	67,58
279	11.08.20 12:56:38	24,25	0,24	-18,90	-2,47	68,63
280	11.08.20 12:56:39	24,25	0,24	-22,34	-0,98	66,68
281	11.08.20 12:56:40	24,25	0,24	-19,19	-1,72	69,09
282	11.08.20 12:56:41	24,25	0,22	-18,48	-1,68	69,84
283	11.08.20 12:56:42	24,25	0,24	-22,61	-3,41	63,98
284	11.08.20 12:56:43	24,25	0,22	-18,30	-1,30	70,40
285	11.08.20 12:56:44	24,25	0,24	-18,81	-2,13	69,06
286	11.08.20 12:56:45	24,22	0,22	-23,01	-2,86	64,13
287	11.08.20 12:56:46	24,22	0,24	-18,54	-1,42	70,05
288	11.08.20 12:56:47	24,22	0,24	-18,22	-1,93	69,85
289	11.08.20 12:56:48	24,22	0,22	-21,86	-3,69	64,45
290	11.08.20 12:56:49	24,22	0,22	-20,95	-1,58	67,47
291	11.08.20 12:56:50	24,22	0,24	-17,01	-1,29	71,70
292	11.08.20 12:56:51	24,22	0,24	-22,52	-2,90	64,58
293	11.08.20 12:56:52	24,22	0,24	-20,63	-2,73	66,64
294	11.08.20 12:56:53	24,22	0,24	-18,40	-0,25	71,35
295	11.08.20 12:56:54	24,22	0,24	-20,84	-2,36	66,80
296	11.08.20 12:56:55	24,22	0,24	-18,53	-2,85	68,62
297	11.08.20 12:56:56	24,19	0,22	-22,96	-2,05	64,99
298	11.08.20 12:56:57	24,19	0,22	-19,15	-2,44	68,42
299	11.08.20 12:56:58	24,19	0,22	-17,37	-1,05	71,57
300	11.08.20 12:56:59	24,19	0,24	-24,87	-2,74	62,39
301	11.08.20 12:57:00	24,19	0,24	-18,34	-1,29	70,38
302	11.08.20 12:57:01	24,19	0,24	-18,39	-0,55	71,06
303	11.08.20 12:57:02	24,19	0,24	-22,63	-1,93	65,45
304	11.08.20 12:57:03	24,19	0,22	-21,23	-1,64	67,12
305	11.08.20 12:57:04	24,19	0,22	-17,49	-0,09	72,42
306	11.08.20 12:57:05	24,19	0,22	-19,87	-1,32	68,81
307	11.08.20 12:57:06	24,19	0,24	-24,80	-2,58	62,62
308	11.08.20 12:57:07	24,16	0,24	-17,18	-1,54	71,28
309	11.08.20 12:57:08	24,16	0,24	-18,13	-2,18	69,69
310	11.08.20 12:57:09	24,16	0,22	-24,51	-2,38	63,11
311	11.08.20 12:57:10	24,16	0,24	-17,53	-1,78	70,69
312	11.08.20 12:57:11	24,16	0,24	-18,21	-1,51	70,28
313	11.08.20 12:57:12	24,16	0,22	-24,70	-1,91	63,39
314	11.08.20 12:57:13	24,16	0,24	-18,05	-1,95	70,00
315	11.08.20 12:57:14	24,16	0,24	-20,77	-2,03	67,20
316	11.08.20 12:57:15	24,16	0,22	-21,77	-2,37	65,86
317	11.08.20 12:57:16	24,16	0,24	-16,80	-0,53	72,67
318	11.08.20 12:57:17	24,16	0,22	-23,21	-2,37	64,42
319	11.08.20 12:57:18	24,13	0,24	-18,43	-3,00	68,57
320	11.08.20 12:57:19	24,13	0,24	-19,18	-1,98	68,84
321	11.08.20 12:57:20	24,13	0,24	-23,96	-2,19	63,85
322	11.08.20 12:57:21	24,13	0,24	-17,70	-0,81	71,48
323	11.08.20 12:57:22	24,13	0,24	-16,92	-2,37	70,71
324	11.08.20 12:57:23	24,13	0,24	-25,51	-3,79	60,70
325	11.08.20 12:57:24	24,13	0,22	-20,14	-1,43	68,43
326	11.08.20 12:57:25	24,13	0,22	-13,23	-0,54	76,23
327	11.08.20 12:57:26	24,13	0,24	-27,08	-0,79	62,13
328	11.08.20 12:57:27	24,13	0,24	-24,68	-0,20	65,11
329	11.08.20 12:57:28	24,13	0,24	-14,75	0,69	74,56
330	11.08.20 12:57:29	24,13	0,24	-17,30	1,83	70,87
331	11.08.20 12:57:30	24,13	0,22	-25,65	1,79	62,57
332	11.08.20 12:57:31	24,11	0,22	-20,19	2,65	67,16
333	11.08.20 12:57:32	24,11	0,22	-16,26	3,51	70,22
334	11.08.20 12:57:33	24,11	0,22	-17,47	3,08	69,44
335	11.08.20 12:57:34	24,11	0,24	-24,93	2,38	62,69
336	11.08.20 12:57:35	24,11	0,22	-19,26	4,74	65,99
337	11.08.20 12:57:36	24,11	0,22	-13,88	2,16	73,96
338	11.08.20 12:57:37	24,11	0,24	-22,47	2,28	65,25
339	11.08.20 12:57:38	24,11	0,24	-22,24	3,48	64,28
340	11.08.20 12:57:39	24,11	0,24	-16,76	2,14	71,10
341	11.08.20 12:57:40	24,11	0,24	-18,30	0,85	70,84
342	11.08.20 12:57:41	24,08	0,22	-22,42	1,15	66,43
343	11.08.20 12:57:42	24,08	0,24	-20,90	2,10	67,00
344	11.08.20 12:57:43	24,08	0,22	-15,49	-0,67	73,84
345	11.08.20 12:57:44	24,08	0,24	-21,91	1,50	66,59
346	11.08.20 12:57:45	24,08	0,22	-22,33	2,67	65,01
347	11.08.20 12:57:46	24,08	0,24	-17,01	-0,84	72,16
348	11.08.20 12:57:47	24,08	0,24	-19,70	0,15	70,14
349	11.08.20 12:57:48	24,08	0,22	-22,18	-0,49	67,33
350	11.08.20 12:57:49	24,08	0,22	-18,37	2,31	69,32
351	11.08.20 12:57:50	24,08	0,24	-18,97	0,54	70,48
352	11.08.20 12:57:51	24,08	0,24	-21,38	-1,79	66,82
353	11.08.20 12:57:52	24,08	0,24	-20,08	-0,73	69,19
354	11.08.20 12:57:53	24,05	0,24	-18,46	2,09	69,45
355	11.08.20 12:57:54	24,05	0,22	-19,34	2,99	67,67
356	11.08.20 12:57:55	24,05	0,26	-20,64	-1,20	68,16
357	11.08.20 12:57:56	24,05	0,22	-19,19	-1,45	69,36
358	11.08.20 12:57:57	24,05	0,24	-19,72	1,16	69,12
359	11.08.20 12:57:58	24,05	0,22	-18,43	2,94	68,63
360	11.08.20 12:57:59	24,05	0,24	-20,75	2,20	67,05
361	11.08.20 12:58:00	24,05	0,24	-20,66	-1,11	68,23
362	11.08.20 12:58:01	24,05	0,24	-18,09	1,58	70,33
363	11.08.20 12:58:02	24,05	0,24	-18,52	3,29	68,19
364	11.08.20 12:58:03	24,05	0,22	-21,44	2,67	65,90
365	11.08.20 12:58:04	24,05	0,24	-20,78	-1,04	68,18
366	11.08.20 12:58:05	24,02	0,24	-18,72	-0,41	70,87
367	11.08.20 12:58:06	24,02	0,24	-19,32	2,28	68,40
368	11.08.20 12:58:07	24,02	0,24	-18,00	2,35	69,65
369	11.08.20 12:58:08	24,02	0,24	-20,01	2,80	67,19
370	11.08.20 12:58:09	24,02	0,24	-22,14	1,87	65,99
371	11.08.20 12:58:10	24,02	0,24	-19,73	1,13	69,14
372	11.08.20 12:58:11	24,02	0,22	-19,03	0,12	70,85
373	11.08.20 12:58:12	24,02	0,24	-21,29	1,21	67,50
374	11.08.20 12:58:13	24,02	0,24	-18,57	1,70	69,73
375	11.08.20 12:58:14	24,02	0,24	-19,02	2,93	68,05
376	11.08.20 12:58:15	24,02	0,22	-21,09	2,53	66,37
377	11.08.20 12:58:16	24,02	0,22	-19,91	2,69	67,40
378	11.08.20 12:58:17	24,02	0,22	-20,15	1,05	68,80
379	11.08.20 12:58:18	24,02	0,26	-20,87	-1,36	67,77
380	11.08.20 12:58:19	24,02	0,24	-18,41	-3,05	68,54
381	11.08.20 12:58:20	23,99	0,24	-19,37	-3,67	66,96
382	11.08.20 12:58:21	23,99	0,22	-19,76	-3,28	66,96
383	11.08.20 12:58:22	23,99	0,26	-18,87	-4,39	66,74
384	11.08.20 12:58:23	23,99	0,24	-19,79	-6,46	63,75
385	11.08.20 12:58:24	23,99	0,24	-18,11	-8,05	63,83
386	11.08.20 12:58:25	23,99	0,24	-18,73	-7,88	63,39
387	11.08.20 12:58:26	23,99	0,22	-18,69	-6,65	64,65
388	11.08.20 12:58:27	23,99	0,24	-18,98	-3,85	67,18
389	11.08.20 12:58:28	23,99	0,24	-20,08	-4,75	65,16
390	11.08.20 12:58:29	23,99	0,26	-18,70	-4,01	67,29
391	11.08.20 12:58:30	23,99	0,24	-19,75	-3,09	67,16
392	11.08.20 12:58:31	23,96	0,24	-20,68	-3,38	65,94
393	11.08.20 12:58:32	23,96	0,24	-19,92	-3,42	66,66
394	11.08.20 12:58:33	23,96	0,24	-19,30	-2,16	68,54
395	11.08.20 12:58:34	23,96	0,24	-19,48	-1,47	69,05
396	11.08.20 12:58:35	23,96	0,24	-20,21	-0,77	69,02
397	11.08.20 12:58:36	23,96	0,24	-21,98	-0,80	67,22
398	11.08.20 12:58:37	23,96	0,22	-20,68	-1,99	67,33
399	11.08.20 12:58:38	23,96	0,24	-19,51	-1,51	68,98
400	11.08.20 12:58:39	23,96	0,22	-20,21	-0,58	69,20
401	11.08.20 12:58:40	23,96	0,24	-20,12	-0,81	69,07
402	11.08.20 12:58:41	23,96	0,22	-19,76	-0,53	69,71
403	11.08.20 12:58:42	23,96	0,26	-21,36	-0,82	67,82
404	11.08.20 12:58:43	23,96	0,24	-20,89	-2,49	66,62
405	11.08.20 12:58:44	23,93	0,24	-18,97	-1,78	69,25
406	11.08.20 12:58:45	23,93	0,24	-20,22	-1,27	68,50
407	11.08.20 12:58:46	23,93	0,26	-20,45	-2,22	67,33
408	11.08.20 12:58:47	23,93	0,22	-19,19	-4,10	66,71
409	11.08.20 12:58:48	23,93	0,26	-19,98	-4,98	65,04
410	11.08.20 12:58:49	23,93	0,24	-18,66	-4,07	67,27
411	11.08.20 12:58:50	23,93	0,24	-19,95	-2,34	67,71
412	11.08.20 12:58:51	23,93	0,22	-21,20	-3,37	65,43
413	11.08.20 12:58:52	23,93	0,24	-19,44	-4,25	66,31
414	11.08.20 12:58:53	23,93	0,24	-18,76	-4,13	67,10
415	11.08.20 12:58:54	23,90	0,24	-19,86	-4,56	65,57
416	11.08.20 12:58:55	23,90	0,24	-19,62	-3,56	66,82
417	11.08.20 12:58:56	23,90	0,24	-20,04	-3,68	66,28
418	11.08.20 12:58:57	23,90	0,22	-19,62	-2,30	68,08
419	11.08.20 12:58:58	23,90	0,22	-20,70	0,00	69,30
420	11.08.20 12:58:59	23,90	0,24	-22,01	-1,79	66,20
421	11.08.20 12:59:00	23,90	0,26	-9,01	-15,53	65,46
422	11.08.20 12:59:01	23,90	0,24	67,11	-12,79	10,10
423	11.08.20 12:59:02	23,90	0,24	78,58	1,92	9,50
424	11.08.20 12:59:03	23,90	0,24	64,67	-10,36	14,96
425	11.08.20 12:59:04	23,90	0,22	60,13	-11,11	18,76
426	11.08.20 12:59:05	23,90	0,24	62,51	-9,01	18,48
427	11.08.20 12:59:06	23,90	0,26	72,79	-3,26	13,95
428	11.08.20 12:59:07	23,90	0,24	79,85	-2,19	7,95
429	11.08.20 12:59:08	23,87	0,24	52,78	-13,84	23,38
430	11.08.20 12:59:09	23,87	0,22	67,32	-11,46	11,22
431	11.08.20 12:59:10	23,87	0,24	61,87	-15,76	12,37
432	11.08.20 12:59:11	23,87	0,24	60,77	-18,90	10,33
433	11.08.20 12:59:12	23,87	0,24	65,54	-12,57	11,89
434	11.08.20 12:59:13	23,87	0,24	72,66	8,29	9,05
435	11.08.20 12:59:14	23,87	0,24	63,25	17,84	8,91
436	11.08.20 12:59:15	23,87	0,24	70,02	12,59	7,39
437	11.08.20 12:59:16	23,87	0,24	78,91	11,09	0,00
438	11.08.20 12:59:17	23,87	0,26	73,00	0,63	-16,37
439	11.08.20 12:59:18	23,84	0,24	59,95	9,65	-20,40
440	11.08.20 12:59:19	23,84	0,24	62,13	8,64	-19,24
441	11.08.20 12:59:20	23,84	0,24	71,45	-13,09	5,46
442	11.08.20 12:59:21	23,84	0,22	77,08	-6,48	6,43
443	11.08.20 12:59:22	23,84	0,22	79,15	-3,99	6,86
444	11.08.20 12:59:23	23,84	0,24	77,60	-5,19	7,21
445	11.08.20 12:59:24	23,84	0,24	75,10	-9,26	5,64
446	11.08.20 12:59:25	23,84	0,22	70,97	-13,17	5,86
447	11.08.20 12:59:26	23,84	0,24	68,91	-6,22	14,86
448	11.08.20 12:59:27	23,84	0,24	70,73	14,97	4,30
449	11.08.20 12:59:28	23,84	0,26	68,80	1,18	20,02
450	11.08.20 12:59:29	23,81	0,24	58,49	27,55	3,96
451	11.08.20 12:59:30	23,81	0,24	49,69	35,93	4,38
452	11.08.20 12:59:31	23,81	0,22	59,24	24,42	6,34
453	11.08.20 12:59:32	23,81	0,24	72,17	12,15	5,68
454	11.08.20 12:59:33	23,81	0,24	58,81	-28,16	-3,03
455	11.08.20 12:59:34	23,81	0,24	54,79	-33,42	-1,79
456	11.08.20 12:59:35	23,81	0,26	53,93	-23,05	-13,02
457	11.08.20 12:59:36	23,81	0,22	36,04	14,78	-39,18
458	11.08.20 12:59:37	23,81	0,24	28,44	57,62	3,95
459	11.08.20 12:59:38	23,81	0,24	27,74	54,14	-8,12
460	11.08.20 12:59:39	23,79	0,24	17,14	62,26	10,60
461	11.08.20 12:59:40	23,79	0,24	5,67	59,68	24,65
462	11.08.20 12:59:41	23,79	0,24	5,70	58,01	26,29
463	11.08.20 12:59:42	23,79	0,24	-12,80	2,90	74,30
464	11.08.20 12:59:43	23,79	0,24	-14,94	-2,21	72,85
465	11.08.20 12:59:44	23,79	0,22	-9,08	5,58	75,34
466	11.08.20 12:59:45	23,79	0,24	-6,59	5,47	77,94
467	11.08.20 12:59:46	23,79	0,24	-11,80	11,44	66,76
468	11.08.20 12:59:47	23,79	0,24	-5,34	14,94	69,71
469	11.08.20 12:59:48	23,79	0,26	-4,93	15,30	69,77
470	11.08.20 12:59:49	23,79	0,24	-29,03	0,53	60,43
471	11.08.20 12:59:50	23,79	0,03	54,34	33,34	2,31
472	11.08.20 12:59:51	23,47	0,30	34,91	41,04	14,05
473	11.08.20 12:59:52	22,74	0,43	45,97	12,82	31,21
474	11.08.20 12:59:53	22,21	0,39	49,52	-6,61	33,87
475	11.08.20 12:59:54	21,98	0,41	33,49	-21,46	35,05
476	11.08.20 12:59:55	21,81	0,43	30,42	-13,60	45,98
477	11.08.20 12:59:56	21,75	0,39	22,68	15,58	51,74
478	11.08.20 12:59:57	21,69	0,43	42,03	2,03	45,93
479	11.08.20 12:59:58	21,63	0,48	52,05	-4,85	33,09
480	11.08.20 12:59:59	21,60	0,50	70,01	-8,07	11,92
481	11.08.20 13:00:00	21,57	0,52	65,66	8,75	15,59
482	11.08.20 13:00:01	21,54	0,57	62,95	5,84	21,22
483	11.08.20 13:00:02	21,51	0,55	50,29	-1,93	37,78
484	11.08.20 13:00:03	21,51	0,55	52,57	2,62	34,81
485	11.08.20 13:00:04	21,48	0,55	49,23	-1,77	39,00
486	11.08.20 13:00:05	21,45	0,55	50,11	-0,76	39,14
487	11.08.20 13:00:06	21,45	0,55	51,08	1,58	37,34
488	11.08.20 13:00:07	21,45	0,52	44,16	-3,22	42,62
489	11.08.20 13:00:08	21,45	0,57	48,27	6,72	35,01
490	11.08.20 13:00:09	21,43	0,59	58,25	10,28	21,47
491	11.08.20 13:00:10	21,43	0,59	63,88	4,36	21,76
492	11.08.20 13:00:11	21,40	0,61	61,86	2,13	26,01
493	11.08.20 13:00:12	21,40	0,59	54,29	6,43	29,28
494	11.08.20 13:00:13	21,37	0,59	44,84	3,10	42,06
495	11.08.20 13:00:14	21,34	0,59	46,77	-1,14	42,09
496	11.08.20 13:00:15	21,31	0,63	53,72	3,44	32,84
497	11.08.20 13:00:16	21,25	0,61	56,36	4,54	29,11
498	11.08.20 13:00:17	21,25	0,63	57,22	0,39	32,39
499	11.08.20 13:00:18	21,22	0,61	41,48	-6,89	41,63
500	11.08.20 13:00:19	21,22	0,59	42,86	-13,99	33,15
501	11.08.20 13:00:20	21,22	0,63	58,86	-9,10	22,04
502	11.08.20 13:00:21	21,19	0,67	68,36	-1,86	19,77
503	11.08.20 13:00:22	21,19	0,67	64,32	-5,74	19,95
504	11.08.20 13:00:23	21,19	0,67	51,64	-10,01	28,34
505	11.08.20 13:00:24	21,19	0,63	51,16	-5,34	33,51
506	11.08.20 13:00:25	21,19	0,65	56,20	-2,82	30,98
507	11.08.20 13:00:26	21,19	0,67	63,35	0,49	26,16
508	11.08.20 13:00:27	21,19	0,67	65,85	1,96	22,20
509	11.08.20 13:00:28	21,19	0,72	63,21	-4,02	22,77
510	11.08.20 13:00:29	21,16	0,67	52,06	-7,25	30,69
511	11.08.20 13:00:30	21,16	0,67	47,13	-6,34	36,53
512	11.08.20 13:00:31	21,16	0,70	58,92	-2,15	28,94
513	11.08.20 13:00:32	21,16	0,70	58,47	8,59	22,93
514	11.08.20 13:00:33	21,07	0,78	63,60	1,08	25,32
515	11.08.20 13:00:34	20,99	0,74	52,23	-6,50	31,27
516	11.08.20 13:00:35	20,99	0,74	61,91	-0,74	27,35
517	11.08.20 13:00:36	20,96	0,76	65,85	1,88	22,27
518	11.08.20 13:00:37	20,99	0,78	65,00	2,02	22,98
519	11.08.20 13:00:38	20,99	0,76	63,49	2,93	23,57
520	11.08.20 13:00:39	20,99	0,78	59,31	7,34	23,35
521	11.08.20 13:00:40	20,99	0,78	59,59	8,59	21,82
522	11.08.20 13:00:41	20,96	0,78	54,53	11,03	24,44
523	11.08.20 13:00:42	20,93	0,78	52,36	13,99	23,65
524	11.08.20 13:00:43	20,93	0,78	54,50	12,04	23,46
525	11.08.20 13:00:44	20,93	0,80	53,22	14,14	22,65
526	11.08.20 13:00:45	20,93	0,80	56,84	10,65	22,51
527	11.08.20 13:00:46	20,93	0,80	54,68	4,88	30,44
528	11.08.20 13:00:47	20,93	0,80	57,80	3,64	28,56
529	11.08.20 13:00:48	20,90	0,82	55,93	10,64	23,43
530	11.08.20 13:00:49	20,90	0,86	60,26	8,42	21,31
531	11.08.20 13:00:50	20,90	0,84	54,93	3,09	31,99
532	11.08.20 13:00:51	20,87	0,84	55,91	1,54	32,55
533	11.08.20 13:00:52	20,87	0,86	54,28	9,83	25,89
534	11.08.20 13:00:53	20,84	0,91	58,71	10,49	20,80
535	11.08.20 13:00:54	20,78	0,95	59,77	6,79	23,44
536	11.08.20 13:00:55	20,75	0,93	60,37	3,77	25,86
537	11.08.20 13:00:56	20,72	0,95	58,83	4,61	26,56
538	11.08.20 13:00:57	20,72	0,95	58,37	8,72	22,91
539	11.08.20 13:00:58	20,69	0,99	57,50	13,15	19,35
540	11.08.20 13:00:59	20,66	1,01	57,66	13,82	18,52
541	11.08.20 13:01:00	20,66	1,01	56,20	9,28	24,52
542	11.08.20 13:01:01	20,63	0,99	55,10	7,52	27,38
543	11.08.20 13:01:02	20,63	1,03	55,15	12,98	21,87
544	11.08.20 13:01:03	20,63	1,05	58,42	12,09	19,49
545	11.08.20 13:01:04	20,63	1,08	57,96	7,16	24,88
546	11.08.20 13:01:05	20,55	1,07	57,57	6,08	26,35
547	11.08.20 13:01:06	20,55	1,10	56,83	9,94	23,23
548	11.08.20 13:01:07	20,55	1,12	56,94	13,11	19,95
549	11.08.20 13:01:08	20,55	1,14	56,26	12,25	21,49
550	11.08.20 13:01:09	20,55	1,14	55,24	10,87	23,89
551	11.08.20 13:01:10	20,55	1,16	54,91	10,99	24,10
552	11.08.20 13:01:11	20,55	1,18	55,56	12,97	21,47
553	11.08.20 13:01:12	20,58	1,20	56,48	16,03	17,49
554	11.08.20 13:01:13	20,58	1,22	57,29	14,32	18,39
555	11.08.20 13:01:14	20,58	1,22	54,65	9,15	26,19
556	11.08.20 13:01:15	20,49	1,25	55,98	8,36	25,65
557	11.08.20 13:01:16	20,46	1,31	52,40	19,52	18,08
558	11.08.20 13:01:17	20,31	1,35	56,00	18,76	15,24
559	11.08.20 13:01:18	20,16	1,37	61,69	9,98	18,34
560	11.08.20 13:01:19	20,08	1,39	59,05	-1,20	29,75
561	11.08.20 13:01:20	20,05	1,41	65,18	-5,53	19,29
562	11.08.20 13:01:21	20,02	1,50	72,56	-4,28	13,16
563	11.08.20 13:01:22	19,96	1,48	67,12	-4,65	18,23
564	11.08.20 13:01:23	19,87	1,50	64,16	-5,34	20,51
565	11.08.20 13:01:24	19,84	1,50	68,76	-2,09	19,15
566	11.08.20 13:01:25	19,81	1,56	75,85	-2,01	12,14
567	11.08.20 13:01:26	19,81	1,56	72,45	-2,33	15,22
568	11.08.20 13:01:27	19,78	1,58	67,56	-2,84	19,59
569	11.08.20 13:01:28	19,75	1,58	72,13	-0,58	17,29
570	11.08.20 13:01:29	19,75	1,60	76,62	1,11	12,27
571	11.08.20 13:01:30	19,72	1,62	74,46	0,47	15,08
572	11.08.20 13:01:31	19,72	1,62	71,78	1,35	16,87
573	11.08.20 13:01:32	19,66	1,62	73,34	2,25	14,42
574	11.08.20 13:01:33	19,63	1,69	73,15	2,84	14,01
575	11.08.20 13:01:34	19,60	1,69	71,65	1,83	16,52
576	11.08.20 13:01:35	19,57	1,69	71,86	2,22	15,93
577	11.08.20 13:01:36	19,57	1,71	69,98	3,74	16,28
578	11.08.20 13:01:37	19,55	1,71	69,30	4,83	15,87
579	11.08.20 13:01:38	19,55	1,73	70,99	4,91	14,10
580	11.08.20 13:01:39	19,55	1,79	70,02	5,34	14,64
581	11.08.20 13:01:40	19,49	1,79	64,81	4,83	20,36
582	11.08.20 13:01:41	19,43	1,77	60,77	6,21	23,02
583	11.08.20 13:01:42	19,37	1,81	68,59	5,82	15,59
584	11.08.20 13:01:43	19,34	1,83	70,45	5,55	14,01
585	11.08.20 13:01:44	19,28	1,85	68,47	2,91	18,62
586	11.08.20 13:01:45	19,13	1,92	64,11	2,10	23,79
587	11.08.20 13:01:46	19,01	1,87	63,21	3,49	23,29
588	11.08.20 13:01:47	18,95	1,89	65,96	2,38	21,65
589	11.08.20 13:01:48	18,92	1,89	60,82	1,83	27,35
590	11.08.20 13:01:49	18,89	1,91	59,70	2,09	28,21
591	11.08.20 13:01:50	18,86	1,94	65,48	1,46	23,07
592	11.08.20 13:01:51	18,86	1,96	63,80	2,63	23,57
593	11.08.20 13:01:52	18,86	1,98	65,67	3,58	20,74
594	11.08.20 13:01:53	18,86	2,00	67,96	4,14	17,91
595	11.08.20 13:01:54	18,86	2,02	67,10	3,29	19,61
596	11.08.20 13:01:55	18,86	2,04	67,84	1,33	20,84
597	11.08.20 13:01:56	18,84	2,04	68,03	0,27	21,70
598	11.08.20 13:01:57	18,81	2,08	68,23	1,47	20,30
599	11.08.20 13:01:58	18,78	2,11	69,41	3,78	16,81
600	11.08.20 13:01:59	18,78	2,13	68,11	3,85	18,04
601	11.08.20 13:02:00	18,72	2,13	68,37	3,81	17,82
602	11.08.20 13:02:01	18,60	2,17	70,44	2,82	16,74
603	11.08.20 13:02:02	18,48	2,21	67,68	2,17	20,14
604	11.08.20 13:02:03	18,33	2,23	67,11	2,46	20,42
605	11.08.20 13:02:04	18,12	2,27	68,34	2,68	18,98
606	11.08.20 13:02:05	17,97	2,29	71,29	-1,27	17,44
607	11.08.20 13:02:06	17,88	2,33	61,71	-8,99	19,30
608	11.08.20 13:02:07	17,79	2,27	51,37	-11,00	27,63
609	11.08.20 13:02:08	17,52	2,37	49,56	-10,66	29,78
610	11.08.20 13:02:09	17,28	2,41	52,04	-11,76	26,19
611	11.08.20 13:02:10	17,13	2,39	52,33	-12,54	25,13
612	11.08.20 13:02:11	17,04	2,37	49,85	-13,76	26,40
613	11.08.20 13:02:12	16,98	2,37	50,54	-14,35	25,11
614	11.08.20 13:02:13	16,92	2,37	51,14	-14,19	24,68
615	11.08.20 13:02:14	16,92	2,37	48,55	-11,94	29,51
616	11.08.20 13:02:15	16,89	2,37	48,38	-12,97	28,65
617	11.08.20 13:02:16	16,86	2,39	52,90	-13,93	23,17
618	11.08.20 13:02:17	16,86	2,39	53,73	-14,44	21,84
619	11.08.20 13:02:18	16,83	2,36	48,92	-12,08	29,01
620	11.08.20 13:02:19	16,83	2,36	41,86	-12,73	35,41
621	11.08.20 13:02:20	16,74	2,32	41,20	-13,10	35,70
622	11.08.20 13:02:21	16,68	2,32	48,15	-7,75	34,09
623	11.08.20 13:02:22	16,65	2,30	41,49	-4,81	43,69
624	11.08.20 13:02:23	16,59	2,36	47,96	0,20	41,83
625	11.08.20 13:02:24	16,23	2,36	42,34	-10,10	37,56
626	11.08.20 13:02:25	15,89	2,33	45,28	-3,89	40,83
627	11.08.20 13:02:26	15,62	2,29	47,90	1,26	40,84
628	11.08.20 13:02:27	15,41	2,29	37,62	4,55	47,83
629	11.08.20 13:02:28	15,28	2,22	28,00	9,13	52,87
630	11.08.20 13:02:29	15,04	2,18	28,85	8,48	52,67
631	11.08.20 13:02:30	14,95	2,18	32,67	8,81	48,52
632	11.08.20 13:02:31	14,95	2,18	41,35	4,72	43,93
633	11.08.20 13:02:32	14,98	2,20	48,88	4,52	36,59
634	11.08.20 13:02:33	15,01	2,20	45,04	7,52	37,45
635	11.08.20 13:02:34	15,04	2,20	36,72	10,42	42,86
636	11.08.20 13:02:35	15,07	2,18	37,91	11,11	40,98
637	11.08.20 13:02:36	15,10	2,16	40,06	10,68	39,26
638	11.08.20 13:02:37	15,16	2,16	44,95	7,05	38,00
639	11.08.20 13:02:38	15,19	2,16	46,62	6,10	37,28
640	11.08.20 13:02:39	15,22	2,14	51,04	2,78	36,18
641	11.08.20 13:02:40	15,22	2,16	48,52	-0,44	41,04
642	11.08.20 13:02:41	15,25	2,11	41,83	-4,23	43,95
643	11.08.20 13:02:42	15,28	2,09	28,81	-12,14	49,05
644	11.08.20 13:02:43	15,28	2,09	25,78	-14,03	50,19
645	11.08.20 13:02:44	15,32	2,05	21,88	-16,28	51,83
646	11.08.20 13:02:45	15,35	2,05	24,01	-15,63	50,36
647	11.08.20 13:02:46	15,44	2,03	23,71	-18,37	47,92
648	11.08.20 13:02:47	15,47	2,01	22,17	-18,56	49,27
649	11.08.20 13:02:48	15,50	2,01	21,48	-19,37	49,15
650	11.08.20 13:02:49	15,53	1,99	21,24	-18,99	49,77
651	11.08.20 13:02:50	15,56	1,99	20,32	-17,92	51,75
652	11.08.20 13:02:51	15,59	1,97	18,81	-18,42	52,77
653	11.08.20 13:02:52	15,59	1,97	19,38	-18,19	52,43
654	11.08.20 13:02:53	15,62	1,95	20,07	-16,90	53,02
655	11.08.20 13:02:54	15,62	1,95	16,62	-16,73	56,65
656	11.08.20 13:02:55	15,62	1,95	19,59	-16,21	54,19
657	11.08.20 13:02:56	15,62	1,95	20,49	-16,58	52,93
658	11.08.20 13:02:57	15,62	1,97	22,55	-15,29	52,16
659	11.08.20 13:02:58	15,62	1,97	22,21	-13,99	53,81
660	11.08.20 13:02:59	15,62	1,97	19,78	-11,98	58,24
661	11.08.20 13:03:00	15,62	1,95	19,17	-11,84	59,00
662	11.08.20 13:03:01	15,59	1,97	19,17	-14,30	56,53
663	11.08.20 13:03:02	15,59	1,97	23,42	-12,74	53,84
664	11.08.20 13:03:03	15,56	1,99	26,11	-11,13	52,76
665	11.08.20 13:03:04	15,56	1,99	23,60	-10,37	56,02
666	11.08.20 13:03:05	15,56	1,99	21,73	-10,51	57,75
667	11.08.20 13:03:06	15,56	1,97	19,87	-11,61	58,52
668	11.08.20 13:03:07	15,53	1,99	20,73	-11,04	58,23
669	11.08.20 13:03:08	15,50	2,03	23,06	-9,75	57,19
670	11.08.20 13:03:09	15,50	2,01	29,19	-8,01	52,80
671	11.08.20 13:03:10	15,44	2,05	37,62	-2,54	49,85
672	11.08.20 13:03:11	15,41	2,07	36,81	-0,33	52,87
673	11.08.20 13:03:12	15,38	2,07	35,71	1,52	52,77
674	11.08.20 13:03:13	15,32	2,09	34,22	1,27	54,51
675	11.08.20 13:03:14	15,22	2,11	32,21	-1,10	56,69
676	11.08.20 13:03:15	15,13	2,09	39,21	-0,56	50,23
677	11.08.20 13:03:16	15,07	2,15	48,30	7,26	34,43
678	11.08.20 13:03:17	15,04	2,15	54,52	8,83	26,65
679	11.08.20 13:03:18	15,07	2,18	56,48	11,23	22,30
680	11.08.20 13:03:19	15,07	2,18	55,76	13,38	20,86
681	11.08.20 13:03:20	15,07	2,18	56,63	14,46	18,91
682	11.08.20 13:03:21	15,10	2,20	59,82	13,63	16,54
683	11.08.20 13:03:22	15,13	2,20	67,33	9,81	12,87
684	11.08.20 13:03:23	15,13	2,24	71,03	6,61	12,37
685	11.08.20 13:03:24	15,13	2,24	71,35	8,32	10,33
686	11.08.20 13:03:25	15,13	2,26	69,45	9,66	-10,89
687	11.08.20 13:03:26	15,10	2,28	57,26	18,68	14,06
688	11.08.20 13:03:27	14,98	2,28	25,65	-7,13	57,22
689	11.08.20 13:03:28	14,67	2,32	34,35	-0,73	54,92
690	11.08.20 13:03:29	14,52	2,38	45,08	7,32	37,60
691	11.08.20 13:03:30	14,14	2,45	60,00	10,67	19,33
692	11.08.20 13:03:31	13,93	2,44	75,24	12,01	-2,75
693	11.08.20 13:03:32	13,83	2,42	64,37	16,36	-9,27
694	11.08.20 13:03:33	13,74	2,42	41,28	1,77	46,95
695	11.08.20 13:03:34	13,55	2,50	36,97	8,09	44,95
696	11.08.20 13:03:35	13,33	2,52	48,93	15,40	25,67
697	11.08.20 13:03:36	13,11	2,52	73,09	14,61	-2,30
698	11.08.20 13:03:37	12,96	2,54	66,94	15,27	-7,80
699	11.08.20 13:03:38	12,83	2,54	42,21	3,90	43,89
700	11.08.20 13:03:39	12,70	2,58	45,22	14,51	30,26
701	11.08.20 13:03:40	12,61	2,58	51,08	18,16	20,76
702	11.08.20 13:03:41	12,58	2,60	59,15	17,74	-13,11
703	11.08.20 13:03:42	12,58	2,58	62,54	25,70	1,76
704	11.08.20 13:03:43	12,51	2,66	36,58	2,43	50,99
705	11.08.20 13:03:44	12,32	2,73	43,42	12,46	34,12
706	11.08.20 13:03:45	12,13	2,73	69,39	18,41	-2,20
707	11.08.20 13:03:46	12,01	2,77	58,63	20,07	-11,30
708	11.08.20 13:03:47	11,88	2,70	37,09	11,63	41,28
709	11.08.20 13:03:48	11,78	2,74	43,68	18,60	27,72
710	11.08.20 13:03:49	11,69	2,78	57,71	14,99	-17,29
711	11.08.20 13:03:50	11,49	2,76	50,93	18,38	20,69
712	11.08.20 13:03:51	11,43	2,80	49,56	19,54	20,90
713	11.08.20 13:03:52	11,36	2,87	57,81	17,29	-14,90
714	11.08.20 13:03:53	11,30	2,85	42,87	14,23	32,89
715	11.08.20 13:03:54	11,27	2,89	58,37	20,87	10,76
716	11.08.20 13:03:55	11,23	2,91	63,52	17,46	-9,02
717	11.08.20 13:03:56	11,17	2,91	45,69	13,23	31,07
718	11.08.20 13:03:57	11,10	2,95	57,56	16,90	-15,54
719	11.08.20 13:03:58	11,07	2,95	54,90	17,38	17,72
720	11.08.20 13:03:59	11,01	2,97	55,24	14,61	20,15
721	11.08.20 13:04:00	10,98	2,99	62,42	15,30	-12,28
722	11.08.20 13:04:01	10,94	3,01	42,45	11,26	36,29
723	11.08.20 13:04:02	10,88	3,03	65,37	23,27	-1,36
724	11.08.20 13:04:03	10,81	3,05	63,72	19,44	-6,84
725	11.08.20 13:04:04	10,78	3,08	48,03	9,24	32,73
726	11.08.20 13:04:05	10,75	3,12	63,56	12,94	-13,50
727	11.08.20 13:04:06	10,72	3,12	69,99	18,49	1,52
728	11.08.20 13:04:07	10,65	3,16	48,58	15,97	25,45
729	11.08.20 13:04:08	10,55	3,20	63,13	21,75	-5,13
730	11.08.20 13:04:09	10,45	3,20	49,42	9,16	31,42
731	11.08.20 13:04:10	10,42	3,26	73,13	16,75	0,12
732	11.08.20 13:04:11	10,39	3,26	61,47	8,95	-19,59
733	11.08.20 13:04:12	10,36	3,29	48,95	9,47	31,58
734	11.08.20 13:04:13	10,29	3,35	68,41	20,11	1,48
735	11.08.20 13:04:14	10,19	3,35	54,77	14,87	-20,36
736	11.08.20 13:04:15	10,16	3,35	39,74	10,55	39,71
737	11.08.20 13:04:16	10,09	3,39	46,57	16,69	26,75
738	11.08.20 13:04:17	10,06	3,39	58,86	11,82	-19,32
739	11.08.20 13:04:18	10,03	3,45	60,08	22,36	7,57
740	11.08.20 13:04:19	9,93	3,47	48,83	12,88	28,29
741	11.08.20 13:04:20	9,86	3,49	51,69	16,14	-22,16
742	11.08.20 13:04:21	9,83	3,52	46,96	31,71	11,33
743	11.08.20 13:04:22	9,76	3,56	50,06	20,68	19,26
744	11.08.20 13:04:23	9,76	3,58	50,76	14,85	-24,39
745	11.08.20 13:04:24	9,66	3,60	44,20	14,56	31,24
746	11.08.20 13:04:25	9,63	3,66	58,60	15,59	15,81
747	11.08.20 13:04:26	9,53	3,66	57,83	11,91	-20,25
748	11.08.20 13:04:27	9,50	3,68	43,82	16,15	30,03
749	11.08.20 13:04:28	9,36	3,72	45,63	17,64	26,73
750	11.08.20 13:04:29	9,26	3,77	57,16	16,62	-16,22
751	11.08.20 13:04:30	9,20	3,79	58,13	20,86	-11,01
752	11.08.20 13:04:31	9,10	3,83	42,30	10,82	36,88
753	11.08.20 13:04:32	9,03	3,87	59,59	19,24	-11,18
754	11.08.20 13:04:33	8,93	3,87	60,72	20,26	-9,02
755	11.08.20 13:04:34	8,86	3,91	43,05	12,05	34,90
756	11.08.20 13:04:35	8,83	3,93	57,07	20,67	-12,25
757	11.08.20 13:04:36	8,79	3,93	57,64	30,59	1,76
758	11.08.20 13:04:37	8,79	3,95	43,84	17,21	28,95
759	11.08.20 13:04:38	8,73	4,02	52,64	21,07	-16,29
760	11.08.20 13:04:39	8,63	4,04	44,97	23,19	21,85
761	11.08.20 13:04:40	8,56	4,04	38,31	13,30	38,40
762	11.08.20 13:04:41	8,52	4,10	48,61	18,21	23,18
763	11.08.20 13:04:42	8,52	4,12	51,50	15,89	-22,61
764	11.08.20 13:04:43	8,49	4,12	47,23	24,45	18,32
765	11.08.20 13:04:44	8,42	4,16	43,09	17,53	29,39
766	11.08.20 13:04:45	8,32	4,25	52,07	21,22	16,72
767	11.08.20 13:04:46	8,29	4,23	51,70	18,95	-19,35
768	11.08.20 13:04:47	8,22	4,27	40,30	16,83	32,87
769	11.08.20 13:04:48	8,15	4,29	26,44	-3,60	59,96
770	11.08.20 13:04:49	8,08	4,33	21,21	-13,07	55,72
771	11.08.20 13:04:50	7,95	4,35	19,13	-16,77	54,10
772	11.08.20 13:04:51	7,88	4,42	28,62	-12,44	48,94
773	11.08.20 13:04:52	7,81	4,44	29,36	-17,71	42,93
774	11.08.20 13:04:53	7,81	4,46	27,37	-22,84	39,80
775	11.08.20 13:04:54	7,81	4,46	27,55	-15,97	46,48
776	11.08.20 13:04:55	7,81	4,44	29,36	-13,47	47,17
777	11.08.20 13:04:56	7,84	4,44	30,22	-13,74	46,03
778	11.08.20 13:04:57	7,88	4,46	31,75	-12,63	45,62
779	11.08.20 13:04:58	7,91	4,46	34,82	-10,07	45,11
780	11.08.20 13:04:59	7,95	4,48	34,43	-10,65	44,92
781	11.08.20 13:05:00	7,95	4,50	36,47	-9,51	44,02
782	11.08.20 13:05:01	7,84	4,52	40,30	-9,13	40,57
783	11.08.20 13:05:02	7,74	4,54	43,11	-8,34	38,56
784	11.08.20 13:05:03	7,64	4,56	42,80	-7,45	39,75
785	11.08.20 13:05:04	7,53	4,54	43,60	-7,51	38,89
786	11.08.20 13:05:05	7,50	4,56	43,91	-10,21	35,88
787	11.08.20 13:05:06	7,46	4,63	49,36	-9,55	31,09
788	11.08.20 13:05:07	7,46	4,63	49,97	-8,70	31,33
789	11.08.20 13:05:08	7,43	4,63	46,91	-9,32	33,78
790	11.08.20 13:05:09	7,36	4,67	52,31	-7,25	30,44
791	11.08.20 13:05:10	7,36	4,69	54,76	-8,35	26,89
792	11.08.20 13:05:11	7,36	4,69	51,50	-7,37	31,12
793	11.08.20 13:05:12	7,40	4,69	51,64	-7,61	30,75
794	11.08.20 13:05:13	7,43	4,73	55,26	-7,82	26,92
795	11.08.20 13:05:14	7,43	4,73	52,54	-7,45	30,01
796	11.08.20 13:05:15	7,43	4,75	48,89	-6,39	34,72
797	11.08.20 13:05:16	7,40	4,77	51,97	-7,28	30,75
798	11.08.20 13:05:17	7,40	4,82	57,47	-8,60	23,93
799	11.08.20 13:05:18	7,40	4,84	49,09	-9,93	30,98
800	11.08.20 13:05:19	7,40	4,86	40,76	-11,13	38,11
801	11.08.20 13:05:20	7,36	4,86	5,17	-14,13	70,70
802	11.08.20 13:05:21	7,33	4,84	-0,47	-2,28	87,26
803	11.08.20 13:05:22	7,29	4,90	2,11	-12,97	74,92
804	11.08.20 13:05:23	7,26	4,88	11,01	-13,36	65,63
805	11.08.20 13:05:24	7,22	4,88	9,07	2,37	78,56
806	11.08.20 13:05:25	7,15	4,88	5,99	-3,07	80,94
807	11.08.20 13:05:26	7,12	4,88	-12,64	4,08	73,27
808	11.08.20 13:05:27	7,08	4,88	-14,24	-12,02	63,74
809	11.08.20 13:05:28	7,05	4,90	-9,82	-16,81	63,37
810	11.08.20 13:05:29	6,84	4,88	26,35	10,59	53,06
811	11.08.20 13:05:30	6,63	4,87	8,28	-2,02	79,70
812	11.08.20 13:05:31	6,45	4,89	21,07	-7,82	61,11
813	11.08.20 13:05:32	6,31	4,89	-8,54	-9,30	72,16
814	11.08.20 13:05:33	6,28	4,87	-16,14	-4,83	69,02
815	11.08.20 13:05:34	6,24	4,89	2,84	-11,86	75,30
816	11.08.20 13:05:35	6,21	4,87	-4,43	-4,00	81,57
817	11.08.20 13:05:36	6,24	4,87	-9,37	-4,61	76,03
818	11.08.20 13:05:37	6,24	4,87	3,24	-17,61	69,16
819	11.08.20 13:05:38	6,24	4,87	-3,42	3,27	83,30
820	11.08.20 13:05:39	6,21	4,87	-14,53	-4,79	70,68
821	11.08.20 13:05:40	6,17	4,87	3,60	-8,39	78,01
822	11.08.20 13:05:41	6,14	4,87	-7,02	1,55	81,43
823	11.08.20 13:05:42	6,14	4,87	-3,31	-5,88	80,81
824	11.08.20 13:05:43	6,10	4,89	-14,42	-7,81	67,77
825	11.08.20 13:05:44	6,06	4,89	6,74	-16,73	66,54
826	11.08.20 13:05:45	6,03	4,87	2,99	-4,64	82,38
827	11.08.20 13:05:46	5,99	4,87	-3,26	-1,05	85,69
828	11.08.20 13:05:47	5,99	4,87	-1,04	-1,09	87,87
829	11.08.20 13:05:48	5,99	4,85	8,26	-2,61	79,13
830	11.08.20 13:05:49	5,99	4,85	-1,23	-3,44	85,33
831	11.08.20 13:05:50	5,99	4,85	-7,26	-7,61	75,13
832	11.08.20 13:05:51	5,99	4,85	-5,24	-12,45	72,32
833	11.08.20 13:05:52	5,99	4,87	17,29	-19,02	53,69
834	11.08.20 13:05:53	5,96	4,82	-1,08	0,28	88,65
835	11.08.20 13:05:54	5,92	4,80	-10,34	-2,62	77,05
836	11.08.20 13:05:55	5,89	4,82	-1,88	-3,85	84,27
837	11.08.20 13:05:56	5,89	4,82	1,47	-3,19	85,34
838	11.08.20 13:05:57	5,92	4,80	-10,06	-1,60	78,34
839	11.08.20 13:05:58	5,89	4,82	-6,91	-0,92	82,16
840	11.08.20 13:05:59	5,89	4,84	0,47	2,40	87,14
841	11.08.20 13:06:00	5,89	4,80	-9,75	5,56	74,69
842	11.08.20 13:06:01	5,85	4,82	1,62	-3,01	85,38
843	11.08.20 13:06:02	5,81	4,84	2,52	-10,01	77,47
844	11.08.20 13:06:03	5,81	4,80	5,63	-1,58	82,79
845	11.08.20 13:06:04	5,78	4,82	-0,73	-2,85	86,42
846	11.08.20 13:06:05	5,78	4,82	1,44	-7,38	81,18
847	11.08.20 13:06:06	5,78	4,82	-3,22	-4,79	81,99
848	11.08.20 13:06:07	5,78	4,80	-6,00	-2,75	81,25
849	11.08.20 13:06:08	5,74	4,82	18,58	5,83	65,59
850	11.08.20 13:06:09	5,74	4,80	-6,67	-1,11	82,22
851	11.08.20 13:06:10	5,71	4,80	-11,28	-2,33	76,39
852	11.08.20 13:06:11	5,71	4,82	-8,84	-8,42	72,73
853	11.08.20 13:06:12	5,71	4,80	1,86	-7,09	81,05
854	11.08.20 13:06:13	5,71	4,78	2,36	-3,98	83,66
855	11.08.20 13:06:14	5,67	4,80	-5,89	-3,26	80,85
856	11.08.20 13:06:15	5,67	4,80	-3,45	-0,13	86,42
857	11.08.20 13:06:16	5,64	4,80	5,17	-6,12	78,71
858	11.08.20 13:06:17	5,64	4,80	-20,35	2,64	67,02
859	11.08.20 13:06:18	5,60	4,82	3,95	-4,49	81,56
860	11.08.20 13:06:19	5,60	4,78	3,24	-14,62	72,13
861	11.08.20 13:06:20	5,56	4,78	-2,48	-4,50	83,02
862	11.08.20 13:06:21	5,56	4,76	-8,22	-1,64	80,14
863	11.08.20 13:06:22	5,53	4,78	3,47	-5,18	81,35
864	11.08.20 13:06:23	5,53	4,76	-5,79	-1,98	82,23
865	11.08.20 13:06:24	5,53	4,76	4,37	-7,42	78,21
866	11.08.20 13:06:25	5,49	4,78	8,35	-2,10	79,54
867	11.08.20 13:06:26	5,46	4,78	-12,54	-9,73	67,72
868	11.08.20 13:06:27	5,42	4,80	5,59	-4,36	80,05
869	11.08.20 13:06:28	5,42	4,82	10,13	1,00	78,86
870	11.08.20 13:06:29	5,38	4,78	-0,40	-9,73	79,87
871	11.08.20 13:06:30	5,35	4,77	10,67	-5,06	74,27
872	11.08.20 13:06:31	5,35	4,82	8,79	-25,01	56,21
873	11.08.20 13:06:32	5,31	4,80	5,44	-16,83	67,73
874	11.08.20 13:06:33	5,31	4,82	-28,02	-3,98	58,00
875	11.08.20 13:06:34	5,28	4,84	-1,59	-5,27	83,14
876	11.08.20 13:06:35	5,28	4,84	-0,98	-7,88	81,14
877	11.08.20 13:06:36	5,24	4,84	6,01	0,73	83,27
878	11.08.20 13:06:37	5,20	4,84	-3,13	-11,33	75,54
879	11.08.20 13:06:38	5,20	4,82	-1,04	2,25	86,71
880	11.08.20 13:06:39	5,17	4,84	1,18	3,82	85,01
881	11.08.20 13:06:40	5,17	4,82	5,48	-5,45	79,07
882	11.08.20 13:06:41	5,17	4,86	16,51	-8,47	65,02
883	11.08.20 13:06:42	5,13	4,82	-7,73	-17,43	64,84
884	11.08.20 13:06:43	5,10	4,84	21,57	-3,63	64,80
885	11.08.20 13:06:44	5,06	4,84	24,64	-8,21	57,15
886	11.08.20 13:06:45	5,06	4,81	5,20	-7,04	77,76
887	11.08.20 13:06:46	5,02	4,84	-2,08	-0,93	86,99
888	11.08.20 13:06:47	5,02	4,84	-11,37	4,10	74,53
889	11.08.20 13:06:48	5,02	4,81	-11,88	-4,32	73,80
890	11.08.20 13:06:49	5,02	4,81	-8,87	-1,94	79,19
891	11.08.20 13:06:50	5,02	4,84	-7,73	-8,88	73,39
892	11.08.20 13:06:51	4,99	4,84	-5,91	-15,64	68,44
893	11.08.20 13:06:52	4,99	4,86	3,43	-16,72	69,85
894	11.08.20 13:06:53	4,95	4,83	2,60	-2,28	85,12
895	11.08.20 13:06:54	4,95	4,83	2,07	-3,59	84,34
896	11.08.20 13:06:55	4,95	4,83	-3,20	-2,13	84,66
897	11.08.20 13:06:56	4,91	4,83	-15,81	-6,06	68,13
898	11.08.20 13:06:57	4,91	4,86	5,52	-2,63	81,84
899	11.08.20 13:06:58	4,88	4,83	-7,32	-6,84	75,83
900	11.08.20 13:06:59	4,91	4,81	-3,85	14,32	71,83
901	11.08.20 13:07:00	4,88	4,83	-5,01	5,65	79,33
902	11.08.20 13:07:01	4,88	4,83	12,34	-3,19	74,47
903	11.08.20 13:07:02	4,88	4,83	-2,86	-3,64	83,51
904	11.08.20 13:07:03	4,88	4,81	-1,45	3,60	84,95
905	11.08.20 13:07:04	4,88	4,81	-2,68	-6,89	80,43
906	11.08.20 13:07:05	4,88	4,81	-7,72	-7,73	74,55
907	11.08.20 13:07:06	4,88	4,83	-5,50	3,67	80,82
908	11.08.20 13:07:07	4,84	4,83	0,75	-5,00	84,26
909	11.08.20 13:07:08	4,84	4,79	-8,56	-9,06	72,38
910	11.08.20 13:07:09	4,84	4,77	-5,84	-22,59	61,57
911	11.08.20 13:07:10	4,80	4,81	5,82	-12,55	71,63
912	11.08.20 13:07:11	4,80	4,83	0,60	-8,52	80,88
913	11.08.20 13:07:12	4,77	4,79	0,43	-18,99	70,58
914	11.08.20 13:07:13	4,77	4,79	-1,48	-16,72	71,80
915	11.08.20 13:07:14	4,73	4,81	-6,80	-7,16	76,05
916	11.08.20 13:07:15	4,73	4,83	-2,75	-10,69	76,56
917	11.08.20 13:07:16	4,66	4,83	-10,05	-12,50	67,45
918	11.08.20 13:07:17	4,62	4,81	-8,91	-3,71	77,39
919	11.08.20 13:07:18	4,62	4,81	-4,58	-10,02	75,39
920	11.08.20 13:07:19	4,62	4,81	-10,77	-4,04	75,19
921	11.08.20 13:07:20	4,62	4,83	6,23	-5,90	77,87
922	11.08.20 13:07:21	4,59	4,79	11,39	-7,27	71,34
923	11.08.20 13:07:22	4,55	4,79	8,84	0,10	81,06
924	11.08.20 13:07:23	4,51	4,81	-4,40	3,32	82,28
925	11.08.20 13:07:24	4,48	4,77	6,64	-2,76	80,60
926	11.08.20 13:07:25	4,48	4,74	3,08	4,08	82,84
927	11.08.20 13:07:26	4,48	4,74	3,51	2,73	83,77
928	11.08.20 13:07:27	4,51	4,74	-13,15	0,92	75,93
929	11.08.20 13:07:28	4,51	4,74	1,56	2,42	86,02
930	11.08.20 13:07:29	4,51	4,77	-10,95	3,41	75,64
931	11.08.20 13:07:30	4,51	4,77	-1,10	0,31	88,59
932	11.08.20 13:07:31	4,48	4,79	-0,72	4,83	84,45
933	11.08.20 13:07:32	4,48	4,83	16,98	-3,82	69,20
934	11.08.20 13:07:33	4,48	4,79	-15,18	-16,07	58,75
935	11.08.20 13:07:34	4,44	4,81	23,74	2,06	64,20
936	11.08.20 13:07:35	4,40	4,76	-19,81	-3,72	66,47
937	11.08.20 13:07:36	4,40	4,79	8,93	-1,90	79,17
938	11.08.20 13:07:37	4,40	4,79	-10,87	-6,82	72,31
939	11.08.20 13:07:38	4,40	4,79	-0,66	5,64	83,70
940	11.08.20 13:07:39	4,40	4,79	-5,29	3,04	81,67
941	11.08.20 13:07:40	4,40	4,76	10,56	-5,01	74,44
942	11.08.20 13:07:41	4,40	4,76	-3,72	-3,11	83,17
943	11.08.20 13:07:42	4,40	4,79	5,02	-19,15	65,83
944	11.08.20 13:07:43	4,40	4,79	3,22	0,20	86,59
945	11.08.20 13:07:44	4,37	4,76	28,48	-8,43	53,09
946	11.08.20 13:07:45	4,33	4,76	5,90	-7,39	76,72
947	11.08.20 13:07:46	4,29	4,78	-22,07	-14,73	53,20
948	11.08.20 13:07:47	4,25	4,81	3,40	-4,26	82,34
949	11.08.20 13:07:48	4,22	4,78	4,22	10,40	75,38
950	11.08.20 13:07:49	4,18	4,76	23,47	8,61	57,92
951	11.08.20 13:07:50	4,18	4,78	5,69	13,79	70,53
952	11.08.20 13:07:51	4,18	4,78	18,03	11,98	60,00
953	11.08.20 13:07:52	4,14	4,78	-5,96	-6,96	77,07
954	11.08.20 13:07:53	4,11	4,80	29,47	-3,17	57,37
955	11.08.20 13:07:54	4,11	4,74	-2,19	-12,69	75,11
956	11.08.20 13:07:55	4,07	4,78	-17,47	-5,54	66,98
957	11.08.20 13:07:56	4,07	4,76	-2,46	2,46	85,09
958	11.08.20 13:07:57	4,11	4,78	-1,71	0,09	88,20
959	11.08.20 13:07:58	4,07	4,76	3,52	-6,42	80,06
960	11.08.20 13:07:59	4,07	4,80	-14,57	-7,29	68,14
961	11.08.20 13:08:00	4,07	4,78	2,38	-6,83	80,78
962	11.08.20 13:08:01	4,07	4,76	8,24	-2,77	78,99
963	11.08.20 13:08:02	4,07	4,78	1,88	4,54	83,58
964	11.08.20 13:08:03	4,07	4,78	4,29	-7,90	77,81
965	11.08.20 13:08:04	4,07	4,78	-2,02	-4,43	83,54
966	11.08.20 13:08:05	4,07	4,78	3,38	-6,01	80,62
967	11.08.20 13:08:06	4,07	4,78	-6,19	-5,70	78,11
968	11.08.20 13:08:07	4,07	4,78	-4,00	-18,52	67,48
969	11.08.20 13:08:08	4,07	4,80	-4,23	-8,49	77,29
970	11.08.20 13:08:09	4,07	4,80	-1,67	13,85	74,48
971	11.08.20 13:08:10	4,03	4,82	-0,29	-12,84	76,87
972	11.08.20 13:08:11	4,00	4,80	-12,80	-3,55	73,64
973	11.08.20 13:08:12	4,00	4,80	-3,74	0,38	85,88
974	11.08.20 13:08:13	3,96	4,82	9,03	-4,33	76,64
975	11.08.20 13:08:14	3,96	4,82	10,96	-4,42	74,62
976	11.08.20 13:08:15	3,96	4,80	0,39	-4,11	85,49
977	11.08.20 13:08:16	3,96	4,78	-9,85	-12,24	67,90
978	11.08.20 13:08:17	3,92	4,78	1,70	-8,01	80,29
979	11.08.20 13:08:18	3,92	4,78	10,02	-1,00	78,98
980	11.08.20 13:08:19	3,92	4,78	-12,99	-1,23	75,78
981	11.08.20 13:08:20	3,92	4,80	2,74	-6,14	81,12
982	11.08.20 13:08:21	3,92	4,78	2,96	-2,54	84,50
983	11.08.20 13:08:22	3,92	4,78	7,89	-6,40	75,72
984	11.08.20 13:08:23	3,92	4,78	3,71	-1,69	84,60
985	11.08.20 13:08:24	3,92	4,80	-10,77	-9,93	69,30
986	11.08.20 13:08:25	3,92	4,78	6,55	9,98	73,47
987	11.08.20 13:08:26	3,92	4,80	-4,17	-2,08	83,75
988	11.08.20 13:08:27	3,92	4,84	-4,84	0,38	84,78
989	11.08.20 13:08:28	3,92	4,80	-10,47	-3,37	76,16
990	11.08.20 13:08:29	3,88	4,80	-16,66	-1,18	72,16
991	11.08.20 13:08:30	3,88	4,78	-11,43	0,83	77,74
992	11.08.20 13:08:31	3,85	4,80	-15,77	4,89	69,34
993	11.08.20 13:08:32	3,85	4,82	-1,61	3,08	85,31
994	11.08.20 13:08:33	3,81	4,82	12,13	3,74	74,14
995	11.08.20 13:08:34	3,81	4,78	-4,46	-3,98	81,55
996	11.08.20 13:08:35	3,81	4,82	8,30	-7,48	74,22
997	11.08.20 13:08:36	3,81	4,80	4,68	2,28	83,05
998	11.08.20 13:08:37	3,77	4,78	5,78	8,44	75,77
999	11.08.20 13:08:38	3,77	4,82	-1,94	-6,40	81,67
1000	11.08.20 13:08:39	3,77	4,82	-1,80	-4,47	83,74
1001	11.08.20 13:08:40	3,77	4,82	3,57	1,37	85,06
1002	11.08.20 13:08:41	3,77	4,80	-3,39	-0,21	86,39
1003	11.08.20 13:08:42	3,77	4,80	-9,57	-1,69	78,74
1004	11.08.20 13:08:43	3,73	4,78	-6,09	2,15	81,75
1005	11.08.20 13:08:44	3,73	4,80	-3,19	-3,46	83,35
1006	11.08.20 13:08:45	3,73	4,78	-10,86	-5,68	73,46
1007	11.08.20 13:08:46	3,73	4,78	-1,86	-3,99	84,15
1008	11.08.20 13:08:47	3,73	4,82	1,12	-5,69	83,19
1009	11.08.20 13:08:48	3,73	4,80	5,83	3,19	80,98
1010	11.08.20 13:08:49	3,73	4,80	-6,25	-3,58	80,17
1011	11.08.20 13:08:50	3,73	4,82	4,17	-3,35	82,48
1012	11.08.20 13:08:51	3,73	4,80	4,15	2,13	83,72
1013	11.08.20 13:08:52	3,73	4,80	-6,27	-7,46	76,27
1014	11.08.20 13:08:53	3,70	4,80	3,88	-1,81	84,31
1015	11.08.20 13:08:54	3,70	4,82	0,92	2,60	86,48
1016	11.08.20 13:08:55	3,70	4,82	10,83	-2,36	76,81
1017	11.08.20 13:08:56	3,70	4,82	21,19	-1,55	67,26
1018	11.08.20 13:08:57	3,70	4,80	-4,02	-2,93	83,05
1019	11.08.20 13:08:58	3,70	4,80	-4,29	3,22	82,49
1020	11.08.20 13:08:59	3,70	4,80	-7,96	-6,09	75,95
1021	11.08.20 13:09:00	3,70	4,80	11,16	-6,14	72,70
1022	11.08.20 13:09:01	3,70	4,80	-16,78	1,23	71,99
1023	11.08.20 13:09:02	3,70	4,80	6,36	-3,80	79,84
1024	11.08.20 13:09:03	3,70	4,84	-0,47	15,66	73,87
1025	11.08.20 13:09:04	3,66	4,82	-5,47	-4,54	79,98
1026	11.08.20 13:09:05	3,66	4,80	-0,56	-5,30	84,15
1027	11.08.20 13:09:06	3,66	4,80	-10,08	-0,29	79,63
1028	11.08.20 13:09:07	3,62	4,82	21,91	-6,49	61,60
1029	11.08.20 13:09:08	3,62	4,84	2,07	1,26	86,67
1030	11.08.20 13:09:09	3,62	4,82	-8,02	-9,11	72,87
1031	11.08.20 13:09:10	3,62	4,80	16,30	1,46	72,25
1032	11.08.20 13:09:11	3,62	4,82	-13,38	-8,92	67,70
1033	11.08.20 13:09:12	3,62	4,95	-12,55	-15,28	62,17
1034	11.08.20 13:09:13	3,59	4,82	9,38	-12,47	68,15
1035	11.08.20 13:09:14	3,59	4,80	3,72	-17,43	68,85
1036	11.08.20 13:09:15	3,59	4,82	9,89	-14,49	65,61
1037	11.08.20 13:09:16	3,59	4,84	-0,80	8,51	80,70
1038	11.08.20 13:09:17	3,59	4,82	-1,12	22,59	66,29
1039	11.08.20 13:09:18	3,55	4,82	6,78	6,90	76,32
1040	11.08.20 13:09:19	3,55	4,82	9,43	0,68	79,89
1041	11.08.20 13:09:20	3,55	4,82	0,87	-12,79	76,34
1042	11.08.20 13:09:21	3,55	4,82	10,35	-3,27	76,37
1043	11.08.20 13:09:22	3,55	4,82	29,57	7,93	52,51
1044	11.08.20 13:09:23	3,55	4,82	4,91	0,90	84,19
1045	11.08.20 13:09:24	3,51	4,82	8,07	-29,41	52,52
1046	11.08.20 13:09:25	3,51	4,80	7,54	0,81	81,64
1047	11.08.20 13:09:26	3,51	4,84	-6,78	5,29	77,93
1048	11.08.20 13:09:27	3,51	4,82	-7,54	-11,24	71,22
1049	11.08.20 13:09:28	3,51	4,82	-6,64	-4,19	79,16
1050	11.08.20 13:09:29	3,51	4,82	4,03	-4,27	81,70
1051	11.08.20 13:09:30	3,51	4,84	56,13	10,65	23,22
1052	11.08.20 13:09:31	3,47	4,82	-6,12	-5,31	78,57
1053	11.08.20 13:09:32	3,47	4,82	6,08	13,86	70,06
1054	11.08.20 13:09:33	3,44	4,84	16,85	12,06	61,09
1055	11.08.20 13:09:34	3,44	4,84	16,28	-13,40	60,32
1056	11.08.20 13:09:35	3,44	4,80	-1,07	-5,86	83,07
1057	11.08.20 13:09:36	3,44	4,82	-2,16	-35,15	52,69
1058	11.08.20 13:09:37	3,44	4,82	43,84	0,69	45,47
1059	11.08.20 13:09:38	3,40	4,82	13,81	-12,91	63,28
1060	11.08.20 13:09:39	3,40	4,84	29,16	-4,83	56,01
1061	11.08.20 13:09:40	3,40	4,84	1,27	7,31	81,42
1062	11.08.20 13:09:41	3,40	4,84	5,07	-6,18	78,75
1063	11.08.20 13:09:42	3,40	4,82	17,28	5,71	67,01
1064	11.08.20 13:09:43	3,40	4,77	10,55	-2,44	77,00
1065	11.08.20 13:09:44	3,40	4,82	10,35	-3,85	75,80
1066	11.08.20 13:09:45	3,36	4,84	15,23	-7,93	66,84
1067	11.08.20 13:09:46	3,36	4,82	14,94	-2,18	72,88
1068	11.08.20 13:09:47	3,36	4,80	-7,74	-9,50	72,76
1069	11.08.20 13:09:48	3,36	4,88	2,63	-8,20	79,17
1070	11.08.20 13:09:49	3,36	4,82	-5,81	-2,13	82,06
1071	11.08.20 13:09:50	3,36	4,82	-8,56	-12,09	69,35
1072	11.08.20 13:09:51	3,36	4,82	1,54	-6,54	81,92
1073	11.08.20 13:09:52	3,36	4,82	17,76	-9,71	62,54
1074	11.08.20 13:09:53	3,36	4,80	6,22	-0,27	83,51
1075	11.08.20 13:09:54	3,36	4,88	6,72	10,26	73,01
1076	11.08.20 13:09:55	3,36	4,80	5,24	-14,73	70,03
1077	11.08.20 13:09:56	3,36	4,77	-10,88	-14,86	64,26
1078	11.08.20 13:09:57	3,36	4,80	23,20	-19,58	47,22
1079	11.08.20 13:09:58	3,36	4,82	-8,49	-11,86	69,65
1080	11.08.20 13:09:59	3,36	4,77	5,06	-17,43	67,51
1081	11.08.20 13:10:00	3,32	4,80	8,18	-14,72	67,10
1082	11.08.20 13:10:01	3,36	4,75	5,55	-1,80	82,65
1083	11.08.20 13:10:02	3,32	4,77	-1,20	-5,05	83,75
1084	11.08.20 13:10:03	3,32	4,77	0,93	-3,17	85,90
1085	11.08.20 13:10:04	3,32	4,75	-10,30	-10,98	68,71
1086	11.08.20 13:10:05	3,32	4,73	-6,16	-5,21	78,63
1087	11.08.20 13:10:06	3,32	4,77	-3,41	-0,85	85,75
1088	11.08.20 13:10:07	3,32	4,75	-1,17	-7,69	81,14
1089	11.08.20 13:10:08	3,32	4,73	3,81	1,91	84,28
1090	11.08.20 13:10:09	3,32	4,77	-17,10	-9,86	63,03
1091	11.08.20 13:10:10	3,32	4,75	-1,79	1,35	86,86
1092	11.08.20 13:10:11	3,32	4,75	-14,37	-1,76	73,87
1093	11.08.20 13:10:12	3,32	4,77	5,36	-3,20	81,44
1094	11.08.20 13:10:13	3,32	4,75	8,94	-7,22	73,84
1095	11.08.20 13:10:14	3,32	4,80	4,23	-5,72	80,06
1096	11.08.20 13:10:15	3,32	4,77	31,79	16,58	41,63
1097	11.08.20 13:10:16	3,28	4,77	25,36	52,64	12,00
1098	11.08.20 13:10:17	3,28	4,75	13,45	58,49	18,06
1099	11.08.20 13:10:18	3,28	4,77	-4,55	0,66	84,80
1100	11.08.20 13:10:19	3,28	4,77	-6,08	-4,47	79,45
1101	11.08.20 13:10:20	3,28	4,75	-5,74	-6,61	77,65
1102	11.08.20 13:10:21	3,28	4,75	-6,78	-3,99	79,23
1103	11.08.20 13:10:22	3,28	4,77	9,66	-1,68	78,66
1104	11.08.20 13:10:23	3,25	4,77	5,58	-9,91	74,51
1105	11.08.20 13:10:24	3,25	4,77	-3,07	6,79	80,14
1106	11.08.20 13:10:25	3,28	4,82	0,85	-25,60	63,55
1107	11.08.20 13:10:26	3,25	4,82	3,60	-5,34	81,06
1108	11.08.20 13:10:27	3,25	4,79	-0,47	-19,33	70,21
1109	11.08.20 13:10:28	3,25	4,82	-2,17	-20,88	66,94
1110	11.08.20 13:10:29	3,25	4,79	-5,25	-3,94	80,81
1111	11.08.20 13:10:30	3,25	4,77	-5,43	2,51	82,06
1112	11.08.20 13:10:31	3,25	4,77	-7,55	-2,57	79,87
1113	11.08.20 13:10:32	3,25	4,77	6,37	-5,88	77,76
1114	11.08.20 13:10:33	3,25	4,77	5,47	-25,75	58,77
1115	11.08.20 13:10:34	3,21	4,75	-0,22	-5,27	84,51
1116	11.08.20 13:10:35	3,21	4,75	0,65	1,58	87,76
1117	11.08.20 13:10:36	3,21	4,77	7,90	-7,55	74,55
1118	11.08.20 13:10:37	3,21	4,77	1,92	-5,10	82,98
1119	11.08.20 13:10:38	3,21	4,77	4,49	-12,52	72,99
1120	11.08.20 13:10:39	3,21	4,77	0,41	1,03	88,56
1121	11.08.20 13:10:40	3,25	4,79	15,53	-5,56	68,91
1122	11.08.20 13:10:41	3,21	4,75	-11,35	-10,54	68,11
1123	11.08.20 13:10:42	3,21	4,77	7,48	-1,57	80,95
1124	11.08.20 13:10:43	3,25	4,75	6,91	3,44	79,65
1125	11.08.20 13:10:44	3,21	4,77	2,56	-1,75	85,69
1126	11.08.20 13:10:45	3,21	4,73	4,59	-6,53	78,88
1127	11.08.20 13:10:46	3,25	4,75	23,97	-7,90	58,13
1128	11.08.20 13:10:47	3,21	4,75	20,13	-4,03	65,83
1129	11.08.20 13:10:48	3,21	4,75	-6,63	-6,49	76,88
1130	11.08.20 13:10:49	3,21	4,73	2,80	-2,29	84,91
1131	11.08.20 13:10:50	3,21	4,73	-12,00	-5,78	72,22
1132	11.08.20 13:10:51	3,21	4,73	-2,61	-2,42	84,98
1133	11.08.20 13:10:52	3,21	4,73	-0,40	-1,31	88,29
1134	11.08.20 13:10:53	3,21	4,75	-4,34	-8,30	77,36
1135	11.08.20 13:10:54	3,21	4,75	-12,24	-1,77	75,99
1136	11.08.20 13:10:55	3,21	4,75	-14,03	2,60	73,37
1137	11.08.20 13:10:56	3,21	4,75	11,89	9,21	68,90
1138	11.08.20 13:10:57	3,21	4,75	4,62	-15,02	70,36
1139	11.08.20 13:10:58	3,21	4,77	12,80	-15,52	61,68
1140	11.08.20 13:10:59	3,21	4,71	-6,85	-40,92	42,23
1141	11.08.20 13:11:00	3,21	4,73	-1,44	-2,34	86,22
1142	11.08.20 13:11:01	3,21	4,73	-14,19	-0,68	75,12
1143	11.08.20 13:11:02	3,21	4,75	-5,35	-1,28	83,37
1144	11.08.20 13:11:03	3,21	4,75	-3,94	-3,80	82,25
1145	11.08.20 13:11:04	3,21	4,75	-13,67	-2,22	74,10
1146	11.08.20 13:11:05	3,21	4,73	-10,17	0,84	78,99
1147	11.08.20 13:11:06	3,21	4,73	-2,19	-2,32	85,49
1148	11.08.20 13:11:07	3,21	4,73	-7,30	-4,85	77,86
1149	11.08.20 13:11:08	3,21	4,73	-6,19	-1,37	82,43
1150	11.08.20 13:11:09	3,21	4,75	-0,54	0,59	88,86
1151	11.08.20 13:11:10	3,21	4,71	2,13	-10,46	77,41
1152	11.08.20 13:11:11	3,21	4,73	-15,33	-1,09	73,58
1153	11.08.20 13:11:12	3,21	4,73	-0,55	3,40	86,05
1154	11.08.20 13:11:13	3,21	4,73	-9,87	5,42	74,71
1155	11.08.20 13:11:14	3,21	4,73	-18,89	-2,72	68,39
1156	11.08.20 13:11:15	3,21	4,75	-7,77	-2,62	79,61
1157	11.08.20 13:11:16	3,21	4,73	-8,93	2,05	79,02
1158	11.08.20 13:11:17	3,21	4,75	-14,30	8,18	67,52
1159	11.08.20 13:11:18	3,21	4,73	-2,09	3,48	84,43
1160	11.08.20 13:11:19	3,21	4,75	-15,21	-2,76	72,04
1161	11.08.20 13:11:20	3,21	4,75	-4,90	-1,44	83,66
1162	11.08.20 13:11:21	3,21	4,73	-10,36	4,94	74,69
1163	11.08.20 13:11:22	3,21	4,75	-4,60	-1,38	84,02
1164	11.08.20 13:11:23	3,21	4,75	4,17	-3,42	82,42
1165	11.08.20 13:11:24	3,21	4,75	-1,90	-7,08	81,02
1166	11.08.20 13:11:25	3,21	4,77	-12,13	5,80	72,07
1167	11.08.20 13:11:26	3,21	4,77	2,91	6,50	80,58
1168	11.08.20 13:11:27	3,21	4,75	-1,17	-3,71	85,12
1169	11.08.20 13:11:28	3,21	4,73	-12,91	-5,60	71,49
1170	11.08.20 13:11:29	3,21	4,75	-5,03	-3,26	81,70
1171	11.08.20 13:11:30	3,21	4,73	-13,52	-0,78	75,69
1172	11.08.20 13:11:31	3,21	4,75	-3,94	-10,73	75,33
1173	11.08.20 13:11:32	3,21	4,77	3,69	-9,33	76,97
1174	11.08.20 13:11:33	3,21	4,75	-0,66	-16,47	72,87
1175	11.08.20 13:11:34	3,21	4,75	-7,08	-11,89	71,03
1176	11.08.20 13:11:35	3,21	4,75	0,60	-5,11	84,28
1177	11.08.20 13:11:36	3,21	4,73	15,19	-11,04	63,76
1178	11.08.20 13:11:37	3,21	4,75	-1,73	-8,08	80,19
1179	11.08.20 13:11:38	3,21	4,75	-5,42	2,06	82,52
1180	11.08.20 13:11:39	3,21	4,73	-6,17	1,98	81,85
1181	11.08.20 13:11:40	3,21	4,73	-9,26	7,59	73,14
1182	11.08.20 13:11:41	3,21	4,75	-5,96	-3,54	80,49
1183	11.08.20 13:11:42	3,21	4,77	-5,05	-3,58	81,37
1184	11.08.20 13:11:43	3,21	4,75	-7,34	7,64	75,02
1185	11.08.20 13:11:44	3,21	4,75	-1,94	24,02	64,04
1186	11.08.20 13:11:45	3,21	4,75	0,67	6,37	82,96
1187	11.08.20 13:11:46	3,21	4,75	3,06	11,15	75,78
1188	11.08.20 13:11:47	3,21	4,75	-4,78	18,53	66,70
1189	11.08.20 13:11:48	3,21	4,75	-8,99	4,78	76,23
1190	11.08.20 13:11:49	3,21	4,75	10,10	20,01	59,89
1191	11.08.20 13:11:50	3,21	4,73	17,51	38,28	34,20
1192	11.08.20 13:11:51	3,21	4,73	19,18	44,09	26,73
1193	11.08.20 13:11:52	3,21	4,75	27,63	47,22	15,14
1194	11.08.20 13:11:53	3,21	4,73	37,38	30,49	22,13
1195	11.08.20 13:11:54	3,21	4,69	37,79	38,37	13,83
1196	11.08.20 13:11:55	3,21	4,67	46,32	31,23	12,45
1197	11.08.20 13:11:56	3,17	4,69	49,66	26,16	14,18
1198	11.08.20 13:11:57	3,17	4,66	43,74	25,06	21,21
1199	11.08.20 13:11:58	3,17	4,64	37,49	33,19	19,32
1200	11.08.20 13:11:59	3,17	4,62	37,25	32,35	20,40
1201	11.08.20 13:12:00	3,17	4,62	43,77	29,90	16,33
1202	11.08.20 13:12:01	3,17	4,60	40,11	28,32	21,56
1203	11.08.20 13:12:02	3,17	4,58	39,80	34,47	15,72
1204	11.08.20 13:12:03	3,17	4,58	40,66	27,95	21,39
1205	11.08.20 13:12:04	3,17	4,58	41,42	26,92	21,67
1206	11.08.20 13:12:05	3,17	4,54	39,03	28,36	22,61
1207	11.08.20 13:12:06	3,21	4,49	40,48	33,11	16,40
1208	11.08.20 13:12:07	3,21	4,47	48,46	26,48	15,06
1209	11.08.20 13:12:08	3,21	4,47	48,82	21,23	19,94
1210	11.08.20 13:12:09	3,21	4,43	31,24	31,33	27,43
1211	11.08.20 13:12:10	3,25	4,37	34,09	29,21	26,70
1212	11.08.20 13:12:11	3,25	4,37	42,11	28,62	19,27
1213	11.08.20 13:12:12	3,25	4,37	52,90	25,62	11,49
1214	11.08.20 13:12:13	3,25	4,34	40,32	27,64	22,04
1215	11.08.20 13:12:14	3,25	4,30	27,28	36,31	26,41
1216	11.08.20 13:12:15	3,28	4,24	36,46	28,20	25,35
1217	11.08.20 13:12:16	3,28	4,22	47,87	25,23	16,90
1218	11.08.20 13:12:17	3,28	4,24	48,44	26,10	15,45
1219	11.08.20 13:12:18	3,28	4,17	34,69	30,45	24,86
1220	11.08.20 13:12:19	3,32	4,13	31,44	30,29	28,27
1221	11.08.20 13:12:20	3,32	4,09	35,90	25,57	28,53
1222	11.08.20 13:12:21	3,32	4,09	44,52	22,61	22,87
1223	11.08.20 13:12:22	3,32	4,07	46,63	22,67	20,69
1224	11.08.20 13:12:23	3,32	4,05	35,89	24,28	29,84
1225	11.08.20 13:12:24	3,32	4,00	28,66	24,45	36,89
1226	11.08.20 13:12:25	3,32	3,94	33,93	20,48	35,59
1227	11.08.20 13:12:26	3,36	3,92	38,77	19,24	31,99
1228	11.08.20 13:12:27	3,36	3,94	46,87	17,31	25,82
1229	11.08.20 13:12:28	3,40	3,90	47,35	17,18	25,47
1230	11.08.20 13:12:29	3,40	3,92	50,98	16,56	22,46
1231	11.08.20 13:12:30	3,47	3,92	51,32	19,27	19,41
1232	11.08.20 13:12:31	3,51	3,94	51,71	23,11	15,18
1233	11.08.20 13:12:32	3,55	4,01	54,85	24,68	10,47
1234	11.08.20 13:12:33	3,59	4,01	54,27	22,69	13,04
1235	11.08.20 13:12:34	3,62	4,03	57,22	14,84	17,94
1236	11.08.20 13:12:35	3,62	3,99	51,57	2,68	35,74
1237	11.08.20 13:12:36	3,66	3,96	66,64	1,62	21,74
1238	11.08.20 13:12:37	3,70	4,01	73,66	7,75	8,59
1239	11.08.20 13:12:38	3,70	4,05	68,01	10,11	11,89
1240	11.08.20 13:12:39	3,70	4,07	64,98	9,44	15,58
1241	11.08.20 13:12:40	3,70	4,03	61,29	10,43	18,28
1242	11.08.20 13:12:41	3,70	3,99	58,09	16,81	15,09
1243	11.08.20 13:12:42	3,70	4,03	62,99	17,28	9,73
1244	11.08.20 13:12:43	3,70	4,03	62,46	14,48	13,06
1245	11.08.20 13:12:44	3,73	4,05	62,53	13,65	13,82
1246	11.08.20 13:12:45	3,73	4,03	59,48	13,77	16,75
1247	11.08.20 13:12:46	3,73	4,01	55,48	14,61	19,91
1248	11.08.20 13:12:47	3,73	4,03	59,09	16,75	14,16
1249	11.08.20 13:12:48	3,73	4,05	62,60	14,19	13,20
1250	11.08.20 13:12:49	3,73	4,01	59,01	8,81	22,19
1251	11.08.20 13:12:50	3,73	3,94	56,20	2,64	31,16
1252	11.08.20 13:12:51	3,70	3,90	54,91	-1,98	33,11
1253	11.08.20 13:12:52	3,70	3,86	55,22	-4,04	30,74
1254	11.08.20 13:12:53	3,70	3,79	49,58	-6,28	34,15
1255	11.08.20 13:12:54	3,70	3,71	44,31	-8,56	37,13
1256	11.08.20 13:12:55	3,70	3,67	44,90	-9,76	35,34
1257	11.08.20 13:12:56	3,73	3,60	43,13	-10,42	36,45
1258	11.08.20 13:12:57	3,73	3,52	41,35	-11,38	37,27
1259	11.08.20 13:12:58	3,77	3,45	40,30	-9,79	39,91
1260	11.08.20 13:12:59	3,85	3,39	40,91	-8,13	40,96
1261	11.08.20 13:13:00	3,96	3,33	38,95	-7,27	43,78
1262	11.08.20 13:13:01	4,11	3,22	37,55	-7,01	45,44
1263	11.08.20 13:13:02	4,22	3,18	38,48	-4,46	47,06
1264	11.08.20 13:13:03	4,29	3,12	45,58	-3,52	40,90
1265	11.08.20 13:13:04	4,37	3,07	49,93	-4,08	35,99
1266	11.08.20 13:13:05	4,37	2,99	45,39	-2,23	42,38
1267	11.08.20 13:13:06	4,40	2,90	41,31	0,82	47,87
1268	11.08.20 13:13:07	4,40	2,86	41,24	-0,44	48,32
1269	11.08.20 13:13:08	4,40	2,80	38,39	-1,08	50,53
1270	11.08.20 13:13:09	4,44	2,71	39,25	2,00	48,75
1271	11.08.20 13:13:10	4,59	2,67	34,48	6,41	49,11
1272	11.08.20 13:13:11	4,66	2,65	39,84	7,12	43,03
1273	11.08.20 13:13:12	4,73	2,59	37,54	9,91	42,55
1274	11.08.20 13:13:13	4,77	2,52	33,03	12,19	44,78
1275	11.08.20 13:13:14	4,80	2,46	32,81	8,65	48,54
1276	11.08.20 13:13:15	4,88	2,44	35,34	12,09	42,58
1277	11.08.20 13:13:16	4,95	2,37	33,66	15,59	40,75
1278	11.08.20 13:13:17	5,02	2,33	35,60	15,79	38,62
1279	11.08.20 13:13:18	5,10	2,31	36,12	15,67	38,20
1280	11.08.20 13:13:19	5,13	2,29	38,94	14,60	36,46
1281	11.08.20 13:13:20	5,17	2,25	44,22	12,80	32,97
1282	11.08.20 13:13:21	5,17	2,23	43,54	10,51	35,95
1283	11.08.20 13:13:22	5,17	2,18	39,09	10,22	40,69
1284	11.08.20 13:13:23	5,17	2,10	37,10	7,30	45,60
1285	11.08.20 13:13:24	5,20	2,06	37,15	10,37	42,49
1286	11.08.20 13:13:25	5,31	2,04	41,18	11,43	37,39
1287	11.08.20 13:13:26	5,35	1,97	35,95	13,25	40,80
1288	11.08.20 13:13:27	5,38	1,91	32,64	15,17	42,18
1289	11.08.20 13:13:28	5,42	1,87	38,16	11,95	39,89
1290	11.08.20 13:13:29	5,49	1,82	32,82	13,38	43,80
1291	11.08.20 13:13:30	5,64	1,74	34,37	13,28	42,35
1292	11.08.20 13:13:31	5,78	1,74	37,35	10,22	42,43
1293	11.08.20 13:13:32	5,89	1,76	30,55	18,94	40,51
1294	11.08.20 13:13:33	6,06	1,57	29,56	21,45	38,99
1295	11.08.20 13:13:34	6,45	1,58	31,58	19,14	39,29
1296	11.08.20 13:13:35	6,77	1,56	32,48	19,65	37,88
1297	11.08.20 13:13:36	6,98	1,52	30,01	21,51	38,48
1298	11.08.20 13:13:37	7,12	1,46	30,11	15,79	44,10
1299	11.08.20 13:13:38	7,29	1,39	31,74	17,94	40,32
1300	11.08.20 13:13:39	7,53	1,35	30,29	17,96	41,75
1301	11.08.20 13:13:40	7,74	1,33	31,20	16,62	42,18
1302	11.08.20 13:13:41	7,91	1,29	32,46	16,94	40,59
1303	11.08.20 13:13:42	8,12	1,25	27,01	18,26	44,74
1304	11.08.20 13:13:43	8,25	1,21	28,91	14,24	46,84
1305	11.08.20 13:13:44	8,39	1,19	35,45	8,46	46,09
1306	11.08.20 13:13:45	8,52	1,17	38,52	5,95	45,54
1307	11.08.20 13:13:46	8,63	1,13	31,22	9,91	48,87
1308	11.08.20 13:13:47	8,73	1,07	32,03	9,07	48,90
1309	11.08.20 13:13:48	8,83	1,11	37,16	3,06	49,78
1310	11.08.20 13:13:49	8,93	1,05	35,45	6,21	48,34
1311	11.08.20 13:13:50	9,06	1,03	36,46	3,22	50,32
1312	11.08.20 13:13:51	9,23	0,96	33,12	-1,20	55,68
1313	11.08.20 13:13:52	9,33	0,92	36,69	-2,41	50,91
1314	11.08.20 13:13:53	9,40	0,92	39,39	-1,29	49,32
1315	11.08.20 13:13:54	9,50	0,92	33,16	-2,94	53,90
1316	11.08.20 13:13:55	9,86	0,82	32,30	-6,52	51,18
1317	11.08.20 13:13:56	10,06	0,80	31,84	-6,84	51,32
1318	11.08.20 13:13:57	10,42	0,72	22,74	14,16	53,10
1319	11.08.20 13:13:58	10,85	0,70	20,01	12,26	57,73
1320	11.08.20 13:13:59	11,17	0,62	12,44	11,77	65,79
1321	11.08.20 13:14:00	11,59	0,62	18,61	7,98	63,41
1322	11.08.20 13:14:01	11,81	0,65	21,25	11,45	57,30
1323	11.08.20 13:14:02	12,01	0,63	25,61	10,14	54,25
1324	11.08.20 13:14:03	12,20	0,63	25,74	7,47	56,78
1325	11.08.20 13:14:04	12,32	0,59	22,24	14,79	52,97
1326	11.08.20 13:14:05	12,45	0,55	23,50	12,02	54,48
1327	11.08.20 13:14:06	12,48	0,57	25,64	7,89	56,47
1328	11.08.20 13:14:07	12,48	0,55	30,23	10,05	49,71
1329	11.08.20 13:14:08	12,51	0,55	27,30	12,11	50,59
1330	11.08.20 13:14:09	12,55	0,55	26,00	14,43	49,57
1331	11.08.20 13:14:10	12,55	0,50	25,79	12,50	51,71
1332	11.08.20 13:14:11	12,64	0,50	22,20	9,54	58,25
1333	11.08.20 13:14:12	12,70	0,50	22,04	6,19	61,77
1334	11.08.20 13:14:13	12,86	0,48	25,85	2,82	61,34
1335	11.08.20 13:14:14	13,05	0,48	24,40	-7,37	58,23
1336	11.08.20 13:14:15	13,27	0,43	16,34	-8,93	64,73
1337	11.08.20 13:14:16	13,40	0,48	27,27	-2,19	60,54
1338	11.08.20 13:14:17	13,52	0,41	18,93	-0,30	70,77
1339	11.08.20 13:14:18	13,68	0,39	15,40	-8,16	66,44
1340	11.08.20 13:14:19	13,77	0,37	20,29	0,06	69,65
1341	11.08.20 13:14:20	13,86	0,39	9,32	0,52	80,16
1342	11.08.20 13:14:21	13,93	0,39	21,40	3,34	65,26
1343	11.08.20 13:14:22	13,96	0,39	17,70	-2,60	69,70
1344	11.08.20 13:14:23	14,05	0,39	16,66	-6,14	67,19
1345	11.08.20 13:14:24	14,11	0,39	26,74	-8,05	55,21
1346	11.08.20 13:14:25	14,18	0,43	28,66	-10,01	51,32
1347	11.08.20 13:14:26	14,24	0,43	20,02	-5,56	64,42
1348	11.08.20 13:14:27	14,30	0,41	32,89	-3,27	53,85
1349	11.08.20 13:14:28	14,36	0,45	38,89	-5,36	45,75
1350	11.08.20 13:14:29	14,36	0,50	53,53	-8,46	28,00
1351	11.08.20 13:14:30	14,33	0,50	40,07	-4,77	45,17
1352	11.08.20 13:14:31	14,30	0,50	29,26	-2,54	58,19
1353	11.08.20 13:14:32	14,27	0,50	25,65	-7,10	57,25
1354	11.08.20 13:14:33	14,42	0,50	12,49	-11,15	66,36
1355	11.08.20 13:14:34	14,52	0,45	21,86	-4,96	63,18
1356	11.08.20 13:14:35	14,58	0,41	16,49	-11,57	61,94
1357	11.08.20 13:14:36	14,67	0,45	21,84	-11,80	56,36
1358	11.08.20 13:14:37	14,73	0,48	23,50	-13,13	53,37
1359	11.08.20 13:14:38	14,79	0,45	23,75	-14,77	51,48
1360	11.08.20 13:14:39	14,85	0,48	27,78	-12,04	50,18
1361	11.08.20 13:14:40	14,89	0,45	37,09	-12,43	40,47
1362	11.08.20 13:14:41	14,89	0,45	27,81	-20,56	41,63
1363	11.08.20 13:14:42	14,89	0,50	65,82	-3,23	20,95
1364	11.08.20 13:14:43	14,98	0,50	60,12	-19,25	10,63
1365	11.08.20 13:14:44	14,98	0,50	74,97	-9,73	5,30
1366	11.08.20 13:14:45	14,95	0,48	65,71	-23,67	0,63
1367	11.08.20 13:14:46	15,01	0,43	44,78	-29,30	15,92
1368	11.08.20 13:14:47	15,01	0,43	46,87	-29,52	13,62
1369	11.08.20 13:14:48	15,01	0,41	47,36	-25,30	17,34
1370	11.08.20 13:14:49	15,07	0,43	58,57	-20,85	10,58
1371	11.08.20 13:14:50	15,07	0,41	50,87	-29,68	9,45
1372	11.08.20 13:14:51	15,10	0,37	38,73	-32,02	19,26
1373	11.08.20 13:14:52	15,16	0,37	45,11	-26,95	17,95
1374	11.08.20 13:14:53	15,19	0,39	48,11	-22,70	19,20
1375	11.08.20 13:14:54	15,28	0,35	40,85	-23,26	25,89
1376	11.08.20 13:14:55	15,32	0,33	29,00	-19,75	41,26
1377	11.08.20 13:14:56	15,38	0,30	24,99	-20,70	44,30
1378	11.08.20 13:14:57	15,41	0,30	27,74	-19,47	42,79
1379	11.08.20 13:14:58	15,47	0,28	22,43	-13,51	54,06
1380	11.08.20 13:14:59	15,47	0,26	15,52	-18,05	56,43
1381	11.08.20 13:15:00	15,50	0,28	25,31	-24,71	39,98
1382	11.08.20 13:15:01	15,56	0,26	26,45	-19,69	43,86
1383	11.08.20 13:15:02	15,59	0,26	25,26	-15,42	49,32
1384	11.08.20 13:15:03	15,62	0,24	11,71	-21,72	56,57
1385	11.08.20 13:15:04	15,65	0,24	30,43	-17,98	41,59
1386	11.08.20 13:15:05	15,68	0,22	22,54	-14,67	52,79
1387	11.08.20 13:15:06	15,74	0,22	13,55	-8,03	68,41
1388	11.08.20 13:15:07	15,80	0,20	9,06	-1,86	79,07
1389	11.08.20 13:15:08	15,83	0,22	8,45	6,42	75,13
1390	11.08.20 13:15:09	15,86	0,26	17,33	7,33	65,33
1391	11.08.20 13:15:10	15,86	0,18	9,95	8,99	71,06
1392	11.08.20 13:15:11	15,93	0,18	2,64	24,29	63,06
1393	11.08.20 13:15:12	15,99	0,20	24,12	0,97	64,91
1394	11.08.20 13:15:13	16,02	0,24	34,00	-12,67	43,34
1395	11.08.20 13:15:14	16,02	0,24	16,18	16,64	57,19
1396	11.08.20 13:15:15	16,02	0,20	12,45	23,63	53,93
1397	11.08.20 13:15:16	16,02	0,18	10,71	23,47	55,82
1398	11.08.20 13:15:17	16,05	0,15	0,00	28,83	61,17
1399	11.08.20 13:15:18	16,08	0,15	7,54	19,21	63,26
1400	11.08.20 13:15:19	16,11	0,20	24,73	5,60	59,67
1401	11.08.20 13:15:20	16,11	0,22	32,58	-1,36	56,06
1402	11.08.20 13:15:21	16,08	0,20	19,21	5,66	65,14
1403	11.08.20 13:15:22	16,11	0,20	1,85	36,23	51,91
1404	11.08.20 13:15:23	16,17	0,22	15,81	23,00	51,18
1405	11.08.20 13:15:24	16,20	0,20	19,41	18,79	51,80
1406	11.08.20 13:15:25	16,23	0,18	-10,88	64,72	14,40
1407	11.08.20 13:15:26	16,26	0,18	-0,63	40,88	-48,49
1408	11.08.20 13:15:27	16,26	0,15	8,19	29,84	-51,96
1409	11.08.20 13:15:28	16,26	0,18	12,86	12,14	-65,00
1410	11.08.20 13:15:29	16,26	0,18	12,08	22,19	-55,74
1411	11.08.20 13:15:30	16,23	0,15	15,23	14,98	-59,79
1412	11.08.20 13:15:31	16,23	0,18	12,46	22,07	-55,47
1413	11.08.20 13:15:32	16,20	0,18	14,52	27,98	-47,51
1414	11.08.20 13:15:33	16,20	0,20	17,29	67,05	-5,66
1415	11.08.20 13:15:34	16,20	0,22	20,17	17,75	52,07
1416	11.08.20 13:15:35	16,17	0,22	24,58	6,43	58,99
1417	11.08.20 13:15:36	16,20	0,18	23,14	3,08	63,78
1418	11.08.20 13:15:37	16,26	0,18	67,11	-2,00	20,89
1419	11.08.20 13:15:38	16,32	0,18	70,63	5,81	13,55
1420	11.08.20 13:15:39	16,32	0,20	37,47	16,05	36,47
1421	11.08.20 13:15:40	16,32	0,20	36,36	8,99	44,65
1422	11.08.20 13:15:41	16,32	0,18	43,99	9,00	37,01
1423	11.08.20 13:15:42	16,26	0,18	69,03	11,93	9,04
1424	11.08.20 13:15:43	16,20	0,20	57,37	13,55	19,08
1425	11.08.20 13:15:44	16,17	0,20	49,25	16,74	24,01
1426	11.08.20 13:15:45	16,17	0,22	66,24	3,78	19,98
1427	11.08.20 13:15:46	16,11	0,20	52,40	-8,64	28,96
1428	11.08.20 13:15:47	16,05	0,20	49,81	-0,84	39,35
1429	11.08.20 13:15:48	15,99	0,24	57,30	9,77	22,93
1430	11.08.20 13:15:49	15,89	0,20	34,53	28,92	26,55
1431	11.08.20 13:15:50	15,83	0,22	8,97	40,43	40,60
1432	11.08.20 13:15:51	15,77	0,24	-41,84	36,90	-11,26
1433	11.08.20 13:15:52	15,71	0,22	47,88	39,24	2,88
1434	11.08.20 13:15:53	15,68	0,24	47,63	28,52	13,85
1435	11.08.20 13:15:54	15,62	0,20	38,84	44,94	6,22
1436	11.08.20 13:15:55	15,59	0,22	45,31	35,99	8,70
1437	11.08.20 13:15:56	15,53	0,24	44,99	39,33	5,68
1438	11.08.20 13:15:57	15,50	0,24	44,35	38,93	6,72
1439	11.08.20 13:15:58	15,47	0,22	45,36	38,97	5,67
1440	11.08.20 13:15:59	15,41	0,22	44,16	41,55	4,29
1441	11.08.20 13:16:00	15,38	0,22	43,58	40,02	6,41
1442	11.08.20 13:16:01	15,35	0,24	43,18	32,92	13,89
1443	11.08.20 13:16:02	15,32	0,24	42,70	33,51	13,79
1444	11.08.20 13:16:03	15,65	0,11	42,96	31,08	15,96
1445	11.08.20 13:16:04	16,02	0,13	48,06	23,07	18,87
1446	11.08.20 13:16:05	16,23	0,18	57,87	21,77	10,36
1447	11.08.20 13:16:06	16,35	0,20	49,80	28,02	12,18
1448	11.08.20 13:16:07	16,44	0,20	44,54	22,72	22,74
1449	11.08.20 13:16:08	16,50	0,20	49,38	19,58	21,04
1450	11.08.20 13:16:09	16,56	0,20	47,86	17,95	24,19
1451	11.08.20 13:16:10	16,62	0,22	44,51	24,92	20,57
1452	11.08.20 13:16:11	16,71	0,20	47,56	20,95	21,49
1453	11.08.20 13:16:12	16,74	0,15	44,46	33,40	12,14
1454	11.08.20 13:16:13	16,74	0,18	54,99	26,79	8,22
1455	11.08.20 13:16:14	16,68	0,22	55,73	26,47	7,80
1456	11.08.20 13:16:15	16,62	0,20	58,09	24,17	7,74
1457	11.08.20 13:16:16	16,56	0,20	54,17	26,21	9,63
1458	11.08.20 13:16:17	16,47	0,22	55,31	25,38	9,31
1459	11.08.20 13:16:18	16,41	0,22	55,72	26,07	8,22
1460	11.08.20 13:16:19	16,35	0,22	56,45	26,90	6,64
1461	11.08.20 13:16:20	16,29	0,22	54,68	25,27	10,05
1462	11.08.20 13:16:21	16,23	0,24	65,31	15,91	8,77
1463	11.08.20 13:16:22	16,17	0,22	53,48	33,44	3,08
1464	11.08.20 13:16:23	16,14	0,22	28,69	56,66	4,65
1465	11.08.20 13:16:24	16,11	0,20	17,31	60,41	-12,29
1466	11.08.20 13:16:25	16,05	0,22	13,13	64,00	-12,87
1467	11.08.20 13:16:26	16,02	0,22	10,93	66,08	-12,99
1468	11.08.20 13:16:27	15,99	0,20	48,27	39,12	2,61
1469	11.08.20 13:16:28	15,96	0,22	36,15	38,88	14,98
1470	11.08.20 13:16:29	15,93	0,22	75,46	-8,23	6,31
1471	11.08.20 13:16:30	15,93	0,24	72,22	-9,37	8,41
1472	11.08.20 13:16:31	15,86	0,22	71,08	7,43	11,49
1473	11.08.20 13:16:32	15,86	0,24	53,73	24,76	11,51
1474	11.08.20 13:16:33	15,83	0,20	58,48	18,68	12,83
1475	11.08.20 13:16:34	15,80	0,20	56,31	14,96	18,73
1476	11.08.20 13:16:35	15,77	0,22	41,61	-8,32	40,07
1477	11.08.20 13:16:36	15,74	0,22	-15,07	-6,68	68,25
1478	11.08.20 13:16:37	15,71	0,22	-15,44	3,32	71,24
1479	11.08.20 13:16:38	15,68	0,24	-16,83	2,87	70,30
1480	11.08.20 13:16:39	15,68	0,22	-13,11	2,46	74,44
1481	11.08.20 13:16:40	15,65	0,24	-13,96	3,58	72,47
1482	11.08.20 13:16:41	15,62	0,22	-12,47	3,21	74,32
1483	11.08.20 13:16:42	15,62	0,22	-15,37	1,19	73,44
1484	11.08.20 13:16:43	15,62	0,24	-9,67	-3,80	76,53
1485	11.08.20 13:16:44	15,59	0,24	-8,57	-2,83	78,60
1486	11.08.20 13:16:45	15,59	0,22	-9,90	0,00	80,10
1487	11.08.20 13:16:46	15,56	0,24	-10,09	0,44	79,47
1488	11.08.20 13:16:47	15,56	0,22	-8,01	-1,41	80,58
1489	11.08.20 13:16:48	15,56	0,24	-5,27	-3,23	81,50
1490	11.08.20 13:16:49	15,53	0,22	-40,00	7,29	-42,71
1491	11.08.20 13:16:50	15,53	0,24	-75,31	9,65	-5,04
1492	11.08.20 13:16:51	15,56	0,22	-84,78	-1,08	-4,14
1493	11.08.20 13:16:52	15,56	0,24	-85,88	-0,50	-3,62
1494	11.08.20 13:16:53	15,56	0,24	-84,14	-1,64	-4,22
1495	11.08.20 13:16:54	15,56	0,24	-79,91	-3,97	-6,12
1496	11.08.20 13:16:55	15,56	0,20	-78,68	-4,25	-7,07
1497	11.08.20 13:16:56	15,56	0,22	-83,30	-3,05	-3,65
1498	11.08.20 13:16:57	15,56	0,24	-84,66	-1,22	-4,11
1499	11.08.20 13:16:58	15,56	0,22	-84,36	-0,90	-4,73
1500	11.08.20 13:16:59	15,56	0,22	-9,30	-63,92	16,78
1501	11.08.20 13:17:00	15,56	0,22	-30,07	-52,01	7,92
1502	11.08.20 13:17:01	15,56	0,22	2,88	-77,43	-9,68
1503	11.08.20 13:17:02	15,56	0,22	7,25	-49,83	-32,91
1504	11.08.20 13:17:03	15,56	0,22	35,64	-24,14	30,22
1505	11.08.20 13:17:04	15,56	0,24	3,06	-79,28	-7,66
1506	11.08.20 13:17:05	15,56	0,24	-9,82	-79,24	-0,94
1507	11.08.20 13:17:06	15,56	0,22	-1,14	-88,36	0,49
1508	11.08.20 13:17:07	15,56	0,22	10,94	-66,59	12,46
1509	11.08.20 13:17:08	15,56	0,22	23,96	-55,29	10,75
1510	11.08.20 13:17:09	15,56	0,22	-0,34	-88,84	0,82
1511	11.08.20 13:17:10	15,56	0,22	0,32	-89,07	0,61
1512	11.08.20 13:17:11	15,56	0,24	-5,70	-80,03	4,28
1513	11.08.20 13:17:12	15,56	0,24	0,98	-66,82	-22,20
1514	11.08.20 13:17:13	15,53	0,22	-3,49	-82,54	-3,98
1515	11.08.20 13:17:14	15,53	0,22	-3,76	-84,28	-1,96
1516	11.08.20 13:17:15	15,53	0,24	-2,39	-82,34	-5,26
1517	11.08.20 13:17:16	15,53	0,24	-1,63	-82,52	-5,85
1518	11.08.20 13:17:17	15,53	0,22	-2,02	-85,38	-2,60
1519	11.08.20 13:17:18	15,53	0,22	-0,09	-86,16	-3,75
1520	11.08.20 13:17:19	15,53	0,22	-3,15	-80,24	-6,60
1521	11.08.20 13:17:20	15,53	0,24	-4,01	-81,58	-4,41
1522	11.08.20 13:17:21	15,53	0,22	-7,20	-70,11	12,69
1523	11.08.20 13:17:22	15,53	0,24	-34,55	-33,56	21,90
1524	11.08.20 13:17:23	15,53	0,22	-38,46	-32,80	18,74
1525	11.08.20 13:17:24	15,56	0,22	-23,07	-34,94	31,99
1526	11.08.20 13:17:25	15,56	0,22	2,37	-37,27	50,36
1527	11.08.20 13:17:26	15,56	0,22	-2,87	-67,27	19,86
1528	11.08.20 13:17:27	15,59	0,22	-4,89	-83,33	-1,78
1529	11.08.20 13:17:28	15,56	0,24	-7,11	-79,16	-3,72
1530	11.08.20 13:17:29	15,56	0,22	-9,21	-75,66	-5,13
1531	11.08.20 13:17:30	15,56	0,22	-7,82	-77,85	-4,33
1532	11.08.20 13:17:31	15,56	0,24	-5,48	-81,41	-3,11
1533	11.08.20 13:17:32	15,56	0,22	-5,96	-81,07	-2,97
1534	11.08.20 13:17:33	15,56	0,22	-8,43	-77,77	-3,80
1535	11.08.20 13:17:34	15,56	0,22	-10,60	-75,94	-3,46
1536	11.08.20 13:17:35	15,56	0,24	-6,86	-79,67	-3,46
1537	11.08.20 13:17:36	15,56	0,24	-3,64	-82,42	-3,93
1538	11.08.20 13:17:37	15,56	0,22	-7,68	-79,04	-3,28
1539	11.08.20 13:17:38	15,56	0,24	-11,28	-74,53	-4,19
1540	11.08.20 13:17:39	15,56	0,22	-8,97	-77,80	-3,23
1541	11.08.20 13:17:40	15,56	0,24	-4,06	-81,28	-4,66
1542	11.08.20 13:17:41	15,56	0,24	-5,29	-79,59	-5,12
1543	11.08.20 13:17:42	15,56	0,22	-9,59	-78,12	-2,29
1544	11.08.20 13:17:43	15,56	0,22	-10,38	-78,75	-0,86
1545	11.08.20 13:17:44	15,56	0,22	-5,59	-78,94	-5,47
1546	11.08.20 13:17:45	15,56	0,24	-5,62	-78,17	-6,21
1547	11.08.20 13:17:46	15,56	0,22	-8,44	-77,94	-3,62
1548	11.08.20 13:17:47	15,56	0,26	-8,28	-80,48	-1,25
1549	11.08.20 13:17:48	15,56	0,24	-7,15	-80,19	-2,66
1550	11.08.20 13:17:49	15,56	0,24	-6,70	-75,88	-7,41
1551	11.08.20 13:17:50	15,56	0,22	-7,02	-75,48	-7,50
1552	11.08.20 13:17:51	15,56	0,24	-8,38	-78,76	-2,86
1553	11.08.20 13:17:52	15,56	0,24	-8,96	-79,90	-1,13
1554	11.08.20 13:17:53	15,56	0,24	-8,95	-78,12	-2,93
1555	11.08.20 13:17:54	15,56	0,22	-6,97	-77,32	-5,70
1556	11.08.20 13:17:55	15,56	0,22	-8,00	-76,52	-5,48
1557	11.08.20 13:17:56	15,56	0,24	-9,03	-76,71	-4,26
1558	11.08.20 13:17:57	15,56	0,22	-9,07	-76,89	-4,04
1559	11.08.20 13:17:58	15,56	0,22	-7,36	-80,00	-2,64
1560	11.08.20 13:17:59	15,56	0,24	-7,40	-81,46	-1,14
1561	11.08.20 13:18:00	15,56	0,24	-10,29	-73,50	-6,21
1562	11.08.20 13:18:01	15,56	0,24	-7,75	-76,32	-5,92
1563	11.08.20 13:18:02	15,56	0,24	-6,84	-79,54	-3,62
1564	11.08.20 13:18:03	15,59	0,24	-8,81	-77,89	-3,30
1565	11.08.20 13:18:04	15,59	0,24	-9,92	-74,91	-5,17
1566	11.08.20 13:18:05	15,59	0,24	-7,92	-75,96	-6,12
1567	11.08.20 13:18:06	15,59	0,24	-5,86	-78,55	-5,59
1568	11.08.20 13:18:07	15,59	0,24	-8,89	-78,15	-2,96
1569	11.08.20 13:18:08	15,59	0,24	-10,87	-77,54	-1,59
1570	11.08.20 13:18:09	15,59	0,24	-8,39	-78,31	-3,29
1571	11.08.20 13:18:10	15,59	0,24	-6,04	-79,51	-4,45
1572	11.08.20 13:18:11	15,59	0,24	-7,90	-77,49	-4,62
1573	11.08.20 13:18:12	15,59	0,24	-10,05	-75,94	-4,01
1574	11.08.20 13:18:13	15,59	0,22	-9,41	-77,42	-3,17
1575	11.08.20 13:18:14	15,62	0,24	-6,49	-80,00	-3,51
1576	11.08.20 13:18:15	15,62	0,26	-7,48	-78,22	-4,30
1577	11.08.20 13:18:16	15,62	0,24	-9,38	-74,76	-5,86
1578	11.08.20 13:18:17	15,62	0,26	-8,62	-77,60	-3,78
1579	11.08.20 13:18:18	15,62	0,24	-7,83	-80,88	-1,29
1580	11.08.20 13:18:19	15,62	0,24	-8,29	-78,54	-3,16
1581	11.08.20 13:18:20	15,62	0,22	-9,57	-75,10	-5,33
1582	11.08.20 13:18:21	15,62	0,24	-7,76	-75,92	-6,33
1583	11.08.20 13:18:22	15,65	0,24	-5,87	-80,76	-3,36
1584	11.08.20 13:18:23	15,65	0,24	-9,67	-79,24	-1,09
1585	11.08.20 13:18:24	15,65	0,24	-12,44	-73,71	-3,84
1586	11.08.20 13:18:25	15,65	0,22	-5,97	-77,64	-6,39
1587	11.08.20 13:18:26	15,65	0,24	-4,46	-79,76	-5,78
1588	11.08.20 13:18:27	15,65	0,24	-10,96	-75,31	-3,73
1589	11.08.20 13:18:28	15,65	0,26	-11,65	-76,65	-1,70
1590	11.08.20 13:18:29	15,65	0,24	-6,68	-80,97	-2,34
1591	11.08.20 13:18:30	15,65	0,24	-6,12	-79,25	-4,63
1592	11.08.20 13:18:31	15,68	0,22	-8,86	-75,93	-5,22
1593	11.08.20 13:18:32	15,68	0,22	-9,98	-76,18	-3,84
1594	11.08.20 13:18:33	15,68	0,24	-7,64	-79,84	-2,52
1595	11.08.20 13:18:34	15,68	0,24	-8,50	-77,57	-3,92
1596	11.08.20 13:18:35	15,68	0,22	-8,86	-76,39	-4,75
1597	11.08.20 13:18:36	15,71	0,24	-6,54	-77,87	-5,59
1598	11.08.20 13:18:37	15,71	0,22	-7,30	-79,31	-3,40
1599	11.08.20 13:18:38	15,71	0,24	-10,47	-77,56	-1,97
1600	11.08.20 13:18:39	15,71	0,22	-11,29	-76,66	-2,06
1601	11.08.20 13:18:40	15,71	0,24	-5,83	-80,35	-3,82
1602	11.08.20 13:18:41	15,71	0,24	-4,35	-79,11	-6,54
1603	11.08.20 13:18:42	15,74	0,24	-10,89	-75,57	-3,55
1604	11.08.20 13:18:43	15,74	0,22	-12,07	-77,60	-0,33
1605	11.08.20 13:18:44	15,74	0,24	-6,95	-78,94	-4,11
1606	11.08.20 13:18:45	15,74	0,24	-5,40	-78,23	-6,37
1607	11.08.20 13:18:46	15,74	0,24	-7,90	-77,70	-4,41
1608	11.08.20 13:18:47	15,74	0,24	-11,46	-76,28	-2,26
1609	11.08.20 13:18:48	15,77	0,24	-8,92	-79,13	-1,96
1610	11.08.20 13:18:49	15,77	0,24	-6,37	-80,15	-3,48
1611	11.08.20 13:18:50	15,77	0,22	-8,13	-76,26	-5,61
1612	11.08.20 13:18:51	15,77	0,24	-8,30	-76,53	-5,17
1613	11.08.20 13:18:52	15,77	0,24	-8,79	-78,13	-3,08
1614	11.08.20 13:18:53	15,80	0,24	-10,12	-77,13	-2,75
1615	11.08.20 13:18:54	15,80	0,22	-6,96	-81,19	-1,85
1616	11.08.20 13:18:55	15,80	0,22	-6,32	-80,97	-2,71
1617	11.08.20 13:18:56	15,80	0,22	-10,27	-74,70	-5,03
1618	11.08.20 13:18:57	15,80	0,24	-9,23	-77,21	-3,56
1619	11.08.20 13:18:58	15,80	0,22	-6,17	-81,41	-2,42
1620	11.08.20 13:18:59	15,80	0,24	-39,60	-31,65	-18,74
1621	11.08.20 13:19:00	15,83	0,24	-54,62	-3,97	-31,41
1622	11.08.20 13:19:01	15,83	0,24	-65,96	1,39	-22,65
1623	11.08.20 13:19:02	15,86	0,24	-56,22	6,09	-27,69
1624	11.08.20 13:19:03	15,86	0,24	-57,68	3,55	-28,77
1625	11.08.20 13:19:04	15,89	0,24	-58,93	2,97	-28,09
1626	11.08.20 13:19:05	15,89	0,24	-57,03	6,79	-26,18
1627	11.08.20 13:19:06	15,89	0,22	-57,11	3,95	-28,94
1628	11.08.20 13:19:07	15,93	0,22	-59,02	2,98	-28,00
1629	11.08.20 13:19:08	15,93	0,24	-50,15	10,22	-29,62
1630	11.08.20 13:19:09	15,93	0,22	-53,43	7,73	-28,83
1631	11.08.20 13:19:10	15,96	0,24	-52,93	7,59	-29,48
1632	11.08.20 13:19:11	15,96	0,24	-61,15	3,13	-25,72
1633	11.08.20 13:19:12	15,96	0,24	-57,28	4,81	-27,91
1634	11.08.20 13:19:13	15,96	0,22	-60,98	1,13	-27,89
1635	11.08.20 13:19:14	15,99	0,24	-53,17	-10,58	-26,25
1636	11.08.20 13:19:15	15,99	0,24	-59,34	-4,39	-26,28
1637	11.08.20 13:19:16	15,99	0,24	-55,33	-8,14	-26,53
1638	11.08.20 13:19:17	15,99	0,22	-56,81	-5,10	-28,10
1639	11.08.20 13:19:18	16,02	0,24	-57,48	-1,64	-30,88
1640	11.08.20 13:19:19	16,02	0,24	-56,06	4,08	-29,86
1641	11.08.20 13:19:20	16,02	0,22	-57,67	1,63	-30,70
1642	11.08.20 13:19:21	16,05	0,22	-52,89	7,91	-29,20
1643	11.08.20 13:19:22	16,05	0,22	-55,28	6,07	-28,65
1644	11.08.20 13:19:23	16,05	0,22	-54,92	6,31	-28,77
1645	11.08.20 13:19:24	16,05	0,24	-54,96	6,88	-28,16
1646	11.08.20 13:19:25	16,08	0,24	-55,05	6,27	-28,67
1647	11.08.20 13:19:26	16,08	0,22	-54,39	6,94	-28,67
1648	11.08.20 13:19:27	16,08	0,24	-54,51	7,11	-28,37
1649	11.08.20 13:19:28	16,08	0,22	-54,58	6,72	-28,70
1650	11.08.20 13:19:29	16,08	0,24	-54,53	6,58	-28,89
1651	11.08.20 13:19:30	16,08	0,24	-54,40	6,75	-28,85
1652	11.08.20 13:19:31	16,11	0,22	-54,02	7,01	-28,97
1653	11.08.20 13:19:32	16,11	0,22	-56,48	3,61	-29,92
1654	11.08.20 13:19:33	16,11	0,22	-54,29	5,25	-30,46
1655	11.08.20 13:19:34	16,11	0,22	-54,18	5,94	-29,88
1656	11.08.20 13:19:35	16,14	0,24	-53,35	7,65	-29,00
1657	11.08.20 13:19:36	16,17	0,24	-54,51	7,59	-27,90
1658	11.08.20 13:19:37	16,17	0,24	-50,96	8,46	-30,58
1659	11.08.20 13:19:38	16,20	0,22	-58,08	1,71	-30,21
1660	11.08.20 13:19:39	16,20	0,24	-57,49	-3,21	-29,30
1661	11.08.20 13:19:40	16,20	0,22	-51,60	8,12	-30,27
1662	11.08.20 13:19:41	16,23	0,24	-50,78	7,37	-31,84
1663	11.08.20 13:19:42	16,23	0,24	-53,35	6,38	-30,27
1664	11.08.20 13:19:43	16,23	0,22	-54,60	5,00	-30,40
1665	11.08.20 13:19:44	16,23	0,22	-58,42	2,70	-28,88
1666	11.08.20 13:19:45	16,26	0,22	-57,69	0,74	-31,57
1667	11.08.20 13:19:46	16,26	0,24	-60,21	0,29	-29,50
1668	11.08.20 13:19:47	16,29	0,24	-52,21	8,82	-28,97
1669	11.08.20 13:19:48	16,29	0,24	-29,09	42,70	-18,22
1670	11.08.20 13:19:49	16,29	0,24	-30,38	42,78	-16,85
1671	11.08.20 13:19:50	16,29	0,22	-28,22	46,53	-15,24
1672	11.08.20 13:19:51	16,29	0,24	-26,08	47,90	-16,02
1673	11.08.20 13:19:52	16,32	0,24	-27,97	45,27	-16,75
1674	11.08.20 13:19:53	16,32	0,24	-29,89	42,79	-17,32
1675	11.08.20 13:19:54	16,35	0,24	-27,39	46,52	-16,09
1676	11.08.20 13:19:55	16,38	0,22	-28,32	47,78	-13,90
1677	11.08.20 13:19:56	16,38	0,22	-29,95	46,07	-13,98
1678	11.08.20 13:19:57	16,41	0,24	-26,22	47,34	-16,44
1679	11.08.20 13:19:58	16,41	0,24	-28,30	45,97	-15,73
1680	11.08.20 13:19:59	16,41	0,24	-31,78	44,67	-13,55
1681	11.08.20 13:20:00	16,41	0,24	-26,51	48,71	-14,78
1682	11.08.20 13:20:01	16,41	0,24	-26,29	48,47	-15,24
1683	11.08.20 13:20:02	16,41	0,22	-32,57	43,86	-13,57
1684	11.08.20 13:20:03	16,41	0,24	-29,20	46,52	-14,28
1685	11.08.20 13:20:04	16,41	0,22	-25,04	49,52	-15,45
1686	11.08.20 13:20:05	16,44	0,24	-28,17	46,88	-14,95
1687	11.08.20 13:20:06	16,47	0,24	-33,45	43,26	-13,29
1688	11.08.20 13:20:07	16,47	0,22	-29,62	47,43	-12,95
1689	11.08.20 13:20:08	16,47	0,24	-22,85	50,31	-16,84
1690	11.08.20 13:20:09	16,47	0,24	-28,47	45,30	-16,23
1691	11.08.20 13:20:10	16,50	0,24	-35,03	43,37	-11,61
1692	11.08.20 13:20:11	16,47	0,22	-29,17	48,94	-11,89
1693	11.08.20 13:20:12	16,50	0,24	-26,58	53,49	-9,93
1694	11.08.20 13:20:13	16,50	0,22	-29,73	49,45	-10,81
1695	11.08.20 13:20:14	16,50	0,22	-32,88	49,79	-7,33
1696	11.08.20 13:20:15	16,53	0,22	-32,70	53,64	-3,66
1697	11.08.20 13:20:16	16,56	0,24	-31,66	55,83	-2,51
1698	11.08.20 13:20:17	16,56	0,24	-29,88	54,79	-5,32
1699	11.08.20 13:20:18	16,56	0,22	-31,58	52,38	-6,03
1700	11.08.20 13:20:19	16,59	0,22	-31,90	52,48	-5,62
1701	11.08.20 13:20:20	16,59	0,22	-31,25	54,86	-3,89
1702	11.08.20 13:20:21	16,59	0,22	-32,22	55,84	-1,94
1703	11.08.20 13:20:22	16,59	0,22	-31,76	54,20	-4,04
1704	11.08.20 13:20:23	16,59	0,22	-31,97	52,39	-5,65
1705	11.08.20 13:20:24	16,59	0,24	-31,85	55,39	-2,76
1706	11.08.20 13:20:25	16,59	0,22	-30,82	55,65	-3,53
1707	11.08.20 13:20:26	16,62	0,22	-31,99	52,11	-5,90
1708	11.08.20 13:20:27	16,62	0,22	-33,17	52,53	-4,30
1709	11.08.20 13:20:28	16,65	0,22	-30,70	56,35	-2,95
1710	11.08.20 13:20:29	16,65	0,24	-29,95	55,22	-4,83
1711	11.08.20 13:20:30	16,65	0,22	-32,69	52,31	-5,00
1712	11.08.20 13:20:31	16,65	0,22	-32,97	53,67	-3,36
1713	11.08.20 13:20:32	16,65	0,24	-31,14	55,10	-3,76
1714	11.08.20 13:20:33	16,65	0,26	-30,91	54,20	-4,89
1715	11.08.20 13:20:34	16,65	0,22	-32,46	53,14	-4,40
1716	11.08.20 13:20:35	16,65	0,22	-32,22	55,52	-2,25
1717	11.08.20 13:20:36	16,68	0,24	-30,84	55,13	-4,04
1718	11.08.20 13:20:37	16,71	0,22	-32,53	51,79	-5,68
1719	11.08.20 13:20:38	16,71	0,22	-29,64	53,67	-6,69
1720	11.08.20 13:20:39	16,71	0,22	-31,91	55,01	-3,08
1721	11.08.20 13:20:40	16,71	0,22	-33,82	53,86	-2,32
1722	11.08.20 13:20:41	16,71	0,22	-28,94	55,96	-5,10
1723	11.08.20 13:20:42	16,71	0,24	-31,70	54,09	-4,21
1724	11.08.20 13:20:43	16,74	0,24	-35,92	51,66	-2,42
1725	11.08.20 13:20:44	16,71	0,22	-31,19	56,72	-2,10
1726	11.08.20 13:20:45	16,74	0,22	-30,79	56,07	-3,15
1727	11.08.20 13:20:46	16,74	0,22	-32,20	52,84	-4,96
1728	11.08.20 13:20:47	16,77	0,22	-30,64	53,77	-5,59
1729	11.08.20 13:20:48	16,77	0,22	-33,32	52,44	-4,25
1730	11.08.20 13:20:49	16,80	0,22	-31,76	55,64	-2,61
1731	11.08.20 13:20:50	16,80	0,24	-29,18	56,97	-3,85
1732	11.08.20 13:20:51	16,80	0,22	-33,07	50,66	-6,26
1733	11.08.20 13:20:52	16,80	0,22	-33,78	51,75	-4,47
1734	11.08.20 13:20:53	16,80	0,22	-30,03	59,24	-0,73
1735	11.08.20 13:20:54	16,80	0,24	-31,42	56,32	-2,26
1736	11.08.20 13:20:55	16,80	0,24	-34,19	49,13	-6,68
1737	11.08.20 13:20:56	16,80	0,22	-30,50	52,98	-6,52
1738	11.08.20 13:20:57	16,83	0,24	-29,19	58,48	-2,33
1739	11.08.20 13:20:58	16,83	0,24	-32,16	55,95	-1,89
1740	11.08.20 13:20:59	16,86	0,24	-35,79	50,31	-3,90
1741	11.08.20 13:21:00	16,86	0,24	-30,68	53,09	-6,23
1742	11.08.20 13:21:01	16,89	0,24	-27,14	57,48	-5,37
1743	11.08.20 13:21:02	16,89	0,24	-33,28	54,61	-2,11
1744	11.08.20 13:21:03	16,89	0,24	-36,32	51,67	-2,01
1745	11.08.20 13:21:04	16,89	0,22	-31,56	54,26	-4,18
1746	11.08.20 13:21:05	16,89	0,22	-27,98	56,75	-5,27
1747	11.08.20 13:21:06	16,89	0,22	-31,60	53,95	-4,45
1748	11.08.20 13:21:07	16,89	0,22	-35,04	51,83	-3,13
1749	11.08.20 13:21:08	16,92	0,20	-31,74	53,88	-4,38
1750	11.08.20 13:21:09	16,92	0,24	-30,23	55,98	-3,79
1751	11.08.20 13:21:10	16,95	0,24	-31,83	54,98	-3,18
1752	11.08.20 13:21:11	16,95	0,22	-31,50	52,82	-5,68
1753	11.08.20 13:21:12	16,95	0,22	-34,96	48,81	-6,23
1754	11.08.20 13:21:13	16,95	0,22	-32,70	54,54	-2,75
1755	11.08.20 13:21:14	16,95	0,22	-29,28	58,87	-1,85
1756	11.08.20 13:21:15	16,98	0,22	-31,72	52,69	-5,59
1757	11.08.20 13:21:16	16,98	0,24	-34,59	48,01	-7,41
1758	11.08.20 13:21:17	16,98	0,24	-31,80	54,36	-3,84
1759	11.08.20 13:21:18	16,98	0,24	-32,81	56,83	0,37
1760	11.08.20 13:21:19	17,01	0,22	-31,81	56,75	-1,44
1761	11.08.20 13:21:20	17,01	0,22	-32,01	52,36	-5,64
1762	11.08.20 13:21:21	17,04	0,22	-34,26	49,55	-6,19
1763	11.08.20 13:21:22	17,04	0,24	-32,14	53,81	-4,05
1764	11.08.20 13:21:23	17,04	0,22	-31,48	57,26	-1,26
1765	11.08.20 13:21:24	17,04	0,22	-31,97	56,07	-1,95
1766	11.08.20 13:21:25	17,04	0,22	-34,43	52,18	-3,39
1767	11.08.20 13:21:26	17,04	0,22	-32,49	52,38	-5,13
1768	11.08.20 13:21:27	17,04	0,22	-32,89	53,63	-3,48
1769	11.08.20 13:21:28	17,04	0,22	-33,37	56,57	-0,06
1770	11.08.20 13:21:29	17,07	0,22	-30,94	57,55	-1,51
1771	11.08.20 13:21:30	17,07	0,20	-34,26	52,59	-3,15
1772	11.08.20 13:21:31	17,10	0,22	-36,80	52,23	-0,97
1773	11.08.20 13:21:32	17,10	0,22	-33,57	55,93	-0,50
1774	11.08.20 13:21:33	17,13	0,22	-29,06	59,04	-1,91
1775	11.08.20 13:21:34	17,13	0,22	-35,11	54,14	-0,75
1776	11.08.20 13:21:35	17,13	0,22	-38,42	51,30	-0,29
1777	11.08.20 13:21:36	17,13	0,22	-32,58	56,54	-0,89
1778	11.08.20 13:21:37	17,13	0,24	-30,02	57,90	-2,07
1779	11.08.20 13:21:38	17,13	0,24	-35,49	52,85	-1,66
1780	11.08.20 13:21:39	17,13	0,22	-34,50	54,69	-0,81
1781	11.08.20 13:21:40	17,16	0,22	-31,02	57,79	-1,19
1782	11.08.20 13:21:41	17,16	0,22	-35,52	52,07	-2,41
1783	11.08.20 13:21:42	17,19	0,24	-35,86	51,82	-2,31
1784	11.08.20 13:21:43	17,19	0,20	-25,52	61,76	-2,72
1785	11.08.20 13:21:44	17,19	0,22	-32,94	53,96	-3,10
1786	11.08.20 13:21:45	17,19	0,22	-42,00	45,40	-2,60
1787	11.08.20 13:21:46	17,19	0,22	-29,59	59,19	-1,22
1788	11.08.20 13:21:47	17,19	0,22	-26,03	60,43	-3,54
1789	11.08.20 13:21:48	17,19	0,22	-36,95	48,62	-4,43
1790	11.08.20 13:21:49	17,22	0,22	-40,79	46,99	-2,22
1791	11.08.20 13:21:50	17,22	0,22	-26,38	61,88	-1,73
1792	11.08.20 13:21:51	17,22	0,22	-29,86	55,33	-4,80
1793	11.08.20 13:21:52	17,25	0,22	-39,45	45,15	-5,40
1794	11.08.20 13:21:53	17,25	0,20	-33,04	54,81	-2,15
1795	11.08.20 13:21:54	17,25	0,22	-28,76	58,74	-2,51
1796	11.08.20 13:21:55	17,25	0,24	-35,18	48,98	-5,84
1797	11.08.20 13:21:56	17,25	0,22	-32,49	52,16	-5,36
1798	11.08.20 13:21:57	17,25	0,22	-32,84	55,98	-1,18
1799	11.08.20 13:21:58	17,25	0,22	-34,45	52,59	-2,96
1800	11.08.20 13:21:59	17,25	0,22	-28,63	55,87	-5,50
1801	11.08.20 13:22:00	17,28	0,22	-35,39	50,94	-3,67
1802	11.08.20 13:22:01	17,28	0,22	-34,93	52,81	-2,27
1803	11.08.20 13:22:02	17,28	0,22	-28,65	58,46	-2,89
1804	11.08.20 13:22:03	17,31	0,22	-29,47	55,43	-5,10
1805	11.08.20 13:22:04	17,31	0,22	-36,65	47,53	-5,81
1806	11.08.20 13:22:05	17,34	0,24	-30,16	57,49	-2,35
1807	11.08.20 13:22:06	17,34	0,20	-30,15	54,74	-5,11
1808	11.08.20 13:22:07	17,34	0,22	-30,65	52,28	-7,06
1809	11.08.20 13:22:08	17,34	0,22	-34,04	48,46	-7,50
1810	11.08.20 13:22:09	17,34	0,22	-25,67	57,24	-7,09
1811	11.08.20 13:22:10	17,34	0,22	-30,14	52,64	-7,22
1812	11.08.20 13:22:11	17,34	0,22	-33,71	49,56	-6,73
1813	11.08.20 13:22:12	17,37	0,24	-30,24	53,97	-5,79
1814	11.08.20 13:22:13	17,37	0,22	-26,56	55,28	-8,16
1815	11.08.20 13:22:14	17,37	0,22	-33,44	50,00	-6,56
1816	11.08.20 13:22:15	17,40	0,22	-31,82	53,91	-4,27
1817	11.08.20 13:22:16	17,40	0,22	-27,45	57,92	-4,64
1818	11.08.20 13:22:17	17,40	0,22	-34,77	51,31	-3,92
1819	11.08.20 13:22:18	17,40	0,24	-33,98	52,41	-3,62
1820	11.08.20 13:22:19	17,40	0,20	-29,61	56,13	-4,26
1821	11.08.20 13:22:20	17,40	0,20	-28,72	57,51	-3,77
1822	11.08.20 13:22:21	17,40	0,22	-35,51	52,73	-1,75
1823	11.08.20 13:22:22	17,40	0,22	-35,41	54,52	-0,06
1824	11.08.20 13:22:23	17,43	0,22	-27,47	60,22	-2,31
1825	11.08.20 13:22:24	17,43	0,20	-34,43	52,07	-3,49
1826	11.08.20 13:22:25	17,46	0,22	-36,83	51,16	-2,01
1827	11.08.20 13:22:26	17,46	0,20	-29,23	59,84	-0,94
1828	11.08.20 13:22:27	17,46	0,22	-54,01	22,35	-13,63
1829	11.08.20 13:22:28	17,46	0,22	-70,63	16,31	-3,06
1830	11.08.20 13:22:29	17,46	0,22	-48,20	21,52	20,29
1831	11.08.20 13:22:30	17,46	0,24	-58,17	6,38	25,45
1832	11.08.20 13:22:31	17,49	0,22	-55,06	-5,81	29,14
1833	11.08.20 13:22:32	17,49	0,22	-59,58	-2,25	28,17
1834	11.08.20 13:22:33	17,52	0,22	-52,99	1,96	35,05
1835	11.08.20 13:22:34	17,52	0,22	-71,64	-1,19	17,17
1836	11.08.20 13:22:35	17,73	0,18	-67,12	-10,67	-12,21
1837	11.08.20 13:22:36	17,97	0,15	-81,24	-3,48	-5,28
1838	11.08.20 13:22:37	18,15	0,15	-77,60	-10,72	1,69
1839	11.08.20 13:22:38	18,24	0,15	-74,57	0,42	15,01
1840	11.08.20 13:22:39	18,33	0,15	-13,22	35,60	41,18
1841	11.08.20 13:22:40	18,42	0,35	-55,34	-0,58	34,08
1842	11.08.20 13:22:41	18,54	0,35	-40,14	14,29	35,57
1843	11.08.20 13:22:42	18,63	0,33	-25,60	31,67	32,73
1844	11.08.20 13:22:43	18,72	0,30	-3,39	31,87	54,75
1845	11.08.20 13:22:44	18,78	0,37	-25,38	33,77	30,85
1846	11.08.20 13:22:45	18,84	0,41	-14,67	44,79	30,54
1847	11.08.20 13:22:46	18,89	0,41	-0,80	46,20	43,00
1848	11.08.20 13:22:47	18,92	0,35	2,46	46,67	40,86
1849	11.08.20 13:22:48	18,89	0,35	-13,10	46,76	30,14
1850	11.08.20 13:22:49	18,86	0,37	-14,14	48,15	27,71
1851	11.08.20 13:22:50	18,86	0,35	5,91	56,15	27,94
1852	11.08.20 13:22:51	18,81	0,37	-2,51	63,96	23,53
1853	11.08.20 13:22:52	18,78	0,37	-13,07	47,98	28,95
1854	11.08.20 13:22:53	18,78	0,37	3,98	13,93	72,09
1855	11.08.20 13:22:54	18,75	0,37	-6,97	49,96	33,06
1856	11.08.20 13:22:55	18,72	0,35	-22,83	31,55	35,63
1857	11.08.20 13:22:56	18,69	0,37	60,05	-23,82	-6,14
1858	11.08.20 13:22:57	18,66	0,37	68,82	-11,54	-9,64
1859	11.08.20 13:22:58	18,63	0,39	62,98	-19,08	-7,94
1860	11.08.20 13:22:59	18,60	0,39	62,02	-27,56	0,42
1861	11.08.20 13:23:00	18,57	0,37	53,02	-20,77	-16,21
1862	11.08.20 13:23:01	18,57	0,33	55,54	-27,29	-7,18
1863	11.08.20 13:23:02	18,95	0,37	32,09	-46,30	11,61
1864	11.08.20 13:23:03	19,25	0,37	41,00	27,11	21,89
1865	11.08.20 13:23:04	19,40	0,33	54,69	8,56	26,75
1866	11.08.20 13:23:05	19,57	0,33	34,51	-5,48	50,01
1867	11.08.20 13:23:06	19,75	0,28	10,35	-13,04	66,61
1868	11.08.20 13:23:07	19,96	0,33	12,83	-32,45	44,72
1869	11.08.20 13:23:08	19,99	0,35	-36,80	-30,77	22,43
1870	11.08.20 13:23:09	19,99	0,33	14,80	58,54	-16,66
1871	11.08.20 13:23:10	20,02	0,30	13,94	58,23	-17,83
1872	11.08.20 13:23:11	20,22	0,30	-0,55	46,29	-43,16
1873	11.08.20 13:23:12	20,49	0,28	10,44	42,90	-36,66
1874	11.08.20 13:23:13	20,78	0,28	-14,07	70,24	5,68
1875	11.08.20 13:23:14	21,04	0,30	-20,56	23,22	46,22
1876	11.08.20 13:23:15	21,25	0,30	-26,27	45,06	18,67
1877	11.08.20 13:23:16	21,43	0,30	-60,88	1,67	27,46
1878	11.08.20 13:23:17	21,57	0,30	6,53	21,44	-62,03
1879	11.08.20 13:23:18	21,66	0,30	-61,84	23,12	5,05
