#0	Date-time:	02/08/2020 3:54:15 PM
#1	Recorder:	116H0950
#2	File type:	1
#3	Columns:	7
#4	Channels:	5
#5	Field separation:	0
#6	Decimal point:	0
#7	Date def.:	0	0
#8	Time def.:	0
#9	Channel 1:	Temperature(°C)	Temp(°C)	2	1
#10	Channel 2:	Pressure(Bar)	Press(Bar)	2	1
#11	Reconvertion:	0
#14	Channel 3:	Tilt-X(°)	Tilt-X(°)	2	1
#18	Channel 4:	Tilt-Y(°)	Tilt-Y(°)	2	1
#19	Line color:	1	2	3	4
#22	Channel 5:	Tilt-Z(°)	Tilt-Z(°)	2	1
#30	Trend Type Number:	3
#33	Limit Temp. Corr. OTCR:	1
1	02.08.20 15:22:00	21,24	0,36	-17,19	-5,32	67,48
2	02.08.20 15:22:01	21,24	0,39	-15,66	-5,46	68,88
3	02.08.20 15:22:02	21,24	0,36	-17,11	-5,09	67,80
4	02.08.20 15:22:03	21,24	0,36	-17,24	-4,57	68,19
5	02.08.20 15:22:04	21,24	0,36	-16,55	-3,78	69,67
6	02.08.20 15:22:05	21,21	0,36	-17,31	-4,34	68,35
7	02.08.20 15:22:06	21,21	0,39	-17,35	-5,96	66,70
8	02.08.20 15:22:07	21,21	0,36	-16,60	-6,53	66,86
9	02.08.20 15:22:08	21,21	0,39	-15,65	-6,20	68,15
10	02.08.20 15:22:09	21,21	0,39	-16,48	-5,25	68,26
11	02.08.20 15:22:10	21,21	0,39	-18,22	-4,78	67,01
12	02.08.20 15:22:11	21,18	0,39	-16,75	-5,00	68,26
13	02.08.20 15:22:12	21,18	0,39	-15,10	-4,29	70,60
14	02.08.20 15:22:13	21,18	0,39	-17,93	-4,82	67,25
15	02.08.20 15:22:14	21,18	0,39	-18,12	-5,02	66,85
16	02.08.20 15:22:15	21,18	0,39	-15,82	-4,80	69,38
17	02.08.20 15:22:16	21,18	0,39	-16,71	-5,10	68,19
18	02.08.20 15:22:17	21,18	0,39	-17,86	-5,10	67,04
19	02.08.20 15:22:18	21,18	0,39	-16,49	-5,28	68,23
20	02.08.20 15:22:19	21,15	0,36	-16,16	-5,26	68,59
21	02.08.20 15:22:20	21,15	0,39	-17,14	-5,18	67,68
22	02.08.20 15:22:21	21,15	0,39	-16,88	-5,41	67,71
23	02.08.20 15:22:22	21,15	0,36	-16,91	-5,67	67,42
24	02.08.20 15:22:23	21,15	0,39	-17,41	-5,69	66,90
25	02.08.20 15:22:24	21,15	0,39	-16,19	-5,49	68,32
26	02.08.20 15:22:25	21,15	0,39	-16,33	-5,32	68,35
27	02.08.20 15:22:26	21,12	0,39	-17,90	-5,51	66,59
28	02.08.20 15:22:27	21,12	0,39	-16,91	-5,84	67,26
29	02.08.20 15:22:28	21,12	0,39	-15,47	-5,68	68,85
30	02.08.20 15:22:29	21,12	0,39	-18,29	-5,19	66,52
31	02.08.20 15:22:30	21,12	0,39	-18,37	-5,46	66,17
32	02.08.20 15:22:31	21,12	0,39	-16,54	-5,31	68,15
33	02.08.20 15:22:32	21,12	0,41	-16,55	-5,11	68,33
34	02.08.20 15:22:33	21,12	0,41	-18,29	-4,64	67,07
35	02.08.20 15:22:34	21,09	0,39	-17,31	-5,06	67,63
36	02.08.20 15:22:35	21,09	0,39	-15,49	-5,10	69,41
37	02.08.20 15:22:36	21,09	0,39	-17,25	-5,29	67,47
38	02.08.20 15:22:37	21,09	0,41	-18,41	-5,55	66,04
39	02.08.20 15:22:38	21,09	0,39	-16,68	-5,36	67,96
40	02.08.20 15:22:39	21,09	0,39	-15,48	-4,88	69,64
41	02.08.20 15:22:40	21,09	0,39	-16,49	-5,22	68,29
42	02.08.20 15:22:41	21,09	0,39	-17,69	-5,49	66,82
43	02.08.20 15:22:42	21,09	0,41	-15,66	-5,61	68,73
44	02.08.20 15:22:43	21,09	0,39	-15,14	-5,56	69,31
45	02.08.20 15:22:44	21,06	0,41	-16,45	-5,21	68,34
46	02.08.20 15:22:45	21,06	0,41	-24,85	15,19	49,96
47	02.08.20 15:22:46	21,06	0,39	34,92	44,62	10,46
48	02.08.20 15:22:47	21,06	0,39	45,93	32,06	12,02
49	02.08.20 15:22:48	21,06	0,39	55,56	29,84	4,60
50	02.08.20 15:22:49	21,06	0,39	69,70	15,94	-4,36
51	02.08.20 15:22:50	21,06	0,39	63,74	19,23	-7,03
52	02.08.20 15:22:51	21,06	0,39	69,63	18,60	1,78
53	02.08.20 15:22:52	21,06	0,39	64,06	17,07	8,87
54	02.08.20 15:22:53	21,06	0,39	67,76	3,48	18,77
55	02.08.20 15:22:54	21,06	0,39	76,73	-7,14	6,13
56	02.08.20 15:22:55	21,03	0,36	79,45	-8,36	-2,19
57	02.08.20 15:22:56	21,03	0,36	69,29	-8,15	12,56
58	02.08.20 15:22:57	21,03	0,36	58,57	-22,18	9,24
59	02.08.20 15:22:58	21,03	0,36	63,64	-23,23	3,12
60	02.08.20 15:22:59	21,03	0,36	62,70	-26,64	0,66
61	02.08.20 15:23:00	21,03	0,39	69,75	-19,20	-1,04
62	02.08.20 15:23:01	21,03	0,36	82,41	4,92	2,68
63	02.08.20 15:23:02	21,03	0,39	53,10	27,99	8,91
64	02.08.20 15:23:03	21,03	0,39	56,43	24,75	8,83
65	02.08.20 15:23:04	21,03	0,39	73,41	9,66	6,93
66	02.08.20 15:23:05	21,03	0,36	47,74	-37,66	4,60
67	02.08.20 15:23:06	21,03	0,39	48,66	-37,75	3,59
68	02.08.20 15:23:07	21,03	0,39	58,59	-27,88	3,52
69	02.08.20 15:23:08	21,03	0,36	52,98	-32,58	4,44
70	02.08.20 15:23:09	21,03	0,39	51,03	-32,80	6,17
71	02.08.20 15:23:10	21,03	0,36	55,75	-28,89	5,36
72	02.08.20 15:23:11	21,00	0,39	56,11	-31,56	2,33
73	02.08.20 15:23:12	21,00	0,36	59,84	-28,18	1,98
74	02.08.20 15:23:13	21,00	0,39	13,36	-73,21	-3,43
75	02.08.20 15:23:14	21,00	0,36	15,96	-10,57	-63,47
76	02.08.20 15:23:15	21,00	0,39	4,54	4,21	-81,25
77	02.08.20 15:23:16	21,00	0,39	3,69	6,08	-80,24
78	02.08.20 15:23:17	21,00	0,39	34,99	7,93	47,08
79	02.08.20 15:23:18	21,00	0,39	56,24	-27,82	-5,94
80	02.08.20 15:23:19	21,00	0,44	71,80	-15,54	-2,67
81	02.08.20 15:23:20	21,00	0,41	54,03	-31,70	-4,28
82	02.08.20 15:23:21	21,00	0,41	33,81	-25,32	30,87
83	02.08.20 15:23:22	20,86	0,49	3,57	-11,28	75,15
84	02.08.20 15:23:23	20,77	0,46	22,25	-9,53	58,21
85	02.08.20 15:23:24	20,71	0,46	25,58	-11,59	52,83
86	02.08.20 15:23:25	20,65	0,51	26,78	-11,50	51,73
87	02.08.20 15:23:26	20,62	0,51	20,11	-7,25	62,65
88	02.08.20 15:23:27	20,59	0,53	16,56	-18,18	55,26
89	02.08.20 15:23:28	20,56	0,55	18,80	-18,41	52,80
90	02.08.20 15:23:29	20,53	0,52	16,03	-1,74	72,23
91	02.08.20 15:23:30	20,51	0,54	23,59	14,06	52,35
92	02.08.20 15:23:31	20,48	0,52	10,80	-7,08	72,12
93	02.08.20 15:23:32	20,45	0,51	16,98	-15,95	57,07
94	02.08.20 15:23:33	20,45	0,54	21,89	8,39	59,72
95	02.08.20 15:23:34	20,42	0,51	25,46	2,09	62,45
96	02.08.20 15:23:35	20,42	0,53	17,01	-6,05	66,93
97	02.08.20 15:23:36	20,39	0,51	18,01	3,25	68,74
98	02.08.20 15:23:37	20,36	0,50	17,36	4,35	68,29
99	02.08.20 15:23:38	20,33	0,50	24,51	1,80	63,70
100	02.08.20 15:23:39	20,30	0,54	19,87	-1,73	68,40
101	02.08.20 15:23:40	20,27	0,54	18,43	-4,45	67,13
102	02.08.20 15:23:41	20,24	0,54	19,57	-3,62	66,82
103	02.08.20 15:23:42	20,24	0,56	24,12	8,16	57,72
104	02.08.20 15:23:43	20,21	0,56	13,89	-5,55	70,56
105	02.08.20 15:23:44	20,18	0,56	11,68	-3,90	74,42
106	02.08.20 15:23:45	20,18	0,56	17,59	-2,29	70,11
107	02.08.20 15:23:46	20,15	0,58	18,60	-5,89	65,50
108	02.08.20 15:23:47	20,12	0,57	33,26	4,77	51,97
109	02.08.20 15:23:48	20,12	0,57	13,44	-12,25	64,32
110	02.08.20 15:23:49	20,12	0,57	19,38	-1,41	69,21
111	02.08.20 15:23:50	20,12	0,55	15,74	-2,12	72,15
112	02.08.20 15:23:51	20,09	0,57	17,51	-4,40	68,09
113	02.08.20 15:23:52	20,09	0,55	27,95	4,89	57,16
114	02.08.20 15:23:53	20,09	0,52	20,64	1,36	68,00
115	02.08.20 15:23:54	20,09	0,55	15,30	-5,79	68,92
116	02.08.20 15:23:55	20,09	0,55	16,89	-5,09	68,02
117	02.08.20 15:23:56	20,09	0,55	15,08	-5,25	69,66
118	02.08.20 15:23:57	20,09	0,55	21,38	-0,66	67,96
119	02.08.20 15:23:58	20,09	0,55	25,23	4,35	60,42
120	02.08.20 15:23:59	20,09	0,55	22,68	0,65	66,67
121	02.08.20 15:24:00	20,09	0,52	19,69	1,85	68,46
122	02.08.20 15:24:01	20,09	0,52	11,39	-4,77	73,84
123	02.08.20 15:24:02	20,06	0,54	13,08	-5,89	71,03
124	02.08.20 15:24:03	20,06	0,52	14,74	-8,82	66,45
125	02.08.20 15:24:04	20,06	0,52	7,00	-14,85	68,15
126	02.08.20 15:24:05	20,06	0,54	12,20	-10,44	67,37
127	02.08.20 15:24:06	20,06	0,52	16,33	-1,83	71,84
128	02.08.20 15:24:07	20,04	0,54	14,05	-10,43	65,52
129	02.08.20 15:24:08	20,04	0,54	22,32	1,27	66,41
130	02.08.20 15:24:09	20,04	0,56	13,86	-7,58	68,55
131	02.08.20 15:24:10	20,04	0,56	22,94	-3,33	63,72
132	02.08.20 15:24:11	20,04	0,56	18,51	-6,16	65,33
133	02.08.20 15:24:12	20,01	0,56	17,52	-3,90	68,58
134	02.08.20 15:24:13	20,01	0,56	23,30	1,06	65,64
135	02.08.20 15:24:14	20,01	0,56	21,78	0,25	67,97
136	02.08.20 15:24:15	20,01	0,56	15,91	-11,63	62,47
137	02.08.20 15:24:16	20,01	0,56	25,98	-1,63	62,39
138	02.08.20 15:24:17	19,98	0,58	28,77	2,11	59,12
139	02.08.20 15:24:18	19,98	0,58	23,45	6,13	60,42
140	02.08.20 15:24:19	19,98	0,58	22,61	0,89	66,50
141	02.08.20 15:24:20	19,98	0,56	23,92	3,26	62,83
142	02.08.20 15:24:21	19,98	0,58	28,59	2,47	58,95
143	02.08.20 15:24:22	19,98	0,58	20,52	-1,13	68,35
144	02.08.20 15:24:23	19,95	0,55	15,63	-6,06	68,31
145	02.08.20 15:24:24	19,95	0,58	18,92	2,85	68,23
146	02.08.20 15:24:25	19,95	0,58	22,76	3,13	64,10
147	02.08.20 15:24:26	19,95	0,58	21,18	3,34	65,48
148	02.08.20 15:24:27	19,95	0,60	28,05	3,71	58,24
149	02.08.20 15:24:28	19,92	0,57	24,66	1,74	63,60
150	02.08.20 15:24:29	19,92	0,57	22,31	0,30	67,39
151	02.08.20 15:24:30	19,92	0,60	25,31	-5,21	59,47
152	02.08.20 15:24:31	19,92	0,60	19,63	-1,25	69,11
153	02.08.20 15:24:32	19,92	0,62	27,14	-9,20	53,66
154	02.08.20 15:24:33	19,92	0,60	27,27	-2,90	59,83
155	02.08.20 15:24:34	19,92	0,62	31,02	1,24	57,74
156	02.08.20 15:24:35	19,89	0,64	25,82	-1,18	62,99
157	02.08.20 15:24:36	19,89	0,62	25,58	0,09	64,33
158	02.08.20 15:24:37	19,89	0,64	20,31	-2,66	67,03
159	02.08.20 15:24:38	19,89	0,62	25,80	-0,38	63,82
160	02.08.20 15:24:39	19,89	0,64	20,39	-3,18	66,43
161	02.08.20 15:24:40	19,89	0,64	25,67	1,45	62,89
162	02.08.20 15:24:41	19,86	0,69	29,38	-1,24	59,38
163	02.08.20 15:24:42	19,86	0,69	28,92	-2,13	58,96
164	02.08.20 15:24:43	19,86	0,66	30,25	0,52	59,23
165	02.08.20 15:24:44	19,86	0,69	30,98	-2,56	56,46
166	02.08.20 15:24:45	19,83	0,71	37,43	-0,59	51,99
167	02.08.20 15:24:46	19,83	0,71	36,04	0,27	53,69
168	02.08.20 15:24:47	19,83	0,71	32,35	-4,15	53,50
169	02.08.20 15:24:48	19,83	0,71	33,39	-0,70	55,91
170	02.08.20 15:24:49	19,80	0,70	35,93	-2,00	52,06
171	02.08.20 15:24:50	19,80	0,70	28,32	5,50	56,18
172	02.08.20 15:24:51	19,80	0,73	34,60	7,70	47,70
173	02.08.20 15:24:52	19,80	0,73	35,17	8,35	46,47
174	02.08.20 15:24:53	19,77	0,75	35,73	6,58	47,69
175	02.08.20 15:24:54	19,77	0,75	38,48	5,19	46,33
176	02.08.20 15:24:55	19,77	0,75	32,48	5,63	51,89
177	02.08.20 15:24:56	19,77	0,75	35,06	0,28	54,65
178	02.08.20 15:24:57	19,77	0,77	35,76	8,28	45,96
179	02.08.20 15:24:58	19,77	0,77	38,04	7,06	44,90
180	02.08.20 15:24:59	19,74	0,79	35,99	7,48	46,53
181	02.08.20 15:25:00	19,74	0,77	32,37	3,68	53,94
182	02.08.20 15:25:01	19,74	0,77	34,80	1,74	53,46
183	02.08.20 15:25:02	19,74	0,74	34,05	1,65	54,31
184	02.08.20 15:25:03	19,71	0,76	30,55	7,86	51,59
185	02.08.20 15:25:04	19,71	0,76	33,27	9,38	47,35
186	02.08.20 15:25:05	19,71	0,79	31,47	6,92	51,62
187	02.08.20 15:25:06	19,71	0,76	25,78	9,86	54,36
188	02.08.20 15:25:07	19,71	0,76	28,89	6,76	54,34
189	02.08.20 15:25:08	19,71	0,74	29,42	5,44	55,14
190	02.08.20 15:25:09	19,71	0,76	35,39	4,06	50,55
191	02.08.20 15:25:10	19,71	0,76	25,69	13,30	51,01
192	02.08.20 15:25:11	19,68	0,76	26,31	10,08	53,61
193	02.08.20 15:25:12	19,68	0,76	26,51	8,93	54,55
194	02.08.20 15:25:13	19,68	0,74	28,23	5,21	56,56
195	02.08.20 15:25:14	19,68	0,76	29,61	5,45	54,94
196	02.08.20 15:25:15	19,68	0,78	35,33	2,65	52,01
197	02.08.20 15:25:16	19,68	0,78	32,13	4,31	53,56
198	02.08.20 15:25:17	19,68	0,78	35,16	4,63	50,20
199	02.08.20 15:25:18	19,68	0,78	32,22	2,28	55,49
200	02.08.20 15:25:19	19,68	0,78	29,29	8,03	52,68
201	02.08.20 15:25:20	19,68	0,81	33,41	4,71	51,88
202	02.08.20 15:25:21	19,68	0,81	34,08	7,12	48,80
203	02.08.20 15:25:22	19,65	0,83	37,77	3,39	48,85
204	02.08.20 15:25:23	19,65	0,85	39,92	12,08	38,00
205	02.08.20 15:25:24	19,65	0,85	45,67	6,01	38,32
206	02.08.20 15:25:25	19,65	0,85	34,98	1,19	53,83
207	02.08.20 15:25:26	19,65	0,85	41,88	6,81	41,31
208	02.08.20 15:25:27	19,65	0,90	49,60	9,89	30,51
209	02.08.20 15:25:28	19,65	0,90	47,70	8,82	33,48
210	02.08.20 15:25:29	19,65	0,92	46,16	7,58	36,26
211	02.08.20 15:25:30	19,65	0,95	53,24	5,67	31,09
212	02.08.20 15:25:31	19,62	0,94	54,99	5,82	29,19
213	02.08.20 15:25:32	19,59	0,99	52,57	2,96	34,46
214	02.08.20 15:25:33	19,59	1,01	55,02	2,37	32,61
215	02.08.20 15:25:34	19,59	1,03	57,47	5,34	27,19
216	02.08.20 15:25:35	19,56	1,05	58,04	4,56	27,40
217	02.08.20 15:25:36	19,56	1,05	57,78	2,06	30,16
218	02.08.20 15:25:37	19,56	1,08	60,79	0,66	28,55
219	02.08.20 15:25:38	19,56	1,10	61,78	3,56	24,66
220	02.08.20 15:25:39	19,53	1,12	59,17	6,18	24,65
221	02.08.20 15:25:40	19,53	1,14	55,25	7,16	27,60
222	02.08.20 15:25:41	19,50	1,16	56,44	7,89	25,67
223	02.08.20 15:25:42	19,50	1,16	55,19	9,45	25,36
224	02.08.20 15:25:43	19,50	1,19	52,39	10,72	26,89
225	02.08.20 15:25:44	19,50	1,21	49,75	11,49	28,76
226	02.08.20 15:25:45	19,48	1,23	50,51	11,76	27,73
227	02.08.20 15:25:46	19,48	1,23	48,97	8,78	32,25
228	02.08.20 15:25:47	19,45	1,23	42,02	8,92	39,06
229	02.08.20 15:25:48	19,45	1,25	39,82	9,45	40,73
230	02.08.20 15:25:49	19,45	1,25	39,72	9,53	40,76
231	02.08.20 15:25:50	19,42	1,27	39,86	10,14	40,00
232	02.08.20 15:25:51	19,42	1,30	40,05	10,94	39,01
233	02.08.20 15:25:52	19,42	1,30	39,48	10,71	39,81
234	02.08.20 15:25:53	19,42	1,30	39,98	10,51	39,51
235	02.08.20 15:25:54	19,39	1,34	41,87	10,12	38,01
236	02.08.20 15:25:55	19,36	1,36	44,01	9,37	36,62
237	02.08.20 15:25:56	19,33	1,38	43,09	9,97	36,94
238	02.08.20 15:25:57	19,33	1,38	45,60	8,58	35,82
239	02.08.20 15:25:58	19,30	1,42	46,33	8,94	34,73
240	02.08.20 15:25:59	19,30	1,45	46,11	7,73	36,17
241	02.08.20 15:26:00	19,30	1,47	46,96	3,52	39,52
242	02.08.20 15:26:01	19,27	1,44	45,08	3,19	41,73
243	02.08.20 15:26:02	19,27	1,44	43,78	7,95	38,28
244	02.08.20 15:26:03	19,24	1,44	45,42	0,52	44,06
245	02.08.20 15:26:04	19,24	1,47	31,28	8,13	50,59
246	02.08.20 15:26:05	19,21	1,46	42,94	7,31	39,75
247	02.08.20 15:26:06	19,21	1,49	44,74	9,43	35,83
248	02.08.20 15:26:07	19,18	1,48	45,81	8,27	35,92
249	02.08.20 15:26:08	19,18	1,48	46,56	5,93	37,51
250	02.08.20 15:26:09	19,18	1,51	48,92	5,49	35,59
251	02.08.20 15:26:10	19,15	1,50	50,20	5,15	34,65
252	02.08.20 15:26:11	19,15	1,50	46,69	3,41	39,90
253	02.08.20 15:26:12	19,15	1,50	44,28	-1,09	44,63
254	02.08.20 15:26:13	19,15	1,50	43,24	-2,47	44,29
255	02.08.20 15:26:14	19,15	1,50	37,18	-5,75	47,07
256	02.08.20 15:26:15	19,12	1,50	37,63	-3,35	49,03
257	02.08.20 15:26:16	19,12	1,50	36,22	-3,47	50,31
258	02.08.20 15:26:17	19,12	1,50	34,89	-5,26	49,85
259	02.08.20 15:26:18	19,12	1,52	32,14	-6,81	51,04
260	02.08.20 15:26:19	19,12	1,50	30,59	-6,94	52,47
261	02.08.20 15:26:20	19,09	1,52	27,04	-10,70	52,26
262	02.08.20 15:26:21	19,09	1,52	28,20	-10,87	50,93
263	02.08.20 15:26:22	19,09	1,52	29,49	-8,82	51,68
264	02.08.20 15:26:23	19,09	1,52	29,87	-9,21	50,91
265	02.08.20 15:26:24	19,09	1,52	27,54	-9,18	53,29
266	02.08.20 15:26:25	19,06	1,52	33,48	-5,57	50,95
267	02.08.20 15:26:26	19,06	1,52	32,82	-4,28	52,90
268	02.08.20 15:26:27	19,06	1,54	29,52	-8,76	51,72
269	02.08.20 15:26:28	19,06	1,54	27,61	-10,23	52,17
270	02.08.20 15:26:29	19,06	1,54	27,58	-10,00	52,42
271	02.08.20 15:26:30	19,03	1,54	29,05	-8,60	52,35
272	02.08.20 15:26:31	19,03	1,56	33,26	-6,71	50,02
273	02.08.20 15:26:32	19,03	1,56	33,56	-5,61	50,83
274	02.08.20 15:26:33	19,03	1,54	31,32	-5,84	52,84
275	02.08.20 15:26:34	19,00	1,58	27,78	-8,76	53,46
276	02.08.20 15:26:35	19,00	1,58	26,94	-10,74	52,32
277	02.08.20 15:26:36	18,97	1,58	28,80	-9,53	51,67
278	02.08.20 15:26:37	18,97	1,60	25,28	-12,81	51,91
279	02.08.20 15:26:38	18,97	1,60	24,85	-14,36	50,79
280	02.08.20 15:26:39	18,97	1,60	21,95	-15,56	52,49
281	02.08.20 15:26:40	18,97	1,60	20,61	-15,18	54,21
282	02.08.20 15:26:41	18,94	1,62	19,92	-16,49	53,59
283	02.08.20 15:26:42	18,94	1,65	24,05	-14,40	51,55
284	02.08.20 15:26:43	18,91	1,64	23,61	-14,45	51,93
285	02.08.20 15:26:44	18,88	1,66	21,51	-16,36	52,13
286	02.08.20 15:26:45	18,88	1,69	20,23	-16,44	53,33
287	02.08.20 15:26:46	18,86	1,68	20,71	-17,07	52,22
288	02.08.20 15:26:47	18,86	1,68	22,90	-16,68	50,42
289	02.08.20 15:26:48	18,83	1,70	21,44	-16,48	52,08
290	02.08.20 15:26:49	18,83	1,70	20,44	-16,37	53,19
291	02.08.20 15:26:50	18,83	1,73	22,35	-16,24	51,41
292	02.08.20 15:26:51	18,80	1,72	21,00	-18,92	50,08
293	02.08.20 15:26:52	18,77	1,74	21,75	-19,80	48,45
294	02.08.20 15:26:53	18,77	1,79	29,29	-12,69	48,02
295	02.08.20 15:26:54	18,74	1,79	28,79	-11,04	50,17
296	02.08.20 15:26:55	18,71	1,81	21,91	-16,28	51,81
297	02.08.20 15:26:56	18,71	1,83	22,88	-19,43	47,70
298	02.08.20 15:26:57	18,68	1,85	22,14	-19,82	48,04
299	02.08.20 15:26:58	18,65	1,85	25,23	-14,72	50,05
300	02.08.20 15:26:59	18,62	1,87	30,15	-11,91	47,94
301	02.08.20 15:27:00	18,56	1,91	26,24	-17,92	45,84
302	02.08.20 15:27:01	18,50	1,93	21,70	-20,30	48,01
303	02.08.20 15:27:02	18,41	1,96	25,53	-16,48	48,00
304	02.08.20 15:27:03	18,35	1,96	24,32	-15,12	50,56
305	02.08.20 15:27:04	18,26	2,00	24,12	-15,85	50,03
306	02.08.20 15:27:05	18,17	2,06	23,26	-17,60	49,15
307	02.08.20 15:27:06	18,05	2,07	21,37	-21,01	47,62
308	02.08.20 15:27:07	17,93	2,13	23,92	-19,43	46,65
309	02.08.20 15:27:08	17,79	2,16	19,56	-18,55	51,89
310	02.08.20 15:27:09	17,67	2,19	18,81	-18,72	52,47
311	02.08.20 15:27:10	17,34	2,30	18,36	-20,88	50,76
312	02.08.20 15:27:11	16,89	2,34	20,66	-18,62	50,72
313	02.08.20 15:27:12	16,50	2,42	20,17	-16,74	53,09
314	02.08.20 15:27:13	16,20	2,53	20,84	-17,06	52,11
315	02.08.20 15:27:14	15,92	2,55	23,45	-15,33	51,23
316	02.08.20 15:27:15	15,74	2,58	21,92	-16,71	51,37
317	02.08.20 15:27:16	15,56	2,67	21,71	-16,99	51,30
318	02.08.20 15:27:17	15,35	2,67	22,86	-16,42	50,72
319	02.08.20 15:27:18	15,13	2,75	26,91	-14,01	49,09
320	02.08.20 15:27:19	14,89	2,81	34,65	-9,79	45,56
321	02.08.20 15:27:20	14,74	2,80	38,57	-7,77	43,66
322	02.08.20 15:27:21	14,68	2,86	41,43	-5,97	42,60
323	02.08.20 15:27:22	14,62	2,86	43,75	-6,52	39,73
324	02.08.20 15:27:23	14,58	2,83	47,26	-6,84	35,90
325	02.08.20 15:27:24	14,55	2,85	45,79	-7,18	37,02
326	02.08.20 15:27:25	14,55	2,85	47,22	-6,48	36,29
327	02.08.20 15:27:26	14,52	2,87	48,21	-6,47	35,32
328	02.08.20 15:27:27	14,52	2,87	47,60	-6,18	36,22
329	02.08.20 15:27:28	14,49	2,89	47,58	-5,92	36,49
330	02.08.20 15:27:29	14,43	2,95	46,82	-6,72	36,46
331	02.08.20 15:27:30	14,34	2,97	47,03	-7,70	35,27
332	02.08.20 15:27:31	14,25	2,98	45,97	-6,66	37,37
333	02.08.20 15:27:32	14,19	3,02	44,49	-6,74	38,77
334	02.08.20 15:27:33	14,09	3,04	44,17	-8,36	37,46
335	02.08.20 15:27:34	14,00	3,05	45,26	-7,94	36,79
336	02.08.20 15:27:35	13,94	3,14	44,52	-7,18	38,31
337	02.08.20 15:27:36	13,81	3,15	43,88	-8,46	37,66
338	02.08.20 15:27:37	13,72	3,23	44,91	-9,91	35,17
339	02.08.20 15:27:38	13,60	3,26	43,63	-9,29	37,08
340	02.08.20 15:27:39	13,47	3,28	43,22	-9,07	37,72
341	02.08.20 15:27:40	13,35	3,31	39,17	-11,27	39,57
342	02.08.20 15:27:41	13,29	3,37	39,94	-12,32	37,74
343	02.08.20 15:27:42	13,19	3,41	38,50	-12,75	38,74
344	02.08.20 15:27:43	13,16	3,43	38,51	-12,92	38,57
345	02.08.20 15:27:44	13,07	3,47	38,70	-13,80	37,49
346	02.08.20 15:27:45	12,98	3,50	41,85	-13,60	34,54
347	02.08.20 15:27:46	12,85	3,56	39,38	-12,87	37,75
348	02.08.20 15:27:47	12,69	3,55	39,78	-11,96	38,26
349	02.08.20 15:27:48	12,60	3,63	40,63	-12,55	36,82
350	02.08.20 15:27:49	12,54	3,65	41,76	-12,73	35,51
351	02.08.20 15:27:50	12,54	3,67	41,69	-11,13	37,18
352	02.08.20 15:27:51	12,54	3,65	41,11	-11,01	37,88
353	02.08.20 15:27:52	12,54	3,69	43,06	-11,57	35,38
354	02.08.20 15:27:53	12,57	3,74	43,62	-11,01	35,37
355	02.08.20 15:27:54	12,57	3,77	43,19	-8,79	38,02
356	02.08.20 15:27:55	12,54	3,79	42,77	-9,60	37,63
357	02.08.20 15:27:56	12,51	3,81	45,78	-10,98	33,24
358	02.08.20 15:27:57	12,47	3,83	45,48	-9,33	35,19
359	02.08.20 15:27:58	12,44	3,89	44,60	-7,48	37,92
360	02.08.20 15:27:59	12,38	3,91	45,76	-9,08	35,16
361	02.08.20 15:28:00	12,32	3,93	46,29	-9,79	33,92
362	02.08.20 15:28:01	12,32	3,95	44,68	-8,58	36,73
363	02.08.20 15:28:02	12,29	4,04	44,46	-7,88	37,65
364	02.08.20 15:28:03	12,13	4,07	46,06	-10,08	33,86
365	02.08.20 15:28:04	12,00	4,13	46,62	-10,37	33,01
366	02.08.20 15:28:05	11,91	4,16	46,38	-8,93	34,69
367	02.08.20 15:28:06	11,87	4,18	45,19	-8,90	35,92
368	02.08.20 15:28:07	11,84	4,20	45,05	-10,95	34,01
369	02.08.20 15:28:08	11,81	4,22	45,62	-11,92	32,46
370	02.08.20 15:28:09	11,81	4,22	43,84	-10,88	35,28
371	02.08.20 15:28:10	11,81	4,25	42,04	-9,78	38,18
372	02.08.20 15:28:11	11,81	4,29	42,92	-10,92	36,17
373	02.08.20 15:28:12	11,81	4,32	43,71	-12,13	34,17
374	02.08.20 15:28:13	11,81	4,34	42,78	-10,32	36,90
375	02.08.20 15:28:14	11,81	4,36	41,62	-10,51	37,88
376	02.08.20 15:28:15	11,81	4,39	42,34	-12,29	35,36
377	02.08.20 15:28:16	11,81	4,39	42,70	-11,39	35,91
378	02.08.20 15:28:17	11,84	4,44	41,17	-10,01	38,82
379	02.08.20 15:28:18	11,84	4,46	40,09	-11,23	38,68
380	02.08.20 15:28:19	11,84	4,48	42,99	-12,24	34,77
381	02.08.20 15:28:20	11,87	4,53	43,39	-12,28	34,33
382	02.08.20 15:28:21	11,87	4,53	41,62	-10,50	37,88
383	02.08.20 15:28:22	11,84	4,58	42,32	-10,63	37,06
384	02.08.20 15:28:23	11,78	4,64	43,06	-11,14	35,80
385	02.08.20 15:28:24	11,72	4,68	41,82	-11,27	36,92
386	02.08.20 15:28:25	11,68	4,73	37,76	-12,00	40,23
387	02.08.20 15:28:26	11,65	4,75	39,55	-11,80	38,65
388	02.08.20 15:28:27	11,65	4,77	39,11	-12,65	38,24
389	02.08.20 15:28:28	11,65	4,82	40,55	-11,03	38,42
390	02.08.20 15:28:29	11,62	4,88	39,55	-12,14	38,31
391	02.08.20 15:28:30	11,56	4,95	42,13	-12,85	35,03
392	02.08.20 15:28:31	11,46	5,01	41,14	-12,36	36,50
393	02.08.20 15:28:32	11,33	5,06	41,38	-11,67	36,95
394	02.08.20 15:28:33	11,14	5,07	42,14	-10,89	36,97
395	02.08.20 15:28:34	11,05	5,08	40,09	-11,42	38,49
396	02.08.20 15:28:35	11,01	5,15	42,67	-11,11	36,22
397	02.08.20 15:28:36	10,95	5,19	43,00	-11,74	35,26
398	02.08.20 15:28:37	10,92	5,21	41,88	-9,58	38,54
399	02.08.20 15:28:38	10,92	5,23	41,46	-10,02	38,52
400	02.08.20 15:28:39	10,92	5,23	43,06	-10,37	36,57
401	02.08.20 15:28:40	10,95	5,26	42,76	-9,92	37,32
402	02.08.20 15:28:41	10,95	5,28	43,25	-9,15	37,60
403	02.08.20 15:28:42	10,98	5,31	43,47	-9,87	36,66
404	02.08.20 15:28:43	11,01	5,33	42,69	-9,95	37,36
405	02.08.20 15:28:44	11,01	5,33	43,24	-9,74	37,01
406	02.08.20 15:28:45	11,05	5,36	43,64	-9,12	37,24
407	02.08.20 15:28:46	11,08	5,43	41,65	-8,41	39,94
408	02.08.20 15:28:47	11,08	5,46	43,88	-9,30	36,82
409	02.08.20 15:28:48	11,08	5,50	44,93	-10,37	34,70
410	02.08.20 15:28:49	11,05	5,55	44,40	-9,23	36,37
411	02.08.20 15:28:50	10,98	5,61	43,18	-7,76	39,06
412	02.08.20 15:28:51	10,88	5,62	43,43	-8,82	37,75
413	02.08.20 15:28:52	10,79	5,68	45,03	-11,32	33,64
414	02.08.20 15:28:53	10,66	5,72	44,55	-10,25	35,20
415	02.08.20 15:28:54	10,53	5,75	42,60	-8,00	39,41
416	02.08.20 15:28:55	10,30	5,75	43,79	-9,98	36,23
417	02.08.20 15:28:56	10,21	5,81	45,35	-11,55	33,11
418	02.08.20 15:28:57	10,21	5,83	45,61	-10,56	33,83
419	02.08.20 15:28:58	10,21	5,88	45,22	-9,78	35,00
420	02.08.20 15:28:59	10,21	5,95	44,31	-9,35	36,33
421	02.08.20 15:29:00	10,14	6,01	44,29	-9,94	35,77
422	02.08.20 15:29:01	10,08	6,05	44,81	-10,74	34,45
423	02.08.20 15:29:02	10,01	6,09	43,75	-9,28	36,97
424	02.08.20 15:29:03	9,85	6,10	41,97	-7,68	40,35
425	02.08.20 15:29:04	9,75	6,14	44,29	-10,80	34,91
426	02.08.20 15:29:05	9,65	6,19	44,86	-10,88	34,26
427	02.08.20 15:29:06	9,55	6,23	43,44	-7,81	38,74
428	02.08.20 15:29:07	9,42	6,29	41,75	-8,13	40,13
429	02.08.20 15:29:08	9,32	6,30	37,33	-11,87	40,80
430	02.08.20 15:29:09	9,26	6,39	39,41	-12,94	37,65
431	02.08.20 15:29:10	9,22	6,38	37,30	-12,04	40,67
432	02.08.20 15:29:11	9,16	6,45	35,86	-10,64	43,51
433	02.08.20 15:29:12	9,02	6,46	38,87	-11,57	39,57
434	02.08.20 15:29:13	8,93	6,56	35,74	-17,43	36,83
435	02.08.20 15:29:14	8,86	6,56	35,60	-15,41	38,99
436	02.08.20 15:29:15	8,79	6,48	29,85	-16,85	43,29
437	02.08.20 15:29:16	8,79	6,50	33,50	-9,23	47,27
438	02.08.20 15:29:17	8,76	6,55	36,02	-8,77	45,21
439	02.08.20 15:29:18	8,73	6,57	36,20	-6,92	46,88
440	02.08.20 15:29:19	8,69	6,63	38,51	-6,01	45,48
441	02.08.20 15:29:20	8,63	6,58	38,99	-5,31	45,70
442	02.08.20 15:29:21	8,49	6,66	38,24	-5,75	46,01
443	02.08.20 15:29:22	8,36	6,71	40,20	-5,11	44,69
444	02.08.20 15:29:23	8,26	6,73	41,16	-6,19	42,65
445	02.08.20 15:29:24	8,12	6,76	41,59	-6,47	41,94
446	02.08.20 15:29:25	8,06	6,82	41,94	-7,69	40,38
447	02.08.20 15:29:26	7,95	6,81	42,05	-7,26	40,70
448	02.08.20 15:29:27	7,79	6,84	40,81	-7,79	41,40
449	02.08.20 15:29:28	7,65	6,90	45,65	-6,33	38,02
450	02.08.20 15:29:29	7,58	6,94	49,70	-6,68	33,62
451	02.08.20 15:29:30	7,51	6,93	46,59	-6,47	36,94
452	02.08.20 15:29:31	7,48	6,93	45,49	-6,54	37,97
453	02.08.20 15:29:32	7,48	6,97	47,65	-6,00	36,35
454	02.08.20 15:29:33	7,41	6,97	47,55	-6,57	35,88
455	02.08.20 15:29:34	7,38	7,01	48,41	-6,65	34,94
456	02.08.20 15:29:35	7,34	7,03	50,86	-6,68	32,46
457	02.08.20 15:29:36	7,34	7,03	49,87	-6,48	33,65
458	02.08.20 15:29:37	7,31	7,05	49,07	-6,33	34,60
459	02.08.20 15:29:38	7,28	7,07	50,13	-6,65	33,23
460	02.08.20 15:29:39	7,24	7,09	51,57	-6,93	31,50
461	02.08.20 15:29:40	7,21	7,09	52,11	-6,35	31,54
462	02.08.20 15:29:41	7,17	7,08	51,26	-5,89	32,85
463	02.08.20 15:29:42	7,14	7,10	50,39	-5,40	34,21
464	02.08.20 15:29:43	7,10	7,12	50,33	-4,35	35,32
465	02.08.20 15:29:44	7,10	7,14	47,86	-5,59	36,55
466	02.08.20 15:29:45	7,10	7,14	47,33	-4,06	38,61
467	02.08.20 15:29:46	7,10	7,19	45,88	-4,96	39,15
468	02.08.20 15:29:47	7,10	7,21	45,49	-4,41	40,11
469	02.08.20 15:29:48	7,10	7,28	44,46	-5,87	39,68
470	02.08.20 15:29:49	7,04	7,25	45,02	-5,89	39,09
471	02.08.20 15:29:50	7,00	7,30	46,31	-6,23	37,45
472	02.08.20 15:29:51	6,97	7,34	46,69	-5,38	37,92
473	02.08.20 15:29:52	6,93	7,36	47,35	-5,67	36,98
474	02.08.20 15:29:53	6,86	7,38	47,46	-5,30	37,24
475	02.08.20 15:29:54	6,83	7,42	46,98	-5,00	38,02
476	02.08.20 15:29:55	6,79	7,42	47,99	-6,78	35,24
477	02.08.20 15:29:56	6,79	7,42	50,12	-7,83	32,05
478	02.08.20 15:29:57	6,76	7,46	49,67	-8,99	31,34
479	02.08.20 15:29:58	6,79	7,48	50,22	-9,45	30,34
480	02.08.20 15:29:59	6,79	7,48	49,04	-8,08	32,88
481	02.08.20 15:30:00	6,79	7,55	47,60	-8,27	34,13
482	02.08.20 15:30:01	6,79	7,58	50,53	-8,53	30,94
483	02.08.20 15:30:02	6,73	7,59	47,57	-7,00	35,43
484	02.08.20 15:30:03	6,69	7,59	33,28	-6,80	49,92
485	02.08.20 15:30:04	6,66	7,61	12,32	-9,49	68,18
486	02.08.20 15:30:05	6,66	7,61	-1,20	-16,48	72,31
487	02.08.20 15:30:06	6,66	7,59	0,15	-16,08	73,77
488	02.08.20 15:30:07	6,62	7,61	-2,38	-8,45	79,17
489	02.08.20 15:30:08	6,59	7,63	-2,01	-0,06	87,93
490	02.08.20 15:30:09	6,55	7,67	-0,29	-0,70	89,01
491	02.08.20 15:30:10	6,45	7,71	-0,21	-0,90	88,89
492	02.08.20 15:30:11	6,38	7,67	-2,47	-1,35	86,18
493	02.08.20 15:30:12	6,31	7,64	-0,82	0,23	88,95
494	02.08.20 15:30:13	6,24	7,66	-0,99	-0,89	88,11
495	02.08.20 15:30:14	6,17	7,65	-1,33	-4,87	83,80
496	02.08.20 15:30:15	6,13	7,65	-1,88	0,99	87,13
497	02.08.20 15:30:16	6,10	7,65	-0,44	-1,80	87,76
498	02.08.20 15:30:17	6,10	7,65	-0,98	-0,74	88,27
499	02.08.20 15:30:18	6,10	7,62	-1,02	-0,61	88,37
500	02.08.20 15:30:19	6,06	7,62	-1,22	-0,91	87,87
501	02.08.20 15:30:20	6,06	7,62	1,17	-0,43	88,39
502	02.08.20 15:30:21	6,06	7,57	-1,98	0,09	87,93
503	02.08.20 15:30:22	6,06	7,57	-1,78	-1,21	87,01
504	02.08.20 15:30:23	6,03	7,62	-7,54	0,19	82,27
505	02.08.20 15:30:24	6,03	7,59	-2,11	-1,70	86,19
506	02.08.20 15:30:25	5,99	7,59	-1,35	-0,23	88,41
507	02.08.20 15:30:26	5,99	7,59	-1,33	-0,77	87,90
508	02.08.20 15:30:27	5,99	7,57	-2,10	-1,76	86,14
509	02.08.20 15:30:28	5,99	7,57	-1,41	-0,52	88,06
510	02.08.20 15:30:29	5,99	7,54	-1,60	-0,58	87,82
511	02.08.20 15:30:30	5,99	7,57	-2,55	1,40	86,05
512	02.08.20 15:30:31	5,99	7,54	-0,56	-2,14	87,31
513	02.08.20 15:30:32	5,99	7,54	-1,29	0,69	88,02
514	02.08.20 15:30:33	5,99	7,54	-0,71	1,86	87,43
515	02.08.20 15:30:34	5,99	7,54	-1,71	3,68	84,61
516	02.08.20 15:30:35	5,99	7,54	-0,90	2,36	86,73
517	02.08.20 15:30:36	6,03	7,52	-0,90	3,27	85,83
518	02.08.20 15:30:37	6,03	7,50	-1,70	2,33	85,98
519	02.08.20 15:30:38	6,03	7,50	-1,00	0,20	88,79
520	02.08.20 15:30:39	6,03	7,50	-2,05	0,84	87,11
521	02.08.20 15:30:40	6,03	7,50	0,06	0,49	89,45
522	02.08.20 15:30:41	6,03	7,48	-0,81	2,67	86,51
523	02.08.20 15:30:42	6,03	7,50	0,37	2,87	86,75
524	02.08.20 15:30:43	6,03	7,50	-0,65	3,77	85,59
525	02.08.20 15:30:44	6,03	7,50	-0,15	4,11	85,74
526	02.08.20 15:30:45	6,03	7,50	-1,18	4,02	84,79
527	02.08.20 15:30:46	5,99	7,47	-0,66	3,38	85,96
528	02.08.20 15:30:47	5,99	7,47	-1,45	1,80	86,75
529	02.08.20 15:30:48	5,99	7,50	-1,73	3,35	84,92
530	02.08.20 15:30:49	5,96	7,47	-0,12	2,74	87,14
531	02.08.20 15:30:50	5,96	7,49	-0,44	3,13	86,43
532	02.08.20 15:30:51	5,96	7,49	-1,20	2,48	86,33
533	02.08.20 15:30:52	5,96	7,49	-2,08	1,94	85,98
534	02.08.20 15:30:53	5,92	7,46	-1,57	2,07	86,36
535	02.08.20 15:30:54	5,92	7,49	-0,70	3,30	86,01
536	02.08.20 15:30:55	5,89	7,46	0,76	3,08	86,16
537	02.08.20 15:30:56	5,89	7,46	0,23	4,28	85,49
538	02.08.20 15:30:57	5,89	7,46	-0,99	2,75	86,27
539	02.08.20 15:30:58	5,85	7,46	-2,05	1,60	86,35
540	02.08.20 15:30:59	5,82	7,45	-0,96	1,38	87,66
541	02.08.20 15:31:00	5,82	7,45	-1,89	1,52	86,59
542	02.08.20 15:31:01	5,82	7,45	-0,26	2,66	87,08
543	02.08.20 15:31:02	5,78	7,47	-1,18	1,45	87,37
544	02.08.20 15:31:03	5,78	7,47	-1,78	1,98	86,23
545	02.08.20 15:31:04	5,75	7,47	-1,05	1,84	87,11
546	02.08.20 15:31:05	5,75	7,45	-1,19	1,12	87,69
547	02.08.20 15:31:06	5,75	7,45	-0,09	0,12	89,80
548	02.08.20 15:31:07	5,75	7,45	-1,82	0,26	87,91
549	02.08.20 15:31:08	5,71	7,44	-2,16	1,96	85,89
550	02.08.20 15:31:09	5,71	7,44	-1,37	-0,14	88,49
551	02.08.20 15:31:10	5,71	7,44	-0,92	-0,03	89,05
552	02.08.20 15:31:11	5,68	7,44	-0,99	0,52	88,50
553	02.08.20 15:31:12	5,68	7,44	-2,25	1,54	86,22
554	02.08.20 15:31:13	5,64	7,46	-1,39	0,00	88,61
555	02.08.20 15:31:14	5,64	7,41	-0,85	0,43	88,71
556	02.08.20 15:31:15	5,61	7,43	-1,14	0,89	87,97
557	02.08.20 15:31:16	5,61	7,43	-2,38	0,95	86,67
558	02.08.20 15:31:17	5,57	7,43	-1,60	0,14	88,25
559	02.08.20 15:31:18	5,57	7,45	-1,37	0,43	88,19
560	02.08.20 15:31:19	5,54	7,45	-1,52	-0,92	87,56
561	02.08.20 15:31:20	5,54	7,45	-1,14	-1,24	87,63
562	02.08.20 15:31:21	5,50	7,44	-1,42	-1,37	87,21
563	02.08.20 15:31:22	5,47	7,44	-1,36	-1,65	86,99
564	02.08.20 15:31:23	5,47	7,44	-1,97	-0,80	87,23
565	02.08.20 15:31:24	5,43	7,46	-1,45	-1,52	87,03
566	02.08.20 15:31:25	5,39	7,46	-0,17	-0,26	89,57
567	02.08.20 15:31:26	5,39	7,46	-2,04	0,66	87,30
568	02.08.20 15:31:27	5,36	7,43	-1,39	-0,14	88,47
569	02.08.20 15:31:28	5,36	7,45	-1,38	0,65	87,96
570	02.08.20 15:31:29	5,32	7,45	-1,24	-0,37	88,39
571	02.08.20 15:31:30	5,32	7,45	-0,82	-0,23	88,95
572	02.08.20 15:31:31	5,29	7,47	-2,79	-0,74	86,47
573	02.08.20 15:31:32	5,25	7,44	-2,83	-0,66	86,51
574	02.08.20 15:31:33	5,25	7,44	-0,98	-1,34	87,68
575	02.08.20 15:31:34	5,25	7,44	-1,75	-0,58	87,67
576	02.08.20 15:31:35	5,22	7,41	-2,23	-1,97	85,80
577	02.08.20 15:31:36	5,18	7,43	-1,88	-0,91	87,21
578	02.08.20 15:31:37	5,18	7,43	-1,74	-1,92	86,35
579	02.08.20 15:31:38	5,18	7,43	-2,40	-2,31	85,30
580	02.08.20 15:31:39	5,15	7,45	-1,21	-2,45	86,34
581	02.08.20 15:31:40	5,15	7,43	-0,41	-1,17	88,42
582	02.08.20 15:31:41	5,11	7,40	-1,16	0,06	88,78
583	02.08.20 15:31:42	5,11	7,40	-2,50	-1,42	86,08
584	02.08.20 15:31:43	5,07	7,42	-2,24	-0,23	87,54
585	02.08.20 15:31:44	5,07	7,45	-0,89	1,05	88,05
586	02.08.20 15:31:45	5,07	7,42	-1,86	0,74	87,40
587	02.08.20 15:31:46	5,04	7,42	-2,78	-0,03	87,19
588	02.08.20 15:31:47	5,04	7,42	-1,76	1,68	86,57
589	02.08.20 15:31:48	5,04	7,42	-1,58	-0,03	88,39
590	02.08.20 15:31:49	5,00	7,42	-1,76	1,08	87,16
591	02.08.20 15:31:50	5,00	7,39	-2,31	0,29	87,40
592	02.08.20 15:31:51	4,97	7,39	-1,97	1,51	86,52
593	02.08.20 15:31:52	4,97	7,39	-1,98	1,70	86,32
594	02.08.20 15:31:53	4,97	7,41	-1,56	1,45	86,99
595	02.08.20 15:31:54	4,93	7,39	-1,12	0,96	87,92
596	02.08.20 15:31:55	4,93	7,41	-1,98	1,30	86,72
597	02.08.20 15:31:56	4,90	7,40	-1,32	1,48	87,20
598	02.08.20 15:31:57	4,90	7,40	-1,20	1,63	87,17
599	02.08.20 15:31:58	4,90	7,38	-0,89	2,30	86,81
600	02.08.20 15:31:59	4,86	7,40	-2,41	1,49	86,10
601	02.08.20 15:32:00	4,86	7,38	-1,36	0,80	87,85
602	02.08.20 15:32:01	4,86	7,40	-0,99	0,75	88,27
603	02.08.20 15:32:02	4,86	7,40	-1,91	0,23	87,86
604	02.08.20 15:32:03	4,82	7,40	-1,65	0,37	87,98
605	02.08.20 15:32:04	4,82	7,37	-2,15	-0,06	87,79
606	02.08.20 15:32:05	4,82	7,37	-2,48	0,34	87,18
607	02.08.20 15:32:06	4,79	7,37	-1,89	1,03	87,08
608	02.08.20 15:32:07	4,79	7,37	-1,76	0,83	87,41
609	02.08.20 15:32:08	4,79	7,37	-2,89	0,14	86,96
610	02.08.20 15:32:09	4,75	7,39	-1,39	0,51	88,10
611	02.08.20 15:32:10	4,75	7,37	-1,58	0,74	87,68
612	02.08.20 15:32:11	4,75	7,34	-0,67	1,08	88,25
613	02.08.20 15:32:12	4,75	7,37	-0,63	0,31	89,06
614	02.08.20 15:32:13	4,72	7,36	-2,16	1,50	86,34
615	02.08.20 15:32:14	4,72	7,41	0,03	0,83	89,15
616	02.08.20 15:32:15	4,68	7,38	-1,55	1,30	87,15
617	02.08.20 15:32:16	4,68	7,38	-2,40	0,93	86,67
618	02.08.20 15:32:17	4,68	7,38	-1,59	0,86	87,55
619	02.08.20 15:32:18	4,64	7,36	-1,59	0,94	87,47
620	02.08.20 15:32:19	4,64	7,38	-2,23	0,14	87,63
621	02.08.20 15:32:20	4,64	7,38	-2,09	0,46	87,46
622	02.08.20 15:32:21	4,61	7,37	-1,90	1,62	86,48
623	02.08.20 15:32:22	4,61	7,35	-1,81	1,27	86,92
624	02.08.20 15:32:23	4,61	7,35	-1,99	0,83	87,18
625	02.08.20 15:32:24	4,61	7,35	-2,45	0,63	86,92
626	02.08.20 15:32:25	4,57	7,37	-0,84	1,03	88,14
627	02.08.20 15:32:26	4,57	7,39	-1,62	1,06	87,33
628	02.08.20 15:32:27	4,57	7,35	-1,54	1,35	87,10
629	02.08.20 15:32:28	4,54	7,37	-1,78	0,80	87,42
630	02.08.20 15:32:29	4,54	7,37	-1,59	-0,06	88,35
631	02.08.20 15:32:30	4,54	7,37	-1,85	2,39	85,75
632	02.08.20 15:32:31	4,54	7,37	-2,23	1,30	86,47
633	02.08.20 15:32:32	4,50	7,36	-2,18	1,25	86,57
634	02.08.20 15:32:33	4,50	7,36	-1,93	0,79	87,28
635	02.08.20 15:32:34	4,46	7,36	-1,99	1,76	86,25
636	02.08.20 15:32:35	4,46	7,36	-0,69	1,70	87,61
637	02.08.20 15:32:36	4,46	7,38	-1,29	1,30	87,41
638	02.08.20 15:32:37	4,46	7,36	-2,67	1,48	85,85
639	02.08.20 15:32:38	4,43	7,36	-1,81	0,99	87,19
640	02.08.20 15:32:39	4,43	7,38	-1,32	0,94	87,74
641	02.08.20 15:32:40	4,43	7,33	-0,92	0,94	88,14
642	02.08.20 15:32:41	4,39	7,35	-2,53	1,77	85,70
643	02.08.20 15:32:42	4,39	7,35	-2,08	1,11	86,81
644	02.08.20 15:32:43	4,39	7,38	-0,80	0,96	88,23
645	02.08.20 15:32:44	4,39	7,38	-1,64	0,74	87,63
646	02.08.20 15:32:45	4,35	7,35	-1,84	0,99	87,17
647	02.08.20 15:32:46	4,35	7,35	-2,37	0,60	87,04
648	02.08.20 15:32:47	4,35	7,35	-1,10	0,06	88,84
649	02.08.20 15:32:48	4,32	7,34	-1,82	-0,31	87,87
650	02.08.20 15:32:49	4,32	7,34	-1,30	0,63	88,07
651	02.08.20 15:32:50	4,32	7,34	-0,58	-0,11	89,31
652	02.08.20 15:32:51	4,32	7,34	-2,62	-0,03	87,35
653	02.08.20 15:32:52	4,28	7,39	-1,32	0,99	87,69
654	02.08.20 15:32:53	4,28	7,34	-1,76	0,68	87,56
655	02.08.20 15:32:54	4,28	7,36	-1,56	-0,14	88,30
656	02.08.20 15:32:55	4,28	7,34	-2,65	-0,37	86,97
657	02.08.20 15:32:56	4,28	7,36	-2,58	-1,33	86,09
658	02.08.20 15:32:57	4,25	7,36	-1,61	-0,28	88,10
659	02.08.20 15:32:58	4,25	7,34	-1,09	-0,74	88,17
660	02.08.20 15:32:59	4,25	7,36	-1,43	-1,95	86,62
661	02.08.20 15:33:00	4,25	7,34	-1,88	-0,11	88,00
662	02.08.20 15:33:01	4,25	7,34	-1,33	-0,11	88,56
663	02.08.20 15:33:02	4,21	7,36	-0,84	0,17	88,98
664	02.08.20 15:33:03	4,21	7,33	-0,89	0,23	88,88
665	02.08.20 15:33:04	4,21	7,36	-1,90	-0,57	87,53
666	02.08.20 15:33:05	4,21	7,36	-2,39	0,40	87,21
667	02.08.20 15:33:06	4,17	7,35	-2,51	-0,14	87,35
668	02.08.20 15:33:07	4,17	7,35	-1,19	0,26	88,55
669	02.08.20 15:33:08	4,17	7,38	-1,22	0,29	88,50
670	02.08.20 15:33:09	4,17	7,35	-2,99	0,00	87,01
671	02.08.20 15:33:10	4,14	7,35	-2,28	-0,57	87,15
672	02.08.20 15:33:11	4,14	7,35	-1,81	-0,31	87,87
673	02.08.20 15:33:12	4,14	7,35	-1,89	-0,65	87,46
674	02.08.20 15:33:13	4,14	7,35	-1,99	-0,57	87,45
675	02.08.20 15:33:14	4,10	7,32	-1,92	0,40	87,68
676	02.08.20 15:33:15	4,10	7,34	-1,68	-0,60	87,72
677	02.08.20 15:33:16	4,10	7,34	-1,30	0,23	88,48
678	02.08.20 15:33:17	4,10	7,34	-0,94	-0,28	88,78
679	02.08.20 15:33:18	4,10	7,34	-1,45	0,09	88,47
680	02.08.20 15:33:19	4,06	7,36	-1,71	-0,06	88,23
681	02.08.20 15:33:20	4,06	7,34	-0,78	-0,29	88,93
682	02.08.20 15:33:21	4,06	7,34	-2,02	-0,57	87,41
683	02.08.20 15:33:22	4,06	7,34	-1,36	-0,37	88,27
684	02.08.20 15:33:23	4,03	7,36	-1,88	-0,54	87,57
685	02.08.20 15:33:24	4,03	7,34	-1,49	-0,82	87,69
686	02.08.20 15:33:25	4,03	7,36	-1,95	-1,33	86,71
687	02.08.20 15:33:26	4,03	7,36	-1,35	-0,54	88,11
688	02.08.20 15:33:27	4,03	7,34	-2,62	-0,57	86,81
689	02.08.20 15:33:28	3,99	7,36	-2,01	-1,08	86,92
690	02.08.20 15:33:29	3,99	7,33	-1,72	-0,85	87,42
691	02.08.20 15:33:30	3,99	7,36	-1,68	-0,71	87,61
692	02.08.20 15:33:31	3,99	7,33	-1,96	-0,11	87,92
693	02.08.20 15:33:32	3,95	7,33	-0,99	0,23	88,78
694	02.08.20 15:33:33	3,95	7,35	-1,75	-0,25	87,99
695	02.08.20 15:33:34	3,95	7,35	-1,20	-0,56	88,24
696	02.08.20 15:33:35	3,95	7,35	-1,78	0,82	87,39
697	02.08.20 15:33:36	3,95	7,38	-1,34	-0,20	88,46
698	02.08.20 15:33:37	3,92	7,35	-1,82	0,34	87,84
699	02.08.20 15:33:38	3,92	7,35	-2,38	-0,74	86,87
700	02.08.20 15:33:39	3,92	7,35	-1,81	0,23	87,96
701	02.08.20 15:33:40	3,92	7,37	-1,23	-0,91	87,86
702	02.08.20 15:33:41	3,88	7,35	-1,21	0,23	88,56
703	02.08.20 15:33:42	3,88	7,35	-2,34	-0,23	87,43
704	02.08.20 15:33:43	3,88	7,37	-3,29	-0,51	86,20
705	02.08.20 15:33:44	3,88	7,35	-1,97	0,14	87,89
706	02.08.20 15:33:45	3,88	7,35	-0,89	1,22	87,89
707	02.08.20 15:33:46	3,88	7,39	-1,04	1,57	87,39
708	02.08.20 15:33:47	3,84	7,34	-0,72	1,27	88,01
709	02.08.20 15:33:48	3,84	7,34	-1,81	0,85	87,33
710	02.08.20 15:33:49	3,84	7,36	-1,28	0,32	88,41
711	02.08.20 15:33:50	3,84	7,32	-1,65	0,46	87,90
712	02.08.20 15:33:51	3,81	7,36	-1,33	-0,17	88,50
713	02.08.20 15:33:52	3,81	7,34	-1,61	0,62	87,77
714	02.08.20 15:33:53	3,81	7,34	-1,53	-0,51	87,95
715	02.08.20 15:33:54	3,81	7,36	-1,90	-0,51	87,59
716	02.08.20 15:33:55	3,81	7,36	-2,59	-0,34	87,07
717	02.08.20 15:33:56	3,77	7,33	-1,53	-0,40	88,07
718	02.08.20 15:33:57	3,77	7,36	-0,72	0,17	89,11
719	02.08.20 15:33:58	3,77	7,33	-2,82	0,31	86,87
720	02.08.20 15:33:59	3,77	7,36	-0,97	1,58	87,44
721	02.08.20 15:34:00	3,77	7,38	-0,52	2,76	86,72
722	02.08.20 15:34:01	3,73	7,38	-1,56	1,99	86,45
723	02.08.20 15:34:02	3,73	7,35	-1,00	2,26	86,73
724	02.08.20 15:34:03	3,73	7,35	-1,46	0,75	87,80
725	02.08.20 15:34:04	3,73	7,33	-0,60	1,73	87,66
726	02.08.20 15:34:05	3,73	7,35	-1,20	2,06	86,73
727	02.08.20 15:34:06	3,73	7,35	-1,44	1,56	87,00
728	02.08.20 15:34:07	3,70	7,35	-1,59	1,20	87,21
729	02.08.20 15:34:08	3,70	7,37	-1,92	1,38	86,70
730	02.08.20 15:34:09	3,70	7,35	-0,97	1,58	87,44
731	02.08.20 15:34:10	3,70	7,37	-1,50	1,45	87,04
732	02.08.20 15:34:11	3,70	7,35	-1,96	1,33	86,71
733	02.08.20 15:34:12	3,70	7,35	-2,35	1,10	86,55
734	02.08.20 15:34:13	3,66	7,35	-1,64	0,74	87,62
735	02.08.20 15:34:14	3,66	7,35	-1,69	1,16	87,15
736	02.08.20 15:34:15	3,66	7,35	-2,11	0,46	87,44
737	02.08.20 15:34:16	3,66	7,35	-2,83	0,68	86,49
738	02.08.20 15:34:17	3,66	7,37	-2,86	-1,16	85,99
739	02.08.20 15:34:18	3,66	7,35	-2,42	0,26	87,32
740	02.08.20 15:34:19	3,66	7,35	-3,15	0,40	86,45
741	02.08.20 15:34:20	3,62	7,34	-2,69	0,23	87,09
742	02.08.20 15:34:21	3,62	7,34	-2,23	-0,17	87,60
743	02.08.20 15:34:22	3,62	7,34	-1,46	0,62	87,92
744	02.08.20 15:34:23	3,62	7,34	-1,24	0,20	88,56
745	02.08.20 15:34:24	3,62	7,34	-1,49	1,28	87,23
746	02.08.20 15:34:25	3,62	7,34	-1,63	2,23	86,15
747	02.08.20 15:34:26	3,59	7,36	-2,12	1,64	86,24
748	02.08.20 15:34:27	3,59	7,36	-3,20	1,25	85,55
749	02.08.20 15:34:28	3,59	7,34	-1,47	1,31	87,22
750	02.08.20 15:34:29	3,59	7,34	-2,45	2,93	84,62
751	02.08.20 15:34:30	3,59	7,38	-2,71	2,45	84,84
752	02.08.20 15:34:31	3,59	7,36	-2,77	0,57	86,67
753	02.08.20 15:34:32	3,55	7,36	-1,72	-0,42	87,86
754	02.08.20 15:34:33	3,55	7,33	-2,60	0,34	87,06
755	02.08.20 15:34:34	3,55	7,36	-2,28	1,07	86,65
756	02.08.20 15:34:35	3,55	7,38	-2,18	1,02	86,80
757	02.08.20 15:34:36	3,55	7,36	-1,53	-0,26	88,21
758	02.08.20 15:34:37	3,51	7,35	-2,94	0,26	86,80
759	02.08.20 15:34:38	3,51	7,38	-2,57	0,48	86,95
760	02.08.20 15:34:39	3,51	7,35	-1,65	-0,60	87,76
761	02.08.20 15:34:40	3,51	7,35	-2,19	-0,09	87,72
762	02.08.20 15:34:41	3,51	7,35	-1,86	-0,40	87,74
763	02.08.20 15:34:42	3,51	7,35	-2,18	-0,29	87,53
764	02.08.20 15:34:43	3,51	7,35	-3,24	0,91	85,85
765	02.08.20 15:34:44	3,48	7,37	-2,03	1,52	86,45
766	02.08.20 15:34:45	3,48	7,35	-1,97	0,96	87,07
767	02.08.20 15:34:46	3,48	7,37	-2,33	0,65	87,02
768	02.08.20 15:34:47	3,48	7,37	-2,22	0,31	87,47
769	02.08.20 15:34:48	3,48	7,37	-2,51	-0,23	87,26
770	02.08.20 15:34:49	3,48	7,35	-2,69	-1,59	85,72
771	02.08.20 15:34:50	3,44	7,37	-2,23	-0,73	87,04
772	02.08.20 15:34:51	3,44	7,35	-2,71	-1,02	86,26
773	02.08.20 15:34:52	3,44	7,35	-2,80	-0,56	86,64
774	02.08.20 15:34:53	3,44	7,35	-3,61	-1,13	85,26
775	02.08.20 15:34:54	3,44	7,37	-2,74	-0,23	87,03
776	02.08.20 15:34:55	3,44	7,35	-2,37	-1,37	86,26
777	02.08.20 15:34:56	3,40	7,34	-2,36	-0,48	87,15
778	02.08.20 15:34:57	3,40	7,36	-1,85	-0,43	87,72
779	02.08.20 15:34:58	3,40	7,36	-2,48	-0,31	87,21
780	02.08.20 15:34:59	3,40	7,36	-2,72	-0,20	87,08
781	02.08.20 15:35:00	3,40	7,36	-2,01	-1,02	86,97
782	02.08.20 15:35:01	3,40	7,34	-1,12	-0,99	87,88
783	02.08.20 15:35:02	3,36	7,36	-1,23	-0,99	87,78
784	02.08.20 15:35:03	3,36	7,34	-2,57	-0,60	86,84
785	02.08.20 15:35:04	3,36	7,36	-2,14	-0,28	87,58
786	02.08.20 15:35:05	3,36	7,36	-2,11	0,66	87,24
787	02.08.20 15:35:06	3,36	7,36	-1,83	-0,09	88,09
788	02.08.20 15:35:07	3,36	7,36	-2,29	-0,20	87,52
789	02.08.20 15:35:08	3,36	7,36	-1,79	0,74	87,47
790	02.08.20 15:35:09	3,33	7,36	-3,17	0,32	86,51
791	02.08.20 15:35:10	3,33	7,33	-2,19	0,51	87,31
792	02.08.20 15:35:11	3,33	7,33	-1,50	-3,08	85,42
793	02.08.20 15:35:12	3,33	7,33	0,03	-4,26	85,71
794	02.08.20 15:35:13	3,33	7,36	-3,43	-4,47	82,10
795	02.08.20 15:35:14	3,33	7,36	-1,20	-5,94	82,86
796	02.08.20 15:35:15	3,29	7,38	-2,05	-6,21	81,74
797	02.08.20 15:35:16	3,29	7,35	-2,90	-5,51	81,59
798	02.08.20 15:35:17	3,29	7,38	-1,78	-6,67	81,55
799	02.08.20 15:35:18	3,29	7,38	-3,53	-5,50	80,97
800	02.08.20 15:35:19	3,29	7,35	-2,04	-5,16	82,80
801	02.08.20 15:35:20	3,29	7,35	-1,54	-5,44	83,02
802	02.08.20 15:35:21	3,29	7,35	-2,43	-4,52	83,05
803	02.08.20 15:35:22	3,25	7,35	-1,38	-9,23	79,38
804	02.08.20 15:35:23	3,25	7,35	-1,20	-9,16	79,63
805	02.08.20 15:35:24	3,25	7,35	-2,36	-9,45	78,19
806	02.08.20 15:35:25	3,25	7,37	-1,48	-9,94	78,57
807	02.08.20 15:35:26	3,25	7,37	-2,20	-8,74	79,06
808	02.08.20 15:35:27	3,25	7,37	-2,55	-8,24	79,21
809	02.08.20 15:35:28	3,22	7,34	-2,43	-8,32	79,25
810	02.08.20 15:35:29	3,22	7,37	-2,80	-8,51	78,69
811	02.08.20 15:35:30	3,22	7,37	-1,56	-8,66	79,78
812	02.08.20 15:35:31	3,22	7,37	-1,09	-8,28	80,62
813	02.08.20 15:35:32	3,22	7,34	-2,08	-7,49	80,43
814	02.08.20 15:35:33	3,22	7,34	-3,09	-7,23	79,67
815	02.08.20 15:35:34	3,22	7,37	-1,90	-7,10	81,00
816	02.08.20 15:35:35	3,18	7,36	-2,18	-7,48	80,35
817	02.08.20 15:35:36	3,18	7,34	-2,45	-7,06	80,48
818	02.08.20 15:35:37	3,18	7,36	-2,55	-6,78	80,67
819	02.08.20 15:35:38	3,18	7,36	-2,73	-6,61	80,66
820	02.08.20 15:35:39	3,18	7,36	-2,76	-6,68	80,56
821	02.08.20 15:35:40	3,18	7,36	-2,79	-6,34	80,87
822	02.08.20 15:35:41	3,14	7,36	-2,18	-5,66	82,16
823	02.08.20 15:35:42	3,14	7,34	-2,32	-4,77	82,91
824	02.08.20 15:35:43	3,14	7,36	-1,92	-6,56	81,52
825	02.08.20 15:35:44	3,14	7,36	-2,95	-6,47	80,58
826	02.08.20 15:35:45	3,14	7,36	-3,10	-6,55	80,34
827	02.08.20 15:35:46	3,14	7,36	-2,73	-5,53	81,74
828	02.08.20 15:35:47	3,14	7,36	-3,26	-4,42	82,31
829	02.08.20 15:35:48	3,14	7,36	-2,79	-4,58	82,63
830	02.08.20 15:35:49	3,10	7,38	-3,09	-4,76	82,15
831	02.08.20 15:35:50	3,10	7,33	-2,93	-5,48	81,59
832	02.08.20 15:35:51	3,10	7,36	-2,88	-6,12	81,00
833	02.08.20 15:35:52	3,10	7,33	-2,12	-5,54	82,34
834	02.08.20 15:35:53	3,10	7,36	-2,66	-4,80	82,54
835	02.08.20 15:35:54	3,10	7,36	-3,13	-5,59	81,28
836	02.08.20 15:35:55	3,10	7,36	-3,66	-4,59	81,76
837	02.08.20 15:35:56	3,10	7,38	-3,33	-3,77	82,90
838	02.08.20 15:35:57	3,07	7,35	-3,35	-3,98	82,67
839	02.08.20 15:35:58	3,07	7,38	-3,37	-3,24	83,39
840	02.08.20 15:35:59	3,07	7,38	-2,45	-5,63	81,92
841	02.08.20 15:36:00	3,07	7,35	-2,13	-5,04	82,83
842	02.08.20 15:36:01	3,07	7,35	-2,56	-6,16	81,29
843	02.08.20 15:36:02	3,07	7,38	-4,34	-5,78	79,89
844	02.08.20 15:36:03	3,07	7,38	-2,82	-6,52	80,66
845	02.08.20 15:36:04	3,07	7,38	-2,97	-6,48	80,55
846	02.08.20 15:36:05	3,07	7,35	-2,66	-6,55	80,79
847	02.08.20 15:36:06	3,03	7,37	-1,76	-6,90	81,34
848	02.08.20 15:36:07	3,03	7,37	-2,96	-6,70	80,34
849	02.08.20 15:36:08	3,03	7,37	-3,10	-5,14	81,76
850	02.08.20 15:36:09	3,03	7,37	-2,88	-5,55	81,57
851	02.08.20 15:36:10	3,03	7,37	-4,61	-5,16	80,23
852	02.08.20 15:36:11	3,03	7,37	-3,45	-3,85	82,70
853	02.08.20 15:36:12	3,03	7,37	-3,47	-4,99	81,53
854	02.08.20 15:36:13	2,99	7,34	-4,23	-5,68	80,09
855	02.08.20 15:36:14	2,99	7,34	-3,51	-4,31	82,18
856	02.08.20 15:36:15	2,99	7,37	-3,60	-4,70	81,70
857	02.08.20 15:36:16	2,99	7,37	-4,85	-4,20	80,95
858	02.08.20 15:36:17	2,99	7,37	-3,72	-4,34	81,94
859	02.08.20 15:36:18	2,99	7,34	-4,17	-4,28	81,54
860	02.08.20 15:36:19	2,99	7,37	-2,52	-4,89	82,59
861	02.08.20 15:36:20	2,99	7,37	-3,31	-4,75	81,94
862	02.08.20 15:36:21	2,95	7,36	-3,09	-4,84	82,08
863	02.08.20 15:36:22	2,95	7,34	-3,71	-4,95	81,34
864	02.08.20 15:36:23	2,95	7,36	-2,82	-3,40	83,77
865	02.08.20 15:36:24	2,95	7,36	-2,82	-3,45	83,73
866	02.08.20 15:36:25	2,95	7,36	-3,08	-3,46	83,47
867	02.08.20 15:36:26	2,95	7,36	-2,64	-2,55	84,82
868	02.08.20 15:36:27	2,95	7,36	-3,57	-3,21	83,22
869	02.08.20 15:36:28	2,95	7,36	-2,91	-3,29	83,80
870	02.08.20 15:36:29	2,92	7,36	-2,21	-3,72	84,07
871	02.08.20 15:36:30	2,92	7,36	-5,64	-3,98	80,38
872	02.08.20 15:36:31	2,92	7,36	-1,93	-4,41	83,66
873	02.08.20 15:36:32	2,92	7,38	-2,65	-5,10	82,25
874	02.08.20 15:36:33	2,92	7,36	-2,59	-5,11	82,31
875	02.08.20 15:36:34	2,92	7,38	-3,05	-5,32	81,63
876	02.08.20 15:36:35	2,92	7,36	-2,90	-5,29	81,81
877	02.08.20 15:36:36	2,92	7,38	-2,32	-5,93	81,75
878	02.08.20 15:36:37	2,88	7,38	-1,93	-5,83	82,24
879	02.08.20 15:36:38	2,88	7,36	-1,81	-5,54	82,65
880	02.08.20 15:36:39	2,88	7,38	-2,23	-5,23	82,54
881	02.08.20 15:36:40	2,88	7,36	-0,83	-6,21	82,96
882	02.08.20 15:36:41	2,88	7,36	-3,51	-7,00	79,49
883	02.08.20 15:36:42	2,88	7,38	-2,31	-5,80	81,89
884	02.08.20 15:36:43	2,88	7,38	-1,20	-5,27	83,53
885	02.08.20 15:36:44	2,88	7,36	-0,54	-5,39	84,07
886	02.08.20 15:36:45	2,84	7,35	2,42	-4,13	83,45
887	02.08.20 15:36:46	2,84	7,35	-0,63	-4,22	85,15
888	02.08.20 15:36:47	2,84	7,38	0,76	-3,05	86,19
889	02.08.20 15:36:48	2,84	7,38	0,29	-1,65	88,07
890	02.08.20 15:36:49	2,84	7,38	0,49	-2,83	86,68
891	02.08.20 15:36:50	2,84	7,38	3,23	-3,47	83,30
892	02.08.20 15:36:51	2,84	7,35	3,47	-2,21	84,32
893	02.08.20 15:36:52	2,84	7,38	-2,81	-4,27	82,92
894	02.08.20 15:36:53	2,84	7,40	-2,98	-1,19	85,83
895	02.08.20 15:36:54	2,80	7,37	-2,68	-1,29	86,03
896	02.08.20 15:36:55	2,80	7,37	-1,75	-1,16	87,09
897	02.08.20 15:36:56	2,80	7,35	-0,95	-0,71	88,34
898	02.08.20 15:36:57	2,80	7,37	-2,28	-1,35	86,36
899	02.08.20 15:36:58	2,80	7,35	-1,46	-1,53	87,01
900	02.08.20 15:36:59	2,80	7,35	0,11	-1,96	87,93
901	02.08.20 15:37:00	2,80	7,37	1,23	-1,41	87,36
902	02.08.20 15:37:01	2,77	7,37	-0,80	-4,06	85,14
903	02.08.20 15:37:02	2,77	7,37	1,19	-3,23	85,58
904	02.08.20 15:37:03	2,77	7,37	2,86	-2,57	84,58
905	02.08.20 15:37:04	2,77	7,34	3,64	1,21	85,15
906	02.08.20 15:37:05	2,77	7,37	1,81	1,47	86,72
907	02.08.20 15:37:06	2,77	7,37	2,06	0,28	87,65
908	02.08.20 15:37:07	2,77	7,37	4,28	2,21	83,52
909	02.08.20 15:37:08	2,77	7,37	8,30	10,22	71,49
910	02.08.20 15:37:09	2,77	7,34	14,10	19,94	55,96
911	02.08.20 15:37:10	2,73	7,34	17,39	21,69	50,93
912	02.08.20 15:37:11	2,73	7,34	21,90	23,13	44,97
913	02.08.20 15:37:12	2,73	7,36	27,89	22,28	39,83
914	02.08.20 15:37:13	2,73	7,36	41,45	17,36	31,19
915	02.08.20 15:37:14	2,73	7,34	53,06	17,59	19,35
916	02.08.20 15:37:15	2,73	7,34	56,98	21,37	11,65
917	02.08.20 15:37:16	2,73	7,34	59,03	21,71	9,25
918	02.08.20 15:37:17	2,73	7,32	60,09	19,27	10,64
919	02.08.20 15:37:18	2,73	7,27	57,19	18,22	14,59
920	02.08.20 15:37:19	2,69	7,27	57,14	18,32	14,53
921	02.08.20 15:37:20	2,69	7,27	52,21	19,29	18,50
922	02.08.20 15:37:21	2,69	7,24	51,56	19,06	19,38
923	02.08.20 15:37:22	2,69	7,22	49,04	20,99	19,97
924	02.08.20 15:37:23	2,69	7,20	45,00	22,26	22,74
925	02.08.20 15:37:24	2,69	7,17	46,00	22,96	21,03
926	02.08.20 15:37:25	2,69	7,15	45,13	24,55	20,32
927	02.08.20 15:37:26	2,69	7,13	41,71	25,84	22,45
928	02.08.20 15:37:27	2,69	7,10	41,55	25,75	22,70
929	02.08.20 15:37:28	2,69	7,08	43,99	25,89	20,11
930	02.08.20 15:37:29	2,65	7,05	41,92	27,85	20,23
931	02.08.20 15:37:30	2,65	7,01	41,20	26,39	22,41
932	02.08.20 15:37:31	2,65	6,96	42,61	25,36	22,03
933	02.08.20 15:37:32	2,65	6,94	46,95	24,35	18,70
934	02.08.20 15:37:33	2,65	6,91	49,45	22,90	17,65
935	02.08.20 15:37:34	2,65	6,87	51,91	20,70	17,40
936	02.08.20 15:37:35	2,65	6,82	54,93	19,51	15,56
937	02.08.20 15:37:36	2,65	6,77	57,85	16,86	15,29
938	02.08.20 15:37:37	2,62	6,72	59,06	16,32	14,62
939	02.08.20 15:37:38	2,62	6,70	58,69	16,70	14,61
940	02.08.20 15:37:39	2,62	6,65	59,98	14,85	15,17
941	02.08.20 15:37:40	2,62	6,58	60,27	14,07	15,65
942	02.08.20 15:37:41	2,62	6,54	59,37	13,42	17,21
943	02.08.20 15:37:42	2,62	6,47	61,68	12,93	15,38
944	02.08.20 15:37:43	2,62	6,42	63,65	13,20	13,15
945	02.08.20 15:37:44	2,62	6,44	59,27	15,88	14,85
946	02.08.20 15:37:45	2,58	6,44	58,38	17,45	14,17
947	02.08.20 15:37:46	2,58	6,46	58,83	17,96	13,21
948	02.08.20 15:37:47	2,58	6,46	59,85	16,26	13,90
949	02.08.20 15:37:48	2,58	6,49	66,74	10,99	12,27
950	02.08.20 15:37:49	2,58	6,49	73,84	-5,92	10,25
951	02.08.20 15:37:50	2,58	6,46	53,53	-22,10	14,37
952	02.08.20 15:37:51	2,58	6,39	49,71	-23,87	16,42
953	02.08.20 15:37:52	2,54	6,41	54,93	-24,85	10,22
954	02.08.20 15:37:53	2,54	6,41	57,34	-24,93	7,73
955	02.08.20 15:37:54	2,54	6,43	58,86	-23,16	7,98
956	02.08.20 15:37:55	2,54	6,43	57,68	-23,68	8,64
957	02.08.20 15:37:56	2,54	6,43	58,22	-23,68	8,10
958	02.08.20 15:37:57	2,50	6,43	58,14	-23,38	8,49
959	02.08.20 15:37:58	2,50	6,43	57,96	-23,44	8,61
960	02.08.20 15:37:59	2,50	6,41	58,93	-23,16	7,91
961	02.08.20 15:38:00	2,50	6,43	58,66	-23,30	8,05
962	02.08.20 15:38:01	2,50	6,43	59,28	-22,69	8,02
963	02.08.20 15:38:02	2,50	6,41	59,75	-21,79	8,46
964	02.08.20 15:38:03	2,50	6,38	57,75	-22,21	10,04
965	02.08.20 15:38:04	2,50	6,36	58,76	-22,83	8,41
966	02.08.20 15:38:05	2,50	6,36	59,29	-22,19	8,52
967	02.08.20 15:38:06	2,47	6,33	61,07	-18,23	10,71
968	02.08.20 15:38:07	2,47	6,26	59,57	-16,66	13,77
969	02.08.20 15:38:08	2,47	6,19	60,38	-16,38	13,24
970	02.08.20 15:38:09	2,47	6,15	55,82	-17,05	17,13
971	02.08.20 15:38:10	2,47	6,03	54,33	-17,92	17,75
972	02.08.20 15:38:11	2,47	5,98	54,35	-18,91	16,73
973	02.08.20 15:38:12	2,47	5,91	46,61	-22,64	20,75
974	02.08.20 15:38:13	2,47	5,77	46,14	-21,46	22,39
975	02.08.20 15:38:14	2,47	5,73	47,50	-22,08	20,41
976	02.08.20 15:38:15	2,43	5,65	45,22	-21,90	22,88
977	02.08.20 15:38:16	2,43	5,58	57,63	-10,95	21,42
978	02.08.20 15:38:17	2,43	5,49	60,64	-8,96	20,40
979	02.08.20 15:38:18	2,39	5,42	63,63	-6,57	19,81
980	02.08.20 15:38:19	2,39	5,35	66,09	-2,30	21,61
981	02.08.20 15:38:20	2,39	5,28	68,55	1,30	20,15
982	02.08.20 15:38:21	2,35	5,23	70,02	0,23	19,75
983	02.08.20 15:38:22	2,35	5,18	71,03	0,74	18,23
984	02.08.20 15:38:23	2,35	5,11	69,37	0,61	20,02
985	02.08.20 15:38:24	2,35	5,06	70,13	1,10	18,78
986	02.08.20 15:38:25	2,35	5,02	67,60	1,48	20,92
987	02.08.20 15:38:26	2,35	4,97	66,90	3,49	19,61
988	02.08.20 15:38:27	2,31	4,94	66,98	4,27	18,75
989	02.08.20 15:38:28	2,31	4,87	59,66	7,98	22,36
990	02.08.20 15:38:29	2,31	4,76	55,58	11,09	23,33
991	02.08.20 15:38:30	2,31	4,69	55,31	12,37	22,31
992	02.08.20 15:38:31	2,31	4,62	51,53	13,91	24,57
993	02.08.20 15:38:32	2,31	4,55	50,49	13,35	26,16
994	02.08.20 15:38:33	2,31	4,43	45,68	16,19	28,14
995	02.08.20 15:38:34	2,31	4,36	43,95	13,30	32,75
996	02.08.20 15:38:35	2,28	4,26	41,40	12,88	35,72
997	02.08.20 15:38:36	2,28	4,17	39,24	13,67	37,09
998	02.08.20 15:38:37	2,28	4,10	46,90	11,19	31,90
999	02.08.20 15:38:38	2,28	4,03	41,95	11,62	36,43
1000	02.08.20 15:38:39	2,28	3,93	39,40	11,57	39,03
1001	02.08.20 15:38:40	2,28	3,84	37,75	13,20	39,05
1002	02.08.20 15:38:41	2,28	3,77	39,50	14,21	36,29
1003	02.08.20 15:38:42	2,28	3,70	38,84	15,35	35,81
1004	02.08.20 15:38:43	2,28	3,61	37,82	13,82	38,36
1005	02.08.20 15:38:44	2,28	3,56	41,39	13,63	34,98
1006	02.08.20 15:38:45	2,28	3,47	37,80	16,80	35,40
1007	02.08.20 15:38:46	2,28	3,42	36,94	17,02	36,04
1008	02.08.20 15:38:47	2,31	3,31	37,34	16,23	36,43
1009	02.08.20 15:38:48	2,31	3,26	39,54	15,97	34,49
1010	02.08.20 15:38:49	2,31	3,19	38,69	17,47	33,84
1011	02.08.20 15:38:50	2,35	3,12	37,77	17,43	34,80
1012	02.08.20 15:38:51	2,35	3,03	20,38	29,42	40,20
1013	02.08.20 15:38:52	2,39	2,99	37,45	16,80	35,75
1014	02.08.20 15:38:53	2,39	2,92	39,95	15,80	34,25
1015	02.08.20 15:38:54	2,43	2,85	42,99	14,92	32,09
1016	02.08.20 15:38:55	2,43	2,81	43,51	13,52	32,97
1017	02.08.20 15:38:56	2,47	2,74	44,10	12,58	33,32
1018	02.08.20 15:38:57	2,47	2,67	43,60	12,65	33,75
1019	02.08.20 15:38:58	2,47	2,60	45,58	10,61	33,82
1020	02.08.20 15:38:59	2,50	2,53	47,40	8,56	34,04
1021	02.08.20 15:39:00	2,50	2,49	50,08	7,81	32,11
1022	02.08.20 15:39:01	2,50	2,44	47,73	8,42	33,85
1023	02.08.20 15:39:02	2,54	2,44	48,06	6,01	35,92
1024	02.08.20 15:39:03	2,65	2,39	51,19	4,72	34,09
1025	02.08.20 15:39:04	2,69	2,30	54,52	0,23	35,25
1026	02.08.20 15:39:05	2,77	2,23	53,42	0,09	36,49
1027	02.08.20 15:39:06	2,84	2,15	48,91	-3,04	38,05
1028	02.08.20 15:39:07	2,92	2,13	48,94	-5,33	35,74
1029	02.08.20 15:39:08	2,95	2,11	43,89	-8,71	37,40
1030	02.08.20 15:39:09	3,07	2,01	41,97	-9,44	38,59
1031	02.08.20 15:39:10	3,22	1,88	45,32	-9,73	34,94
1032	02.08.20 15:39:11	3,40	1,81	47,98	-8,56	33,46
1033	02.08.20 15:39:12	3,51	1,68	44,39	-8,35	37,26
1034	02.08.20 15:39:13	3,59	1,64	43,37	-8,87	37,76
1035	02.08.20 15:39:14	3,66	1,67	47,22	-8,58	34,19
1036	02.08.20 15:39:15	3,77	1,54	45,32	-6,40	38,28
1037	02.08.20 15:39:16	3,88	1,49	44,87	-3,43	41,70
1038	02.08.20 15:39:17	4,06	1,43	45,04	-3,82	41,14
1039	02.08.20 15:39:18	4,43	1,24	45,25	-3,72	41,02
1040	02.08.20 15:39:19	4,72	1,13	39,71	-6,04	44,24
1041	02.08.20 15:39:20	5,00	1,18	39,77	-4,95	45,28
1042	02.08.20 15:39:21	5,32	1,07	43,63	-2,75	43,62
1043	02.08.20 15:39:22	5,57	0,91	41,48	-3,40	45,12
1044	02.08.20 15:39:23	5,96	0,84	36,25	-8,28	45,47
1045	02.08.20 15:39:24	6,38	0,79	36,65	-8,93	44,42
1046	02.08.20 15:39:25	6,73	0,66	40,19	-6,66	43,15
1047	02.08.20 15:39:26	7,07	0,48	38,83	-5,92	45,25
1048	02.08.20 15:39:27	7,31	0,48	37,07	-5,96	46,96
1049	02.08.20 15:39:28	7,51	0,44	36,62	-10,42	42,97
1050	02.08.20 15:39:29	7,68	0,34	40,69	-7,92	41,39
1051	02.08.20 15:39:30	8,02	0,32	43,11	-7,03	39,86
1052	02.08.20 15:39:31	8,22	0,29	33,60	-13,04	43,37
1053	02.08.20 15:39:32	8,46	0,20	41,44	-7,81	40,75
1054	02.08.20 15:39:33	8,59	0,22	43,77	-6,19	40,04
1055	02.08.20 15:39:34	8,76	0,11	29,28	-15,43	45,30
1056	02.08.20 15:39:35	8,96	0,08	32,88	-13,86	43,27
1057	02.08.20 15:39:36	9,16	0,04	38,29	-6,27	45,44
1058	02.08.20 15:39:37	9,29	0,00	36,90	-9,53	43,57
1059	02.08.20 15:39:38	9,42	0,00	35,51	-9,32	45,18
1060	02.08.20 15:39:39	9,52	0,00	28,59	-13,80	47,61
1061	02.08.20 15:39:40	9,62	0,00	42,92	5,03	42,05
1062	02.08.20 15:39:41	9,72	0,00	30,51	-4,25	55,24
1063	02.08.20 15:39:42	9,91	0,00	35,21	-2,86	51,93
1064	02.08.20 15:39:43	10,08	0,00	31,87	-4,84	53,29
1065	02.08.20 15:39:44	10,21	0,00	32,51	-3,69	53,80
1066	02.08.20 15:39:45	10,30	0,00	28,57	-3,21	58,22
1067	02.08.20 15:39:46	10,40	0,00	30,70	-8,60	50,69
1068	02.08.20 15:39:47	10,50	0,00	28,97	-10,19	50,83
1069	02.08.20 15:39:48	10,59	0,00	32,52	-8,31	49,16
1070	02.08.20 15:39:49	10,72	0,00	30,28	-10,30	49,42
1071	02.08.20 15:39:50	10,82	0,00	25,00	-11,30	53,70
1072	02.08.20 15:39:51	10,95	0,00	25,19	-11,78	53,03
1073	02.08.20 15:39:52	11,05	0,00	34,86	-6,61	48,53
1074	02.08.20 15:39:53	11,11	0,00	30,23	-5,27	54,50
1075	02.08.20 15:39:54	11,17	0,00	33,27	-3,99	52,73
1076	02.08.20 15:39:55	11,21	0,00	25,65	-0,38	63,97
1077	02.08.20 15:39:56	11,30	0,00	34,08	2,07	53,85
1078	02.08.20 15:39:57	11,33	0,00	38,82	4,62	46,57
1079	02.08.20 15:39:58	11,40	0,00	32,71	2,92	54,37
1080	02.08.20 15:39:59	11,43	0,00	33,98	1,59	54,43
1081	02.08.20 15:40:00	11,56	0,00	22,99	2,08	64,93
1082	02.08.20 15:40:01	11,62	0,00	21,76	1,15	67,08
1083	02.08.20 15:40:02	11,68	0,00	22,68	-0,94	66,38
1084	02.08.20 15:40:03	11,75	0,00	22,74	11,34	55,91
1085	02.08.20 15:40:04	11,84	0,00	30,61	9,89	49,50
1086	02.08.20 15:40:05	11,87	0,00	29,57	4,49	55,94
1087	02.08.20 15:40:06	11,94	0,00	28,46	6,06	55,48
1088	02.08.20 15:40:07	11,94	0,00	27,26	5,96	56,78
1089	02.08.20 15:40:08	12,00	0,00	29,60	1,62	58,78
1090	02.08.20 15:40:09	12,10	0,00	25,96	4,67	59,37
1091	02.08.20 15:40:10	12,16	0,00	28,98	8,82	52,20
1092	02.08.20 15:40:11	12,19	0,00	25,45	10,80	53,75
1093	02.08.20 15:40:12	12,25	0,00	33,34	7,61	49,05
1094	02.08.20 15:40:13	12,29	0,00	28,27	3,53	58,20
1095	02.08.20 15:40:14	12,35	0,00	35,53	5,24	49,23
1096	02.08.20 15:40:15	12,38	0,00	31,19	-0,78	58,03
1097	02.08.20 15:40:16	12,47	0,00	23,55	-9,28	57,16
1098	02.08.20 15:40:17	12,51	0,00	32,69	-1,86	55,45
1099	02.08.20 15:40:18	12,57	0,00	32,50	-7,90	49,60
1100	02.08.20 15:40:19	12,63	0,00	31,17	-4,84	53,99
1101	02.08.20 15:40:20	12,76	0,00	28,48	-9,50	52,02
1102	02.08.20 15:40:21	12,85	0,00	31,60	-8,93	49,47
1103	02.08.20 15:40:22	12,85	0,00	31,32	-4,88	53,80
1104	02.08.20 15:40:23	12,85	0,00	27,07	-6,62	56,31
1105	02.08.20 15:40:24	12,85	0,00	22,29	-3,45	64,26
1106	02.08.20 15:40:25	12,88	0,00	21,11	-3,24	65,66
1107	02.08.20 15:40:26	12,98	0,00	25,92	7,44	56,65
1108	02.08.20 15:40:27	13,07	0,00	32,87	12,54	44,59
1109	02.08.20 15:40:28	13,13	0,00	43,66	1,05	45,29
1110	02.08.20 15:40:29	13,19	0,00	36,68	3,34	49,98
1111	02.08.20 15:40:30	13,23	0,00	31,01	1,22	57,77
1112	02.08.20 15:40:31	13,29	0,00	36,41	-3,13	50,45
1113	02.08.20 15:40:32	13,32	0,00	59,54	-4,37	26,09
1114	02.08.20 15:40:33	13,38	0,00	17,48	-21,40	51,11
1115	02.08.20 15:40:34	13,47	0,00	36,00	-19,72	34,28
1116	02.08.20 15:40:35	13,54	0,00	62,38	-21,77	5,86
1117	02.08.20 15:40:36	13,47	0,00	60,03	-23,21	6,75
1118	02.08.20 15:40:37	13,32	0,11	67,73	-19,31	2,96
1119	02.08.20 15:40:38	13,10	0,15	59,12	-26,40	4,48
1120	02.08.20 15:40:39	12,94	0,20	49,71	-33,76	6,53
1121	02.08.20 15:40:40	12,79	0,25	57,82	-27,88	4,29
1122	02.08.20 15:40:41	12,69	0,22	58,56	-27,22	4,22
1123	02.08.20 15:40:42	12,57	0,25	59,78	-26,05	4,16
1124	02.08.20 15:40:43	12,47	0,25	60,95	-23,97	5,08
1125	02.08.20 15:40:44	12,35	0,25	61,63	-23,94	4,43
1126	02.08.20 15:40:45	12,25	0,27	57,68	-25,37	6,96
1127	02.08.20 15:40:46	12,16	0,29	59,28	-26,69	4,03
1128	02.08.20 15:40:47	12,03	0,29	59,56	-25,68	4,76
1129	02.08.20 15:40:48	11,91	0,32	58,92	-28,04	-3,05
1130	02.08.20 15:40:49	11,78	0,32	64,94	-18,32	-6,73
1131	02.08.20 15:40:50	11,65	0,34	71,19	-17,88	0,93
1132	02.08.20 15:40:51	11,56	0,34	70,34	-18,16	-1,50
1133	02.08.20 15:40:52	11,43	0,34	64,79	-23,45	1,76
1134	02.08.20 15:40:53	11,33	0,34	65,40	-22,86	1,74
1135	02.08.20 15:40:54	11,24	0,36	71,28	-16,43	2,29
1136	02.08.20 15:40:55	11,14	0,34	61,21	-25,31	3,47
1137	02.08.20 15:40:56	11,05	0,36	57,85	-29,38	2,77
1138	02.08.20 15:40:57	10,98	0,36	59,09	-27,55	3,36
1139	02.08.20 15:40:58	10,88	0,34	59,30	-27,08	3,62
1140	02.08.20 15:40:59	10,82	0,36	58,86	-28,07	3,07
1141	02.08.20 15:41:00	10,76	0,39	60,02	-25,82	4,17
1142	02.08.20 15:41:01	10,66	0,39	57,03	-31,31	1,66
1143	02.08.20 15:41:02	10,59	0,39	87,79	-1,18	-1,03
1144	02.08.20 15:41:03	10,53	0,36	63,05	-15,41	11,54
1145	02.08.20 15:41:04	10,47	0,39	53,81	-24,50	11,69
1146	02.08.20 15:41:05	10,37	0,39	37,43	-48,22	4,36
1147	02.08.20 15:41:06	10,30	0,41	29,80	-51,12	9,08
1148	02.08.20 15:41:07	10,27	0,41	68,53	-20,41	1,06
1149	02.08.20 15:41:08	10,21	0,39	61,97	-22,67	-5,36
1150	02.08.20 15:41:09	10,14	0,41	44,09	-36,13	9,79
1151	02.08.20 15:41:10	10,08	0,41	60,29	19,46	10,25
1152	02.08.20 15:41:11	10,01	0,44	53,94	26,55	9,51
1153	02.08.20 15:41:12	9,95	0,39	52,69	28,49	8,82
1154	02.08.20 15:41:13	9,88	0,39	68,01	17,52	4,47
1155	02.08.20 15:41:14	9,85	0,41	78,79	6,14	5,07
1156	02.08.20 15:41:15	9,78	0,44	77,47	4,41	8,12
1157	02.08.20 15:41:16	9,75	0,39	40,36	-6,60	43,03
1158	02.08.20 15:41:17	9,72	0,41	-12,04	-10,46	67,50
1159	02.08.20 15:41:18	9,65	0,41	-17,69	-6,87	65,44
1160	02.08.20 15:41:19	9,62	0,41	-13,88	1,04	75,08
1161	02.08.20 15:41:20	9,59	0,41	-14,87	-2,62	72,51
1162	02.08.20 15:41:21	9,55	0,39	-13,48	-4,94	71,57
1163	02.08.20 15:41:22	9,52	0,39	-5,23	-4,24	80,52
1164	02.08.20 15:41:23	9,49	0,41	-0,17	-4,56	85,27
1165	02.08.20 15:41:24	9,42	0,39	0,39	-2,78	86,83
1166	02.08.20 15:41:25	9,42	0,39	-10,04	-4,75	75,21
1167	02.08.20 15:41:26	9,39	0,39	-10,22	-6,57	73,21
1168	02.08.20 15:41:27	9,36	0,39	-10,18	-1,67	78,15
1169	02.08.20 15:41:28	9,32	0,36	-7,74	-2,84	79,41
1170	02.08.20 15:41:29	9,29	0,39	-5,32	-7,99	76,69
1171	02.08.20 15:41:30	9,26	0,39	-1,86	-4,10	84,04
1172	02.08.20 15:41:31	9,26	0,39	0,95	-1,69	87,36
1173	02.08.20 15:41:32	9,22	0,36	3,61	-4,21	82,18
1174	02.08.20 15:41:33	9,22	0,39	0,94	-5,26	83,80
1175	02.08.20 15:41:34	9,19	0,39	-11,49	-1,35	77,16
1176	02.08.20 15:41:35	9,16	0,39	-62,61	3,65	-23,74
1177	02.08.20 15:41:36	9,16	0,36	-67,10	12,29	10,61
1178	02.08.20 15:41:37	9,16	0,36	-68,46	12,07	9,47
1179	02.08.20 15:41:38	9,16	0,36	-68,46	12,11	9,43
1180	02.08.20 15:41:39	9,16	0,36	-68,55	11,50	9,95
1181	02.08.20 15:41:40	9,12	0,36	-68,87	11,33	9,79
1182	02.08.20 15:41:41	9,12	0,36	-70,68	10,07	9,25
1183	02.08.20 15:41:42	9,12	0,39	-70,76	10,78	8,46
1184	02.08.20 15:41:43	9,12	0,36	-69,99	10,41	9,60
1185	02.08.20 15:41:44	9,09	0,34	-70,21	10,71	9,07
1186	02.08.20 15:41:45	9,09	0,34	-69,10	10,54	10,35
1187	02.08.20 15:41:46	9,09	0,36	-71,05	9,61	9,34
1188	02.08.20 15:41:47	9,09	0,36	-70,82	9,85	9,33
1189	02.08.20 15:41:48	9,06	0,36	-71,50	9,52	8,98
1190	02.08.20 15:41:49	9,06	0,36	-71,01	10,26	8,73
1191	02.08.20 15:41:50	9,06	0,34	-70,00	9,89	10,11
1192	02.08.20 15:41:51	9,02	0,36	-70,90	9,49	9,61
1193	02.08.20 15:41:52	9,02	0,36	-67,76	16,57	-5,66
1194	02.08.20 15:41:53	9,02	0,34	12,21	76,37	1,42
1195	02.08.20 15:41:54	9,02	0,34	4,89	66,62	-18,48
1196	02.08.20 15:41:55	9,02	0,34	49,22	32,73	-8,05
1197	02.08.20 15:41:56	9,02	0,36	0,86	47,12	-42,03
1198	02.08.20 15:41:57	9,02	0,34	12,69	55,48	-21,83
1199	02.08.20 15:41:58	9,06	0,34	7,30	70,88	-11,83
1200	02.08.20 15:41:59	9,09	0,34	-35,94	13,79	-40,27
1201	02.08.20 15:42:00	9,39	0,65	-29,44	21,70	-38,86
1202	02.08.20 15:42:01	10,95	0,00	-57,25	30,37	-2,37
1203	02.08.20 15:42:02	11,84	0,00	-9,14	74,94	-5,92
1204	02.08.20 15:42:03	12,35	0,00	-6,07	66,03	-17,91
1205	02.08.20 15:42:04	12,60	0,00	-12,69	73,91	-3,39
1206	02.08.20 15:42:05	12,73	0,00	-1,59	40,78	-47,63
1207	02.08.20 15:42:06	12,82	0,00	-11,07	6,67	-72,26
1208	02.08.20 15:42:07	12,88	0,00	-0,36	3,33	-86,31
1209	02.08.20 15:42:08	12,91	0,00	16,73	4,24	-69,02
1210	02.08.20 15:42:09	12,94	0,00	-10,61	6,38	-73,01
1211	02.08.20 15:42:10	12,94	0,00	-3,41	5,83	-80,75
1212	02.08.20 15:42:11	12,98	0,00	-5,28	5,76	-78,96
1213	02.08.20 15:42:12	12,98	0,00	-5,66	6,15	-78,19
1214	02.08.20 15:42:13	12,98	0,00	-5,34	6,11	-78,55
1215	02.08.20 15:42:14	12,98	0,01	-5,66	5,86	-78,48
1216	02.08.20 15:42:15	12,98	0,04	-7,01	6,31	-76,68
1217	02.08.20 15:42:16	12,98	0,06	-8,38	5,89	-75,72
1218	02.08.20 15:42:17	12,98	0,08	-10,29	4,75	-74,96
1219	02.08.20 15:42:18	13,01	0,08	-11,71	5,52	-72,77
1220	02.08.20 15:42:19	13,01	0,11	-11,57	4,91	-73,52
1221	02.08.20 15:42:20	13,01	0,13	-10,26	5,34	-74,40
1222	02.08.20 15:42:21	13,01	0,13	-8,51	5,95	-75,54
1223	02.08.20 15:42:22	13,04	0,13	-6,27	6,81	-76,92
1224	02.08.20 15:42:23	13,04	0,15	-5,23	7,28	-77,49
1225	02.08.20 15:42:24	13,04	0,18	-4,72	6,67	-78,61
1226	02.08.20 15:42:25	13,04	0,20	-4,32	6,28	-79,39
1227	02.08.20 15:42:26	13,04	0,20	-3,62	7,01	-79,37
1228	02.08.20 15:42:27	13,04	0,20	-2,97	6,62	-80,41
1229	02.08.20 15:42:28	13,04	0,22	-2,45	6,53	-81,02
1230	02.08.20 15:42:29	13,04	0,22	-2,42	6,64	-80,94
1231	02.08.20 15:42:30	13,04	0,22	-2,11	7,02	-80,87
1232	02.08.20 15:42:31	13,04	0,22	-2,88	6,42	-80,70
1233	02.08.20 15:42:32	13,04	0,25	-3,09	6,57	-80,34
1234	02.08.20 15:42:33	13,04	0,25	-3,57	6,63	-79,80
1235	02.08.20 15:42:34	13,04	0,27	-2,33	6,25	-81,42
1236	02.08.20 15:42:35	13,04	0,25	-1,42	6,54	-82,04
1237	02.08.20 15:42:36	13,04	0,27	-0,90	6,47	-82,63
1238	02.08.20 15:42:37	13,04	0,27	-1,83	7,23	-80,94
1239	02.08.20 15:42:38	13,04	0,29	-2,29	6,11	-81,60
1240	02.08.20 15:42:39	13,04	0,29	-3,32	6,32	-80,37
1241	02.08.20 15:42:40	13,04	0,29	-2,69	6,26	-81,05
1242	02.08.20 15:42:41	13,04	0,29	-1,79	6,59	-81,62
1243	02.08.20 15:42:42	13,04	0,29	-0,79	6,18	-83,03
1244	02.08.20 15:42:43	13,04	0,32	-0,90	6,94	-82,16
1245	02.08.20 15:42:44	13,04	0,32	-1,89	6,68	-81,43
1246	02.08.20 15:42:45	13,04	0,32	-2,66	5,85	-81,49
1247	02.08.20 15:42:46	13,04	0,32	-2,09	6,33	-81,57
1248	02.08.20 15:42:47	13,04	0,34	-1,57	6,44	-82,00
1249	02.08.20 15:42:48	13,04	0,34	-2,55	6,87	-80,58
1250	02.08.20 15:42:49	13,04	0,32	-1,79	5,94	-82,27
1251	02.08.20 15:42:50	13,04	0,34	-1,84	6,02	-82,14
1252	02.08.20 15:42:51	13,04	0,32	-1,46	6,44	-82,09
1253	02.08.20 15:42:52	13,04	0,32	-1,12	6,97	-81,91
1254	02.08.20 15:42:53	13,04	0,34	-2,61	6,44	-80,95
1255	02.08.20 15:42:54	13,04	0,34	-2,93	5,28	-81,79
1256	02.08.20 15:42:55	13,04	0,34	-2,57	6,29	-81,14
1257	02.08.20 15:42:56	13,04	0,34	-1,53	6,88	-81,59
1258	02.08.20 15:42:57	13,04	0,34	-0,65	6,04	-83,31
1259	02.08.20 15:42:58	13,04	0,34	-2,00	6,49	-81,51
1260	02.08.20 15:42:59	13,04	0,34	-2,32	6,61	-81,07
1261	02.08.20 15:43:00	13,07	0,34	-2,38	5,66	-81,96
1262	02.08.20 15:43:01	13,07	0,34	-2,64	6,00	-81,37
1263	02.08.20 15:43:02	13,07	0,34	-2,26	6,79	-80,96
1264	02.08.20 15:43:03	13,07	0,34	-1,56	6,51	-81,92
1265	02.08.20 15:43:04	13,07	0,36	-1,48	6,41	-82,11
1266	02.08.20 15:43:05	13,07	0,36	-1,89	5,81	-82,31
1267	02.08.20 15:43:06	13,07	0,34	-2,54	5,69	-81,77
1268	02.08.20 15:43:07	13,07	0,36	-2,47	5,00	-82,53
1269	02.08.20 15:43:08	13,07	0,36	-2,14	4,38	-83,48
1270	02.08.20 15:43:09	13,07	0,34	-1,00	5,35	-83,66
1271	02.08.20 15:43:10	13,07	0,34	-0,19	6,68	-83,13
1272	02.08.20 15:43:11	13,07	0,34	-0,31	5,07	-84,62
1273	02.08.20 15:43:12	13,07	0,36	-1,06	5,10	-83,84
1274	02.08.20 15:43:13	13,07	0,34	-2,34	4,07	-83,59
1275	02.08.20 15:43:14	13,07	0,36	-3,32	5,45	-81,23
1276	02.08.20 15:43:15	13,07	0,36	-3,50	5,10	-81,40
1277	02.08.20 15:43:16	13,10	0,34	-4,92	5,37	-79,71
1278	02.08.20 15:43:17	13,10	0,34	-5,37	4,85	-79,78
1279	02.08.20 15:43:18	13,10	0,36	-7,17	5,22	-77,61
1280	02.08.20 15:43:19	13,10	0,34	-7,72	5,48	-76,80
1281	02.08.20 15:43:20	13,10	0,34	-8,24	5,02	-76,74
1282	02.08.20 15:43:21	13,10	0,34	-8,34	4,63	-77,03
1283	02.08.20 15:43:22	13,13	0,36	-8,27	5,67	-76,06
1284	02.08.20 15:43:23	13,13	0,34	-7,74	5,26	-77,00
1285	02.08.20 15:43:24	13,13	0,34	-8,82	4,85	-76,33
1286	02.08.20 15:43:25	13,13	0,34	-8,35	5,31	-76,35
1287	02.08.20 15:43:26	13,16	0,34	-9,08	4,71	-76,21
1288	02.08.20 15:43:27	13,16	0,34	-8,61	5,87	-75,52
1289	02.08.20 15:43:28	13,16	0,34	-9,07	4,98	-75,95
1290	02.08.20 15:43:29	13,16	0,36	-9,29	4,79	-75,92
1291	02.08.20 15:43:30	13,16	0,34	-9,16	5,38	-75,46
1292	02.08.20 15:43:31	13,19	0,39	-9,27	4,69	-76,03
1293	02.08.20 15:43:32	13,19	0,36	-9,64	4,44	-75,92
1294	02.08.20 15:43:33	13,19	0,36	-10,01	5,30	-74,69
1295	02.08.20 15:43:34	13,19	0,36	-10,31	4,75	-74,94
1296	02.08.20 15:43:35	13,19	0,39	-10,34	3,99	-75,66
1297	02.08.20 15:43:36	13,19	0,36	-9,82	4,81	-75,37
1298	02.08.20 15:43:37	13,23	0,36	-9,01	5,87	-75,12
1299	02.08.20 15:43:38	13,23	0,36	-9,62	5,34	-75,05
1300	02.08.20 15:43:39	13,23	0,39	-9,58	3,85	-76,57
1301	02.08.20 15:43:40	13,23	0,36	-9,04	5,24	-75,72
1302	02.08.20 15:43:41	13,23	0,36	-9,23	6,20	-74,56
1303	02.08.20 15:43:42	13,26	0,36	-9,62	4,63	-75,75
1304	02.08.20 15:43:43	13,26	0,36	-8,99	4,42	-76,59
1305	02.08.20 15:43:44	13,26	0,36	-9,31	5,10	-75,59
1306	02.08.20 15:43:45	13,26	0,36	-9,71	5,57	-74,73
1307	02.08.20 15:43:46	13,26	0,36	-10,55	5,33	-74,12
1308	02.08.20 15:43:47	13,26	0,36	-10,34	4,60	-75,06
1309	02.08.20 15:43:48	13,29	0,36	-8,30	5,13	-76,58
1310	02.08.20 15:43:49	13,29	0,36	-6,88	6,18	-76,94
1311	02.08.20 15:43:50	13,29	0,36	-5,63	5,36	-79,01
1312	02.08.20 15:43:51	13,29	0,36	-2,86	5,20	-81,94
1313	02.08.20 15:43:52	13,29	0,36	-0,41	6,22	-83,37
1314	02.08.20 15:43:53	13,29	0,36	1,75	6,64	-81,60
1315	02.08.20 15:43:54	13,32	0,34	2,48	5,97	-81,56
1316	02.08.20 15:43:55	13,32	0,34	3,20	5,96	-80,84
1317	02.08.20 15:43:56	13,32	0,36	2,99	6,13	-80,88
1318	02.08.20 15:43:57	13,32	0,36	2,58	6,95	-80,47
1319	02.08.20 15:43:58	13,32	0,34	0,73	7,14	-82,13
1320	02.08.20 15:43:59	13,32	0,36	-0,28	5,94	-83,78
1321	02.08.20 15:44:00	13,32	0,36	-1,02	6,20	-82,78
1322	02.08.20 15:44:01	13,32	0,36	-2,08	7,59	-80,33
1323	02.08.20 15:44:02	13,32	0,36	-3,26	6,98	-79,77
1324	02.08.20 15:44:03	13,32	0,34	-3,89	6,12	-79,99
1325	02.08.20 15:44:04	13,32	0,36	-3,95	6,36	-79,68
1326	02.08.20 15:44:05	13,32	0,36	-3,24	7,07	-79,69
1327	02.08.20 15:44:06	13,32	0,36	-3,25	6,45	-80,30
1328	02.08.20 15:44:07	13,32	0,36	-3,02	7,15	-79,83
1329	02.08.20 15:44:08	13,32	0,36	-2,97	6,66	-80,37
1330	02.08.20 15:44:09	13,35	0,36	-2,46	6,97	-80,57
1331	02.08.20 15:44:10	13,35	0,39	-1,39	6,47	-82,14
1332	02.08.20 15:44:11	13,35	0,36	0,03	6,52	-83,45
1333	02.08.20 15:44:12	13,35	0,36	0,03	8,08	-81,89
1334	02.08.20 15:44:13	13,35	0,36	-1,66	7,40	-80,93
1335	02.08.20 15:44:14	13,35	0,36	-2,59	5,98	-81,43
1336	02.08.20 15:44:15	13,38	0,36	-3,99	6,40	-79,61
1337	02.08.20 15:44:16	13,38	0,34	-4,93	7,02	-78,05
1338	02.08.20 15:44:17	13,38	0,34	-5,59	6,89	-77,52
1339	02.08.20 15:44:18	13,38	0,36	-6,56	6,42	-77,02
1340	02.08.20 15:44:19	13,38	0,36	-7,51	6,26	-76,23
1341	02.08.20 15:44:20	13,41	0,39	-6,83	6,68	-76,49
1342	02.08.20 15:44:21	13,41	0,39	-5,40	6,50	-78,10
1343	02.08.20 15:44:22	13,41	0,36	-3,48	6,49	-80,03
1344	02.08.20 15:44:23	13,44	0,36	-2,74	6,91	-80,35
1345	02.08.20 15:44:24	13,44	0,36	-0,83	6,77	-82,40
1346	02.08.20 15:44:25	13,44	0,36	0,34	7,19	-82,47
1347	02.08.20 15:44:26	13,44	0,36	1,15	7,51	-81,34
1348	02.08.20 15:44:27	13,44	0,36	1,20	6,61	-82,19
1349	02.08.20 15:44:28	13,47	0,36	1,94	6,97	-81,10
1350	02.08.20 15:44:29	13,47	0,36	1,06	7,51	-81,43
1351	02.08.20 15:44:30	13,47	0,36	0,37	7,63	-82,00
1352	02.08.20 15:44:31	13,47	0,36	-0,56	6,57	-82,88
1353	02.08.20 15:44:32	13,47	0,39	-1,32	6,85	-81,83
1354	02.08.20 15:44:33	13,50	0,36	-2,46	7,73	-79,81
1355	02.08.20 15:44:34	13,50	0,36	-3,87	7,16	-78,97
1356	02.08.20 15:44:35	13,50	0,36	-3,84	5,85	-80,31
1357	02.08.20 15:44:36	13,50	0,36	-3,04	6,65	-80,31
1358	02.08.20 15:44:37	13,50	0,36	-3,24	7,64	-79,11
1359	02.08.20 15:44:38	13,50	0,36	-3,71	7,05	-79,23
1360	02.08.20 15:44:39	13,54	0,36	-3,21	6,37	-80,42
1361	02.08.20 15:44:40	13,54	0,36	-2,57	6,96	-80,47
1362	02.08.20 15:44:41	13,54	0,34	-2,73	7,53	-79,74
1363	02.08.20 15:44:42	13,57	0,34	-2,26	6,75	-80,99
1364	02.08.20 15:44:43	13,57	0,36	-2,08	6,61	-81,31
1365	02.08.20 15:44:44	13,57	0,34	-1,58	6,94	-81,49
1366	02.08.20 15:44:45	13,57	0,34	-0,03	7,07	-82,90
1367	02.08.20 15:44:46	13,60	0,34	0,37	7,33	-82,31
1368	02.08.20 15:44:47	13,60	0,34	0,03	7,18	-82,79
1369	02.08.20 15:44:48	13,60	0,34	-0,03	6,88	-83,09
1370	02.08.20 15:44:49	13,60	0,36	-0,09	7,62	-82,29
1371	02.08.20 15:44:50	13,63	0,34	-1,06	7,33	-81,60
1372	02.08.20 15:44:51	13,63	0,34	-2,04	7,01	-80,95
1373	02.08.20 15:44:52	13,63	0,34	-2,95	7,32	-79,73
1374	02.08.20 15:44:53	13,63	0,34	-3,50	7,02	-79,48
1375	02.08.20 15:44:54	13,63	0,34	-4,45	6,67	-78,88
1376	02.08.20 15:44:55	13,66	0,36	-4,45	6,76	-78,80
1377	02.08.20 15:44:56	13,66	0,36	-3,85	6,72	-79,43
1378	02.08.20 15:44:57	13,66	0,36	-4,08	7,14	-78,78
1379	02.08.20 15:44:58	13,66	0,36	-3,34	6,79	-79,87
1380	02.08.20 15:44:59	13,69	0,36	-2,07	6,90	-81,04
1381	02.08.20 15:45:00	13,69	0,36	-1,52	7,00	-81,48
1382	02.08.20 15:45:01	13,69	0,36	-1,11	7,08	-81,81
1383	02.08.20 15:45:02	13,69	0,36	-1,31	7,55	-81,14
1384	02.08.20 15:45:03	13,69	0,36	-0,87	6,89	-82,24
1385	02.08.20 15:45:04	13,72	0,36	-0,93	7,05	-82,02
1386	02.08.20 15:45:05	13,72	0,39	-1,16	7,15	-81,69
1387	02.08.20 15:45:06	13,72	0,36	-1,38	6,82	-81,80
1388	02.08.20 15:45:07	13,72	0,36	-1,27	6,91	-81,82
1389	02.08.20 15:45:08	13,72	0,36	-1,68	7,26	-81,05
1390	02.08.20 15:45:09	13,75	0,39	-2,51	7,00	-80,49
1391	02.08.20 15:45:10	13,75	0,36	-2,92	6,29	-80,78
1392	02.08.20 15:45:11	13,75	0,36	-2,46	6,96	-80,58
1393	02.08.20 15:45:12	13,75	0,36	-2,51	7,49	-79,99
1394	02.08.20 15:45:13	13,75	0,36	-3,25	6,85	-79,89
1395	02.08.20 15:45:14	13,78	0,36	-3,19	6,87	-79,94
1396	02.08.20 15:45:15	13,78	0,34	-3,96	7,03	-79,01
1397	02.08.20 15:45:16	13,78	0,36	-4,08	6,99	-78,92
1398	02.08.20 15:45:17	13,78	0,36	-3,74	6,52	-79,74
1399	02.08.20 15:45:18	13,81	0,36	-2,60	6,56	-80,84
1400	02.08.20 15:45:19	13,81	0,36	-2,59	7,56	-79,85
1401	02.08.20 15:45:20	13,81	0,36	-2,94	6,89	-80,17
1402	02.08.20 15:45:21	13,81	0,34	-2,76	6,23	-81,02
1403	02.08.20 15:45:22	13,81	0,34	-1,96	6,69	-81,35
1404	02.08.20 15:45:23	13,85	0,34	-1,13	7,18	-81,69
1405	02.08.20 15:45:24	13,85	0,36	-1,60	7,70	-80,70
1406	02.08.20 15:45:25	13,85	0,36	-2,20	6,69	-81,11
1407	02.08.20 15:45:26	13,85	0,34	-1,84	6,30	-81,86
1408	02.08.20 15:45:27	13,85	0,34	-1,04	7,33	-81,63
1409	02.08.20 15:45:28	13,88	0,36	-1,19	7,87	-80,94
1410	02.08.20 15:45:29	13,88	0,36	-1,52	6,97	-81,51
1411	02.08.20 15:45:30	13,88	0,36	-1,21	6,78	-82,01
1412	02.08.20 15:45:31	13,88	0,36	-0,56	7,05	-82,38
1413	02.08.20 15:45:32	13,88	0,36	0,19	7,30	-82,52
1414	02.08.20 15:45:33	13,91	0,36	-1,23	7,84	-80,94
1415	02.08.20 15:45:34	13,91	0,36	-1,95	6,42	-81,63
1416	02.08.20 15:45:35	13,91	0,36	-2,10	6,92	-80,98
1417	02.08.20 15:45:36	13,94	0,36	-3,07	7,83	-79,09
1418	02.08.20 15:45:37	13,94	0,36	-3,78	6,85	-79,37
1419	02.08.20 15:45:38	13,94	0,36	-3,88	6,53	-79,59
1420	02.08.20 15:45:39	13,94	0,34	-3,34	6,73	-79,93
1421	02.08.20 15:45:40	13,94	0,36	-2,63	7,06	-80,31
1422	02.08.20 15:45:41	13,97	0,34	-2,96	7,25	-79,79
1423	02.08.20 15:45:42	13,97	0,34	-3,62	7,27	-79,11
1424	02.08.20 15:45:43	13,97	0,36	-2,58	5,93	-81,49
1425	02.08.20 15:45:44	14,00	0,36	-1,03	6,77	-82,20
1426	02.08.20 15:45:45	14,00	0,34	-0,83	8,15	-81,02
1427	02.08.20 15:45:46	14,00	0,36	-1,25	7,19	-81,56
1428	02.08.20 15:45:47	14,00	0,34	-1,50	6,67	-81,82
1429	02.08.20 15:45:48	14,03	0,36	-1,44	6,78	-81,78
1430	02.08.20 15:45:49	14,03	0,34	-1,19	7,52	-81,29
1431	02.08.20 15:45:50	14,03	0,34	-1,75	7,00	-81,25
1432	02.08.20 15:45:51	14,06	0,34	-2,51	7,15	-80,34
1433	02.08.20 15:45:52	14,06	0,34	-4,37	6,97	-78,66
1434	02.08.20 15:45:53	14,06	0,36	-4,63	6,29	-79,08
1435	02.08.20 15:45:54	14,06	0,36	-3,23	6,89	-79,88
1436	02.08.20 15:45:55	14,09	0,36	-2,76	6,54	-80,71
1437	02.08.20 15:45:56	14,09	0,36	-2,03	7,40	-80,58
1438	02.08.20 15:45:57	14,09	0,36	-2,38	7,35	-80,28
1439	02.08.20 15:45:58	14,09	0,36	-1,23	6,44	-82,33
1440	02.08.20 15:45:59	14,12	0,39	0,57	6,95	-82,48
1441	02.08.20 15:46:00	14,12	0,39	0,50	7,58	-81,93
1442	02.08.20 15:46:01	14,12	0,36	-0,21	7,60	-82,19
1443	02.08.20 15:46:02	14,15	0,36	-0,74	6,85	-82,41
1444	02.08.20 15:46:03	14,15	0,36	-0,81	6,93	-82,26
1445	02.08.20 15:46:04	14,15	0,36	-1,38	7,51	-81,11
1446	02.08.20 15:46:05	14,15	0,39	-2,70	7,01	-80,30
1447	02.08.20 15:46:06	14,19	0,36	-3,40	6,67	-79,93
1448	02.08.20 15:46:07	14,19	0,36	-3,89	7,16	-78,96
1449	02.08.20 15:46:08	14,19	0,34	-3,99	6,51	-79,49
1450	02.08.20 15:46:09	14,19	0,36	-3,72	6,59	-79,69
1451	02.08.20 15:46:10	14,22	0,36	-3,76	7,26	-78,98
1452	02.08.20 15:46:11	14,22	0,34	-3,94	6,84	-79,22
1453	02.08.20 15:46:12	14,22	0,36	-2,39	6,88	-80,73
1454	02.08.20 15:46:13	14,25	0,36	-1,68	6,93	-81,39
1455	02.08.20 15:46:14	14,25	0,34	-1,16	6,92	-81,92
1456	02.08.20 15:46:15	14,25	0,36	-1,03	7,43	-81,54
1457	02.08.20 15:46:16	14,25	0,34	-1,49	7,56	-80,95
1458	02.08.20 15:46:17	14,28	0,34	-0,62	6,56	-82,82
1459	02.08.20 15:46:18	14,28	0,34	-0,90	7,35	-81,75
1460	02.08.20 15:46:19	14,28	0,34	-0,95	7,46	-81,59
1461	02.08.20 15:46:20	14,31	0,36	-0,68	6,67	-82,65
1462	02.08.20 15:46:21	14,31	0,36	-1,34	7,31	-81,35
1463	02.08.20 15:46:22	14,31	0,36	-2,07	7,17	-80,76
1464	02.08.20 15:46:23	14,31	0,36	-1,66	6,98	-81,36
1465	02.08.20 15:46:24	14,31	0,36	-2,27	7,10	-80,63
1466	02.08.20 15:46:25	14,34	0,36	-2,25	7,13	-80,62
1467	02.08.20 15:46:26	14,34	0,36	-2,50	7,53	-79,98
1468	02.08.20 15:46:27	14,34	0,36	-2,82	6,79	-80,39
1469	02.08.20 15:46:28	14,34	0,36	-3,57	7,00	-79,43
1470	02.08.20 15:46:29	14,34	0,36	-3,82	6,63	-79,55
1471	02.08.20 15:46:30	14,37	0,36	-2,43	6,64	-80,93
1472	02.08.20 15:46:31	14,37	0,36	-2,51	7,42	-80,07
1473	02.08.20 15:46:32	14,37	0,36	-2,39	7,34	-80,27
1474	02.08.20 15:46:33	14,40	0,34	-2,54	6,25	-81,21
1475	02.08.20 15:46:34	14,40	0,36	-1,65	6,54	-81,81
1476	02.08.20 15:46:35	14,40	0,36	-1,82	7,84	-80,34
1477	02.08.20 15:46:36	14,43	0,36	-2,38	7,12	-80,50
1478	02.08.20 15:46:37	14,43	0,36	-1,85	6,30	-81,86
1479	02.08.20 15:46:38	14,43	0,36	-1,28	6,97	-81,74
1480	02.08.20 15:46:39	14,43	0,34	-1,98	7,65	-80,37
1481	02.08.20 15:46:40	14,46	0,36	-2,45	7,10	-80,44
1482	02.08.20 15:46:41	14,46	0,34	-2,35	6,38	-81,27
1483	02.08.20 15:46:42	14,46	0,36	-1,87	6,80	-81,34
1484	02.08.20 15:46:43	14,49	0,34	-0,86	7,68	-81,46
1485	02.08.20 15:46:44	14,49	0,34	-1,15	6,89	-81,97
1486	02.08.20 15:46:45	14,49	0,34	-1,16	7,01	-81,83
1487	02.08.20 15:46:46	14,52	0,34	-1,08	7,22	-81,71
1488	02.08.20 15:46:47	14,52	0,34	-1,41	7,14	-81,45
1489	02.08.20 15:46:48	14,52	0,34	-1,91	7,06	-81,03
1490	02.08.20 15:46:49	14,52	0,34	-2,29	6,76	-80,95
1491	02.08.20 15:46:50	14,55	0,36	-2,08	7,01	-80,92
1492	02.08.20 15:46:51	14,55	0,39	-2,56	7,62	-79,82
1493	02.08.20 15:46:52	14,55	0,36	-3,35	6,57	-80,08
1494	02.08.20 15:46:53	14,55	0,36	-3,41	6,53	-80,06
1495	02.08.20 15:46:54	14,58	0,39	-3,66	6,94	-79,40
1496	02.08.20 15:46:55	14,58	0,36	-3,26	7,38	-79,36
1497	02.08.20 15:46:56	14,58	0,36	-3,07	7,11	-79,82
1498	02.08.20 15:46:57	14,62	0,36	-1,89	6,83	-81,29
1499	02.08.20 15:46:58	14,62	0,36	-1,14	7,05	-81,81
1500	02.08.20 15:46:59	14,62	0,36	-0,32	7,14	-82,54
1501	02.08.20 15:47:00	14,62	0,36	0,25	7,72	-82,03
1502	02.08.20 15:47:01	14,65	0,36	0,42	7,42	-82,16
1503	02.08.20 15:47:02	14,65	0,36	0,28	6,74	-82,98
1504	02.08.20 15:47:03	14,65	0,36	0,31	7,51	-82,18
1505	02.08.20 15:47:04	14,68	0,36	-0,89	7,67	-81,43
1506	02.08.20 15:47:05	14,68	0,36	-2,26	7,25	-80,49
1507	02.08.20 15:47:06	14,68	0,36	-2,32	6,57	-81,11
1508	02.08.20 15:47:07	14,68	0,36	-3,09	7,05	-79,85
1509	02.08.20 15:47:08	14,71	0,36	-3,64	7,25	-79,11
1510	02.08.20 15:47:09	14,71	0,34	-3,97	6,94	-79,09
1511	02.08.20 15:47:10	14,71	0,36	-3,59	6,19	-80,22
1512	02.08.20 15:47:11	14,74	0,34	-2,27	7,12	-80,61
1513	02.08.20 15:47:12	14,74	0,34	-2,34	7,89	-79,77
1514	02.08.20 15:47:13	14,74	0,36	-2,51	6,89	-80,60
1515	02.08.20 15:47:14	14,77	0,39	-1,61	6,30	-82,09
1516	02.08.20 15:47:15	14,77	0,36	-0,85	7,71	-81,44
1517	02.08.20 15:47:16	14,77	0,36	-1,05	8,24	-80,72
1518	02.08.20 15:47:17	14,80	0,36	-1,45	6,30	-82,25
1519	02.08.20 15:47:18	14,80	0,36	-0,89	6,82	-82,29
1520	02.08.20 15:47:19	14,80	0,36	-0,86	8,05	-81,10
1521	02.08.20 15:47:20	14,80	0,36	-1,35	7,26	-81,39
1522	02.08.20 15:47:21	14,80	0,36	-1,97	6,54	-81,49
1523	02.08.20 15:47:22	14,80	0,36	-1,92	7,06	-81,02
1524	02.08.20 15:47:23	14,83	0,36	-3,03	7,45	-79,52
1525	02.08.20 15:47:24	14,83	0,36	-3,15	6,56	-80,29
1526	02.08.20 15:47:25	14,83	0,36	-3,91	7,43	-78,66
1527	02.08.20 15:47:26	14,83	0,36	-4,11	6,96	-78,93
1528	02.08.20 15:47:27	14,86	0,36	-3,51	6,05	-80,43
1529	02.08.20 15:47:28	14,86	0,34	-3,90	7,53	-78,57
1530	02.08.20 15:47:29	14,86	0,36	-3,60	7,47	-78,92
1531	02.08.20 15:47:30	14,89	0,34	-2,64	6,05	-81,31
1532	02.08.20 15:47:31	14,89	0,34	-1,87	6,83	-81,30
1533	02.08.20 15:47:32	14,89	0,34	-2,14	8,26	-79,60
1534	02.08.20 15:47:33	14,92	0,34	-2,40	7,06	-80,55
1535	02.08.20 15:47:34	14,92	0,34	-1,69	5,81	-82,50
1536	02.08.20 15:47:35	14,92	0,36	-0,67	7,48	-81,85
1537	02.08.20 15:47:36	14,92	0,34	-1,62	8,70	-79,68
1538	02.08.20 15:47:37	14,95	0,36	-1,81	6,50	-81,69
1539	02.08.20 15:47:38	14,95	0,36	-1,23	6,40	-82,37
1540	02.08.20 15:47:39	14,95	0,34	-1,87	7,89	-80,24
1541	02.08.20 15:47:40	14,98	0,34	-2,00	6,93	-81,07
1542	02.08.20 15:47:41	14,98	0,34	-1,92	6,32	-81,76
1543	02.08.20 15:47:42	14,98	0,36	-2,44	8,07	-79,49
1544	02.08.20 15:47:43	15,01	0,36	-4,08	7,24	-78,68
1545	02.08.20 15:47:44	15,01	0,36	-3,64	5,83	-80,54
1546	02.08.20 15:47:45	15,01	0,36	-2,74	6,83	-80,43
1547	02.08.20 15:47:46	15,01	0,36	-2,42	7,77	-79,81
1548	02.08.20 15:47:47	15,04	0,34	-1,74	7,01	-81,25
1549	02.08.20 15:47:48	15,04	0,36	-1,63	6,64	-81,72
1550	02.08.20 15:47:49	15,04	0,36	-1,70	7,56	-80,73
1551	02.08.20 15:47:50	15,04	0,36	-1,45	7,57	-80,98
1552	02.08.20 15:47:51	15,07	0,36	-1,70	6,43	-81,87
1553	02.08.20 15:47:52	15,07	0,36	-2,70	7,39	-79,90
1554	02.08.20 15:47:53	15,07	0,34	-4,41	7,44	-78,15
1555	02.08.20 15:47:54	15,10	0,36	-4,90	6,42	-78,68
1556	02.08.20 15:47:55	15,10	0,36	-4,19	6,06	-79,75
1557	02.08.20 15:47:56	15,10	0,36	-3,71	7,58	-78,71
1558	02.08.20 15:47:57	15,13	0,34	-3,95	7,67	-78,38
1559	02.08.20 15:47:58	15,13	0,36	-3,73	6,03	-80,24
1560	02.08.20 15:47:59	15,13	0,36	-3,26	7,20	-79,54
1561	02.08.20 15:48:00	15,13	0,36	-3,06	7,68	-79,25
1562	02.08.20 15:48:01	15,17	0,34	-2,94	6,76	-80,30
1563	02.08.20 15:48:02	15,17	0,36	-2,25	6,35	-81,39
1564	02.08.20 15:48:03	15,17	0,36	-1,84	7,49	-80,67
1565	02.08.20 15:48:04	15,17	0,34	-1,52	7,50	-80,98
1566	02.08.20 15:48:05	15,20	0,36	-1,80	6,56	-81,64
1567	02.08.20 15:48:06	15,20	0,36	-1,82	6,82	-81,36
1568	02.08.20 15:48:07	15,20	0,34	-1,87	7,48	-80,65
1569	02.08.20 15:48:08	15,23	0,36	-1,72	7,13	-81,15
1570	02.08.20 15:48:09	15,23	0,36	-1,98	7,26	-80,76
1571	02.08.20 15:48:10	15,23	0,36	-1,85	6,64	-81,51
1572	02.08.20 15:48:11	15,23	0,36	-1,91	7,24	-80,86
1573	02.08.20 15:48:12	15,26	0,36	-2,55	7,76	-79,69
1574	02.08.20 15:48:13	15,26	0,36	-3,07	6,42	-80,51
1575	02.08.20 15:48:14	15,26	0,36	-2,75	6,64	-80,61
1576	02.08.20 15:48:15	15,26	0,36	-3,01	7,72	-79,27
1577	02.08.20 15:48:16	15,29	0,36	-3,30	7,30	-79,39
1578	02.08.20 15:48:17	15,29	0,36	-3,05	6,39	-80,56
1579	02.08.20 15:48:18	15,29	0,39	-2,99	6,82	-80,19
1580	02.08.20 15:48:19	15,29	0,36	-3,10	7,03	-79,87
1581	02.08.20 15:48:20	15,32	0,34	-2,91	7,35	-79,73
1582	02.08.20 15:48:21	15,32	0,36	-3,48	7,32	-79,19
1583	02.08.20 15:48:22	15,32	0,36	-3,94	6,84	-79,22
1584	02.08.20 15:48:23	15,35	0,36	-2,62	6,35	-81,03
1585	02.08.20 15:48:24	15,35	0,34	-1,96	7,38	-80,66
1586	02.08.20 15:48:25	15,35	0,36	-2,04	8,00	-79,96
1587	02.08.20 15:48:26	15,35	0,36	-2,70	6,73	-80,57
1588	02.08.20 15:48:27	15,38	0,36	-1,90	6,33	-81,77
1589	02.08.20 15:48:28	15,38	0,36	-2,14	7,92	-79,94
1590	02.08.20 15:48:29	15,38	0,36	-2,22	7,22	-80,56
1591	02.08.20 15:48:30	15,41	0,36	-2,19	6,47	-81,35
1592	02.08.20 15:48:31	15,41	0,34	-2,48	7,87	-79,66
1593	02.08.20 15:48:32	15,41	0,34	-2,77	6,96	-80,26
1594	02.08.20 15:48:33	15,41	0,36	-2,09	6,93	-80,98
1595	02.08.20 15:48:34	15,44	0,36	-1,79	7,59	-80,62
1596	02.08.20 15:48:35	15,44	0,36	-2,39	6,82	-80,80
1597	02.08.20 15:48:36	15,44	0,36	-1,58	6,70	-81,72
1598	02.08.20 15:48:37	15,44	0,36	-1,31	7,53	-81,16
1599	02.08.20 15:48:38	15,47	0,39	-1,51	7,79	-80,69
1600	02.08.20 15:48:39	15,47	0,36	-2,30	6,61	-81,09
1601	02.08.20 15:48:40	15,47	0,36	-2,07	6,49	-81,43
1602	02.08.20 15:48:41	15,50	0,36	-2,05	7,32	-80,62
1603	02.08.20 15:48:42	15,50	0,36	-2,86	7,89	-79,24
1604	02.08.20 15:48:43	15,50	0,36	-3,76	6,81	-79,43
1605	02.08.20 15:48:44	15,53	0,36	-2,82	6,32	-80,86
1606	02.08.20 15:48:45	15,53	0,34	-2,14	7,35	-80,51
1607	02.08.20 15:48:46	15,53	0,34	-2,60	8,06	-79,35
1608	02.08.20 15:48:47	15,53	0,34	-2,75	6,40	-80,85
1609	02.08.20 15:48:48	15,56	0,36	-2,94	6,35	-80,71
1610	02.08.20 15:48:49	15,56	0,34	-2,16	7,53	-80,31
1611	02.08.20 15:48:50	15,56	0,34	-2,47	7,51	-80,02
1612	02.08.20 15:48:51	15,59	0,34	-3,03	6,97	-79,99
1613	02.08.20 15:48:52	15,59	0,34	-2,81	6,25	-80,94
1614	02.08.20 15:48:53	15,59	0,36	-2,59	7,34	-80,08
1615	02.08.20 15:48:54	15,59	0,34	-2,74	7,64	-79,62
1616	02.08.20 15:48:55	15,62	0,34	-2,87	6,98	-80,14
1617	02.08.20 15:48:56	15,62	0,36	-2,23	6,69	-81,08
1618	02.08.20 15:48:57	15,62	0,34	-2,72	7,03	-80,25
1619	02.08.20 15:48:58	15,62	0,34	-1,70	7,48	-80,82
1620	02.08.20 15:48:59	15,65	0,34	-1,96	7,15	-80,88
1621	02.08.20 15:49:00	15,65	0,34	-2,20	7,18	-80,62
1622	02.08.20 15:49:01	15,65	0,34	-2,01	6,90	-81,10
1623	02.08.20 15:49:02	15,65	0,34	-57,21	-25,77	-7,02
1624	02.08.20 15:49:03	15,68	0,36	-21,41	-36,58	32,01
1625	02.08.20 15:49:04	15,71	0,36	-40,39	-28,93	20,68
1626	02.08.20 15:49:05	15,74	0,34	-40,30	-30,45	19,25
1627	02.08.20 15:49:06	15,77	0,36	-46,58	-14,19	29,23
1628	02.08.20 15:49:07	15,77	0,34	-67,96	-2,86	19,18
1629	02.08.20 15:49:08	15,80	0,34	-59,44	-12,20	18,36
1630	02.08.20 15:49:09	15,80	0,34	-18,39	-11,22	60,39
1631	02.08.20 15:49:10	15,83	0,32	-25,84	-23,80	40,36
1632	02.08.20 15:49:11	15,83	0,32	-7,52	2,56	79,92
1633	02.08.20 15:49:12	15,86	0,34	-4,86	2,48	82,66
1634	02.08.20 15:49:13	15,86	0,34	-5,04	2,89	82,07
1635	02.08.20 15:49:14	15,86	0,34	-5,63	2,69	81,68
1636	02.08.20 15:49:15	15,86	0,34	-5,89	3,56	80,55
1637	02.08.20 15:49:16	15,86	0,34	-4,26	2,67	83,07
1638	02.08.20 15:49:17	15,89	0,36	-4,58	1,78	83,64
1639	02.08.20 15:49:18	15,89	0,34	-6,11	2,45	81,45
1640	02.08.20 15:49:19	15,89	0,34	-4,65	2,59	82,76
1641	02.08.20 15:49:20	15,89	0,34	-5,33	2,39	82,28
1642	02.08.20 15:49:21	15,89	0,36	-5,34	1,61	83,04
1643	02.08.20 15:49:22	15,89	0,36	-6,54	1,59	81,88
1644	02.08.20 15:49:23	15,92	0,36	-4,87	1,10	84,03
1645	02.08.20 15:49:24	15,92	0,36	-5,03	2,04	82,94
1646	02.08.20 15:49:25	15,92	0,36	-6,09	2,03	81,89
1647	02.08.20 15:49:26	15,92	0,36	-5,38	2,39	82,23
1648	02.08.20 15:49:27	15,92	0,34	-5,49	2,37	82,13
1649	02.08.20 15:49:28	15,95	0,36	-5,97	2,74	81,29
1650	02.08.20 15:49:29	15,95	0,36	-5,97	3,04	80,98
1651	02.08.20 15:49:30	15,95	0,36	-5,29	2,18	82,53
1652	02.08.20 15:49:31	15,95	0,36	-5,75	2,66	81,59
1653	02.08.20 15:49:32	15,95	0,36	-6,02	2,14	81,83
1654	02.08.20 15:49:33	15,95	0,36	-5,56	2,06	82,38
1655	02.08.20 15:49:34	15,99	0,36	-5,15	1,81	83,04
1656	02.08.20 15:49:35	15,99	0,36	-5,35	0,67	83,98
1657	02.08.20 15:49:36	15,99	0,36	-5,54	0,85	83,61
1658	02.08.20 15:49:37	15,99	0,36	-5,36	0,65	83,99
1659	02.08.20 15:49:38	15,99	0,34	-4,99	1,54	83,47
1660	02.08.20 15:49:39	16,02	0,34	-4,97	0,74	84,29
1661	02.08.20 15:49:40	16,02	0,34	-5,51	0,61	83,88
1662	02.08.20 15:49:41	16,02	0,36	-5,85	1,04	83,11
1663	02.08.20 15:49:42	16,02	0,34	-4,51	1,38	84,12
1664	02.08.20 15:49:43	16,02	0,36	-5,14	1,25	83,61
1665	02.08.20 15:49:44	16,02	0,36	-5,66	0,64	83,70
1666	02.08.20 15:49:45	16,05	0,34	-5,86	2,38	81,75
1667	02.08.20 15:49:46	16,05	0,36	-5,76	2,98	81,25
1668	02.08.20 15:49:47	16,05	0,36	-5,81	3,43	80,76
1669	02.08.20 15:49:48	16,05	0,36	-6,07	4,25	79,69
1670	02.08.20 15:49:49	16,08	0,36	-5,55	3,41	81,05
1671	02.08.20 15:49:50	16,08	0,36	-6,17	3,49	80,34
1672	02.08.20 15:49:51	16,08	0,34	-6,03	3,04	80,92
1673	02.08.20 15:49:52	16,08	0,34	-5,16	2,84	82,00
1674	02.08.20 15:49:53	16,08	0,34	-5,80	2,71	81,49
1675	02.08.20 15:49:54	16,08	0,36	-7,96	2,18	79,86
1676	02.08.20 15:49:55	16,11	0,36	-1,25	85,70	-3,05
1677	02.08.20 15:49:56	16,11	0,34	-19,92	52,27	17,80
1678	02.08.20 15:49:57	16,11	0,34	-4,43	33,49	-52,08
1679	02.08.20 15:49:58	16,14	0,36	11,21	25,23	53,56
1680	02.08.20 15:49:59	16,14	0,36	24,55	-2,54	62,91
1681	02.08.20 15:50:00	16,17	0,36	29,50	9,97	50,54
1682	02.08.20 15:50:01	16,17	0,36	20,33	6,45	63,22
1683	02.08.20 15:50:02	16,17	0,36	31,10	17,52	41,38
1684	02.08.20 15:50:03	16,20	0,36	21,71	13,74	54,55
1685	02.08.20 15:50:04	16,20	0,36	16,21	11,02	62,77
1686	02.08.20 15:50:05	16,20	0,34	27,38	17,05	45,57
1687	02.08.20 15:50:06	16,20	0,34	22,73	24,61	42,65
1688	02.08.20 15:50:07	16,20	0,36	18,88	27,21	43,91
1689	02.08.20 15:50:08	16,23	0,34	9,32	12,02	68,66
1690	02.08.20 15:50:09	16,23	0,36	3,29	17,07	69,64
1691	02.08.20 15:50:10	16,26	0,36	20,66	18,89	50,45
1692	02.08.20 15:50:11	16,26	0,32	8,47	21,24	60,29
1693	02.08.20 15:50:12	16,26	0,34	14,65	24,93	50,42
1694	02.08.20 15:50:13	16,29	0,34	3,47	18,49	68,04
1695	02.08.20 15:50:14	16,29	0,34	20,68	16,73	52,59
1696	02.08.20 15:50:15	16,32	0,32	19,41	19,37	51,22
1697	02.08.20 15:50:16	16,32	0,34	17,69	20,15	52,17
1698	02.08.20 15:50:17	16,32	0,34	11,01	20,40	58,59
1699	02.08.20 15:50:18	16,35	0,34	16,61	20,09	53,30
1700	02.08.20 15:50:19	16,35	0,36	20,80	13,44	55,76
1701	02.08.20 15:50:20	16,35	0,34	15,34	15,22	59,45
1702	02.08.20 15:50:21	16,38	0,34	14,05	16,21	59,74
1703	02.08.20 15:50:22	16,38	0,34	11,64	9,60	68,76
1704	02.08.20 15:50:23	16,38	0,34	13,61	31,00	45,39
1705	02.08.20 15:50:24	16,41	0,34	15,01	16,53	58,46
1706	02.08.20 15:50:25	16,41	0,36	9,87	13,83	66,30
1707	02.08.20 15:50:26	16,41	0,34	5,98	65,97	18,05
1708	02.08.20 15:50:27	16,44	0,34	3,87	56,71	29,42
1709	02.08.20 15:50:28	16,44	0,34	7,01	57,28	25,71
1710	02.08.20 15:50:29	16,44	0,32	9,14	51,32	29,54
1711	02.08.20 15:50:30	16,47	0,36	16,50	39,23	34,27
1712	02.08.20 15:50:31	16,47	0,34	30,67	-14,11	45,22
1713	02.08.20 15:50:32	16,50	0,34	22,39	-15,90	51,71
1714	02.08.20 15:50:33	16,50	0,34	22,07	-17,49	50,44
1715	02.08.20 15:50:34	16,50	0,34	21,52	-16,37	52,11
1716	02.08.20 15:50:35	16,50	0,34	22,13	-15,91	51,96
1717	02.08.20 15:50:36	16,50	0,34	23,28	-15,83	50,89
1718	02.08.20 15:50:37	16,50	0,32	22,98	-14,34	52,67
1719	02.08.20 15:50:38	16,53	0,34	23,41	-14,57	52,02
1720	02.08.20 15:50:39	16,53	0,34	23,40	-15,38	51,23
1721	02.08.20 15:50:40	16,53	0,34	23,02	-14,42	52,56
1722	02.08.20 15:50:41	16,53	0,34	23,30	-15,12	51,58
1723	02.08.20 15:50:42	16,53	0,34	22,91	-16,08	51,01
1724	02.08.20 15:50:43	16,56	0,34	22,00	-16,65	51,35
1725	02.08.20 15:50:44	16,56	0,32	22,05	-16,16	51,79
1726	02.08.20 15:50:45	16,56	0,34	22,20	-17,82	49,98
1727	02.08.20 15:50:46	16,56	0,34	21,35	-18,33	50,32
1728	02.08.20 15:50:47	16,56	0,34	20,75	-18,81	50,44
1729	02.08.20 15:50:48	16,56	0,34	20,70	-18,52	50,78
1730	02.08.20 15:50:49	16,59	0,36	21,54	-18,39	50,07
1731	02.08.20 15:50:50	16,59	0,36	21,34	-19,00	49,66
1732	02.08.20 15:50:51	16,59	0,36	21,82	-16,76	51,42
1733	02.08.20 15:50:52	16,59	0,36	20,92	-17,10	51,98
1734	02.08.20 15:50:53	16,62	0,36	21,36	-19,23	49,41
1735	02.08.20 15:50:54	16,62	0,36	20,81	-19,01	50,18
1736	02.08.20 15:50:55	16,62	0,34	19,86	-18,71	51,43
1737	02.08.20 15:50:56	16,62	0,36	20,76	-18,92	50,32
1738	02.08.20 15:50:57	16,62	0,36	21,11	-19,40	49,49
1739	02.08.20 15:50:58	16,62	0,36	20,11	-19,28	50,61
1740	02.08.20 15:50:59	16,65	0,36	20,44	-18,43	51,13
1741	02.08.20 15:51:00	16,65	0,36	21,83	-18,44	49,74
1742	02.08.20 15:51:01	16,65	0,36	21,11	-19,55	49,33
1743	02.08.20 15:51:02	16,68	0,36	20,32	-17,96	51,71
1744	02.08.20 15:51:03	16,68	0,36	21,19	-17,73	51,08
1745	02.08.20 15:51:04	16,71	0,34	22,63	-19,01	48,36
1746	02.08.20 15:51:05	16,71	0,34	21,35	-19,54	49,11
1747	02.08.20 15:51:06	16,71	0,34	19,87	-18,77	51,36
1748	02.08.20 15:51:07	16,71	0,34	20,05	-19,80	50,15
1749	02.08.20 15:51:08	16,74	0,34	21,36	-20,19	48,44
1750	02.08.20 15:51:09	16,74	0,36	20,03	-21,07	48,89
1751	02.08.20 15:51:10	16,74	0,34	18,96	-20,55	50,49
1752	02.08.20 15:51:11	16,74	0,34	20,23	-19,81	49,96
1753	02.08.20 15:51:12	16,74	0,34	20,19	-20,25	49,56
1754	02.08.20 15:51:13	16,77	0,34	20,17	-20,80	49,03
1755	02.08.20 15:51:14	16,77	0,34	19,71	-19,58	50,71
1756	02.08.20 15:51:15	16,77	0,36	20,31	-19,72	49,97
1757	02.08.20 15:51:16	16,77	0,34	21,11	-20,11	48,78
1758	02.08.20 15:51:17	16,80	0,36	20,29	-19,39	50,31
1759	02.08.20 15:51:18	16,80	0,36	20,07	-19,49	50,44
1760	02.08.20 15:51:19	16,80	0,39	21,30	-19,40	49,30
1761	02.08.20 15:51:20	16,80	0,34	20,60	-19,81	49,59
1762	02.08.20 15:51:21	16,80	0,36	20,01	-20,48	49,51
1763	02.08.20 15:51:22	16,83	0,36	19,29	-20,37	50,33
1764	02.08.20 15:51:23	16,83	0,36	19,78	-20,77	49,46
1765	02.08.20 15:51:24	16,83	0,36	19,55	-22,08	48,37
1766	02.08.20 15:51:25	16,86	0,36	18,84	-21,05	50,11
1767	02.08.20 15:51:26	16,86	0,36	19,33	-20,45	50,22
1768	02.08.20 15:51:27	16,86	0,36	20,41	-21,74	47,85
1769	02.08.20 15:51:28	16,89	0,36	19,58	-21,34	49,08
1770	02.08.20 15:51:29	16,89	0,34	18,83	-20,01	51,16
1771	02.08.20 15:51:30	16,89	0,36	20,09	-20,87	49,05
1772	02.08.20 15:51:31	16,89	0,36	20,84	-19,98	49,19
1773	02.08.20 15:51:32	16,89	0,34	19,90	-19,55	50,55
1774	02.08.20 15:51:33	16,92	0,36	20,43	-19,53	50,05
1775	02.08.20 15:51:34	16,92	0,36	20,92	-19,41	49,67
1776	02.08.20 15:51:35	16,92	0,36	20,55	-19,99	49,46
1777	02.08.20 15:51:36	16,92	0,36	20,43	-19,26	50,31
1778	02.08.20 15:51:37	16,95	0,36	20,54	-19,55	49,91
1779	02.08.20 15:51:38	16,95	0,36	20,34	-19,97	49,69
1780	02.08.20 15:51:39	16,95	0,36	20,39	-19,83	49,78
1781	02.08.20 15:51:40	16,98	0,34	20,14	-20,60	49,26
1782	02.08.20 15:51:41	16,98	0,34	19,95	-20,35	49,70
1783	02.08.20 15:51:42	16,98	0,34	20,08	-19,94	49,99
1784	02.08.20 15:51:43	16,98	0,34	19,97	-20,64	49,39
1785	02.08.20 15:51:44	16,98	0,34	19,54	-20,59	49,88
1786	02.08.20 15:51:45	17,01	0,36	19,74	-20,34	49,92
1787	02.08.20 15:51:46	17,01	0,36	19,62	-21,41	48,98
1788	02.08.20 15:51:47	17,01	0,36	19,61	-21,52	48,88
1789	02.08.20 15:51:48	17,01	0,36	19,34	-20,38	50,28
1790	02.08.20 15:51:49	17,04	0,36	20,19	-20,58	49,22
1791	02.08.20 15:51:50	17,04	0,36	20,47	-20,19	49,34
1792	02.08.20 15:51:51	17,04	0,36	20,29	-20,06	49,65
1793	02.08.20 15:51:52	17,07	0,36	19,99	-20,16	49,85
1794	02.08.20 15:51:53	17,07	0,36	20,17	-20,06	49,77
1795	02.08.20 15:51:54	17,07	0,36	20,16	-20,30	49,54
1796	02.08.20 15:51:55	17,07	0,36	19,52	-20,37	50,12
1797	02.08.20 15:51:56	17,07	0,36	19,98	-20,46	49,56
1798	02.08.20 15:51:57	17,10	0,36	19,37	-21,24	49,39
1799	02.08.20 15:51:58	17,10	0,34	19,36	-21,31	49,34
1800	02.08.20 15:51:59	17,10	0,36	19,29	-21,83	48,88
1801	02.08.20 15:52:00	17,10	0,39	19,31	-21,47	49,21
1802	02.08.20 15:52:01	17,13	0,36	19,28	-21,35	49,36
1803	02.08.20 15:52:02	17,13	0,34	19,06	-20,08	50,87
1804	02.08.20 15:52:03	17,13	0,36	20,47	-20,81	48,73
1805	02.08.20 15:52:04	17,16	0,34	19,76	-20,71	49,53
1806	02.08.20 15:52:05	17,16	0,36	19,37	-20,20	50,42
1807	02.08.20 15:52:06	17,16	0,34	20,09	-19,95	49,96
1808	02.08.20 15:52:07	17,16	0,34	20,76	-19,78	49,46
1809	02.08.20 15:52:08	17,16	0,34	20,12	-19,79	50,09
1810	02.08.20 15:52:09	17,19	0,34	20,32	-20,01	49,68
1811	02.08.20 15:52:10	17,19	0,36	20,54	-19,44	50,01
1812	02.08.20 15:52:11	17,19	0,34	19,77	-20,60	49,63
1813	02.08.20 15:52:12	17,19	0,36	19,22	-20,61	50,17
1814	02.08.20 15:52:13	17,22	0,34	20,10	-19,74	50,17
1815	02.08.20 15:52:14	17,22	0,34	19,41	-22,41	48,17
1816	02.08.20 15:52:15	17,22	0,34	17,67	-23,50	48,83
1817	02.08.20 15:52:16	17,22	0,34	16,65	-22,83	50,51
1818	02.08.20 15:52:17	17,25	0,39	17,75	-22,31	49,93
1819	02.08.20 15:52:18	17,25	0,36	18,92	-23,08	47,99
1820	02.08.20 15:52:19	17,25	0,36	17,79	-23,73	48,48
1821	02.08.20 15:52:20	17,25	0,36	17,16	-23,24	49,60
1822	02.08.20 15:52:21	17,25	0,36	17,81	-22,28	49,91
1823	02.08.20 15:52:22	17,25	0,36	19,17	-21,73	49,11
1824	02.08.20 15:52:23	17,28	0,39	19,44	-21,42	49,14
1825	02.08.20 15:52:24	17,28	0,36	19,86	-19,56	50,57
1826	02.08.20 15:52:25	17,28	0,36	20,61	-18,90	50,49
1827	02.08.20 15:52:26	17,28	0,39	20,90	-19,78	49,33
1828	02.08.20 15:52:27	17,31	0,36	20,44	-19,45	50,11
1829	02.08.20 15:52:28	17,31	0,36	20,07	-19,38	50,56
1830	02.08.20 15:52:29	17,31	0,36	20,25	-20,67	49,08
1831	02.08.20 15:52:30	17,31	0,36	19,90	-20,69	49,41
1832	02.08.20 15:52:31	17,34	0,36	19,14	-20,67	50,19
1833	02.08.20 15:52:32	17,34	0,34	19,25	-22,68	48,07
1834	02.08.20 15:52:33	17,34	0,36	18,18	-23,14	48,69
1835	02.08.20 15:52:34	17,34	0,36	17,70	-22,44	49,86
1836	02.08.20 15:52:35	17,34	0,36	18,88	-22,24	48,88
1837	02.08.20 15:52:36	17,34	0,36	19,22	-22,53	48,26
1838	02.08.20 15:52:37	17,37	0,36	18,45	-22,31	49,24
1839	02.08.20 15:52:38	17,37	0,34	19,18	-21,67	49,15
1840	02.08.20 15:52:39	17,37	0,36	19,49	-20,72	49,78
1841	02.08.20 15:52:40	17,40	0,36	20,15	-20,34	49,52
1842	02.08.20 15:52:41	17,40	0,36	20,60	-20,80	48,60
1843	02.08.20 15:52:42	17,40	0,36	20,11	-20,49	49,41
1844	02.08.20 15:52:43	17,40	0,34	19,28	-20,80	49,93
1845	02.08.20 15:52:44	17,40	0,36	19,77	-21,25	48,97
1846	02.08.20 15:52:45	17,43	0,36	19,71	-21,61	48,69
1847	02.08.20 15:52:46	17,43	0,36	18,48	-21,53	50,00
1848	02.08.20 15:52:47	17,43	0,36	18,76	-22,04	49,20
1849	02.08.20 15:52:48	17,43	0,34	19,00	-22,54	48,46
1850	02.08.20 15:52:49	17,46	0,36	18,50	-21,86	49,63
1851	02.08.20 15:52:50	17,46	0,36	19,21	-21,56	49,23
1852	02.08.20 15:52:51	17,46	0,34	19,69	-21,51	48,80
1853	02.08.20 15:52:52	17,46	0,34	19,40	-21,19	49,40
1854	02.08.20 15:52:53	17,46	0,34	19,34	-21,24	49,42
1855	02.08.20 15:52:54	17,49	0,36	18,80	-22,14	49,06
1856	02.08.20 15:52:55	17,49	0,36	18,43	-21,60	49,97
1857	02.08.20 15:52:56	17,49	0,36	19,12	-21,66	49,22
1858	02.08.20 15:52:57	17,49	0,36	18,87	-23,00	48,13
1859	02.08.20 15:52:58	17,49	0,39	17,98	-22,66	49,35
1860	02.08.20 15:52:59	17,52	0,36	-11,58	-71,90	6,53
1861	02.08.20 15:53:00	17,52	0,36	-86,23	-2,29	-1,48
1862	02.08.20 15:53:01	17,52	0,36	-78,35	-4,96	6,69
1863	02.08.20 15:53:02	17,55	0,36	-81,31	-4,35	4,34
1864	02.08.20 15:53:03	17,58	0,34	-77,94	-4,71	-7,35
1865	02.08.20 15:53:04	17,58	0,34	-58,87	-10,65	20,48
1866	02.08.20 15:53:05	17,61	0,29	-29,14	15,91	44,96
1867	02.08.20 15:53:06	17,79	0,36	-39,46	11,60	38,94
1868	02.08.20 15:53:07	18,02	0,34	9,00	50,03	30,97
1869	02.08.20 15:53:08	18,17	0,39	-7,81	48,04	34,15
1870	02.08.20 15:53:09	18,23	0,41	0,86	50,44	38,70
1871	02.08.20 15:53:10	18,26	0,44	-3,92	45,68	40,40
1872	02.08.20 15:53:11	18,29	0,44	-28,08	-59,05	-2,87
1873	02.08.20 15:53:12	18,29	0,46	36,12	-43,12	-10,76
1874	02.08.20 15:53:13	18,29	0,39	38,78	-40,51	-10,71
1875	02.08.20 15:53:14	18,35	0,36	48,74	-30,74	-10,53
1876	02.08.20 15:53:15	18,41	0,32	-17,49	-66,69	-5,81
1877	02.08.20 15:53:16	18,62	0,36	-39,47	-38,19	12,34
1878	02.08.20 15:53:17	18,80	0,34	-30,36	-22,42	-37,22
1879	02.08.20 15:53:18	18,94	0,27	-13,52	-16,62	-59,87
1880	02.08.20 15:53:19	19,12	0,18	-65,10	22,39	2,52
