#0	Date-time:	13/08/2020 8:21:44 AM
#1	Recorder:	39H1067
#2	File type:	1
#3	Columns:	7
#4	Channels:	5
#5	Field separation:	0
#6	Decimal point:	0
#7	Date def.:	0	0
#8	Time def.:	0
#9	Channel 1:	Temperature(°C)	Temp(°C)	2	1
#10	Channel 2:	Pressure(Bar)	Press(Bar)	2	1
#11	Reconvertion:	0
#14	Channel 3:	Tilt-X(°)	Tilt-X(°)	2	1
#18	Channel 4:	Tilt-Y(°)	Tilt-Y(°)	2	1
#19	Line color:	1	2	3	4
#22	Channel 5:	Tilt-Z(°)	Tilt-Z(°)	2	1
#30	Trend Type Number:	3
#33	Limit Temp. Corr. OTCR:	1
1	13.08.20 07:53:00	22,42	0,37	-18,65	3,33	68,02
2	13.08.20 07:53:01	22,42	0,37	-17,63	3,46	68,92
3	13.08.20 07:53:02	22,42	0,35	-17,93	3,57	68,51
4	13.08.20 07:53:03	22,39	0,35	-18,83	4,18	66,99
5	13.08.20 07:53:04	22,39	0,35	-18,16	3,69	68,16
6	13.08.20 07:53:05	22,39	0,35	-17,25	3,28	69,47
7	13.08.20 07:53:06	22,39	0,37	-18,56	3,75	67,70
8	13.08.20 07:53:07	22,39	0,37	-18,90	4,01	67,09
9	13.08.20 07:53:08	22,39	0,35	-18,14	3,85	68,01
10	13.08.20 07:53:09	22,36	0,37	-17,56	3,30	69,13
11	13.08.20 07:53:10	22,36	0,37	-18,08	2,75	69,17
12	13.08.20 07:53:11	22,36	0,37	-18,70	2,27	69,03
13	13.08.20 07:53:12	22,36	0,35	-18,87	1,29	69,85
14	13.08.20 07:53:13	22,36	0,35	-18,90	0,42	70,69
15	13.08.20 07:53:14	22,33	0,35	-19,06	-0,12	70,82
16	13.08.20 07:53:15	22,33	0,35	-19,28	-0,77	69,95
17	13.08.20 07:53:16	22,33	0,37	-18,89	-1,60	69,51
18	13.08.20 07:53:17	22,33	0,37	-18,62	-2,49	68,88
19	13.08.20 07:53:18	22,33	0,37	-19,33	-2,77	67,89
20	13.08.20 07:53:19	22,33	0,37	-18,36	-3,27	68,38
21	13.08.20 07:53:20	22,33	0,37	-18,50	-3,28	68,22
22	13.08.20 07:53:21	22,30	0,35	-16,71	-16,89	56,40
23	13.08.20 07:53:22	22,30	0,35	74,62	-5,13	10,24
24	13.08.20 07:53:23	22,30	0,35	67,92	-11,71	10,37
25	13.08.20 07:53:24	22,30	0,35	69,49	-10,58	9,93
26	13.08.20 07:53:25	22,30	0,35	70,39	7,86	11,74
27	13.08.20 07:53:26	22,30	0,35	58,29	19,73	11,98
28	13.08.20 07:53:27	22,30	0,35	61,28	18,65	10,07
29	13.08.20 07:53:28	22,27	0,37	61,45	11,81	16,74
30	13.08.20 07:53:29	22,27	0,35	62,53	1,98	25,50
31	13.08.20 07:53:30	22,27	0,35	62,91	1,36	25,73
32	13.08.20 07:53:31	22,27	0,37	63,88	1,44	24,67
33	13.08.20 07:53:32	22,27	0,37	63,79	1,90	24,31
34	13.08.20 07:53:33	22,27	0,35	63,68	2,14	24,18
35	13.08.20 07:53:34	22,27	0,35	63,32	2,41	24,26
36	13.08.20 07:53:35	22,24	0,35	63,63	2,10	24,27
37	13.08.20 07:53:36	22,24	0,37	63,12	2,16	24,72
38	13.08.20 07:53:37	22,24	0,35	63,26	2,21	24,52
39	13.08.20 07:53:38	22,24	0,35	63,55	2,61	23,84
40	13.08.20 07:53:39	22,24	0,37	64,17	2,04	23,79
41	13.08.20 07:53:40	22,24	0,35	63,58	2,81	23,61
42	13.08.20 07:53:41	22,24	0,35	63,36	3,03	23,61
43	13.08.20 07:53:42	22,21	0,35	62,97	3,23	23,80
44	13.08.20 07:53:43	22,21	0,35	62,51	3,19	24,30
45	13.08.20 07:53:44	22,21	0,37	62,07	3,36	24,57
46	13.08.20 07:53:45	22,21	0,35	61,95	2,83	25,22
47	13.08.20 07:53:46	22,21	0,35	62,00	2,93	25,06
48	13.08.20 07:53:47	22,21	0,35	62,18	3,01	24,81
49	13.08.20 07:53:48	22,21	0,35	62,57	2,85	24,58
50	13.08.20 07:53:49	22,21	0,37	62,58	2,63	24,79
51	13.08.20 07:53:50	22,21	0,35	62,20	2,83	24,98
52	13.08.20 07:53:51	22,18	0,37	61,78	2,88	25,35
53	13.08.20 07:53:52	22,18	0,35	61,94	2,63	25,43
54	13.08.20 07:53:53	22,18	0,37	61,85	2,49	25,66
55	13.08.20 07:53:54	22,18	0,35	61,85	2,66	25,50
56	13.08.20 07:53:55	22,18	0,35	62,53	2,68	24,79
57	13.08.20 07:53:56	22,18	0,35	62,90	2,43	24,68
58	13.08.20 07:53:57	22,18	0,35	63,09	2,41	24,50
59	13.08.20 07:53:58	22,18	0,35	62,89	2,77	24,34
60	13.08.20 07:53:59	22,16	0,37	63,35	1,93	24,72
61	13.08.20 07:54:00	22,16	0,37	62,43	1,58	25,99
62	13.08.20 07:54:01	22,16	0,35	62,26	2,24	25,50
63	13.08.20 07:54:02	22,16	0,35	63,20	1,78	25,02
64	13.08.20 07:54:03	22,16	0,35	63,75	1,72	24,53
65	13.08.20 07:54:04	22,16	0,35	64,40	1,97	23,63
66	13.08.20 07:54:05	22,16	0,37	63,14	2,60	24,26
67	13.08.20 07:54:06	22,16	0,35	60,44	4,36	25,21
68	13.08.20 07:54:07	22,16	0,37	60,06	5,05	24,89
69	13.08.20 07:54:08	22,16	0,35	54,07	20,76	15,17
70	13.08.20 07:54:09	22,16	0,37	59,98	20,90	9,12
71	13.08.20 07:54:10	22,16	0,35	46,44	33,71	9,86
72	13.08.20 07:54:11	22,13	0,35	57,50	20,40	12,10
73	13.08.20 07:54:12	22,13	0,35	58,19	18,27	13,54
74	13.08.20 07:54:13	22,13	0,37	62,57	17,08	10,35
75	13.08.20 07:54:14	22,13	0,35	61,31	20,69	8,00
76	13.08.20 07:54:15	22,13	0,37	57,30	23,17	9,53
77	13.08.20 07:54:16	22,13	0,37	60,09	19,31	10,60
78	13.08.20 07:54:17	22,13	0,35	59,64	19,60	10,76
79	13.08.20 07:54:18	22,13	0,35	56,82	18,64	14,54
80	13.08.20 07:54:19	22,13	0,35	61,58	16,74	11,68
81	13.08.20 07:54:20	22,13	0,35	58,48	20,51	11,01
82	13.08.20 07:54:21	22,10	0,35	61,47	17,45	11,08
83	13.08.20 07:54:22	22,10	0,37	13,22	63,87	12,91
84	13.08.20 07:54:23	22,10	0,35	-5,29	0,83	83,89
85	13.08.20 07:54:24	22,10	0,37	-4,84	-30,44	54,72
86	13.08.20 07:54:25	22,10	0,35	-4,64	-32,86	52,51
87	13.08.20 07:54:26	22,10	0,37	-3,97	-31,93	54,10
88	13.08.20 07:54:27	22,10	0,35	3,56	-47,78	38,66
89	13.08.20 07:54:28	22,10	0,56	73,20	12,65	4,15
90	13.08.20 07:54:29	21,63	0,43	60,29	18,43	11,28
91	13.08.20 07:54:30	21,51	0,43	61,39	15,25	13,36
92	13.08.20 07:54:31	21,48	0,43	35,87	16,18	37,95
93	13.08.20 07:54:32	21,25	0,50	46,81	-2,26	40,93
94	13.08.20 07:54:33	21,10	0,52	41,75	3,35	44,90
95	13.08.20 07:54:34	21,04	0,50	38,40	8,18	43,42
96	13.08.20 07:54:35	21,02	0,48	35,63	1,46	52,91
97	13.08.20 07:54:36	20,96	0,43	19,20	33,97	36,84
98	13.08.20 07:54:37	20,90	0,48	22,75	12,10	55,15
99	13.08.20 07:54:38	20,84	0,50	31,31	-46,34	12,35
100	13.08.20 07:54:39	20,81	0,50	25,24	-30,21	34,55
101	13.08.20 07:54:40	20,75	0,52	23,33	-12,06	54,61
102	13.08.20 07:54:41	20,72	0,50	28,99	-34,21	26,79
103	13.08.20 07:54:42	20,66	0,48	20,65	-11,08	58,28
104	13.08.20 07:54:43	20,60	0,48	23,11	-9,11	57,78
105	13.08.20 07:54:44	20,60	0,48	19,34	9,89	60,77
106	13.08.20 07:54:45	20,58	0,48	22,96	-15,79	51,24
107	13.08.20 07:54:46	20,58	0,50	18,77	6,33	64,90
108	13.08.20 07:54:47	20,55	0,54	20,11	-4,60	65,29
109	13.08.20 07:54:48	20,55	0,54	25,58	-0,90	63,52
110	13.08.20 07:54:49	20,52	0,56	30,38	-4,53	55,09
111	13.08.20 07:54:50	20,46	0,58	27,39	7,63	54,98
112	13.08.20 07:54:51	20,46	0,62	42,95	-13,67	33,39
113	13.08.20 07:54:52	20,46	0,62	37,67	-4,77	47,56
114	13.08.20 07:54:53	20,46	0,65	39,80	-15,00	35,21
115	13.08.20 07:54:54	20,43	0,65	38,00	-0,74	51,26
116	13.08.20 07:54:55	20,43	0,65	35,72	-21,16	33,11
117	13.08.20 07:54:56	20,43	0,67	35,96	-10,58	43,46
118	13.08.20 07:54:57	20,40	0,67	33,39	3,34	53,27
119	13.08.20 07:54:58	20,37	0,69	46,67	-24,78	18,56
120	13.08.20 07:54:59	20,37	0,71	40,09	-8,04	41,87
121	13.08.20 07:55:00	20,37	0,71	45,38	-6,63	38,00
122	13.08.20 07:55:01	20,37	0,73	50,18	-12,32	27,50
123	13.08.20 07:55:02	20,37	0,73	50,71	-7,33	31,96
124	13.08.20 07:55:03	20,34	0,75	50,53	-4,42	35,05
125	13.08.20 07:55:04	20,34	0,77	54,16	-3,36	32,48
126	13.08.20 07:55:05	20,34	0,77	56,26	-1,45	32,29
127	13.08.20 07:55:06	20,34	0,79	54,12	2,76	33,12
128	13.08.20 07:55:07	20,34	0,79	56,25	0,48	33,27
129	13.08.20 07:55:08	20,34	0,79	55,95	3,40	30,65
130	13.08.20 07:55:09	20,31	0,82	56,65	2,09	31,26
131	13.08.20 07:55:10	20,31	0,79	54,94	1,61	33,45
132	13.08.20 07:55:11	20,34	0,82	56,82	2,39	30,79
133	13.08.20 07:55:12	20,34	0,79	57,96	2,39	29,65
134	13.08.20 07:55:13	20,34	0,82	57,43	2,10	30,46
135	13.08.20 07:55:14	20,34	0,82	56,31	4,37	29,33
136	13.08.20 07:55:15	20,31	0,82	55,65	4,82	29,53
137	13.08.20 07:55:16	20,31	0,84	54,35	4,68	30,97
138	13.08.20 07:55:17	20,31	0,84	58,13	4,05	27,82
139	13.08.20 07:55:18	20,31	0,84	58,76	4,54	26,70
140	13.08.20 07:55:19	20,28	0,86	58,80	3,87	27,33
141	13.08.20 07:55:20	20,28	0,86	58,61	3,11	28,28
142	13.08.20 07:55:21	20,28	0,88	63,95	2,19	23,86
143	13.08.20 07:55:22	20,28	0,90	62,40	2,82	24,77
144	13.08.20 07:55:23	20,25	0,88	60,76	5,06	24,18
145	13.08.20 07:55:24	20,25	0,90	60,54	5,81	23,65
146	13.08.20 07:55:25	20,25	0,90	61,04	5,28	23,68
147	13.08.20 07:55:26	20,25	0,90	60,98	6,40	22,62
148	13.08.20 07:55:27	20,25	0,92	60,44	8,88	20,67
149	13.08.20 07:55:28	20,25	0,97	62,19	7,56	20,26
150	13.08.20 07:55:29	20,22	0,92	62,18	8,09	19,73
151	13.08.20 07:55:30	20,19	0,96	60,01	11,69	18,31
152	13.08.20 07:55:31	20,16	0,99	58,96	13,40	17,64
153	13.08.20 07:55:32	20,11	1,01	60,54	11,65	17,81
154	13.08.20 07:55:33	20,05	1,05	58,25	14,85	16,90
155	13.08.20 07:55:34	19,99	1,07	59,10	13,73	17,18
156	13.08.20 07:55:35	19,99	1,07	57,39	13,34	19,28
157	13.08.20 07:55:36	19,96	1,09	57,48	14,32	18,20
158	13.08.20 07:55:37	19,96	1,09	57,96	15,51	16,52
159	13.08.20 07:55:38	19,96	1,11	56,04	16,21	17,75
160	13.08.20 07:55:39	19,93	1,13	57,50	13,00	19,50
161	13.08.20 07:55:40	19,93	1,15	57,48	14,14	18,37
162	13.08.20 07:55:41	19,93	1,18	56,21	17,09	16,70
163	13.08.20 07:55:42	19,87	1,20	57,26	15,10	17,63
164	13.08.20 07:55:43	19,87	1,22	57,71	12,25	20,04
165	13.08.20 07:55:44	19,84	1,20	56,98	13,74	19,29
166	13.08.20 07:55:45	19,81	1,22	56,99	14,77	18,24
167	13.08.20 07:55:46	19,81	1,26	57,71	13,14	19,15
168	13.08.20 07:55:47	19,75	1,26	57,34	13,23	19,43
169	13.08.20 07:55:48	19,69	1,30	57,43	13,63	18,94
170	13.08.20 07:55:49	19,60	1,30	56,81	14,76	18,43
171	13.08.20 07:55:50	19,57	1,32	56,69	14,86	18,44
172	13.08.20 07:55:51	19,52	1,34	57,60	12,90	19,49
173	13.08.20 07:55:52	19,49	1,32	56,71	14,75	18,54
174	13.08.20 07:55:53	19,43	1,38	56,51	16,06	17,42
175	13.08.20 07:55:54	19,37	1,38	57,55	12,88	19,57
176	13.08.20 07:55:55	19,34	1,43	56,48	14,49	19,03
177	13.08.20 07:55:56	19,34	1,43	56,88	16,33	16,79
178	13.08.20 07:55:57	19,28	1,45	56,32	15,45	18,24
179	13.08.20 07:55:58	19,25	1,45	55,57	14,95	19,47
180	13.08.20 07:55:59	19,22	1,49	55,51	14,71	19,78
181	13.08.20 07:56:00	19,16	1,51	57,28	14,08	18,64
182	13.08.20 07:56:01	19,16	1,53	56,70	13,00	20,30
183	13.08.20 07:56:02	19,13	1,53	56,72	13,48	19,80
184	13.08.20 07:56:03	19,04	1,57	56,83	11,96	21,21
185	13.08.20 07:56:04	18,98	1,57	55,43	11,04	23,53
186	13.08.20 07:56:05	18,98	1,62	56,11	12,16	21,73
187	13.08.20 07:56:06	18,95	1,64	57,18	11,84	20,98
188	13.08.20 07:56:07	18,95	1,64	56,57	10,91	22,53
189	13.08.20 07:56:08	18,98	1,66	54,68	11,89	23,43
190	13.08.20 07:56:09	18,98	1,66	55,76	11,40	22,84
191	13.08.20 07:56:10	19,01	1,68	55,59	12,57	21,84
192	13.08.20 07:56:11	19,01	1,72	55,84	12,11	22,05
193	13.08.20 07:56:12	19,04	1,74	54,25	10,93	24,82
194	13.08.20 07:56:13	19,04	1,74	52,91	11,31	25,79
195	13.08.20 07:56:14	19,04	1,77	54,60	12,57	22,83
196	13.08.20 07:56:15	19,07	1,79	53,12	12,17	24,71
197	13.08.20 07:56:16	19,07	1,81	54,50	8,94	26,56
198	13.08.20 07:56:17	19,07	1,83	55,23	6,47	28,30
199	13.08.20 07:56:18	19,07	1,85	54,23	10,44	25,33
200	13.08.20 07:56:19	19,10	1,87	55,12	12,47	22,41
201	13.08.20 07:56:20	19,10	1,92	56,50	11,54	21,96
202	13.08.20 07:56:21	19,07	1,92	58,02	6,92	25,06
203	13.08.20 07:56:22	19,04	1,94	52,21	-1,48	36,31
204	13.08.20 07:56:23	18,98	1,94	51,82	-4,55	33,63
205	13.08.20 07:56:24	18,92	1,94	51,24	-1,58	37,17
206	13.08.20 07:56:25	18,89	1,96	51,78	11,27	26,95
207	13.08.20 07:56:26	18,86	2,00	54,03	12,14	23,84
208	13.08.20 07:56:27	18,84	2,00	55,30	13,12	21,58
209	13.08.20 07:56:28	18,81	2,04	55,89	11,99	22,12
210	13.08.20 07:56:29	18,48	2,19	55,01	13,40	21,60
211	13.08.20 07:56:30	17,97	2,20	54,78	15,00	20,22
212	13.08.20 07:56:31	17,79	2,18	54,08	13,94	21,98
213	13.08.20 07:56:32	17,73	2,18	55,29	10,59	24,12
214	13.08.20 07:56:33	17,76	2,18	54,23	15,70	20,07
215	13.08.20 07:56:34	17,79	2,18	54,65	17,48	17,87
216	13.08.20 07:56:35	17,82	2,20	55,07	12,59	22,33
217	13.08.20 07:56:36	17,85	2,20	53,81	11,12	25,08
218	13.08.20 07:56:37	17,88	2,23	54,61	16,06	19,34
219	13.08.20 07:56:38	17,91	2,23	56,75	13,15	20,11
220	13.08.20 07:56:39	17,91	2,25	52,10	13,81	24,10
221	13.08.20 07:56:40	17,91	2,27	55,29	8,92	25,79
222	13.08.20 07:56:41	17,88	2,27	53,49	4,87	31,65
223	13.08.20 07:56:42	17,85	2,27	54,39	4,43	31,18
224	13.08.20 07:56:43	17,79	2,29	52,75	5,08	32,17
225	13.08.20 07:56:44	17,61	2,29	52,87	4,40	32,73
226	13.08.20 07:56:45	17,43	2,31	51,96	5,90	32,13
227	13.08.20 07:56:46	17,19	2,35	51,96	7,86	30,18
228	13.08.20 07:56:47	16,95	2,34	52,59	9,34	28,07
229	13.08.20 07:56:48	16,77	2,32	52,96	9,10	27,94
230	13.08.20 07:56:49	16,65	2,34	52,92	8,82	28,26
231	13.08.20 07:56:50	16,53	2,36	54,03	9,22	26,75
232	13.08.20 07:56:51	16,41	2,38	55,47	9,38	25,15
233	13.08.20 07:56:52	16,32	2,40	54,61	6,73	28,67
234	13.08.20 07:56:53	16,20	2,38	52,99	1,89	35,13
235	13.08.20 07:56:54	16,11	2,34	51,06	-1,94	37,01
236	13.08.20 07:56:55	16,08	2,31	46,34	-4,83	38,82
237	13.08.20 07:56:56	15,99	2,31	42,23	-6,76	41,01
238	13.08.20 07:56:57	15,77	2,31	38,55	-5,57	45,88
239	13.08.20 07:56:58	15,38	2,44	35,17	-5,76	49,08
240	13.08.20 07:56:59	14,85	2,35	34,02	-9,37	46,61
241	13.08.20 07:57:00	14,61	2,26	42,68	-4,44	42,88
242	13.08.20 07:57:01	14,45	2,28	50,73	-3,07	36,20
243	13.08.20 07:57:02	14,27	2,28	51,75	-3,08	35,18
244	13.08.20 07:57:03	14,05	2,23	33,78	-2,70	53,52
245	13.08.20 07:57:04	13,93	2,12	37,65	-8,00	44,35
246	13.08.20 07:57:05	13,52	2,18	30,36	-2,90	56,75
247	13.08.20 07:57:06	13,27	2,12	30,30	-19,76	39,94
248	13.08.20 07:57:07	13,02	2,11	33,81	-8,66	47,54
249	13.08.20 07:57:08	12,89	2,09	39,08	-10,48	40,44
250	13.08.20 07:57:09	12,89	2,09	41,19	-4,79	44,02
251	13.08.20 07:57:10	12,89	2,11	36,93	-2,05	51,03
252	13.08.20 07:57:11	12,89	2,07	39,72	-9,69	40,60
253	13.08.20 07:57:12	12,93	2,03	34,73	-2,06	53,21
254	13.08.20 07:57:13	12,96	2,03	36,26	-7,85	45,89
255	13.08.20 07:57:14	12,96	2,05	34,22	-3,47	52,31
256	13.08.20 07:57:15	12,99	2,03	36,53	-12,06	41,42
257	13.08.20 07:57:16	12,96	2,05	33,32	-7,42	49,27
258	13.08.20 07:57:17	12,86	2,00	32,54	-8,98	48,48
259	13.08.20 07:57:18	12,86	1,98	34,15	-13,64	42,21
260	13.08.20 07:57:19	12,89	1,98	31,62	-4,10	54,28
261	13.08.20 07:57:20	12,83	1,98	30,60	-11,66	47,74
262	13.08.20 07:57:21	12,80	1,98	31,76	-16,30	41,94
263	13.08.20 07:57:22	12,74	1,98	31,19	-8,62	50,19
264	13.08.20 07:57:23	12,70	1,94	30,20	-11,35	48,44
265	13.08.20 07:57:24	12,77	1,92	30,58	-13,27	46,15
266	13.08.20 07:57:25	12,80	1,94	28,13	-14,47	47,39
267	13.08.20 07:57:26	12,83	1,94	31,62	-16,38	42,01
268	13.08.20 07:57:27	12,86	1,90	31,08	-17,03	41,90
269	13.08.20 07:57:28	12,93	1,90	32,00	-16,05	41,95
270	13.08.20 07:57:29	12,96	1,90	32,45	-11,95	45,59
271	13.08.20 07:57:30	13,02	1,90	32,93	-15,61	41,46
272	13.08.20 07:57:31	13,02	1,90	34,32	-12,90	42,78
273	13.08.20 07:57:32	13,05	1,88	35,54	-9,02	45,44
274	13.08.20 07:57:33	13,08	1,86	36,05	-5,88	48,08
275	13.08.20 07:57:34	13,05	1,88	40,56	1,76	47,68
276	13.08.20 07:57:35	13,02	1,92	39,78	2,92	47,30
277	13.08.20 07:57:36	12,83	1,94	39,85	2,66	47,49
278	13.08.20 07:57:37	12,61	1,94	37,52	1,86	50,62
279	13.08.20 07:57:38	12,48	1,98	39,93	0,85	49,21
280	13.08.20 07:57:39	12,26	2,00	38,95	0,59	50,46
281	13.08.20 07:57:40	12,10	1,98	39,26	2,15	48,59
282	13.08.20 07:57:41	12,01	2,02	40,98	1,84	47,18
283	13.08.20 07:57:42	11,97	2,00	38,70	1,29	50,01
284	13.08.20 07:57:43	11,97	2,02	40,45	1,14	48,41
285	13.08.20 07:57:44	11,94	2,02	39,01	1,15	49,84
286	13.08.20 07:57:45	11,81	2,04	39,32	0,74	49,94
287	13.08.20 07:57:46	11,72	2,06	37,92	-2,80	49,28
288	13.08.20 07:57:47	11,62	2,08	39,62	-2,35	48,02
289	13.08.20 07:57:48	11,52	2,12	38,74	-3,70	47,56
290	13.08.20 07:57:49	11,46	2,12	38,17	-4,75	47,08
291	13.08.20 07:57:50	11,40	2,16	39,91	-4,08	46,01
292	13.08.20 07:57:51	11,30	2,18	34,41	-7,34	48,24
293	13.08.20 07:57:52	11,14	2,18	37,85	-3,67	48,48
294	13.08.20 07:57:53	11,04	2,20	37,22	-5,02	47,76
295	13.08.20 07:57:54	11,04	2,18	36,19	-6,08	47,73
296	13.08.20 07:57:55	11,04	2,20	38,92	-3,26	47,83
297	13.08.20 07:57:56	10,98	2,22	37,51	-5,26	47,23
298	13.08.20 07:57:57	10,91	2,24	37,48	-5,34	47,18
299	13.08.20 07:57:58	10,91	2,29	39,67	-2,65	47,68
300	13.08.20 07:57:59	10,88	2,28	37,92	-1,52	50,56
301	13.08.20 07:58:00	10,85	2,31	38,29	-3,20	48,51
302	13.08.20 07:58:01	10,81	2,31	40,00	-0,80	49,21
303	13.08.20 07:58:02	10,78	2,33	34,49	-0,85	54,66
304	13.08.20 07:58:03	10,78	2,33	37,59	3,87	48,53
305	13.08.20 07:58:04	10,78	2,37	36,60	3,11	50,29
306	13.08.20 07:58:05	10,52	2,43	33,77	0,18	56,04
307	13.08.20 07:58:06	10,36	2,43	34,23	9,45	46,32
308	13.08.20 07:58:07	10,29	2,45	36,78	8,32	44,90
309	13.08.20 07:58:08	10,06	2,47	31,66	2,05	56,29
310	13.08.20 07:58:09	9,93	2,49	31,67	3,85	54,48
311	13.08.20 07:58:10	9,70	2,51	33,32	10,91	45,77
312	13.08.20 07:58:11	9,50	2,51	31,72	5,98	52,30
313	13.08.20 07:58:12	9,33	2,57	30,24	3,46	56,30
314	13.08.20 07:58:13	9,20	2,59	30,39	6,32	53,29
315	13.08.20 07:58:14	9,00	2,61	28,06	3,05	58,89
316	13.08.20 07:58:15	8,83	2,61	32,01	11,34	46,65
317	13.08.20 07:58:16	8,73	2,63	30,96	6,35	52,70
318	13.08.20 07:58:17	8,73	2,69	27,76	5,36	56,88
319	13.08.20 07:58:18	8,52	2,69	30,59	6,61	52,80
320	13.08.20 07:58:19	8,42	2,69	27,26	5,73	57,02
321	13.08.20 07:58:20	8,39	2,69	28,97	6,93	54,09
322	13.08.20 07:58:21	8,32	2,69	28,53	7,55	53,93
323	13.08.20 07:58:22	8,32	2,73	28,31	7,82	53,87
324	13.08.20 07:58:23	8,32	2,71	28,36	6,88	54,76
325	13.08.20 07:58:24	8,18	2,75	28,29	8,37	53,34
326	13.08.20 07:58:25	7,98	2,79	28,18	8,15	53,67
327	13.08.20 07:58:26	7,84	2,83	27,18	7,65	55,17
328	13.08.20 07:58:27	7,71	2,83	27,97	8,84	53,19
329	13.08.20 07:58:28	7,60	2,87	29,20	9,63	51,16
330	13.08.20 07:58:29	7,50	2,87	29,79	11,49	48,72
331	13.08.20 07:58:30	7,43	2,89	29,18	11,56	49,25
332	13.08.20 07:58:31	7,36	2,96	29,77	11,97	48,27
333	13.08.20 07:58:32	7,29	2,93	31,10	14,39	44,51
334	13.08.20 07:58:33	7,22	2,98	33,59	15,63	40,79
335	13.08.20 07:58:34	7,19	2,98	36,40	18,79	34,81
336	13.08.20 07:58:35	7,15	3,02	39,76	22,22	28,03
337	13.08.20 07:58:36	7,12	3,02	49,83	27,30	12,88
338	13.08.20 07:58:37	7,08	3,04	52,41	27,01	10,58
339	13.08.20 07:58:38	7,08	3,04	30,23	6,96	52,82
340	13.08.20 07:58:39	7,12	3,08	39,47	22,98	27,55
341	13.08.20 07:58:40	7,05	3,12	58,88	30,86	-0,26
342	13.08.20 07:58:41	6,94	3,12	32,67	9,21	48,12
343	13.08.20 07:58:42	6,98	3,17	34,37	18,44	37,19
344	13.08.20 07:58:43	6,91	3,21	45,23	24,81	19,95
345	13.08.20 07:58:44	6,77	3,21	57,56	32,35	0,09
346	13.08.20 07:58:45	6,77	3,23	30,88	7,54	51,58
347	13.08.20 07:58:46	6,77	3,27	35,27	18,76	35,97
348	13.08.20 07:58:47	6,77	3,25	44,65	24,36	21,00
349	13.08.20 07:58:48	6,70	3,29	51,12	31,01	7,88
350	13.08.20 07:58:49	6,66	3,33	30,30	6,92	52,77
351	13.08.20 07:58:50	6,63	3,33	41,74	22,65	25,61
352	13.08.20 07:58:51	6,63	3,35	55,66	32,59	1,75
353	13.08.20 07:58:52	6,59	3,40	32,63	8,72	48,65
354	13.08.20 07:58:53	6,56	3,42	38,21	20,85	30,94
355	13.08.20 07:58:54	6,56	3,44	54,23	29,94	5,83
356	13.08.20 07:58:55	6,56	3,44	40,55	19,46	29,99
357	13.08.20 07:58:56	6,49	3,48	34,14	14,54	41,31
358	13.08.20 07:58:57	6,45	3,52	44,88	25,00	20,12
359	13.08.20 07:58:58	6,38	3,54	54,89	30,98	4,13
360	13.08.20 07:58:59	6,35	3,54	31,77	7,22	51,01
361	13.08.20 07:59:00	6,28	3,59	39,81	21,14	29,06
362	13.08.20 07:59:01	6,24	3,65	55,91	32,87	1,22
363	13.08.20 07:59:02	6,17	3,65	36,74	13,38	39,88
364	13.08.20 07:59:03	6,14	3,65	35,78	19,02	35,21
365	13.08.20 07:59:04	6,14	3,67	44,22	25,71	20,07
366	13.08.20 07:59:05	6,10	3,71	54,69	32,33	2,98
367	13.08.20 07:59:06	6,06	3,69	31,07	7,12	51,80
368	13.08.20 07:59:07	5,99	3,73	40,26	22,17	27,57
369	13.08.20 07:59:08	5,92	3,80	56,15	32,97	-0,88
370	13.08.20 07:59:09	5,74	3,79	31,21	8,45	50,33
371	13.08.20 07:59:10	5,67	3,84	37,49	22,89	29,62
372	13.08.20 07:59:11	5,60	3,86	56,04	33,64	0,31
373	13.08.20 07:59:12	5,53	3,88	35,24	12,45	42,30
374	13.08.20 07:59:13	5,53	3,90	35,59	21,46	32,95
375	13.08.20 07:59:14	5,46	3,92	52,00	30,21	7,79
376	13.08.20 07:59:15	5,35	3,94	41,23	24,65	24,12
377	13.08.20 07:59:16	5,28	4,00	31,75	15,92	42,33
378	13.08.20 07:59:17	5,24	4,00	42,38	24,11	23,51
379	13.08.20 07:59:18	5,28	4,03	55,99	33,86	0,14
380	13.08.20 07:59:19	5,28	4,05	25,32	1,65	63,03
381	13.08.20 07:59:20	5,17	4,09	31,10	13,74	45,16
382	13.08.20 07:59:21	5,13	4,13	30,85	14,99	44,16
383	13.08.20 07:59:22	5,06	4,15	33,50	16,65	39,85
384	13.08.20 07:59:23	4,95	4,19	35,26	16,78	37,96
385	13.08.20 07:59:24	4,88	4,21	33,28	17,92	38,80
386	13.08.20 07:59:25	4,84	4,23	32,31	16,24	41,46
387	13.08.20 07:59:26	4,84	4,26	33,10	17,79	39,11
388	13.08.20 07:59:27	4,84	4,28	36,87	20,71	32,43
389	13.08.20 07:59:28	4,84	4,28	36,77	20,50	32,73
390	13.08.20 07:59:29	4,88	4,32	39,44	24,10	26,47
391	13.08.20 07:59:30	4,84	4,36	47,53	31,50	10,96
392	13.08.20 07:59:31	4,84	4,36	43,01	27,52	19,47
393	13.08.20 07:59:32	4,88	4,36	25,64	10,18	54,18
394	13.08.20 07:59:33	4,84	4,41	31,43	19,07	39,50
395	13.08.20 07:59:34	4,80	4,41	36,44	22,73	30,83
396	13.08.20 07:59:35	4,80	4,45	49,07	33,69	7,24
397	13.08.20 07:59:36	4,80	4,49	35,84	22,01	32,15
398	13.08.20 07:59:37	4,80	4,51	27,99	15,51	46,51
399	13.08.20 07:59:38	4,80	4,51	36,74	23,69	29,57
400	13.08.20 07:59:39	4,80	4,56	53,36	36,32	-0,32
401	13.08.20 07:59:40	4,73	4,55	28,90	13,64	47,46
402	13.08.20 07:59:41	4,70	4,58	31,40	21,73	36,87
403	13.08.20 07:59:42	4,66	4,60	46,41	31,46	12,14
404	13.08.20 07:59:43	4,62	4,60	43,46	35,71	10,83
405	13.08.20 07:59:44	4,62	4,64	25,96	12,22	51,82
406	13.08.20 07:59:45	4,62	4,70	38,74	26,47	24,79
407	13.08.20 07:59:46	4,40	4,70	51,33	36,10	2,57
408	13.08.20 07:59:47	4,37	4,72	31,85	14,19	43,96
409	13.08.20 07:59:48	4,37	4,74	42,62	29,83	17,55
410	13.08.20 07:59:49	4,37	4,74	45,55	34,11	10,34
411	13.08.20 07:59:50	4,37	4,76	29,99	14,40	45,61
412	13.08.20 07:59:51	4,33	4,83	42,33	29,01	18,66
413	13.08.20 07:59:52	4,25	4,87	48,22	34,40	7,38
414	13.08.20 07:59:53	4,18	4,87	31,20	14,73	44,07
415	13.08.20 07:59:54	4,14	4,91	49,59	33,17	7,24
416	13.08.20 07:59:55	4,07	4,93	41,49	29,57	18,94
417	13.08.20 07:59:56	4,03	4,93	27,14	14,28	48,58
418	13.08.20 07:59:57	4,03	5,02	33,33	20,60	36,06
419	13.08.20 07:59:58	3,96	5,02	42,99	28,50	18,51
420	13.08.20 07:59:59	3,92	5,04	44,68	33,46	11,86
421	13.08.20 08:00:00	3,92	5,06	29,05	10,62	50,34
422	13.08.20 08:00:01	3,92	5,08	23,30	1,07	65,64
423	13.08.20 08:00:02	3,92	5,12	27,70	3,80	58,49
424	13.08.20 08:00:03	3,85	5,16	29,59	-4,01	56,39
425	13.08.20 08:00:04	3,81	5,23	26,69	-19,22	44,08
426	13.08.20 08:00:05	3,77	5,25	22,82	-25,47	41,71
427	13.08.20 08:00:06	3,77	5,27	22,23	-25,11	42,66
428	13.08.20 08:00:07	3,77	5,27	20,00	-22,26	47,74
429	13.08.20 08:00:08	3,77	5,29	17,49	-22,83	49,68
430	13.08.20 08:00:09	3,73	5,29	20,04	-22,07	47,89
431	13.08.20 08:00:10	3,70	5,29	21,99	-24,63	43,38
432	13.08.20 08:00:11	3,66	5,29	26,26	-22,36	41,38
433	13.08.20 08:00:12	3,66	5,31	25,03	-15,41	49,56
434	13.08.20 08:00:13	3,66	5,33	23,33	-16,84	49,83
435	13.08.20 08:00:14	3,66	5,33	27,71	-20,34	41,95
436	13.08.20 08:00:15	3,66	5,36	30,09	-20,72	39,19
437	13.08.20 08:00:16	3,62	5,35	28,67	-11,16	50,17
438	13.08.20 08:00:17	3,62	5,38	33,18	-18,98	37,84
439	13.08.20 08:00:18	3,62	5,40	32,42	-17,09	40,49
440	13.08.20 08:00:19	3,66	5,40	32,63	-16,86	40,51
441	13.08.20 08:00:20	3,70	5,42	35,97	-14,24	39,79
442	13.08.20 08:00:21	3,70	5,42	37,23	-12,98	39,79
443	13.08.20 08:00:22	3,70	5,44	37,08	-13,58	39,33
444	13.08.20 08:00:23	3,70	5,46	37,61	-11,42	40,97
445	13.08.20 08:00:24	3,70	5,48	40,81	-8,03	41,16
446	13.08.20 08:00:25	3,70	5,51	43,81	-4,38	41,81
447	13.08.20 08:00:26	3,70	5,53	44,53	-3,69	41,78
448	13.08.20 08:00:27	3,70	5,53	45,46	-2,25	42,29
449	13.08.20 08:00:28	3,66	5,57	47,32	-1,54	41,14
450	13.08.20 08:00:29	3,62	5,59	48,68	-0,30	41,02
451	13.08.20 08:00:30	3,59	5,61	48,32	-1,13	40,55
452	13.08.20 08:00:31	3,59	5,65	48,53	0,06	41,41
453	13.08.20 08:00:32	3,55	5,68	48,92	-1,25	39,83
454	13.08.20 08:00:33	3,55	5,68	49,37	0,18	40,45
455	13.08.20 08:00:34	3,55	5,70	47,81	-1,43	40,76
456	13.08.20 08:00:35	3,55	5,74	46,49	-1,78	41,73
457	13.08.20 08:00:36	3,51	5,76	45,15	-1,72	43,13
458	13.08.20 08:00:37	3,47	5,80	45,55	-2,47	41,98
459	13.08.20 08:00:38	3,47	5,80	44,05	-2,75	43,20
460	13.08.20 08:00:39	3,47	5,82	41,57	-4,25	44,18
461	13.08.20 08:00:40	3,44	5,84	41,06	-4,48	44,45
462	13.08.20 08:00:41	3,44	5,89	41,58	-3,89	44,53
463	13.08.20 08:00:42	3,40	5,91	40,61	-5,70	43,69
464	13.08.20 08:00:43	3,40	5,95	40,39	-5,03	44,59
465	13.08.20 08:00:44	3,36	5,97	44,98	-1,73	43,29
466	13.08.20 08:00:45	3,36	6,02	44,84	-5,67	39,49
467	13.08.20 08:00:46	3,36	6,04	45,72	-1,14	43,14
468	13.08.20 08:00:47	3,36	6,08	46,07	-2,70	41,24
469	13.08.20 08:00:48	3,40	6,10	47,96	-3,12	38,92
470	13.08.20 08:00:49	3,40	6,14	48,35	-3,70	37,95
471	13.08.20 08:00:50	3,40	6,19	49,44	-4,59	35,98
472	13.08.20 08:00:51	3,44	6,23	52,63	-3,18	34,20
473	13.08.20 08:00:52	3,44	6,23	52,05	-2,61	35,35
474	13.08.20 08:00:53	3,44	6,27	47,70	-4,60	37,70
475	13.08.20 08:00:54	3,40	6,32	47,38	-2,22	40,40
476	13.08.20 08:00:55	3,32	6,34	46,26	-4,44	39,30
477	13.08.20 08:00:56	3,28	6,38	47,29	-1,94	40,77
478	13.08.20 08:00:57	3,32	6,38	43,74	-4,50	41,75
479	13.08.20 08:00:58	3,32	6,40	44,55	-2,93	42,52
480	13.08.20 08:00:59	3,32	6,42	46,87	-2,38	40,75
481	13.08.20 08:01:00	3,32	6,46	48,58	-3,24	38,18
482	13.08.20 08:01:01	3,32	6,51	37,71	-3,04	49,25
483	13.08.20 08:01:02	3,21	6,48	13,54	0,24	76,22
484	13.08.20 08:01:03	3,17	6,51	8,81	-2,76	78,43
485	13.08.20 08:01:04	3,17	6,48	5,42	-5,54	79,04
486	13.08.20 08:01:05	3,13	6,48	-19,24	1,69	69,08
487	13.08.20 08:01:06	3,10	6,50	-11,19	-24,73	54,08
488	13.08.20 08:01:07	3,10	6,48	16,19	8,58	65,23
489	13.08.20 08:01:08	3,06	6,50	-7,35	-13,57	69,08
490	13.08.20 08:01:09	3,02	6,46	14,91	-2,55	72,54
491	13.08.20 08:01:10	2,98	6,50	-13,38	2,12	74,50
492	13.08.20 08:01:11	2,91	6,48	-10,36	-22,19	57,45
493	13.08.20 08:01:12	2,87	6,48	2,23	17,65	70,12
494	13.08.20 08:01:13	2,87	6,48	-18,65	-8,74	62,61
495	13.08.20 08:01:14	2,83	6,54	32,59	-0,84	56,57
496	13.08.20 08:01:15	2,83	6,48	-7,70	-28,21	54,09
497	13.08.20 08:01:16	2,83	6,48	4,49	-14,85	70,66
498	13.08.20 08:01:17	2,83	6,48	6,29	-14,48	69,23
499	13.08.20 08:01:18	2,83	6,54	-0,54	-8,88	80,58
500	13.08.20 08:01:19	2,83	6,50	11,17	-12,73	66,10
501	13.08.20 08:01:20	2,79	6,46	-16,02	-9,63	64,35
502	13.08.20 08:01:21	2,83	6,50	-44,95	-1,43	43,62
503	13.08.20 08:01:22	2,83	6,52	-8,26	8,22	73,52
504	13.08.20 08:01:23	2,79	6,52	-26,51	7,54	55,95
505	13.08.20 08:01:24	2,75	6,50	-17,72	-8,07	64,22
506	13.08.20 08:01:25	2,75	6,48	-8,82	-13,71	67,46
507	13.08.20 08:01:26	2,72	6,50	4,53	-4,81	80,65
508	13.08.20 08:01:27	2,72	6,50	-23,39	-3,48	63,13
509	13.08.20 08:01:28	2,68	6,52	10,85	0,03	79,12
510	13.08.20 08:01:29	2,68	6,52	15,53	-4,38	70,09
511	13.08.20 08:01:30	2,64	6,48	-18,87	-8,52	62,61
512	13.08.20 08:01:31	2,64	6,50	4,44	2,62	82,94
513	13.08.20 08:01:32	2,64	6,54	-2,07	-15,65	72,28
514	13.08.20 08:01:33	2,64	6,52	-19,10	-1,37	69,53
515	13.08.20 08:01:34	2,60	6,48	2,26	10,26	77,48
516	13.08.20 08:01:35	2,60	6,50	12,33	-9,96	67,71
517	13.08.20 08:01:36	2,60	6,50	-18,44	-9,36	62,19
518	13.08.20 08:01:37	2,56	6,52	28,94	-2,99	58,07
519	13.08.20 08:01:38	2,52	6,52	25,55	-1,99	62,46
520	13.08.20 08:01:39	2,49	6,54	22,72	-2,71	64,57
521	13.08.20 08:01:40	2,49	6,52	-4,20	-3,89	81,91
522	13.08.20 08:01:41	2,49	6,48	-30,40	3,53	56,07
523	13.08.20 08:01:42	2,49	6,50	27,82	3,23	58,95
524	13.08.20 08:01:43	2,45	6,50	26,07	-3,43	60,49
525	13.08.20 08:01:44	2,45	6,52	-22,94	-2,19	64,87
526	13.08.20 08:01:45	2,41	6,54	25,77	1,24	62,99
527	13.08.20 08:01:46	2,37	6,52	11,83	-5,38	72,78
528	13.08.20 08:01:47	2,33	6,47	-9,25	-11,51	69,24
529	13.08.20 08:01:48	2,33	6,47	-4,24	-15,19	70,57
530	13.08.20 08:01:49	2,33	6,52	-10,20	-15,36	64,44
531	13.08.20 08:01:50	2,33	6,52	-10,37	-10,11	69,52
532	13.08.20 08:01:51	2,33	6,52	-4,91	3,66	81,43
533	13.08.20 08:01:52	2,33	6,50	-15,84	-4,88	69,28
534	13.08.20 08:01:53	2,33	6,50	-46,45	0,25	43,30
535	13.08.20 08:01:54	2,29	6,52	-5,73	10,76	73,50
536	13.08.20 08:01:55	2,29	6,49	4,11	-11,61	74,28
537	13.08.20 08:01:56	2,29	6,47	-11,37	-6,40	72,23
538	13.08.20 08:01:57	2,29	6,52	-7,06	-0,53	82,42
539	13.08.20 08:01:58	2,26	6,49	3,01	-15,67	71,32
540	13.08.20 08:01:59	2,26	6,49	-19,83	-2,92	67,25
541	13.08.20 08:02:00	2,26	6,49	19,05	-10,84	60,11
542	13.08.20 08:02:01	2,22	6,56	9,51	-5,06	75,42
543	13.08.20 08:02:02	2,22	6,47	9,04	0,44	80,53
544	13.08.20 08:02:03	2,22	6,49	-2,92	-22,08	65,00
545	13.08.20 08:02:04	2,18	6,49	18,09	2,27	69,63
546	13.08.20 08:02:05	2,18	6,49	4,68	-4,69	80,63
547	13.08.20 08:02:06	2,18	6,51	1,50	-3,67	84,83
548	13.08.20 08:02:07	2,18	6,51	-4,88	1,86	83,26
549	13.08.20 08:02:08	2,14	6,49	-18,15	-10,44	61,41
550	13.08.20 08:02:09	2,14	6,47	-26,27	4,84	58,89
551	13.08.20 08:02:10	2,14	6,51	-5,96	8,69	75,35
552	13.08.20 08:02:11	2,10	6,51	3,46	-10,00	76,54
553	13.08.20 08:02:12	2,10	6,47	-16,60	-10,13	63,26
554	13.08.20 08:02:13	2,10	6,45	6,54	-14,58	68,88
555	13.08.20 08:02:14	2,06	6,49	-7,85	-4,95	77,20
556	13.08.20 08:02:15	2,06	6,49	-23,54	-3,55	62,91
557	13.08.20 08:02:16	2,02	6,53	-35,80	3,70	50,50
558	13.08.20 08:02:17	2,02	6,53	10,77	9,70	69,53
559	13.08.20 08:02:18	2,02	6,53	-26,13	6,47	57,40
560	13.08.20 08:02:19	1,98	6,51	-23,91	-0,45	65,64
561	13.08.20 08:02:20	1,98	6,51	-16,55	1,47	71,98
562	13.08.20 08:02:21	1,98	6,51	-8,69	-9,40	71,91
563	13.08.20 08:02:22	1,98	6,49	-13,13	-3,80	73,07
564	13.08.20 08:02:23	1,98	6,51	6,11	-15,20	68,70
565	13.08.20 08:02:24	1,98	6,53	27,51	-13,09	49,41
566	13.08.20 08:02:25	1,98	6,53	-22,03	-2,76	65,20
567	13.08.20 08:02:26	1,95	6,53	-37,51	-2,90	49,59
568	13.08.20 08:02:27	1,95	6,53	-4,72	7,59	77,69
569	13.08.20 08:02:28	1,95	6,53	14,63	6,02	69,35
570	13.08.20 08:02:29	1,91	6,51	3,36	9,39	77,25
571	13.08.20 08:02:30	1,87	6,51	-36,18	4,53	49,29
572	13.08.20 08:02:31	1,87	6,53	8,79	5,05	76,16
573	13.08.20 08:02:32	1,87	6,45	-5,34	-6,73	77,93
574	13.08.20 08:02:33	1,87	6,51	-41,44	1,05	47,52
575	13.08.20 08:02:34	1,87	6,51	-10,82	-3,36	75,81
576	13.08.20 08:02:35	1,87	6,53	-6,73	-6,86	76,41
577	13.08.20 08:02:36	1,87	6,51	-9,14	7,14	73,72
578	13.08.20 08:02:37	1,87	6,51	12,30	-0,91	76,78
579	13.08.20 08:02:38	1,83	6,51	-5,58	8,64	75,79
580	13.08.20 08:02:39	1,83	6,51	-12,95	0,61	76,44
581	13.08.20 08:02:40	1,79	6,51	-24,00	2,52	63,48
582	13.08.20 08:02:41	1,79	6,49	-4,84	-18,06	67,10
583	13.08.20 08:02:42	1,79	6,51	-30,70	0,89	58,41
584	13.08.20 08:02:43	1,75	6,51	-3,29	12,66	74,05
585	13.08.20 08:02:44	1,75	6,60	-0,94	-13,26	75,80
586	13.08.20 08:02:45	1,75	6,53	24,92	-4,54	60,54
587	13.08.20 08:02:46	1,75	6,55	17,20	10,62	62,18
588	13.08.20 08:02:47	1,75	6,55	-4,54	-7,54	77,92
589	13.08.20 08:02:48	1,71	6,53	-12,45	-11,27	66,28
590	13.08.20 08:02:49	1,71	6,53	16,11	11,76	62,12
591	13.08.20 08:02:50	1,71	6,53	23,70	1,11	65,20
592	13.08.20 08:02:51	1,71	6,55	-16,26	-6,81	66,93
593	13.08.20 08:02:52	1,71	6,53	14,36	-1,40	74,24
594	13.08.20 08:02:53	1,71	6,53	-28,54	-4,25	57,21
595	13.08.20 08:02:54	1,71	6,53	10,77	29,95	49,28
596	13.08.20 08:02:55	1,71	6,57	18,78	-0,42	70,80
597	13.08.20 08:02:56	1,67	6,51	-23,54	-14,85	51,62
598	13.08.20 08:02:57	1,67	6,55	23,49	-9,72	56,79
599	13.08.20 08:02:58	1,67	6,53	-11,99	-46,59	31,42
600	13.08.20 08:02:59	1,63	6,51	-0,33	-12,77	76,90
601	13.08.20 08:03:00	1,63	6,57	5,81	-8,21	75,99
602	13.08.20 08:03:01	1,63	6,51	-21,29	1,18	67,53
603	13.08.20 08:03:02	1,59	6,53	-8,68	4,79	76,53
604	13.08.20 08:03:03	1,59	6,49	-3,02	5,32	81,66
605	13.08.20 08:03:04	1,59	6,49	-15,99	-19,08	54,93
606	13.08.20 08:03:05	1,59	6,53	-0,47	12,29	77,24
607	13.08.20 08:03:06	1,59	6,53	-3,37	-17,05	69,58
608	13.08.20 08:03:07	1,59	6,53	25,17	-3,78	61,05
609	13.08.20 08:03:08	1,59	6,51	0,86	-3,66	85,49
610	13.08.20 08:03:09	1,59	6,55	8,60	-7,06	74,34
611	13.08.20 08:03:10	1,59	6,55	-3,80	-12,57	73,63
612	13.08.20 08:03:11	1,59	6,51	-6,35	-14,02	69,63
613	13.08.20 08:03:12	1,59	6,55	-8,93	-8,10	72,97
614	13.08.20 08:03:13	1,56	6,53	5,84	1,11	83,06
615	13.08.20 08:03:14	1,56	6,55	-2,37	3,20	84,43
616	13.08.20 08:03:15	1,56	6,55	-11,73	-7,36	70,90
617	13.08.20 08:03:16	1,56	6,53	8,74	1,77	79,49
618	13.08.20 08:03:17	1,52	6,53	-24,77	-5,85	59,38
619	13.08.20 08:03:18	1,52	6,53	-11,16	-2,24	76,60
620	13.08.20 08:03:19	1,52	6,53	1,74	-1,74	86,52
621	13.08.20 08:03:20	1,52	6,53	-10,16	7,99	71,86
622	13.08.20 08:03:21	1,52	6,53	4,34	-13,66	71,99
623	13.08.20 08:03:22	1,52	6,55	-17,02	16,84	56,13
624	13.08.20 08:03:23	1,52	6,55	-3,24	11,02	75,74
625	13.08.20 08:03:24	1,52	6,53	14,09	-0,58	75,33
626	13.08.20 08:03:25	1,48	6,55	31,87	-12,77	45,36
627	13.08.20 08:03:26	1,48	6,53	5,18	10,56	74,26
628	13.08.20 08:03:27	1,48	6,53	8,91	-28,19	52,90
629	13.08.20 08:03:28	1,44	6,55	-7,41	-13,67	68,92
630	13.08.20 08:03:29	1,44	6,53	17,62	-6,56	65,82
631	13.08.20 08:03:30	1,44	6,55	4,85	-3,83	81,32
632	13.08.20 08:03:31	1,44	6,53	-21,20	-5,93	62,87
633	13.08.20 08:03:32	1,44	6,53	-11,72	2,98	75,30
634	13.08.20 08:03:33	1,44	6,51	-13,70	0,34	75,97
635	13.08.20 08:03:34	1,44	6,59	-14,31	-0,60	75,09
636	13.08.20 08:03:35	1,40	6,59	10,26	-7,11	72,63
637	13.08.20 08:03:36	1,40	6,59	13,27	10,31	66,41
638	13.08.20 08:03:37	1,40	6,53	-10,03	5,57	74,39
639	13.08.20 08:03:38	1,40	6,53	-24,48	-0,49	65,03
640	13.08.20 08:03:39	1,40	6,55	-18,68	0,44	70,88
641	13.08.20 08:03:40	1,40	6,53	-12,49	3,40	74,11
642	13.08.20 08:03:41	1,40	6,53	-8,24	-2,12	79,64
643	13.08.20 08:03:42	1,40	6,53	3,41	5,17	81,42
644	13.08.20 08:03:43	1,40	6,53	-28,37	0,41	61,22
645	13.08.20 08:03:44	1,40	6,55	-8,38	-5,30	76,32
646	13.08.20 08:03:45	1,40	6,55	0,62	-5,99	83,40
647	13.08.20 08:03:46	1,40	6,55	-14,14	7,84	68,02
648	13.08.20 08:03:47	1,40	6,53	-6,79	-4,07	79,14
649	13.08.20 08:03:48	1,40	6,50	-13,22	-8,74	68,04
650	13.08.20 08:03:49	1,40	6,55	-1,03	6,09	82,89
651	13.08.20 08:03:50	1,36	6,53	-17,66	-2,87	69,47
652	13.08.20 08:03:51	1,36	6,57	-14,08	7,18	68,74
653	13.08.20 08:03:52	1,36	6,50	-17,75	1,40	70,85
654	13.08.20 08:03:53	1,36	6,55	-11,61	-4,56	73,83
655	13.08.20 08:03:54	1,36	6,53	2,06	-13,54	74,40
656	13.08.20 08:03:55	1,36	6,55	-20,02	7,03	62,95
657	13.08.20 08:03:56	1,36	6,57	-15,08	-12,30	62,62
658	13.08.20 08:03:57	1,36	6,57	-24,28	5,02	60,70
659	13.08.20 08:03:58	1,36	6,55	-5,20	-1,57	83,22
660	13.08.20 08:03:59	1,36	6,53	3,98	-18,71	67,31
661	13.08.20 08:04:00	1,36	6,53	4,65	-5,20	80,15
662	13.08.20 08:04:01	1,32	6,55	-18,30	-16,37	55,34
663	13.08.20 08:04:02	1,32	6,53	-1,38	-2,81	85,81
664	13.08.20 08:04:03	1,32	6,53	-24,48	1,51	64,01
665	13.08.20 08:04:04	1,32	6,53	4,15	-1,16	84,69
666	13.08.20 08:04:05	1,32	6,57	7,73	-4,43	77,84
667	13.08.20 08:04:06	1,32	6,53	6,51	-16,87	66,62
668	13.08.20 08:04:07	1,32	6,53	-4,72	-0,94	84,34
669	13.08.20 08:04:08	1,32	6,50	13,73	9,49	66,77
670	13.08.20 08:04:09	1,32	6,53	1,31	1,68	87,01
671	13.08.20 08:04:10	1,32	6,55	16,40	-20,08	53,52
672	13.08.20 08:04:11	1,32	6,53	15,44	-11,24	63,32
673	13.08.20 08:04:12	1,32	6,50	4,20	-5,07	80,73
674	13.08.20 08:04:13	1,32	6,53	8,60	-15,23	66,16
675	13.08.20 08:04:14	1,32	6,57	25,05	4,74	60,20
676	13.08.20 08:04:15	1,32	6,50	6,05	-6,49	77,46
677	13.08.20 08:04:16	1,28	6,52	-19,56	-2,95	67,50
678	13.08.20 08:04:17	1,28	6,55	-13,92	-24,07	52,01
679	13.08.20 08:04:18	1,28	6,55	-11,42	-0,63	77,95
680	13.08.20 08:04:19	1,28	6,55	-13,80	-17,76	58,45
681	13.08.20 08:04:20	1,28	6,57	5,90	-0,59	83,52
682	13.08.20 08:04:21	1,28	6,52	-2,96	-43,24	43,79
683	13.08.20 08:04:22	1,28	6,55	-2,21	-1,42	86,37
684	13.08.20 08:04:23	1,28	6,52	-9,94	-11,31	68,75
685	13.08.20 08:04:24	1,28	6,55	-12,63	-34,30	43,07
686	13.08.20 08:04:25	1,24	6,52	-5,00	-12,63	72,37
687	13.08.20 08:04:26	1,24	6,57	1,31	1,41	87,28
688	13.08.20 08:04:27	1,24	6,52	-3,52	-6,72	79,76
689	13.08.20 08:04:28	1,24	6,57	-0,75	-22,53	66,72
690	13.08.20 08:04:29	1,24	6,55	-0,11	-2,35	87,54
691	13.08.20 08:04:30	1,24	6,52	-8,77	-10,87	70,35
692	13.08.20 08:04:31	1,24	6,55	-4,58	-14,95	70,46
693	13.08.20 08:04:32	1,24	6,55	-7,39	-9,25	73,35
694	13.08.20 08:04:33	1,24	6,52	1,36	-9,50	79,14
695	13.08.20 08:04:34	1,24	6,57	3,54	-5,60	80,86
696	13.08.20 08:04:35	1,24	6,57	-13,30	-1,16	75,54
697	13.08.20 08:04:36	1,24	6,55	-8,70	-28,81	52,49
698	13.08.20 08:04:37	1,24	6,57	0,33	-14,80	74,87
699	13.08.20 08:04:38	1,24	6,55	-7,28	-7,30	75,41
700	13.08.20 08:04:39	1,24	6,55	5,76	-2,10	82,14
701	13.08.20 08:04:40	1,24	6,52	-28,01	-3,57	58,42
702	13.08.20 08:04:41	1,24	6,55	-8,00	-5,43	76,57
703	13.08.20 08:04:42	1,24	6,55	-4,88	-6,79	78,33
704	13.08.20 08:04:43	1,24	6,55	0,37	-8,57	81,06
705	13.08.20 08:04:44	1,24	6,55	-0,54	-13,79	75,67
706	13.08.20 08:04:45	1,24	6,52	-13,58	-9,89	66,54
707	13.08.20 08:04:46	1,24	6,55	-10,36	-4,78	74,86
708	13.08.20 08:04:47	1,24	6,55	-8,30	-1,57	80,13
709	13.08.20 08:04:48	1,24	6,55	-7,60	-4,64	77,76
710	13.08.20 08:04:49	1,24	6,52	-22,06	4,50	63,44
711	13.08.20 08:04:50	1,24	6,57	-6,07	0,31	83,62
712	13.08.20 08:04:51	1,24	6,61	-5,16	2,69	82,15
713	13.08.20 08:04:52	1,24	6,55	-11,11	14,86	64,03
714	13.08.20 08:04:53	1,24	6,55	-1,38	-9,36	79,26
715	13.08.20 08:04:54	1,24	6,55	-6,47	-1,71	81,82
716	13.08.20 08:04:55	1,24	6,55	-7,99	-1,23	80,79
717	13.08.20 08:04:56	1,24	6,55	-31,28	-13,55	45,17
718	13.08.20 08:04:57	1,24	6,52	0,74	-6,64	82,62
719	13.08.20 08:04:58	1,24	6,55	-4,25	-2,52	83,23
720	13.08.20 08:04:59	1,24	6,52	-8,17	-14,94	66,89
721	13.08.20 08:05:00	1,24	6,52	-5,06	-6,27	78,67
722	13.08.20 08:05:01	1,24	6,55	0,06	-5,84	84,11
723	13.08.20 08:05:02	1,24	6,52	-12,89	-2,98	74,13
724	13.08.20 08:05:03	1,24	6,55	8,60	-8,57	72,82
725	13.08.20 08:05:04	1,24	6,55	2,62	29,54	57,84
726	13.08.20 08:05:05	1,24	6,55	14,60	24,75	50,64
727	13.08.20 08:05:06	1,24	6,57	-3,63	-3,65	82,72
728	13.08.20 08:05:07	1,24	6,55	-11,47	1,96	76,57
729	13.08.20 08:05:08	1,24	6,55	-11,63	-2,25	76,12
730	13.08.20 08:05:09	1,24	6,55	-14,31	10,29	65,39
731	13.08.20 08:05:10	1,24	6,55	31,41	-23,30	35,29
732	13.08.20 08:05:11	1,20	6,57	-7,82	3,71	78,46
733	13.08.20 08:05:12	1,20	6,57	16,93	-13,37	59,70
734	13.08.20 08:05:13	1,20	6,50	11,41	-5,73	72,86
735	13.08.20 08:05:14	1,20	6,59	2,71	-2,01	85,28
736	13.08.20 08:05:15	1,20	6,55	8,02	-15,60	66,37
737	13.08.20 08:05:16	1,20	6,55	-19,93	-10,81	59,26
738	13.08.20 08:05:17	1,20	6,55	11,50	-7,08	71,41
739	13.08.20 08:05:18	1,20	6,55	-4,98	-6,06	78,96
740	13.08.20 08:05:19	1,24	6,59	-10,01	-3,02	76,96
741	13.08.20 08:05:20	1,24	6,57	-5,29	-3,58	81,13
742	13.08.20 08:05:21	1,24	6,52	-10,30	-2,54	77,16
743	13.08.20 08:05:22	1,24	6,57	2,72	8,99	78,29
744	13.08.20 08:05:23	1,24	6,55	-1,54	-6,59	81,87
745	13.08.20 08:05:24	1,24	6,57	-7,90	-4,52	77,58
746	13.08.20 08:05:25	1,20	6,55	-4,41	-8,23	77,36
747	13.08.20 08:05:26	1,20	6,55	-5,04	-8,96	76,00
748	13.08.20 08:05:27	1,20	6,57	-4,49	-12,63	72,88
749	13.08.20 08:05:28	1,20	6,57	-0,16	-10,80	79,03
750	13.08.20 08:05:29	1,20	6,55	-3,61	-5,42	80,97
751	13.08.20 08:05:30	1,20	6,55	-0,87	-11,91	77,22
752	13.08.20 08:05:31	1,20	6,55	-10,41	-2,67	76,93
753	13.08.20 08:05:32	1,20	6,55	-7,87	-5,14	76,99
754	13.08.20 08:05:33	1,20	6,55	1,08	-6,72	82,20
755	13.08.20 08:05:34	1,20	6,57	0,11	-13,57	76,31
756	13.08.20 08:05:35	1,20	6,55	1,27	-13,25	75,48
757	13.08.20 08:05:36	1,20	6,55	-0,18	-9,10	80,72
758	13.08.20 08:05:37	1,20	6,57	-19,81	-7,02	63,17
759	13.08.20 08:05:38	1,20	6,55	-9,84	-5,77	74,39
760	13.08.20 08:05:39	1,20	6,52	-10,98	-1,02	78,00
761	13.08.20 08:05:40	1,20	6,55	2,06	-3,05	84,90
762	13.08.20 08:05:41	1,20	6,55	-9,21	1,23	79,57
763	13.08.20 08:05:42	1,20	6,57	-3,51	0,74	85,76
764	13.08.20 08:05:43	1,20	6,55	-5,53	1,80	82,66
765	13.08.20 08:05:44	1,20	6,55	-4,84	-1,30	83,86
766	13.08.20 08:05:45	1,20	6,55	-11,65	3,30	75,05
767	13.08.20 08:05:46	1,20	6,55	-9,70	-6,06	74,24
768	13.08.20 08:05:47	1,20	6,52	-8,20	-6,17	75,63
769	13.08.20 08:05:48	1,20	6,55	-11,94	5,05	73,01
770	13.08.20 08:05:49	1,20	6,55	-4,48	-3,66	81,86
771	13.08.20 08:05:50	1,20	6,55	-5,11	-13,98	70,91
772	13.08.20 08:05:51	1,20	6,52	-6,73	-3,69	79,58
773	13.08.20 08:05:52	1,20	6,55	-0,84	-7,73	81,43
774	13.08.20 08:05:53	1,20	6,57	-6,63	-5,28	78,09
775	13.08.20 08:05:54	1,20	6,55	-10,93	-3,83	75,24
776	13.08.20 08:05:55	1,20	6,55	-6,67	-6,79	76,54
777	13.08.20 08:05:56	1,20	6,57	-11,12	-13,21	65,68
778	13.08.20 08:05:57	1,20	6,55	5,12	-63,43	21,45
779	13.08.20 08:05:58	1,20	6,57	-10,65	-19,27	60,08
780	13.08.20 08:05:59	1,20	6,52	1,48	-9,28	79,24
781	13.08.20 08:06:00	1,20	6,55	-14,11	-4,68	71,21
782	13.08.20 08:06:01	1,20	6,52	40,82	4,51	44,67
783	13.08.20 08:06:02	1,20	6,52	-12,34	3,62	74,05
784	13.08.20 08:06:03	1,20	6,52	-8,45	-10,82	70,73
785	13.08.20 08:06:04	1,20	6,55	0,51	-11,77	77,72
786	13.08.20 08:06:05	1,20	6,55	-9,31	-5,29	75,40
787	13.08.20 08:06:06	1,20	6,52	3,49	-20,76	65,75
788	13.08.20 08:06:07	1,20	6,55	-8,25	-24,57	57,18
789	13.08.20 08:06:08	1,20	6,52	2,83	-15,35	71,82
790	13.08.20 08:06:09	1,20	6,52	2,75	-1,13	86,12
791	13.08.20 08:06:10	1,20	6,55	-21,27	-3,67	65,06
792	13.08.20 08:06:11	1,20	6,55	-0,59	18,11	71,30
793	13.08.20 08:06:12	1,20	6,55	-2,21	11,99	75,80
794	13.08.20 08:06:13	1,20	6,55	0,39	23,99	65,62
795	13.08.20 08:06:14	1,20	6,55	20,84	14,34	54,82
796	13.08.20 08:06:15	1,20	6,55	-0,18	22,29	67,53
797	13.08.20 08:06:16	1,20	6,55	0,55	23,85	65,60
798	13.08.20 08:06:17	1,20	6,55	2,13	21,75	66,12
799	13.08.20 08:06:18	1,20	6,50	-9,08	21,91	59,01
800	13.08.20 08:06:19	1,24	6,55	2,22	21,02	66,76
801	13.08.20 08:06:20	1,20	6,55	0,84	24,78	64,38
802	13.08.20 08:06:21	1,20	6,55	0,90	20,79	68,31
803	13.08.20 08:06:22	1,20	6,55	-4,29	14,20	71,51
804	13.08.20 08:06:23	1,20	6,55	-1,06	19,29	69,64
805	13.08.20 08:06:24	1,20	6,55	-5,67	7,43	76,90
806	13.08.20 08:06:25	1,20	6,55	5,27	11,15	73,58
807	13.08.20 08:06:26	1,20	6,55	3,85	-5,71	80,44
808	13.08.20 08:06:27	1,20	6,55	-11,10	23,27	55,63
809	13.08.20 08:06:28	1,20	6,59	-6,87	12,55	70,58
810	13.08.20 08:06:29	1,20	6,57	-16,58	3,94	69,49
811	13.08.20 08:06:30	1,20	6,55	-13,90	-0,71	75,38
812	13.08.20 08:06:31	1,20	6,55	-13,55	-1,01	75,44
813	13.08.20 08:06:32	1,20	6,52	-12,13	7,11	70,75
814	13.08.20 08:06:33	1,20	6,55	-12,23	-4,40	73,37
815	13.08.20 08:06:34	1,20	6,55	-2,54	-8,59	78,87
816	13.08.20 08:06:35	1,20	6,55	-3,27	-3,58	83,14
817	13.08.20 08:06:36	1,20	6,57	0,79	-3,81	85,40
818	13.08.20 08:06:37	1,20	6,57	-20,17	2,42	67,41
819	13.08.20 08:06:38	1,20	6,52	-6,84	-2,02	81,14
820	13.08.20 08:06:39	1,20	6,55	-4,97	-4,10	80,93
821	13.08.20 08:06:40	1,20	6,55	-4,26	-1,47	84,27
822	13.08.20 08:06:41	1,20	6,55	-4,48	-11,88	73,64
823	13.08.20 08:06:42	1,20	6,55	-6,75	-10,25	73,00
824	13.08.20 08:06:43	1,20	6,55	-2,61	-22,82	64,57
825	13.08.20 08:06:44	1,20	6,55	-0,46	-26,92	62,62
826	13.08.20 08:06:45	1,20	6,55	-8,71	-7,29	74,00
827	13.08.20 08:06:46	1,20	6,52	-9,30	4,06	76,64
828	13.08.20 08:06:47	1,20	6,55	-7,60	-5,82	76,59
829	13.08.20 08:06:48	1,20	6,55	-3,84	-18,55	67,61
830	13.08.20 08:06:49	1,20	6,55	0,06	3,30	86,64
831	13.08.20 08:06:50	1,20	6,55	-8,81	-3,12	78,07
832	13.08.20 08:06:51	1,20	6,55	-6,75	-0,57	82,69
833	13.08.20 08:06:52	1,20	6,55	-10,58	2,95	76,47
834	13.08.20 08:06:53	1,20	6,55	-7,56	3,21	79,23
835	13.08.20 08:06:54	1,20	6,52	-14,87	14,81	60,32
836	13.08.20 08:06:55	1,20	6,55	-3,30	9,71	76,99
837	13.08.20 08:06:56	1,20	6,52	-5,08	13,87	71,05
838	13.08.20 08:06:57	1,20	6,55	-4,01	13,11	72,88
839	13.08.20 08:06:58	1,20	6,52	-13,82	9,02	67,16
840	13.08.20 08:06:59	1,20	6,55	-3,13	9,11	77,76
841	13.08.20 08:07:00	1,20	6,55	-4,04	6,09	79,86
842	13.08.20 08:07:01	1,20	6,55	-3,84	9,98	76,18
843	13.08.20 08:07:02	1,20	6,52	-18,11	8,17	63,72
844	13.08.20 08:07:03	1,20	6,55	-6,09	9,33	74,57
845	13.08.20 08:07:04	1,20	6,52	-11,31	4,34	74,35
846	13.08.20 08:07:05	1,20	6,55	-2,64	10,06	77,30
847	13.08.20 08:07:06	1,20	6,55	3,53	17,75	68,72
848	13.08.20 08:07:07	1,20	6,52	9,63	7,56	72,82
849	13.08.20 08:07:08	1,20	6,52	0,06	13,11	76,83
850	13.08.20 08:07:09	1,20	6,57	-2,55	2,24	85,20
851	13.08.20 08:07:10	1,20	6,55	1,50	23,70	64,80
852	13.08.20 08:07:11	1,20	6,52	-11,12	12,58	66,30
853	13.08.20 08:07:12	1,20	6,55	1,28	40,33	48,39
854	13.08.20 08:07:13	1,20	6,52	1,89	48,11	40,00
855	13.08.20 08:07:14	1,20	6,52	10,33	56,09	23,58
856	13.08.20 08:07:15	1,20	6,55	27,92	47,51	14,57
857	13.08.20 08:07:16	1,20	6,55	45,26	23,98	20,76
858	13.08.20 08:07:17	1,20	6,50	50,71	6,98	32,31
859	13.08.20 08:07:18	1,20	6,50	50,71	5,07	34,22
860	13.08.20 08:07:19	1,20	6,50	53,60	10,25	26,15
861	13.08.20 08:07:20	1,20	6,50	55,07	9,75	25,18
862	13.08.20 08:07:21	1,20	6,50	51,60	6,18	32,21
863	13.08.20 08:07:22	1,20	6,48	55,07	8,45	26,48
864	13.08.20 08:07:23	1,20	6,50	54,78	11,42	23,81
865	13.08.20 08:07:24	1,20	6,48	57,45	11,19	21,37
866	13.08.20 08:07:25	1,20	6,44	53,84	13,06	23,10
867	13.08.20 08:07:26	1,20	6,42	56,48	12,44	21,08
868	13.08.20 08:07:27	1,20	6,44	56,69	12,80	20,51
869	13.08.20 08:07:28	1,20	6,42	57,29	11,85	20,87
870	13.08.20 08:07:29	1,20	6,35	53,47	12,44	24,08
871	13.08.20 08:07:30	1,20	6,35	51,03	12,00	26,97
872	13.08.20 08:07:31	1,20	6,35	50,07	12,47	27,47
873	13.08.20 08:07:32	1,20	6,35	56,77	13,22	20,00
874	13.08.20 08:07:33	1,20	6,31	51,86	14,36	23,78
875	13.08.20 08:07:34	1,20	6,29	51,06	12,01	26,93
876	13.08.20 08:07:35	1,20	6,27	50,69	16,57	22,75
877	13.08.20 08:07:36	1,20	6,27	57,55	12,42	20,04
878	13.08.20 08:07:37	1,20	6,25	49,45	13,19	27,36
879	13.08.20 08:07:38	1,20	6,22	49,03	15,56	25,41
880	13.08.20 08:07:39	1,20	6,20	51,49	14,02	24,48
881	13.08.20 08:07:40	1,20	6,20	52,36	13,65	23,99
882	13.08.20 08:07:41	1,20	6,16	44,98	17,87	27,16
883	13.08.20 08:07:42	1,20	6,14	53,89	13,90	22,21
884	13.08.20 08:07:43	1,20	6,16	53,87	14,19	21,94
885	13.08.20 08:07:44	1,16	6,14	49,21	15,42	25,37
886	13.08.20 08:07:45	1,20	6,14	51,22	19,07	19,71
887	13.08.20 08:07:46	1,20	6,14	57,78	17,50	14,72
888	13.08.20 08:07:47	1,16	6,14	56,23	19,12	14,65
889	13.08.20 08:07:48	1,16	6,14	57,37	17,48	15,16
890	13.08.20 08:07:49	1,16	6,12	54,51	17,28	18,21
891	13.08.20 08:07:50	1,16	6,12	54,11	19,84	16,05
892	13.08.20 08:07:51	1,16	6,12	59,79	17,81	12,40
893	13.08.20 08:07:52	1,16	6,07	56,94	20,48	12,58
894	13.08.20 08:07:53	1,16	6,07	57,98	16,76	15,26
895	13.08.20 08:07:54	1,16	6,03	53,30	17,97	18,74
896	13.08.20 08:07:55	1,16	6,05	55,42	19,56	15,02
897	13.08.20 08:07:56	1,16	6,03	57,03	20,75	12,22
898	13.08.20 08:07:57	1,16	6,01	52,73	19,57	17,70
899	13.08.20 08:07:58	1,16	5,99	52,92	19,02	18,05
900	13.08.20 08:07:59	1,16	6,01	56,81	17,67	15,53
901	13.08.20 08:08:00	1,16	6,01	53,08	19,66	17,26
902	13.08.20 08:08:01	1,16	6,01	55,65	17,92	16,43
903	13.08.20 08:08:02	1,16	5,97	50,35	20,09	19,56
904	13.08.20 08:08:03	1,16	5,92	51,92	19,14	18,94
905	13.08.20 08:08:04	1,16	5,90	48,07	21,93	19,99
906	13.08.20 08:08:05	1,16	5,86	43,73	25,94	20,33
907	13.08.20 08:08:06	1,16	5,80	43,39	24,22	22,39
908	13.08.20 08:08:07	1,16	5,75	48,71	21,59	19,71
909	13.08.20 08:08:08	1,16	5,71	42,23	20,12	27,65
910	13.08.20 08:08:09	1,16	5,65	41,37	21,28	27,35
911	13.08.20 08:08:10	1,16	5,58	37,84	25,42	26,74
912	13.08.20 08:08:11	1,16	5,56	41,73	22,77	25,50
913	13.08.20 08:08:12	1,16	5,52	42,44	19,64	27,92
914	13.08.20 08:08:13	1,16	5,45	40,00	20,42	29,58
915	13.08.20 08:08:14	1,16	5,43	44,50	16,37	29,13
916	13.08.20 08:08:15	1,16	5,37	45,91	14,64	29,45
917	13.08.20 08:08:16	1,16	5,32	47,88	11,11	31,01
918	13.08.20 08:08:17	1,16	5,30	50,25	6,97	32,79
919	13.08.20 08:08:18	1,16	5,26	51,73	4,86	33,41
920	13.08.20 08:08:19	1,16	5,22	54,01	-0,06	35,93
921	13.08.20 08:08:20	1,16	5,17	48,13	3,71	38,16
922	13.08.20 08:08:21	1,16	5,13	49,94	1,72	38,35
923	13.08.20 08:08:22	1,16	5,09	50,17	-0,45	39,38
924	13.08.20 08:08:23	1,16	5,07	47,97	-3,70	38,33
925	13.08.20 08:08:24	1,16	5,02	50,72	-3,96	35,33
926	13.08.20 08:08:25	1,16	5,00	54,75	-3,62	31,63
927	13.08.20 08:08:26	1,16	4,94	51,86	-6,37	31,77
928	13.08.20 08:08:27	1,16	4,90	54,54	-8,82	26,63
929	13.08.20 08:08:28	1,16	4,90	70,91	-6,78	12,30
930	13.08.20 08:08:29	1,16	4,88	71,63	-5,83	12,53
931	13.08.20 08:08:30	1,16	4,83	45,06	6,33	38,61
932	13.08.20 08:08:31	1,16	4,81	55,23	-2,19	32,58
933	13.08.20 08:08:32	1,16	4,77	62,85	-3,35	23,80
934	13.08.20 08:08:33	1,12	4,79	60,57	6,96	22,47
935	13.08.20 08:08:34	1,12	4,85	57,43	18,51	14,06
936	13.08.20 08:08:35	1,12	4,87	62,51	12,34	15,15
937	13.08.20 08:08:36	1,12	4,90	55,15	19,46	15,38
938	13.08.20 08:08:37	1,12	4,96	58,22	16,41	15,37
939	13.08.20 08:08:38	1,12	5,00	70,02	-0,17	19,80
940	13.08.20 08:08:39	1,12	4,98	51,60	-18,95	19,46
941	13.08.20 08:08:40	1,12	5,07	60,61	-16,48	12,91
942	13.08.20 08:08:41	1,12	5,11	63,13	-13,84	13,04
943	13.08.20 08:08:42	1,12	5,15	64,25	-12,39	13,36
944	13.08.20 08:08:43	1,12	5,20	65,68	-8,93	15,39
945	13.08.20 08:08:44	1,12	5,24	70,39	-6,75	12,86
946	13.08.20 08:08:45	1,12	5,30	67,05	-7,72	15,23
947	13.08.20 08:08:46	1,12	5,32	66,79	-7,75	15,45
948	13.08.20 08:08:47	1,12	5,39	71,91	-6,01	12,08
949	13.08.20 08:08:48	1,12	5,43	69,25	-6,42	14,32
950	13.08.20 08:08:49	1,12	5,47	68,59	-6,56	14,84
951	13.08.20 08:08:50	1,12	5,50	73,04	-5,23	11,72
952	13.08.20 08:08:51	1,12	5,54	72,91	-4,46	12,63
953	13.08.20 08:08:52	1,12	5,58	71,50	-4,20	14,31
954	13.08.20 08:08:53	1,12	5,62	72,88	-3,81	13,31
955	13.08.20 08:08:54	1,12	5,65	72,36	-4,15	13,49
956	13.08.20 08:08:55	1,12	5,67	70,00	-4,86	15,14
957	13.08.20 08:08:56	1,12	5,67	71,89	-3,76	14,35
958	13.08.20 08:08:57	1,12	5,67	69,69	4,76	15,55
959	13.08.20 08:08:58	1,12	5,67	65,08	7,05	17,87
960	13.08.20 08:08:59	1,12	5,58	66,88	5,77	17,35
961	13.08.20 08:09:00	1,12	5,50	70,48	2,87	16,65
962	13.08.20 08:09:01	1,12	5,43	70,20	0,44	19,36
963	13.08.20 08:09:02	1,12	5,37	67,94	-0,41	21,65
964	13.08.20 08:09:03	1,12	5,28	64,26	-1,85	23,88
965	13.08.20 08:09:04	1,12	5,22	63,12	-3,13	23,75
966	13.08.20 08:09:05	1,12	5,13	61,08	-4,93	24,00
967	13.08.20 08:09:06	1,12	5,02	59,30	-5,02	25,68
968	13.08.20 08:09:07	1,12	4,94	57,85	-4,67	27,47
969	13.08.20 08:09:08	1,12	4,87	56,62	-3,61	29,77
970	13.08.20 08:09:09	1,12	4,77	53,29	-0,63	36,09
971	13.08.20 08:09:10	1,12	4,66	50,15	1,84	38,00
972	13.08.20 08:09:11	1,12	4,55	47,43	-1,50	41,07
973	13.08.20 08:09:12	1,08	4,47	47,14	2,42	40,44
974	13.08.20 08:09:13	1,08	4,40	46,82	-5,50	37,68
975	13.08.20 08:09:14	1,08	4,30	44,70	-7,18	38,13
976	13.08.20 08:09:15	1,08	4,21	45,46	-10,05	34,49
977	13.08.20 08:09:16	1,12	4,08	44,23	-10,85	34,93
978	13.08.20 08:09:17	1,16	4,00	46,41	-10,47	33,12
979	13.08.20 08:09:18	1,16	3,93	46,71	-7,58	35,71
980	13.08.20 08:09:19	1,16	3,89	45,22	-8,94	35,84
981	13.08.20 08:09:20	1,20	3,83	47,38	-9,88	32,73
982	13.08.20 08:09:21	1,24	3,79	48,36	-10,56	31,08
983	13.08.20 08:09:22	1,24	3,76	56,92	-13,83	19,25
984	13.08.20 08:09:23	1,20	3,72	66,88	-13,98	9,13
985	13.08.20 08:09:24	1,20	3,68	63,70	-6,15	20,15
986	13.08.20 08:09:25	1,20	3,72	67,57	-2,08	20,35
987	13.08.20 08:09:26	1,16	3,74	68,90	-2,21	18,89
988	13.08.20 08:09:27	1,16	3,76	68,64	-3,52	17,83
989	13.08.20 08:09:28	1,16	3,78	68,37	-4,48	17,15
990	13.08.20 08:09:29	1,16	3,83	71,56	-3,65	14,79
991	13.08.20 08:09:30	1,12	3,87	67,20	-6,70	16,10
992	13.08.20 08:09:31	1,12	3,93	63,80	-9,09	17,11
993	13.08.20 08:09:32	1,12	3,95	62,72	-10,35	16,93
994	13.08.20 08:09:33	1,12	3,98	63,82	-10,61	15,57
995	13.08.20 08:09:34	1,16	4,04	64,27	-10,60	15,14
996	13.08.20 08:09:35	1,20	4,11	64,82	-9,51	15,67
997	13.08.20 08:09:36	1,20	4,13	64,71	-9,43	15,86
998	13.08.20 08:09:37	1,24	4,19	67,37	-7,74	14,90
999	13.08.20 08:09:38	1,24	4,19	69,91	-13,20	6,89
1000	13.08.20 08:09:39	1,28	4,19	65,17	-10,03	14,80
1001	13.08.20 08:09:40	1,28	4,23	66,94	-7,02	16,04
1002	13.08.20 08:09:41	1,28	4,26	68,04	-6,36	15,60
1003	13.08.20 08:09:42	1,28	4,26	73,03	-7,89	9,09
1004	13.08.20 08:09:43	1,28	4,26	66,86	-8,27	14,87
1005	13.08.20 08:09:44	1,28	4,21	53,16	-12,32	24,52
1006	13.08.20 08:09:45	1,32	4,17	70,74	-16,74	2,52
1007	13.08.20 08:09:46	1,32	4,11	53,21	-15,81	20,98
1008	13.08.20 08:09:47	1,32	4,04	65,50	-21,91	2,59
1009	13.08.20 08:09:48	1,32	4,00	57,51	-14,14	18,35
1010	13.08.20 08:09:49	1,32	3,96	66,53	-18,77	4,70
1011	13.08.20 08:09:50	1,32	3,87	68,54	-19,81	1,65
1012	13.08.20 08:09:51	1,32	3,76	66,08	-20,79	-3,13
1013	13.08.20 08:09:52	1,32	3,72	66,38	-20,80	-2,82
1014	13.08.20 08:09:53	1,28	3,64	67,87	-21,48	-0,65
1015	13.08.20 08:09:54	1,24	3,55	64,86	-21,53	-3,61
1016	13.08.20 08:09:55	1,24	3,46	62,31	-22,45	-5,24
1017	13.08.20 08:09:56	1,24	3,40	62,40	-22,56	-5,04
1018	13.08.20 08:09:57	1,24	3,31	58,72	-19,82	-11,46
1019	13.08.20 08:09:58	1,24	3,23	56,43	-18,62	-14,95
1020	13.08.20 08:09:59	1,24	3,14	52,07	-20,56	-17,37
1021	13.08.20 08:10:00	1,28	3,06	51,75	-22,16	-16,09
1022	13.08.20 08:10:01	1,32	2,99	51,72	-18,61	-19,67
1023	13.08.20 08:10:02	1,40	2,91	50,56	-19,37	-20,08
1024	13.08.20 08:10:03	1,44	2,82	49,41	-21,39	-19,21
1025	13.08.20 08:10:04	1,48	2,74	46,98	-20,19	-22,83
1026	13.08.20 08:10:05	1,56	2,68	48,27	-21,81	-19,92
1027	13.08.20 08:10:06	1,59	2,61	46,61	-21,66	-21,73
1028	13.08.20 08:10:07	1,63	2,53	47,28	-24,65	-18,08
1029	13.08.20 08:10:08	1,71	2,46	48,60	-29,45	-11,95
1030	13.08.20 08:10:09	1,79	2,40	53,76	-34,48	-1,76
1031	13.08.20 08:10:10	1,87	2,32	53,98	-34,67	1,35
1032	13.08.20 08:10:11	1,91	2,25	46,20	-35,13	8,67
1033	13.08.20 08:10:12	1,95	2,19	48,46	-34,66	6,88
1034	13.08.20 08:10:13	2,02	2,13	43,76	-33,95	12,29
1035	13.08.20 08:10:14	2,10	2,06	39,45	-34,10	16,44
1036	13.08.20 08:10:15	2,22	2,00	36,83	-33,81	19,36
1037	13.08.20 08:10:16	2,41	1,92	34,90	-35,48	19,62
1038	13.08.20 08:10:17	2,68	1,84	30,80	-36,37	22,83
1039	13.08.20 08:10:18	2,91	1,77	29,41	-35,61	24,97
1040	13.08.20 08:10:19	3,13	1,73	26,80	-35,02	28,19
1041	13.08.20 08:10:20	3,59	1,61	26,50	-29,08	34,42
1042	13.08.20 08:10:21	3,85	1,49	27,23	-26,66	36,11
1043	13.08.20 08:10:22	4,29	1,47	27,00	-27,14	35,86
1044	13.08.20 08:10:23	4,44	1,43	29,29	-25,49	35,22
1045	13.08.20 08:10:24	4,66	1,32	25,61	-27,60	36,79
1046	13.08.20 08:10:25	5,53	1,25	34,63	-26,24	29,13
1047	13.08.20 08:10:26	6,42	1,15	31,09	-16,84	42,07
1048	13.08.20 08:10:27	6,87	1,11	29,44	-23,02	37,55
1049	13.08.20 08:10:28	7,36	1,10	29,54	-19,70	40,76
1050	13.08.20 08:10:29	7,91	0,97	22,92	-17,47	49,60
1051	13.08.20 08:10:30	8,32	0,98	32,76	-15,84	41,40
1052	13.08.20 08:10:31	8,46	0,98	32,28	-14,66	43,06
1053	13.08.20 08:10:32	8,49	0,96	32,12	-15,30	42,57
1054	13.08.20 08:10:33	8,66	0,92	31,14	-17,26	41,59
1055	13.08.20 08:10:34	8,83	0,81	32,22	-16,07	41,71
1056	13.08.20 08:10:35	9,26	0,79	32,52	-14,37	43,10
1057	13.08.20 08:10:36	9,63	0,73	33,06	-14,04	42,90
1058	13.08.20 08:10:37	9,93	0,69	32,93	-10,54	46,53
1059	13.08.20 08:10:38	10,13	0,72	36,02	-8,15	45,83
1060	13.08.20 08:10:39	10,42	0,72	36,46	-9,44	44,10
1061	13.08.20 08:10:40	10,55	0,61	33,37	-5,54	51,10
1062	13.08.20 08:10:41	10,68	0,62	32,25	-10,81	46,94
1063	13.08.20 08:10:42	10,81	0,59	23,47	-18,68	47,85
1064	13.08.20 08:10:43	10,88	0,55	32,86	-11,89	45,25
1065	13.08.20 08:10:44	11,14	0,50	33,67	0,33	56,00
1066	13.08.20 08:10:45	11,23	0,50	30,61	1,45	57,94
1067	13.08.20 08:10:46	11,43	0,50	28,26	3,08	58,67
1068	13.08.20 08:10:47	11,52	0,45	29,73	5,53	54,74
1069	13.08.20 08:10:48	11,62	0,43	24,19	13,16	52,65
1070	13.08.20 08:10:49	11,65	0,43	20,61	9,27	60,12
1071	13.08.20 08:10:50	11,81	0,41	22,48	9,35	58,17
1072	13.08.20 08:10:51	12,10	0,39	17,03	6,45	66,51
1073	13.08.20 08:10:52	12,23	0,41	27,62	11,67	50,72
1074	13.08.20 08:10:53	12,23	0,45	27,18	4,05	58,77
1075	13.08.20 08:10:54	12,23	0,43	23,60	5,28	61,13
1076	13.08.20 08:10:55	12,45	0,41	25,54	5,70	58,76
1077	13.08.20 08:10:56	12,55	0,43	23,95	2,69	63,35
1078	13.08.20 08:10:57	12,61	0,39	22,00	8,65	59,36
1079	13.08.20 08:10:58	12,70	0,43	24,27	9,69	56,04
1080	13.08.20 08:10:59	12,77	0,43	24,76	7,81	57,43
1081	13.08.20 08:11:00	12,80	0,45	25,81	7,88	56,31
1082	13.08.20 08:11:01	12,83	0,45	21,78	3,14	65,07
1083	13.08.20 08:11:02	12,96	0,39	19,50	5,32	65,18
1084	13.08.20 08:11:03	13,11	0,39	29,11	11,41	49,48
1085	13.08.20 08:11:04	13,21	0,39	21,75	8,32	59,93
1086	13.08.20 08:11:05	13,33	0,37	12,07	-14,23	63,70
1087	13.08.20 08:11:06	13,37	0,41	22,86	12,23	54,91
1088	13.08.20 08:11:07	13,33	0,41	30,10	9,95	49,96
1089	13.08.20 08:11:08	13,37	0,39	17,74	-1,94	70,31
1090	13.08.20 08:11:09	13,43	0,41	24,40	6,18	59,42
1091	13.08.20 08:11:10	13,49	0,39	23,87	7,78	58,35
1092	13.08.20 08:11:11	13,49	0,39	26,95	2,07	60,99
1093	13.08.20 08:11:12	13,52	0,39	30,71	14,13	45,16
1094	13.08.20 08:11:13	13,52	0,39	19,49	6,07	64,44
1095	13.08.20 08:11:14	13,55	0,39	21,79	9,33	58,88
1096	13.08.20 08:11:15	13,71	0,35	20,60	17,48	51,93
1097	13.08.20 08:11:16	13,80	0,37	17,86	14,29	57,85
1098	13.08.20 08:11:17	13,93	0,37	24,18	6,62	59,20
1099	13.08.20 08:11:18	14,02	0,39	23,43	5,75	60,82
1100	13.08.20 08:11:19	14,02	0,37	22,59	7,13	60,27
1101	13.08.20 08:11:20	14,02	0,37	20,95	4,20	64,84
1102	13.08.20 08:11:21	14,05	0,41	27,67	10,23	52,10
1103	13.08.20 08:11:22	13,99	0,39	21,33	5,65	63,01
1104	13.08.20 08:11:23	14,05	0,37	20,02	9,04	60,94
1105	13.08.20 08:11:24	14,14	0,37	18,35	-9,21	62,44
1106	13.08.20 08:11:25	14,24	0,35	20,00	1,36	68,64
1107	13.08.20 08:11:26	14,27	0,35	20,74	11,00	58,27
1108	13.08.20 08:11:27	14,27	0,35	16,99	-4,50	68,51
1109	13.08.20 08:11:28	14,27	0,35	24,76	1,68	63,56
1110	13.08.20 08:11:29	14,27	0,37	31,18	-0,49	58,34
1111	13.08.20 08:11:30	14,27	0,37	24,87	7,52	57,61
1112	13.08.20 08:11:31	14,24	0,35	33,95	4,88	51,17
1113	13.08.20 08:11:32	14,24	0,45	49,40	-3,67	36,93
1114	13.08.20 08:11:33	14,24	0,41	33,48	3,62	52,89
1115	13.08.20 08:11:34	14,33	0,35	28,78	3,09	58,13
1116	13.08.20 08:11:35	14,39	0,35	26,07	7,99	55,94
1117	13.08.20 08:11:36	14,42	0,33	16,75	4,55	68,69
1118	13.08.20 08:11:37	14,42	0,43	28,72	9,11	52,16
1119	13.08.20 08:11:38	14,49	0,45	42,91	9,04	38,05
1120	13.08.20 08:11:39	14,55	0,39	22,85	10,59	56,55
1121	13.08.20 08:11:40	14,61	0,35	20,73	0,37	68,89
1122	13.08.20 08:11:41	14,64	0,39	29,47	-1,27	59,26
1123	13.08.20 08:11:42	14,67	0,35	21,16	8,18	60,66
1124	13.08.20 08:11:43	14,76	0,39	28,99	7,38	53,63
1125	13.08.20 08:11:44	14,82	0,35	23,55	4,25	62,19
1126	13.08.20 08:11:45	14,89	0,39	41,85	0,83	47,32
1127	13.08.20 08:11:46	14,92	0,37	29,52	2,76	57,72
1128	13.08.20 08:11:47	14,92	0,39	26,48	11,06	52,46
1129	13.08.20 08:11:48	14,92	0,39	34,12	11,23	44,65
1130	13.08.20 08:11:49	14,95	0,39	32,47	6,61	50,93
1131	13.08.20 08:11:50	14,95	0,41	21,35	-9,45	59,20
1132	13.08.20 08:11:51	14,98	0,43	29,66	-1,75	58,58
1133	13.08.20 08:11:52	14,98	0,43	37,61	-18,80	33,59
1134	13.08.20 08:11:53	15,07	0,37	29,21	-7,72	53,06
1135	13.08.20 08:11:54	15,13	0,33	15,50	-10,90	63,60
1136	13.08.20 08:11:55	15,22	0,33	7,49	-12,92	69,59
1137	13.08.20 08:11:56	15,25	0,33	26,27	-15,02	48,72
1138	13.08.20 08:11:57	15,25	0,33	28,78	-8,99	52,23
1139	13.08.20 08:11:58	15,28	0,33	27,60	-16,49	45,91
1140	13.08.20 08:11:59	15,32	0,35	28,59	-5,24	56,17
1141	13.08.20 08:12:00	15,28	0,33	19,24	-10,41	60,35
1142	13.08.20 08:12:01	15,35	0,33	20,34	-14,51	55,14
1143	13.08.20 08:12:02	15,38	0,35	31,00	-17,43	41,57
1144	13.08.20 08:12:03	15,41	0,33	30,10	-3,66	56,25
1145	13.08.20 08:12:04	15,38	0,37	29,43	-3,47	57,09
1146	13.08.20 08:12:05	15,35	0,39	30,99	-13,46	45,55
1147	13.08.20 08:12:06	15,32	0,35	28,06	-9,96	51,98
1148	13.08.20 08:12:07	15,38	0,33	27,27	-5,83	56,90
1149	13.08.20 08:12:08	15,44	0,30	30,26	-9,21	50,53
1150	13.08.20 08:12:09	15,50	0,30	29,44	0,21	60,36
1151	13.08.20 08:12:10	15,56	0,30	34,04	-2,98	52,97
1152	13.08.20 08:12:11	15,65	0,28	28,57	-5,86	55,57
1153	13.08.20 08:12:12	15,68	0,28	30,08	-14,55	45,37
1154	13.08.20 08:12:13	15,65	0,26	15,20	17,72	57,08
1155	13.08.20 08:12:14	15,71	0,26	15,09	-6,20	68,71
1156	13.08.20 08:12:15	15,74	0,26	24,81	-14,74	50,45
1157	13.08.20 08:12:16	15,83	0,26	29,35	-12,79	47,87
1158	13.08.20 08:12:17	15,83	0,24	54,96	-25,72	9,32
1159	13.08.20 08:12:18	15,83	0,28	58,17	-22,53	9,30
1160	13.08.20 08:12:19	15,77	0,30	61,33	-20,52	8,15
1161	13.08.20 08:12:20	15,65	0,33	60,28	-22,49	7,23
1162	13.08.20 08:12:21	15,56	0,33	62,78	-18,00	9,22
1163	13.08.20 08:12:22	15,44	0,35	61,97	-20,79	7,25
1164	13.08.20 08:12:23	15,25	0,35	60,17	-21,26	8,57
1165	13.08.20 08:12:24	15,10	0,35	60,91	-22,05	7,04
1166	13.08.20 08:12:25	14,98	0,35	59,51	-22,76	7,73
1167	13.08.20 08:12:26	14,85	0,37	60,27	-22,20	7,53
1168	13.08.20 08:12:27	14,76	0,37	60,13	-22,29	7,57
1169	13.08.20 08:12:28	14,67	0,37	59,86	-22,50	7,64
1170	13.08.20 08:12:29	14,61	0,37	59,82	-21,84	8,34
1171	13.08.20 08:12:30	14,52	0,37	59,81	-22,05	8,14
1172	13.08.20 08:12:31	14,49	0,37	60,09	-22,71	7,20
1173	13.08.20 08:12:32	14,42	0,37	59,80	-21,77	8,43
1174	13.08.20 08:12:33	14,39	0,37	60,35	-22,40	7,24
1175	13.08.20 08:12:34	14,33	0,37	54,83	-28,77	6,40
1176	13.08.20 08:12:35	14,27	0,37	79,06	-5,79	5,16
1177	13.08.20 08:12:36	14,21	0,39	38,79	-31,26	-19,95
1178	13.08.20 08:12:37	14,18	0,39	66,47	-8,90	-14,63
1179	13.08.20 08:12:38	14,11	0,37	61,27	-9,18	-19,55
1180	13.08.20 08:12:39	14,08	0,37	43,62	37,90	8,48
1181	13.08.20 08:12:40	14,02	0,37	45,52	38,07	6,41
1182	13.08.20 08:12:41	13,99	0,39	58,06	25,90	6,04
1183	13.08.20 08:12:42	13,93	0,35	54,05	27,27	8,68
1184	13.08.20 08:12:43	13,90	0,37	58,98	21,21	9,81
1185	13.08.20 08:12:44	13,83	0,37	59,70	19,98	10,32
1186	13.08.20 08:12:45	13,80	0,37	72,91	6,48	10,61
1187	13.08.20 08:12:46	13,77	0,37	78,22	-1,81	9,97
1188	13.08.20 08:12:47	13,71	0,37	81,05	6,87	2,08
1189	13.08.20 08:12:48	13,68	0,37	74,33	-7,73	7,95
1190	13.08.20 08:12:49	13,65	0,37	6,31	-23,03	60,67
1191	13.08.20 08:12:50	13,62	0,39	-14,84	-3,76	71,40
1192	13.08.20 08:12:51	13,58	0,39	-16,08	-5,21	68,72
1193	13.08.20 08:12:52	13,55	0,37	-14,44	3,03	72,53
1194	13.08.20 08:12:53	13,55	0,37	-11,10	0,94	77,96
1195	13.08.20 08:12:54	13,52	0,37	-18,00	-2,93	69,08
1196	13.08.20 08:12:55	13,49	0,37	-17,10	-2,43	70,46
1197	13.08.20 08:12:56	13,49	0,39	-16,88	-2,58	70,55
1198	13.08.20 08:12:57	13,46	0,37	-12,53	-5,15	72,32
1199	13.08.20 08:12:58	13,43	0,37	-13,04	-2,52	74,44
1200	13.08.20 08:12:59	13,43	0,37	-10,85	-4,63	74,53
1201	13.08.20 08:13:00	13,40	0,37	-11,19	-3,95	74,87
1202	13.08.20 08:13:01	13,37	0,39	-10,59	-4,22	75,19
1203	13.08.20 08:13:02	13,37	0,39	-12,01	-0,98	77,01
1204	13.08.20 08:13:03	13,33	0,37	-16,34	-5,39	68,27
1205	13.08.20 08:13:04	13,30	0,39	-18,11	-7,98	63,91
1206	13.08.20 08:13:05	13,30	0,39	-58,88	4,12	-27,00
1207	13.08.20 08:13:06	13,30	0,39	-58,06	4,01	-27,93
1208	13.08.20 08:13:07	13,27	0,39	-57,20	3,81	-29,00
1209	13.08.20 08:13:08	13,27	0,39	-55,80	6,70	-27,50
1210	13.08.20 08:13:09	13,27	0,39	-57,18	9,06	-23,76
1211	13.08.20 08:13:10	13,27	0,39	-65,23	6,36	-18,41
1212	13.08.20 08:13:11	13,27	0,37	-76,67	0,21	-13,12
1213	13.08.20 08:13:12	13,27	0,39	-75,81	-0,68	-13,51
1214	13.08.20 08:13:13	13,24	0,41	-75,16	-1,17	-13,67
1215	13.08.20 08:13:14	13,24	0,41	-76,43	-0,39	-13,18
1216	13.08.20 08:13:15	13,21	0,39	-76,40	0,30	-13,29
1217	13.08.20 08:13:16	13,21	0,39	-75,41	-0,80	-13,79
1218	13.08.20 08:13:17	13,18	0,37	-63,81	-20,23	5,97
1219	13.08.20 08:13:18	13,18	0,39	1,28	4,70	-84,02
1220	13.08.20 08:13:19	13,18	0,39	4,86	-9,44	-75,70
1221	13.08.20 08:13:20	13,15	0,39	32,50	-53,44	4,07
1222	13.08.20 08:13:21	13,15	0,39	12,03	-59,62	-18,34
1223	13.08.20 08:13:22	13,15	0,37	11,05	-49,35	-29,60
1224	13.08.20 08:13:23	13,15	0,39	10,69	-44,81	-34,49
1225	13.08.20 08:13:24	13,15	0,37	68,25	-11,97	9,78
1226	13.08.20 08:13:25	13,15	0,39	22,94	-41,19	25,86
1227	13.08.20 08:13:26	13,15	0,39	-5,98	-45,07	38,95
1228	13.08.20 08:13:27	13,15	0,37	-7,67	-34,68	47,65
1229	13.08.20 08:13:28	13,15	0,39	-10,44	-37,83	41,73
1230	13.08.20 08:13:29	13,11	0,39	-10,81	-33,15	46,04
1231	13.08.20 08:13:30	13,11	0,39	-0,82	-53,50	35,68
1232	13.08.20 08:13:31	13,11	0,37	-15,19	-63,04	11,77
1233	13.08.20 08:13:32	13,11	0,37	0,00	-84,46	5,54
1234	13.08.20 08:13:33	13,11	0,39	-15,99	-67,04	6,96
1235	13.08.20 08:13:34	13,11	0,37	1,39	-81,73	6,88
1236	13.08.20 08:13:35	13,11	0,37	2,68	-79,32	8,00
1237	13.08.20 08:13:36	13,11	0,37	-24,22	-36,43	29,36
1238	13.08.20 08:13:37	13,46	0,33	-4,76	-47,96	37,28
1239	13.08.20 08:13:38	13,71	0,28	-20,80	-58,97	-10,24
1240	13.08.20 08:13:39	14,45	0,24	18,39	-12,01	59,61
1241	13.08.20 08:13:40	14,85	0,28	-19,37	-66,32	4,31
1242	13.08.20 08:13:41	14,98	0,28	-64,74	-21,55	-3,70
1243	13.08.20 08:13:42	15,01	0,28	-77,91	-4,63	7,46
1244	13.08.20 08:13:43	15,04	0,28	-58,58	-29,77	1,65
1245	13.08.20 08:13:44	15,04	0,30	-73,12	-10,15	6,73
1246	13.08.20 08:13:45	15,04	0,30	-77,91	0,25	11,84
1247	13.08.20 08:13:46	15,04	0,30	-57,39	2,96	-29,65
1248	13.08.20 08:13:47	15,01	0,30	-50,72	4,07	-35,21
1249	13.08.20 08:13:48	15,01	0,33	-63,81	3,12	-23,07
1250	13.08.20 08:13:49	14,98	0,35	-55,68	3,86	-30,46
1251	13.08.20 08:13:50	14,98	0,35	-56,16	4,70	-29,14
1252	13.08.20 08:13:51	14,95	0,33	-53,69	4,70	-31,60
1253	13.08.20 08:13:52	14,92	0,35	-56,45	4,96	-28,59
1254	13.08.20 08:13:53	14,89	0,35	-52,86	7,01	-30,13
1255	13.08.20 08:13:54	14,89	0,33	-55,17	5,45	-29,38
1256	13.08.20 08:13:55	14,85	0,35	-52,43	3,63	-33,94
1257	13.08.20 08:13:56	14,82	0,37	-58,49	4,57	-26,93
1258	13.08.20 08:13:57	14,82	0,35	-62,36	-2,37	-25,27
1259	13.08.20 08:13:58	14,82	0,35	1,12	-87,21	-1,66
1260	13.08.20 08:13:59	14,79	0,37	19,25	-37,41	-33,34
1261	13.08.20 08:14:00	14,76	0,35	-36,70	-13,97	-39,33
1262	13.08.20 08:14:01	14,76	0,37	-66,49	-0,08	-23,43
1263	13.08.20 08:14:02	14,76	0,35	-29,54	30,80	-29,67
1264	13.08.20 08:14:03	14,76	0,35	45,88	27,33	16,80
1265	13.08.20 08:14:04	14,76	0,37	-21,69	34,19	-34,12
1266	13.08.20 08:14:05	14,76	0,37	1,50	67,39	-21,11
1267	13.08.20 08:14:06	14,73	0,35	-26,24	38,70	25,05
1268	13.08.20 08:14:07	14,73	0,37	-70,24	-4,25	-15,51
1269	13.08.20 08:14:08	14,73	0,37	-69,32	-2,29	-18,39
1270	13.08.20 08:14:09	14,73	0,37	-69,23	-2,16	-18,61
1271	13.08.20 08:14:10	14,70	0,37	-69,04	-1,99	-18,97
1272	13.08.20 08:14:11	14,70	0,37	-68,81	-1,98	-19,21
1273	13.08.20 08:14:12	14,67	0,39	-69,59	-1,80	-18,61
1274	13.08.20 08:14:13	14,67	0,35	-69,71	-1,62	-18,67
1275	13.08.20 08:14:14	14,64	0,37	-69,34	-1,66	-19,01
1276	13.08.20 08:14:15	14,64	0,37	-68,97	-1,88	-19,15
1277	13.08.20 08:14:16	14,61	0,37	-69,84	-1,73	-18,43
1278	13.08.20 08:14:17	14,61	0,37	-69,06	-2,17	-18,77
1279	13.08.20 08:14:18	14,61	0,39	-69,18	-1,99	-18,83
1280	13.08.20 08:14:19	14,58	0,37	-69,59	-1,58	-18,83
1281	13.08.20 08:14:20	14,58	0,37	-68,89	-2,19	-18,91
1282	13.08.20 08:14:21	14,58	0,39	-69,33	-1,77	-18,90
1283	13.08.20 08:14:22	14,58	0,39	-70,01	-1,55	-18,44
1284	13.08.20 08:14:23	14,55	0,39	-69,51	-1,55	-18,95
1285	13.08.20 08:14:24	14,55	0,37	-69,02	-1,99	-18,99
1286	13.08.20 08:14:25	14,55	0,39	-69,82	-1,81	-18,37
1287	13.08.20 08:14:26	14,55	0,39	-69,17	-1,74	-19,09
1288	13.08.20 08:14:27	14,55	0,39	-69,30	-1,89	-18,81
1289	13.08.20 08:14:28	14,52	0,41	-69,57	-1,92	-18,52
1290	13.08.20 08:14:29	14,52	0,37	-69,32	-2,12	-18,56
1291	13.08.20 08:14:30	14,52	0,37	-69,32	-1,76	-18,92
1292	13.08.20 08:14:31	14,52	0,39	-69,10	-1,92	-18,98
1293	13.08.20 08:14:32	14,52	0,39	-69,90	-1,77	-18,33
1294	13.08.20 08:14:33	14,52	0,37	-69,71	-1,85	-18,44
1295	13.08.20 08:14:34	14,52	0,39	-68,59	-1,60	-19,80
1296	13.08.20 08:14:35	14,52	0,39	-69,41	-1,82	-18,77
1297	13.08.20 08:14:36	14,52	0,37	-70,04	-2,20	-17,77
1298	13.08.20 08:14:37	14,52	0,39	-69,51	-1,77	-18,72
1299	13.08.20 08:14:38	14,52	0,39	-68,59	-1,79	-19,61
1300	13.08.20 08:14:39	14,52	0,37	-69,14	-1,80	-19,06
1301	13.08.20 08:14:40	14,52	0,39	-70,34	-1,71	-17,95
1302	13.08.20 08:14:41	14,52	0,39	-69,59	-1,80	-18,61
1303	13.08.20 08:14:42	14,52	0,37	-69,21	-1,42	-19,37
1304	13.08.20 08:14:43	14,52	0,39	-69,33	-1,95	-18,72
1305	13.08.20 08:14:44	14,52	0,39	-69,81	-1,71	-18,48
1306	13.08.20 08:14:45	14,52	0,39	-69,50	-1,86	-18,64
1307	13.08.20 08:14:46	14,52	0,37	-69,02	-2,21	-18,77
1308	13.08.20 08:14:47	14,52	0,39	-69,23	-1,75	-19,02
1309	13.08.20 08:14:48	14,52	0,39	-69,59	-1,62	-18,79
1310	13.08.20 08:14:49	14,55	0,37	-69,92	-1,82	-18,26
1311	13.08.20 08:14:50	14,55	0,39	-69,59	-1,71	-18,70
1312	13.08.20 08:14:51	14,55	0,37	-68,96	-1,77	-19,27
1313	13.08.20 08:14:52	14,55	0,37	-69,11	-1,78	-19,12
1314	13.08.20 08:14:53	14,55	0,39	-70,22	-1,52	-18,26
1315	13.08.20 08:14:54	14,58	0,39	-70,10	-1,51	-18,40
1316	13.08.20 08:14:55	14,58	0,37	-68,82	-2,09	-19,09
1317	13.08.20 08:14:56	14,58	0,37	-69,25	-2,06	-18,69
1318	13.08.20 08:14:57	14,58	0,37	-69,67	-1,75	-18,58
1319	13.08.20 08:14:58	14,61	0,39	-69,38	-1,81	-18,81
1320	13.08.20 08:14:59	14,61	0,37	-69,59	-1,78	-18,63
1321	13.08.20 08:15:00	14,61	0,39	-70,18	-1,20	-18,63
1322	13.08.20 08:15:01	14,61	0,37	-69,68	-1,28	-19,04
1323	13.08.20 08:15:02	14,61	0,39	-69,66	-1,80	-18,55
1324	13.08.20 08:15:03	14,64	0,39	-69,62	-1,81	-18,57
1325	13.08.20 08:15:04	14,64	0,37	-69,64	-1,44	-18,92
1326	13.08.20 08:15:05	14,64	0,37	-69,69	-1,60	-18,71
1327	13.08.20 08:15:06	14,67	0,39	-69,56	-1,72	-18,72
1328	13.08.20 08:15:07	14,67	0,37	-69,53	-1,70	-18,76
1329	13.08.20 08:15:08	14,67	0,39	-69,93	-1,51	-18,55
1330	13.08.20 08:15:09	14,70	0,37	-69,49	-1,66	-18,84
1331	13.08.20 08:15:10	14,70	0,39	-69,50	-1,41	-19,09
1332	13.08.20 08:15:11	14,70	0,37	-69,59	-1,68	-18,73
1333	13.08.20 08:15:12	14,70	0,37	-69,85	-1,57	-18,58
1334	13.08.20 08:15:13	14,73	0,37	-70,12	-1,54	-18,35
1335	13.08.20 08:15:14	14,73	0,39	-69,31	-1,72	-18,97
1336	13.08.20 08:15:15	14,73	0,39	-68,97	-1,69	-19,34
1337	13.08.20 08:15:16	14,76	0,37	-69,76	-1,67	-18,57
1338	13.08.20 08:15:17	14,76	0,37	-70,58	-1,44	-17,98
1339	13.08.20 08:15:18	14,79	0,39	-69,23	-1,73	-19,04
1340	13.08.20 08:15:19	14,79	0,39	-68,89	-1,81	-19,30
1341	13.08.20 08:15:20	14,79	0,37	-69,88	-1,64	-18,47
1342	13.08.20 08:15:21	14,82	0,39	-70,15	-1,36	-18,49
1343	13.08.20 08:15:22	14,82	0,37	-69,70	-1,71	-18,59
1344	13.08.20 08:15:23	14,82	0,39	-69,06	-2,03	-18,91
1345	13.08.20 08:15:24	14,82	0,37	-69,53	-1,82	-18,65
1346	13.08.20 08:15:25	14,85	0,37	-69,88	-1,75	-18,37
1347	13.08.20 08:15:26	14,85	0,37	-69,14	-1,77	-19,09
1348	13.08.20 08:15:27	14,85	0,39	-70,27	-0,97	-18,76
1349	13.08.20 08:15:28	14,85	0,37	-70,18	-1,70	-18,13
1350	13.08.20 08:15:29	14,85	0,39	-69,75	-1,83	-18,41
1351	13.08.20 08:15:30	14,89	0,37	-70,01	-1,61	-18,38
1352	13.08.20 08:15:31	14,89	0,37	-69,55	-1,46	-18,99
1353	13.08.20 08:15:32	14,89	0,37	-66,68	-1,61	-21,71
1354	13.08.20 08:15:33	14,89	0,37	-74,79	5,76	-9,45
1355	13.08.20 08:15:34	14,92	0,35	-56,71	1,87	-31,41
1356	13.08.20 08:15:35	14,92	0,37	-58,79	0,03	-31,18
1357	13.08.20 08:15:36	14,95	0,37	-58,65	1,18	-30,18
1358	13.08.20 08:15:37	14,98	0,37	-57,31	2,14	-30,55
1359	13.08.20 08:15:38	15,01	0,35	-60,05	0,73	-29,22
1360	13.08.20 08:15:39	15,01	0,37	-55,23	1,40	-33,37
1361	13.08.20 08:15:40	15,04	0,37	-58,55	0,23	-31,22
1362	13.08.20 08:15:41	15,04	0,37	-57,92	0,67	-31,42
1363	13.08.20 08:15:42	15,04	0,39	-58,26	0,38	-31,36
1364	13.08.20 08:15:43	15,04	0,37	-60,66	0,38	-28,97
1365	13.08.20 08:15:44	15,04	0,37	-58,30	0,74	-30,97
1366	13.08.20 08:15:45	15,04	0,37	-59,25	1,12	-29,62
1367	13.08.20 08:15:46	15,07	0,39	-56,84	2,20	-30,96
1368	13.08.20 08:15:47	15,07	0,37	-79,34	-6,75	-3,91
1369	13.08.20 08:15:48	15,07	0,39	-81,79	-1,71	-6,50
1370	13.08.20 08:15:49	15,07	0,37	-83,29	-1,65	-5,06
1371	13.08.20 08:15:50	15,07	0,39	-82,68	-1,52	-5,80
1372	13.08.20 08:15:51	15,10	0,37	-81,99	-1,55	-6,47
1373	13.08.20 08:15:52	15,10	0,37	-82,67	-1,53	-5,79
1374	13.08.20 08:15:53	15,10	0,37	-82,28	-2,05	-5,67
1375	13.08.20 08:15:54	15,10	0,37	-81,95	-1,85	-6,20
1376	13.08.20 08:15:55	15,10	0,37	-82,41	-1,63	-5,96
1377	13.08.20 08:15:56	15,13	0,39	-82,02	-2,08	-5,91
1378	13.08.20 08:15:57	15,13	0,37	-81,56	-2,24	-6,20
1379	13.08.20 08:15:58	15,13	0,39	-81,94	-2,14	-5,93
1380	13.08.20 08:15:59	15,13	0,37	-82,49	-1,61	-5,91
1381	13.08.20 08:16:00	15,13	0,37	-82,73	-1,37	-5,89
1382	13.08.20 08:16:01	15,16	0,37	-83,00	-1,18	-5,82
1383	13.08.20 08:16:02	15,16	0,39	-82,56	-1,67	-5,76
1384	13.08.20 08:16:03	15,16	0,37	-55,30	5,86	-28,83
1385	13.08.20 08:16:04	15,16	0,35	-54,42	7,26	-28,32
1386	13.08.20 08:16:05	15,19	0,37	-54,09	8,58	-27,32
1387	13.08.20 08:16:06	15,19	0,39	-55,29	5,49	-29,23
1388	13.08.20 08:16:07	15,19	0,37	-52,31	5,30	-32,39
1389	13.08.20 08:16:08	15,22	0,39	-61,25	5,00	-23,75
1390	13.08.20 08:16:09	15,22	0,37	-55,44	3,16	-31,40
1391	13.08.20 08:16:10	15,22	0,37	-57,32	2,52	-30,16
1392	13.08.20 08:16:11	15,22	0,39	-60,91	2,47	-26,61
1393	13.08.20 08:16:12	15,25	0,37	-50,67	5,50	-33,83
1394	13.08.20 08:16:13	15,25	0,37	-56,24	4,42	-29,34
1395	13.08.20 08:16:14	15,25	0,37	-53,34	5,65	-31,01
1396	13.08.20 08:16:15	15,25	0,37	-52,74	6,81	-30,45
1397	13.08.20 08:16:16	15,28	0,37	-54,66	5,52	-29,82
1398	13.08.20 08:16:17	15,28	0,35	-54,57	5,52	-29,91
1399	13.08.20 08:16:18	15,28	0,39	-53,86	5,53	-30,61
1400	13.08.20 08:16:19	15,32	0,37	-52,88	6,35	-30,77
1401	13.08.20 08:16:20	15,32	0,35	-52,82	6,33	-30,84
1402	13.08.20 08:16:21	15,32	0,35	-53,83	5,08	-31,10
1403	13.08.20 08:16:22	15,35	0,35	-55,36	5,47	-29,16
1404	13.08.20 08:16:23	15,35	0,35	-53,35	6,06	-30,59
1405	13.08.20 08:16:24	15,38	0,37	-54,09	3,75	-32,16
1406	13.08.20 08:16:25	15,38	0,35	-55,45	5,49	-29,06
1407	13.08.20 08:16:26	15,38	0,35	-64,06	7,45	-18,49
1408	13.08.20 08:16:27	15,41	0,37	-57,81	4,01	-28,18
1409	13.08.20 08:16:28	15,41	0,37	-53,81	5,39	-30,80
1410	13.08.20 08:16:29	15,41	0,37	-53,92	5,24	-30,84
1411	13.08.20 08:16:30	15,44	0,35	-54,76	5,86	-29,38
1412	13.08.20 08:16:31	15,44	0,37	-54,56	5,65	-29,80
1413	13.08.20 08:16:32	15,44	0,35	-55,01	5,88	-29,11
1414	13.08.20 08:16:33	15,44	0,37	-8,42	21,39	-60,18
1415	13.08.20 08:16:34	15,47	0,37	5,83	52,34	-31,83
1416	13.08.20 08:16:35	15,47	0,35	4,53	53,55	-31,92
1417	13.08.20 08:16:36	15,47	0,35	4,52	53,32	-32,16
1418	13.08.20 08:16:37	15,47	0,37	3,93	55,75	-30,33
1419	13.08.20 08:16:38	15,47	0,37	3,61	55,06	-31,33
1420	13.08.20 08:16:39	15,47	0,37	2,60	56,49	-30,91
1421	13.08.20 08:16:40	15,50	0,37	2,43	56,98	-30,59
1422	13.08.20 08:16:41	15,50	0,37	2,40	57,90	-29,70
1423	13.08.20 08:16:42	15,50	0,37	1,06	58,19	-30,76
1424	13.08.20 08:16:43	15,50	0,35	1,62	58,10	-30,28
1425	13.08.20 08:16:44	15,53	0,37	1,90	57,76	-30,34
1426	13.08.20 08:16:45	15,53	0,37	1,97	58,09	-29,94
1427	13.08.20 08:16:46	15,53	0,37	2,33	57,43	-30,24
1428	13.08.20 08:16:47	15,53	0,37	2,34	57,99	-29,66
1429	13.08.20 08:16:48	15,53	0,37	2,74	57,22	-30,04
1430	13.08.20 08:16:49	15,56	0,37	3,50	56,81	-29,69
1431	13.08.20 08:16:50	15,56	0,37	3,26	55,73	-31,01
1432	13.08.20 08:16:51	15,56	0,35	4,43	56,40	-29,17
1433	13.08.20 08:16:52	15,56	0,35	3,75	55,87	-30,38
1434	13.08.20 08:16:53	15,59	0,37	4,15	56,02	-29,83
1435	13.08.20 08:16:54	15,59	0,37	3,85	56,15	-30,00
1436	13.08.20 08:16:55	15,59	0,37	4,37	56,15	-29,49
1437	13.08.20 08:16:56	15,59	0,37	3,43	56,54	-30,03
1438	13.08.20 08:16:57	15,59	0,35	2,48	57,19	-30,33
1439	13.08.20 08:16:58	15,62	0,35	3,14	57,90	-28,96
1440	13.08.20 08:16:59	15,62	0,35	1,26	58,49	-30,25
1441	13.08.20 08:17:00	15,62	0,37	1,79	59,42	-28,79
1442	13.08.20 08:17:01	15,62	0,35	1,59	58,84	-29,58
1443	13.08.20 08:17:02	15,62	0,35	1,79	59,27	-28,94
1444	13.08.20 08:17:03	15,65	0,35	1,85	58,04	-30,11
1445	13.08.20 08:17:04	15,65	0,37	3,01	62,16	-24,83
1446	13.08.20 08:17:05	15,65	0,35	3,19	66,92	-19,89
1447	13.08.20 08:17:06	15,68	0,37	3,48	66,35	-20,17
1448	13.08.20 08:17:07	15,68	0,37	4,24	67,02	-18,73
1449	13.08.20 08:17:08	15,68	0,35	4,16	65,33	-20,51
1450	13.08.20 08:17:09	15,68	0,37	4,04	66,45	-19,51
1451	13.08.20 08:17:10	15,68	0,35	4,61	65,18	-20,21
1452	13.08.20 08:17:11	15,68	0,35	4,27	66,72	-19,01
1453	13.08.20 08:17:12	15,71	0,35	3,23	66,08	-20,69
1454	13.08.20 08:17:13	15,71	0,35	2,89	68,10	-19,01
1455	13.08.20 08:17:14	15,71	0,35	3,11	67,14	-19,76
1456	13.08.20 08:17:15	15,74	0,35	1,84	68,48	-19,69
1457	13.08.20 08:17:16	15,74	0,35	2,86	68,19	-18,95
1458	13.08.20 08:17:17	15,74	0,35	1,74	68,22	-20,04
1459	13.08.20 08:17:18	15,74	0,35	2,20	68,82	-18,98
1460	13.08.20 08:17:19	15,74	0,37	2,01	68,68	-19,32
1461	13.08.20 08:17:20	15,74	0,37	2,43	67,92	-19,65
1462	13.08.20 08:17:21	15,77	0,35	1,28	68,64	-20,08
1463	13.08.20 08:17:22	15,77	0,35	-4,13	85,24	-0,62
1464	13.08.20 08:17:23	15,77	0,35	-2,45	77,34	10,21
1465	13.08.20 08:17:24	15,77	0,37	-0,89	70,56	-18,55
1466	13.08.20 08:17:25	15,77	0,35	1,13	59,00	-29,86
1467	13.08.20 08:17:26	15,80	0,35	0,98	59,32	-29,70
1468	13.08.20 08:17:27	15,80	0,35	0,98	58,23	-30,79
1469	13.08.20 08:17:28	15,80	0,33	1,57	58,52	-29,91
1470	13.08.20 08:17:29	15,80	0,35	1,90	58,51	-29,59
1471	13.08.20 08:17:30	15,80	0,35	1,84	57,82	-30,34
1472	13.08.20 08:17:31	15,80	0,35	1,74	58,49	-29,76
1473	13.08.20 08:17:32	15,83	0,35	1,61	58,53	-29,86
1474	13.08.20 08:17:33	15,83	0,37	1,30	59,02	-29,67
1475	13.08.20 08:17:34	15,83	0,35	0,76	58,51	-30,73
1476	13.08.20 08:17:35	15,83	0,35	0,03	60,01	-29,96
1477	13.08.20 08:17:36	15,86	0,35	0,15	59,57	-30,28
1478	13.08.20 08:17:37	15,86	0,35	-0,09	59,85	-30,06
1479	13.08.20 08:17:38	15,86	0,37	0,09	59,02	-30,89
1480	13.08.20 08:17:39	15,86	0,37	0,06	60,72	-29,22
1481	13.08.20 08:17:40	15,86	0,35	0,40	58,85	-30,76
1482	13.08.20 08:17:41	15,89	0,35	0,06	59,48	-30,46
1483	13.08.20 08:17:42	15,89	0,35	0,81	59,26	-29,92
1484	13.08.20 08:17:43	15,89	0,35	1,50	58,37	-30,13
1485	13.08.20 08:17:44	15,89	0,35	0,96	58,85	-30,19
1486	13.08.20 08:17:45	15,93	0,33	0,85	59,41	-29,75
1487	13.08.20 08:17:46	15,93	0,35	-0,55	59,14	-30,31
1488	13.08.20 08:17:47	15,93	0,33	-1,39	58,68	-29,93
1489	13.08.20 08:17:48	15,96	0,35	-1,71	59,28	-29,00
1490	13.08.20 08:17:49	15,96	0,35	-2,48	57,78	-29,75
1491	13.08.20 08:17:50	15,96	0,35	-2,04	59,55	-28,41
1492	13.08.20 08:17:51	15,96	0,35	-1,64	58,44	-29,92
1493	13.08.20 08:17:52	15,96	0,35	-0,36	60,50	-29,14
1494	13.08.20 08:17:53	15,96	0,33	0,52	58,77	-30,71
1495	13.08.20 08:17:54	15,96	0,35	1,79	58,70	-29,51
1496	13.08.20 08:17:55	15,99	0,35	4,25	56,13	-29,62
1497	13.08.20 08:17:56	15,99	0,33	7,00	55,21	-27,80
1498	13.08.20 08:17:57	15,99	0,37	7,49	53,59	-28,92
1499	13.08.20 08:17:58	15,99	0,35	7,75	55,18	-27,07
1500	13.08.20 08:17:59	15,99	0,35	6,05	54,86	-29,10
1501	13.08.20 08:18:00	16,02	0,35	4,33	56,32	-29,35
1502	13.08.20 08:18:01	16,02	0,35	3,41	57,06	-29,53
1503	13.08.20 08:18:02	16,02	0,35	2,39	57,52	-30,09
1504	13.08.20 08:18:03	16,02	0,33	0,31	58,19	-31,51
1505	13.08.20 08:18:04	16,02	0,35	-0,45	59,67	-29,88
1506	13.08.20 08:18:05	16,02	0,35	-0,81	58,85	-30,34
1507	13.08.20 08:18:06	16,05	0,33	-1,33	58,24	-30,43
1508	13.08.20 08:18:07	16,05	0,35	-2,03	58,66	-29,31
1509	13.08.20 08:18:08	16,05	0,33	-2,15	57,80	-30,04
1510	13.08.20 08:18:09	16,05	0,35	-1,65	59,28	-29,07
1511	13.08.20 08:18:10	16,08	0,35	-1,52	58,09	-30,38
1512	13.08.20 08:18:11	16,08	0,35	-1,28	58,71	-30,01
1513	13.08.20 08:18:12	16,08	0,35	-0,63	59,54	-29,83
1514	13.08.20 08:18:13	16,08	0,35	0,42	59,20	-30,38
1515	13.08.20 08:18:14	16,08	0,35	0,79	58,53	-30,68
1516	13.08.20 08:18:15	16,08	0,35	1,12	58,50	-30,37
1517	13.08.20 08:18:16	16,11	0,35	3,06	57,63	-29,31
1518	13.08.20 08:18:17	16,11	0,35	2,34	57,26	-30,40
1519	13.08.20 08:18:18	16,11	0,35	2,22	57,33	-30,45
1520	13.08.20 08:18:19	16,14	0,35	2,40	58,09	-29,51
1521	13.08.20 08:18:20	16,14	0,37	2,23	57,92	-29,85
1522	13.08.20 08:18:21	16,17	0,37	1,87	57,01	-31,12
1523	13.08.20 08:18:22	16,17	0,35	1,77	59,37	-28,87
1524	13.08.20 08:18:23	16,17	0,37	1,04	58,28	-30,68
1525	13.08.20 08:18:24	16,17	0,37	0,58	58,92	-30,50
1526	13.08.20 08:18:25	16,17	0,37	-0,49	59,05	-30,46
1527	13.08.20 08:18:26	16,17	0,35	-0,33	60,36	-29,32
1528	13.08.20 08:18:27	16,20	0,37	-1,30	58,08	-30,62
1529	13.08.20 08:18:28	16,20	0,37	-0,81	59,67	-29,52
1530	13.08.20 08:18:29	16,20	0,37	-0,66	59,02	-30,32
1531	13.08.20 08:18:30	16,20	0,37	-0,39	59,50	-30,11
1532	13.08.20 08:18:31	16,20	0,35	0,61	58,64	-30,75
1533	13.08.20 08:18:32	16,20	0,35	1,22	59,29	-29,49
1534	13.08.20 08:18:33	16,20	0,37	1,94	57,70	-30,36
1535	13.08.20 08:18:34	16,23	0,37	1,87	57,70	-30,43
1536	13.08.20 08:18:35	16,23	0,35	2,29	58,21	-29,50
1537	13.08.20 08:18:36	16,23	0,37	2,53	57,54	-29,93
1538	13.08.20 08:18:37	16,23	0,37	1,91	58,28	-29,81
1539	13.08.20 08:18:38	16,23	0,35	1,47	58,38	-30,15
1540	13.08.20 08:18:39	16,23	0,37	1,53	58,62	-29,84
1541	13.08.20 08:18:40	16,26	0,37	0,87	58,58	-30,56
1542	13.08.20 08:18:41	16,26	0,37	0,37	59,13	-30,50
1543	13.08.20 08:18:42	16,26	0,37	0,36	59,90	-29,74
1544	13.08.20 08:18:43	16,26	0,37	0,46	58,85	-30,70
1545	13.08.20 08:18:44	16,26	0,37	0,48	59,13	-30,38
1546	13.08.20 08:18:45	16,26	0,37	0,21	59,46	-30,32
1547	13.08.20 08:18:46	16,26	0,35	0,39	59,42	-30,19
1548	13.08.20 08:18:47	16,29	0,35	0,24	59,53	-30,23
1549	13.08.20 08:18:48	16,29	0,37	-0,31	59,01	-30,68
1550	13.08.20 08:18:49	16,29	0,37	0,48	59,57	-29,95
1551	13.08.20 08:18:50	16,29	0,37	0,24	58,87	-30,89
1552	13.08.20 08:18:51	16,32	0,37	1,15	59,62	-29,23
1553	13.08.20 08:18:52	16,32	0,37	0,98	58,38	-30,65
1554	13.08.20 08:18:53	16,32	0,37	1,23	58,91	-29,85
1555	13.08.20 08:18:54	16,32	0,37	1,83	57,89	-30,28
1556	13.08.20 08:18:55	16,32	0,37	2,15	58,25	-29,60
1557	13.08.20 08:18:56	16,32	0,37	1,52	57,78	-30,71
1558	13.08.20 08:18:57	16,32	0,35	1,82	58,79	-29,39
1559	13.08.20 08:18:58	16,35	0,37	0,72	58,75	-30,53
1560	13.08.20 08:18:59	16,35	0,37	1,76	58,33	-29,91
1561	13.08.20 08:19:00	16,35	0,37	0,52	59,10	-30,39
1562	13.08.20 08:19:01	16,35	0,37	0,79	59,15	-30,06
1563	13.08.20 08:19:02	16,38	0,37	0,57	59,06	-30,37
1564	13.08.20 08:19:03	16,38	0,35	0,69	59,29	-30,02
1565	13.08.20 08:19:04	16,38	0,37	0,00	59,58	-30,42
1566	13.08.20 08:19:05	16,38	0,37	-0,43	58,82	-30,75
1567	13.08.20 08:19:06	16,38	0,37	0,54	59,87	-29,60
1568	13.08.20 08:19:07	16,38	0,35	0,09	58,85	-31,06
1569	13.08.20 08:19:08	16,38	0,37	0,46	59,98	-29,57
1570	13.08.20 08:19:09	16,41	0,37	1,02	58,85	-30,14
1571	13.08.20 08:19:10	16,41	0,37	0,76	59,13	-30,12
1572	13.08.20 08:19:11	16,41	0,37	1,03	58,23	-30,74
1573	13.08.20 08:19:12	16,41	0,35	1,13	59,35	-29,52
1574	13.08.20 08:19:13	16,41	0,35	0,97	58,61	-30,42
1575	13.08.20 08:19:14	16,44	0,35	0,58	58,87	-30,55
1576	13.08.20 08:19:15	16,44	0,37	1,07	59,10	-29,82
1577	13.08.20 08:19:16	16,44	0,37	1,49	57,98	-30,53
1578	13.08.20 08:19:17	16,44	0,37	1,43	58,61	-29,97
1579	13.08.20 08:19:18	16,44	0,37	1,42	58,81	-29,77
1580	13.08.20 08:19:19	16,47	0,37	0,15	59,35	-30,49
1581	13.08.20 08:19:20	16,47	0,37	0,81	59,31	-29,87
1582	13.08.20 08:19:21	16,47	0,35	1,60	58,15	-30,26
1583	13.08.20 08:19:22	16,47	0,35	0,89	58,07	-31,04
1584	13.08.20 08:19:23	16,47	0,37	1,30	59,98	-28,72
1585	13.08.20 08:19:24	16,47	0,37	0,93	58,32	-30,76
1586	13.08.20 08:19:25	16,50	0,35	0,64	58,74	-30,62
1587	13.08.20 08:19:26	16,50	0,37	0,12	59,54	-30,34
1588	13.08.20 08:19:27	16,50	0,35	0,81	59,25	-29,95
1589	13.08.20 08:19:28	16,50	0,39	1,37	58,47	-30,16
1590	13.08.20 08:19:29	16,50	0,35	0,67	58,39	-30,94
1591	13.08.20 08:19:30	16,50	0,35	1,17	59,21	-29,62
1592	13.08.20 08:19:31	16,53	0,37	1,38	58,66	-29,96
1593	13.08.20 08:19:32	16,53	0,35	1,15	58,56	-30,29
1594	13.08.20 08:19:33	16,53	0,35	0,46	58,94	-30,60
1595	13.08.20 08:19:34	16,53	0,37	1,13	59,13	-29,73
1596	13.08.20 08:19:35	16,53	0,37	0,84	58,82	-30,34
1597	13.08.20 08:19:36	16,56	0,35	0,37	58,57	-31,06
1598	13.08.20 08:19:37	16,56	0,35	0,72	60,13	-29,15
1599	13.08.20 08:19:38	16,56	0,37	0,03	59,31	-30,66
1600	13.08.20 08:19:39	16,56	0,35	-0,03	59,16	-30,81
1601	13.08.20 08:19:40	16,56	0,37	0,54	59,79	-29,68
1602	13.08.20 08:19:41	16,56	0,37	-0,31	58,66	-31,03
1603	13.08.20 08:19:42	16,59	0,37	-0,39	60,26	-29,35
1604	13.08.20 08:19:43	16,59	0,35	-0,87	58,48	-30,65
1605	13.08.20 08:19:44	16,59	0,35	-0,43	59,24	-30,34
1606	13.08.20 08:19:45	16,59	0,35	-0,15	59,79	-30,06
1607	13.08.20 08:19:46	16,59	0,35	0,00	59,60	-30,40
1608	13.08.20 08:19:47	16,62	0,37	0,15	59,44	-30,41
1609	13.08.20 08:19:48	16,62	0,37	0,75	59,31	-29,93
1610	13.08.20 08:19:49	16,62	0,35	0,97	58,27	-30,76
1611	13.08.20 08:19:50	16,62	0,35	1,82	58,73	-29,45
1612	13.08.20 08:19:51	16,62	0,35	1,22	58,62	-30,16
1613	13.08.20 08:19:52	16,65	0,37	1,19	58,33	-30,48
1614	13.08.20 08:19:53	16,65	0,35	1,63	59,14	-29,22
1615	13.08.20 08:19:54	16,65	0,37	1,62	57,30	-31,09
1616	13.08.20 08:19:55	16,65	0,37	1,05	59,15	-29,80
1617	13.08.20 08:19:56	16,65	0,37	0,99	58,59	-30,42
1618	13.08.20 08:19:57	16,65	0,37	1,51	58,88	-29,61
1619	13.08.20 08:19:58	16,65	0,37	1,01	58,26	-30,73
1620	13.08.20 08:19:59	16,65	0,35	1,52	58,66	-29,82
1621	13.08.20 08:20:00	16,68	0,37	0,72	58,32	-30,96
1622	13.08.20 08:20:01	16,68	0,35	0,69	59,73	-29,57
1623	13.08.20 08:20:02	16,68	0,35	1,08	58,40	-30,52
1624	13.08.20 08:20:03	16,68	0,35	0,27	59,61	-30,12
1625	13.08.20 08:20:04	16,71	0,37	-0,06	58,93	-31,01
1626	13.08.20 08:20:05	16,71	0,35	0,74	60,23	-29,03
1627	13.08.20 08:20:06	16,71	0,37	1,00	57,83	-31,17
1628	13.08.20 08:20:07	16,71	0,37	0,52	59,44	-30,05
1629	13.08.20 08:20:08	16,71	0,37	0,21	58,89	-30,90
1630	13.08.20 08:20:09	16,71	0,37	0,56	60,17	-29,27
1631	13.08.20 08:20:10	16,71	0,37	32,98	48,42	-8,60
1632	13.08.20 08:20:11	16,74	0,35	32,69	-21,75	35,56
1633	13.08.20 08:20:12	16,74	0,35	-4,69	-70,98	-14,33
1634	13.08.20 08:20:13	16,89	0,30	-70,26	2,96	16,78
1635	13.08.20 08:20:14	17,16	0,30	-73,91	4,94	11,15
1636	13.08.20 08:20:15	17,37	0,28	-66,82	16,72	6,46
1637	13.08.20 08:20:16	17,52	0,30	-74,58	13,81	-1,61
1638	13.08.20 08:20:17	17,64	0,28	-57,58	-18,19	14,23
1639	13.08.20 08:20:18	17,73	0,26	-11,55	30,92	47,53
1640	13.08.20 08:20:19	17,85	0,39	-41,96	2,38	45,65
1641	13.08.20 08:20:20	17,97	0,39	-22,01	22,38	45,61
1642	13.08.20 08:20:21	18,09	0,35	-19,16	22,42	48,42
1643	13.08.20 08:20:22	18,18	0,35	-4,40	29,26	56,34
1644	13.08.20 08:20:23	18,18	0,37	9,15	36,60	44,25
1645	13.08.20 08:20:24	18,12	0,37	3,48	45,50	41,02
1646	13.08.20 08:20:25	18,06	0,37	3,34	39,31	47,35
1647	13.08.20 08:20:26	18,00	0,39	12,64	27,10	50,26
1648	13.08.20 08:20:27	17,94	0,39	5,95	28,87	55,18
1649	13.08.20 08:20:28	17,91	0,39	-9,88	25,49	54,63
1650	13.08.20 08:20:29	17,88	0,39	-12,80	-13,55	63,66
1651	13.08.20 08:20:30	17,85	0,39	16,33	-71,66	2,01
1652	13.08.20 08:20:31	17,82	0,39	15,49	-67,17	-7,34
1653	13.08.20 08:20:32	17,79	0,41	32,12	-57,01	0,87
1654	13.08.20 08:20:33	17,79	0,41	41,22	-39,35	9,43
1655	13.08.20 08:20:34	17,76	0,39	32,27	-57,49	-0,24
1656	13.08.20 08:20:35	18,00	0,41	-9,46	-68,59	-11,95
1657	13.08.20 08:20:36	18,27	0,35	-46,64	-41,09	-2,27
1658	13.08.20 08:20:37	18,45	0,35	9,74	-64,53	-15,72
1659	13.08.20 08:20:38	18,60	0,37	30,74	-21,88	-37,39
1660	13.08.20 08:20:39	18,63	0,39	-14,51	-3,39	-72,10
1661	13.08.20 08:20:40	18,66	0,37	-3,98	28,61	-57,41
1662	13.08.20 08:20:41	18,78	0,35	-12,31	31,84	-45,85
1663	13.08.20 08:20:42	18,86	0,37	-6,65	6,90	-76,45
1664	13.08.20 08:20:43	18,95	0,33	58,20	-6,27	-25,53
1665	13.08.20 08:20:44	19,16	0,35	5,38	-44,73	-39,90
1666	13.08.20 08:20:45	19,34	0,35	10,14	-46,99	-32,87
1667	13.08.20 08:20:46	19,46	0,35	14,46	-44,38	-31,17
1668	13.08.20 08:20:47	19,55	0,37	16,04	-41,52	-32,45
1669	13.08.20 08:20:48	19,66	0,35	14,52	-42,31	-33,18
1670	13.08.20 08:20:49	19,75	0,35	15,83	-58,49	-15,68
1671	13.08.20 08:20:50	19,84	0,33	-26,28	-48,60	15,12
