#0	Date-time:	11/08/2020 6:13:38 AM
#1	Recorder:	14H1067
#2	File type:	1
#3	Columns:	7
#4	Channels:	5
#5	Field separation:	0
#6	Decimal point:	0
#7	Date def.:	0	0
#8	Time def.:	0
#9	Channel 1:	Temperature(°C)	Temp(°C)	2	1
#10	Channel 2:	Pressure(Bar)	Press(Bar)	2	1
#11	Reconvertion:	0
#14	Channel 3:	Tilt-X(°)	Tilt-X(°)	2	1
#18	Channel 4:	Tilt-Y(°)	Tilt-Y(°)	2	1
#19	Line color:	1	2	3	4
#22	Channel 5:	Tilt-Z(°)	Tilt-Z(°)	2	1
#30	Trend Type Number:	3
#33	Limit Temp. Corr. OTCR:	1
1	11.08.20 05:45:00	25,06	0,28	75,65	2,42	-11,93
2	11.08.20 05:45:01	25,06	0,30	78,80	0,32	-10,88
3	11.08.20 05:45:02	25,06	0,30	77,90	1,57	-10,53
4	11.08.20 05:45:03	25,06	0,28	72,17	5,19	-12,64
5	11.08.20 05:45:04	25,06	0,26	67,57	7,78	-14,65
6	11.08.20 05:45:05	25,03	0,28	65,27	9,14	-15,58
7	11.08.20 05:45:06	25,03	0,28	58,75	17,26	-13,99
8	11.08.20 05:45:07	25,03	0,26	54,41	24,57	-11,02
9	11.08.20 05:45:08	25,03	0,26	56,35	20,68	-12,96
10	11.08.20 05:45:09	25,03	0,26	60,91	11,53	-17,56
11	11.08.20 05:45:10	25,03	0,26	63,93	7,57	-18,50
12	11.08.20 05:45:11	25,03	0,26	64,61	7,48	-17,92
13	11.08.20 05:45:12	25,03	0,26	64,15	7,95	-17,91
14	11.08.20 05:45:13	25,03	0,26	65,19	6,83	-17,98
15	11.08.20 05:45:14	25,03	0,26	66,06	6,17	-17,77
16	11.08.20 05:45:15	25,03	0,26	66,25	6,13	-17,62
17	11.08.20 05:45:16	25,03	0,26	64,37	8,49	-17,14
18	11.08.20 05:45:17	25,03	0,26	59,28	13,67	-17,05
19	11.08.20 05:45:18	25,03	0,28	57,82	15,44	-16,74
20	11.08.20 05:45:19	25,01	0,26	58,08	15,67	-16,25
21	11.08.20 05:45:20	25,01	0,26	60,04	13,52	-16,44
22	11.08.20 05:45:21	25,01	0,28	60,11	13,04	-16,85
23	11.08.20 05:45:22	25,01	0,26	63,55	7,45	-19,00
24	11.08.20 05:45:23	25,01	0,28	66,47	5,28	-18,25
25	11.08.20 05:45:24	25,01	0,26	67,94	4,76	-17,29
26	11.08.20 05:45:25	25,01	0,28	63,11	9,02	-17,87
27	11.08.20 05:45:26	25,01	0,28	57,78	15,67	-16,55
28	11.08.20 05:45:27	25,01	0,26	54,14	22,54	-13,32
29	11.08.20 05:45:28	25,01	0,26	54,67	21,05	-14,29
30	11.08.20 05:45:29	25,01	0,26	56,37	18,90	-14,73
31	11.08.20 05:45:30	25,01	0,26	62,71	9,28	-18,01
32	11.08.20 05:45:31	24,98	0,26	64,55	7,16	-18,28
33	11.08.20 05:45:32	24,98	0,28	64,49	7,02	-18,50
34	11.08.20 05:45:33	24,98	0,28	64,53	7,21	-18,25
35	11.08.20 05:45:34	24,98	0,26	62,14	9,77	-18,08
36	11.08.20 05:45:35	24,98	0,28	60,63	11,53	-17,84
37	11.08.20 05:45:36	24,98	0,26	57,46	16,44	-16,10
38	11.08.20 05:45:37	24,98	0,24	59,44	13,68	-16,87
39	11.08.20 05:45:38	24,98	0,26	62,77	9,24	-18,00
40	11.08.20 05:45:39	24,98	0,28	62,30	9,65	-18,06
41	11.08.20 05:45:40	24,98	0,28	61,24	10,52	-18,23
42	11.08.20 05:45:41	24,98	0,26	60,05	11,90	-18,05
43	11.08.20 05:45:42	24,98	0,26	58,14	15,25	-16,61
44	11.08.20 05:45:43	24,98	0,26	57,90	16,61	-15,49
45	11.08.20 05:45:44	24,98	0,26	61,81	10,28	-17,91
46	11.08.20 05:45:45	24,98	0,28	64,87	6,94	-18,18
47	11.08.20 05:45:46	24,95	0,26	66,97	5,53	-17,50
48	11.08.20 05:45:47	24,95	0,26	66,06	5,74	-18,20
49	11.08.20 05:45:48	24,95	0,28	64,90	6,88	-18,21
50	11.08.20 05:45:49	24,95	0,26	61,93	9,85	-18,21
51	11.08.20 05:45:50	24,95	0,26	56,13	17,85	-16,02
52	11.08.20 05:45:51	24,95	0,28	53,89	22,85	-13,26
53	11.08.20 05:45:52	24,95	0,26	54,48	21,93	-13,59
54	11.08.20 05:45:53	24,95	0,26	57,16	17,67	-15,17
55	11.08.20 05:45:54	24,95	0,26	59,44	14,53	-16,03
56	11.08.20 05:45:55	24,95	0,26	59,63	14,34	-16,03
57	11.08.20 05:45:56	24,95	0,26	59,58	14,37	-16,05
58	11.08.20 05:45:57	24,95	0,26	59,06	14,81	-16,13
59	11.08.20 05:45:58	24,95	0,28	58,73	14,88	-16,39
60	11.08.20 05:45:59	24,95	0,28	59,13	14,76	-16,11
61	11.08.20 05:46:00	24,95	0,28	58,34	14,87	-16,79
62	11.08.20 05:46:01	24,95	0,26	59,54	13,95	-16,51
63	11.08.20 05:46:02	24,95	0,24	60,33	14,00	-15,67
64	11.08.20 05:46:03	24,95	0,26	59,48	14,33	-16,19
65	11.08.20 05:46:04	24,95	0,26	59,22	14,26	-16,52
66	11.08.20 05:46:05	24,92	0,26	58,76	15,26	-15,98
67	11.08.20 05:46:06	24,92	0,26	59,05	14,70	-16,25
68	11.08.20 05:46:07	24,92	0,28	58,79	14,55	-16,66
69	11.08.20 05:46:08	24,92	0,26	59,19	14,76	-16,05
70	11.08.20 05:46:09	24,92	0,26	57,59	16,46	-15,95
71	11.08.20 05:46:10	24,92	0,26	57,46	17,17	-15,37
72	11.08.20 05:46:11	24,92	0,26	58,91	15,55	-15,54
73	11.08.20 05:46:12	24,92	0,28	59,52	14,42	-16,06
74	11.08.20 05:46:13	24,92	0,26	59,43	14,53	-16,04
75	11.08.20 05:46:14	24,92	0,26	59,67	14,26	-16,07
76	11.08.20 05:46:15	24,92	0,26	60,00	13,90	-16,10
77	11.08.20 05:46:16	24,92	0,26	59,10	14,59	-16,30
78	11.08.20 05:46:17	24,92	0,28	58,16	15,43	-16,41
79	11.08.20 05:46:18	24,89	0,26	58,36	15,69	-15,95
80	11.08.20 05:46:19	24,89	0,28	59,00	15,11	-15,89
81	11.08.20 05:46:20	24,89	0,28	59,65	14,17	-16,18
82	11.08.20 05:46:21	24,89	0,26	59,54	14,13	-16,34
83	11.08.20 05:46:22	24,89	0,26	59,26	14,90	-15,84
84	11.08.20 05:46:23	24,89	0,26	58,90	15,16	-15,95
85	11.08.20 05:46:24	24,89	0,26	58,42	15,59	-15,98
86	11.08.20 05:46:25	24,89	0,26	58,12	15,90	-15,98
87	11.08.20 05:46:26	24,89	0,26	58,30	15,66	-16,04
88	11.08.20 05:46:27	24,89	0,26	58,27	15,93	-15,80
89	11.08.20 05:46:28	24,89	0,26	59,21	14,56	-16,23
90	11.08.20 05:46:29	24,89	0,24	59,99	13,72	-16,29
91	11.08.20 05:46:30	24,89	0,28	59,07	15,16	-15,77
92	11.08.20 05:46:31	24,89	0,26	57,34	17,15	-15,51
93	11.08.20 05:46:32	24,89	0,26	56,53	18,05	-15,42
94	11.08.20 05:46:33	24,86	0,26	58,18	15,95	-15,87
95	11.08.20 05:46:34	24,86	0,26	58,68	15,31	-16,01
96	11.08.20 05:46:35	24,86	0,26	59,12	14,70	-16,19
97	11.08.20 05:46:36	24,86	0,28	59,63	14,26	-16,11
98	11.08.20 05:46:37	24,86	0,26	60,90	12,80	-16,30
99	11.08.20 05:46:38	24,86	0,28	60,61	12,93	-16,46
100	11.08.20 05:46:39	24,86	0,26	60,17	13,26	-16,57
101	11.08.20 05:46:40	24,86	0,28	59,90	13,52	-16,58
102	11.08.20 05:46:41	24,86	0,26	59,17	14,55	-16,27
103	11.08.20 05:46:42	24,86	0,26	58,21	15,75	-16,04
104	11.08.20 05:46:43	24,86	0,26	57,80	15,88	-16,32
105	11.08.20 05:46:44	24,86	0,24	59,48	14,01	-16,51
106	11.08.20 05:46:45	24,83	0,26	60,68	13,07	-16,25
107	11.08.20 05:46:46	24,83	0,28	60,87	12,52	-16,60
108	11.08.20 05:46:47	24,83	0,28	60,15	13,36	-16,48
109	11.08.20 05:46:48	24,83	0,28	58,68	15,30	-16,02
110	11.08.20 05:46:49	24,83	0,28	59,21	14,73	-16,05
111	11.08.20 05:46:50	24,83	0,26	59,72	14,24	-16,05
112	11.08.20 05:46:51	24,83	0,28	58,72	15,08	-16,20
113	11.08.20 05:46:52	24,83	0,26	58,27	15,44	-16,28
114	11.08.20 05:46:53	24,83	0,24	59,90	13,56	-16,53
115	11.08.20 05:46:54	24,83	0,26	61,77	10,99	-17,24
116	11.08.20 05:46:55	24,83	0,28	61,58	11,25	-17,17
117	11.08.20 05:46:56	24,83	0,28	60,43	13,07	-16,51
118	11.08.20 05:46:57	24,83	0,28	57,88	16,08	-16,04
119	11.08.20 05:46:58	24,83	0,26	56,54	17,75	-15,71
120	11.08.20 05:46:59	24,80	0,28	55,37	22,08	-12,55
121	11.08.20 05:47:00	24,80	0,26	55,20	20,35	-14,45
122	11.08.20 05:47:01	24,80	0,26	56,17	19,68	-14,15
123	11.08.20 05:47:02	24,80	0,26	57,52	16,77	-15,71
124	11.08.20 05:47:03	24,80	0,28	58,96	14,13	-16,91
125	11.08.20 05:47:04	24,80	0,28	63,92	8,32	-17,76
126	11.08.20 05:47:05	24,80	0,26	65,12	7,54	-17,34
127	11.08.20 05:47:06	24,80	0,26	64,92	8,28	-16,81
128	11.08.20 05:47:07	24,80	0,26	63,37	9,83	-16,80
129	11.08.20 05:47:08	24,80	0,26	61,83	11,55	-16,62
130	11.08.20 05:47:09	24,80	0,26	59,33	13,92	-16,75
131	11.08.20 05:47:10	24,80	0,28	57,37	15,52	-17,12
132	11.08.20 05:47:11	24,77	0,26	57,16	15,94	-16,90
133	11.08.20 05:47:12	24,77	0,26	58,22	26,32	5,45
134	11.08.20 05:47:13	24,77	0,26	64,29	23,19	2,52
135	11.08.20 05:47:14	24,77	0,26	64,23	20,56	5,21
136	11.08.20 05:47:15	24,77	0,26	66,71	22,63	0,66
137	11.08.20 05:47:16	24,77	0,26	61,78	25,12	3,10
138	11.08.20 05:47:17	24,77	0,26	59,90	26,88	3,21
139	11.08.20 05:47:18	24,77	0,26	58,03	25,13	6,85
140	11.08.20 05:47:19	24,77	0,26	57,96	25,11	6,93
141	11.08.20 05:47:20	24,77	0,28	59,30	24,15	6,55
142	11.08.20 05:47:21	24,77	0,28	57,08	24,97	7,95
143	11.08.20 05:47:22	24,77	0,26	58,86	26,25	4,89
144	11.08.20 05:47:23	24,77	0,26	58,16	24,57	7,27
145	11.08.20 05:47:24	24,77	0,26	57,63	24,96	7,41
146	11.08.20 05:47:25	24,74	0,26	57,52	24,98	7,50
147	11.08.20 05:47:26	24,74	0,28	58,05	24,42	7,53
148	11.08.20 05:47:27	24,74	0,26	57,32	24,69	7,99
149	11.08.20 05:47:28	24,74	0,26	57,34	24,70	7,96
150	11.08.20 05:47:29	24,74	0,28	57,47	24,49	8,03
151	11.08.20 05:47:30	24,74	0,26	56,98	24,99	8,03
152	11.08.20 05:47:31	24,74	0,26	57,83	24,29	7,88
153	11.08.20 05:47:32	24,74	0,28	57,69	24,99	7,32
154	11.08.20 05:47:33	24,74	0,26	58,97	23,47	7,56
155	11.08.20 05:47:34	24,74	0,28	58,55	30,63	0,82
156	11.08.20 05:47:35	24,74	0,28	11,21	38,55	40,24
157	11.08.20 05:47:36	24,72	0,28	0,52	4,82	84,66
158	11.08.20 05:47:37	24,72	0,28	-5,48	3,25	81,27
159	11.08.20 05:47:38	24,72	0,28	-2,17	-3,63	84,20
160	11.08.20 05:47:39	24,72	0,26	-10,97	-1,44	77,58
161	11.08.20 05:47:40	24,72	0,26	12,21	29,67	48,12
162	11.08.20 05:47:41	24,72	0,26	45,07	23,01	21,92
163	11.08.20 05:47:42	24,72	0,26	65,75	23,30	-0,95
164	11.08.20 05:47:43	24,72	0,24	80,59	8,96	-0,45
165	11.08.20 05:47:44	24,02	0,28	23,49	53,51	-13,00
166	11.08.20 05:47:45	23,96	0,28	29,27	42,66	18,07
167	11.08.20 05:47:46	23,93	0,35	52,17	29,64	8,19
168	11.08.20 05:47:47	23,84	0,35	61,76	-10,26	17,98
169	11.08.20 05:47:48	23,15	0,41	26,46	22,88	40,66
170	11.08.20 05:47:49	22,45	0,45	29,51	7,47	53,02
171	11.08.20 05:47:50	22,04	0,45	18,70	1,58	69,72
172	11.08.20 05:47:51	21,72	0,45	26,00	-14,01	49,99
173	11.08.20 05:47:52	21,51	0,45	32,79	-9,60	47,62
174	11.08.20 05:47:53	21,31	0,45	20,12	41,66	28,22
175	11.08.20 05:47:54	21,19	0,48	55,00	-5,40	29,60
176	11.08.20 05:47:55	21,10	0,50	32,87	12,47	44,65
177	11.08.20 05:47:56	20,96	0,52	39,43	-5,24	45,33
178	11.08.20 05:47:57	20,87	0,54	18,95	9,47	61,58
179	11.08.20 05:47:58	20,84	0,56	29,92	16,49	43,60
180	11.08.20 05:47:59	20,81	0,61	32,37	21,34	36,29
181	11.08.20 05:48:00	20,69	0,58	34,86	14,77	40,37
182	11.08.20 05:48:01	20,60	0,58	26,29	16,96	46,74
183	11.08.20 05:48:02	20,58	0,56	30,94	5,76	53,30
184	11.08.20 05:48:03	20,55	0,56	32,69	9,62	47,69
185	11.08.20 05:48:04	20,46	0,58	24,95	14,73	50,32
186	11.08.20 05:48:05	20,43	0,60	38,88	6,60	44,52
187	11.08.20 05:48:06	20,37	0,60	25,22	18,36	46,42
188	11.08.20 05:48:07	20,34	0,58	38,80	4,90	46,30
189	11.08.20 05:48:08	20,31	0,62	37,04	12,09	40,87
190	11.08.20 05:48:09	20,28	0,62	35,38	13,10	41,52
191	11.08.20 05:48:10	20,22	0,62	27,06	13,59	49,35
192	11.08.20 05:48:11	20,13	0,60	27,40	8,63	53,97
193	11.08.20 05:48:12	20,13	0,60	24,88	7,92	57,20
194	11.08.20 05:48:13	20,11	0,62	41,25	3,87	44,88
195	11.08.20 05:48:14	20,11	0,62	24,70	14,85	50,45
196	11.08.20 05:48:15	20,05	0,64	23,13	14,00	52,87
197	11.08.20 05:48:16	20,02	0,64	44,03	0,91	45,05
198	11.08.20 05:48:17	19,99	0,68	43,07	3,71	43,22
199	11.08.20 05:48:18	19,96	0,68	43,10	4,91	41,99
200	11.08.20 05:48:19	19,96	0,68	48,64	0,45	40,91
201	11.08.20 05:48:20	19,93	0,68	54,35	-0,97	34,68
202	11.08.20 05:48:21	19,96	0,68	50,19	-1,73	38,08
203	11.08.20 05:48:22	19,96	0,68	40,13	9,85	40,02
204	11.08.20 05:48:23	19,96	0,71	46,37	7,45	36,18
205	11.08.20 05:48:24	19,96	0,73	53,69	4,48	31,83
206	11.08.20 05:48:25	19,93	0,75	50,94	7,40	31,67
207	11.08.20 05:48:26	19,93	0,75	52,79	8,62	28,59
208	11.08.20 05:48:27	19,93	0,75	53,34	9,88	26,78
209	11.08.20 05:48:28	19,93	0,75	55,05	10,14	24,81
210	11.08.20 05:48:29	19,93	0,77	55,65	10,05	24,30
211	11.08.20 05:48:30	19,96	0,79	54,16	11,44	24,40
212	11.08.20 05:48:31	19,96	0,81	54,40	13,64	21,97
213	11.08.20 05:48:32	19,96	0,79	52,77	11,87	25,36
214	11.08.20 05:48:33	19,90	0,79	49,88	13,76	26,35
215	11.08.20 05:48:34	19,87	0,85	50,25	18,66	21,09
216	11.08.20 05:48:35	19,81	0,88	53,37	17,57	19,05
217	11.08.20 05:48:36	19,75	0,85	52,00	13,18	24,81
218	11.08.20 05:48:37	19,66	0,87	49,92	14,51	25,57
219	11.08.20 05:48:38	19,60	0,89	51,60	18,93	19,47
220	11.08.20 05:48:39	19,60	0,92	54,17	17,78	18,05
221	11.08.20 05:48:40	19,52	0,92	51,05	16,44	22,52
222	11.08.20 05:48:41	19,43	0,94	50,43	17,90	21,68
223	11.08.20 05:48:42	19,40	0,94	50,67	21,58	17,76
224	11.08.20 05:48:43	19,40	0,94	52,98	19,72	17,30
225	11.08.20 05:48:44	19,34	0,98	52,78	16,06	21,16
226	11.08.20 05:48:45	19,22	1,00	51,26	16,03	22,71
227	11.08.20 05:48:46	19,19	1,02	51,42	20,21	18,37
228	11.08.20 05:48:47	19,19	1,06	53,66	20,32	16,02
229	11.08.20 05:48:48	19,04	1,06	54,30	16,69	19,00
230	11.08.20 05:48:49	18,98	1,06	51,64	16,41	21,95
231	11.08.20 05:48:50	18,95	1,08	52,93	16,90	20,18
232	11.08.20 05:48:51	18,95	1,06	53,85	19,39	16,75
233	11.08.20 05:48:52	18,92	1,14	54,03	18,17	17,80
234	11.08.20 05:48:53	18,86	1,10	53,12	17,42	19,46
235	11.08.20 05:48:54	18,81	1,12	51,44	18,98	19,58
236	11.08.20 05:48:55	18,78	1,14	51,79	20,68	17,52
237	11.08.20 05:48:56	18,69	1,16	54,18	19,41	16,40
238	11.08.20 05:48:57	18,60	1,18	53,40	17,84	18,76
239	11.08.20 05:48:58	18,54	1,18	52,98	17,48	19,53
240	11.08.20 05:48:59	18,48	1,20	53,35	18,73	17,91
241	11.08.20 05:49:00	18,48	1,23	54,27	18,77	16,96
242	11.08.20 05:49:01	18,45	1,23	54,23	17,90	17,88
243	11.08.20 05:49:02	18,42	1,25	52,76	19,83	17,41
244	11.08.20 05:49:03	18,39	1,25	53,68	17,68	18,64
245	11.08.20 05:49:04	18,39	1,27	52,75	18,71	18,54
246	11.08.20 05:49:05	18,39	1,27	54,78	18,15	17,07
247	11.08.20 05:49:06	18,36	1,29	54,36	18,28	17,36
248	11.08.20 05:49:07	18,27	1,31	53,78	16,58	19,64
249	11.08.20 05:49:08	18,24	1,31	52,21	18,55	19,24
250	11.08.20 05:49:09	18,24	1,35	54,32	19,63	16,05
251	11.08.20 05:49:10	18,15	1,35	55,07	18,63	16,30
252	11.08.20 05:49:11	18,03	1,37	54,24	16,69	19,07
253	11.08.20 05:49:12	17,97	1,39	52,34	16,95	20,71
254	11.08.20 05:49:13	17,97	1,41	54,47	19,21	16,32
255	11.08.20 05:49:14	17,94	1,43	56,21	19,31	14,49
256	11.08.20 05:49:15	17,91	1,43	55,11	17,46	17,42
257	11.08.20 05:49:16	17,85	1,46	52,95	16,84	20,21
258	11.08.20 05:49:17	17,79	1,48	53,46	19,48	17,06
259	11.08.20 05:49:18	17,76	1,50	56,35	19,57	14,08
260	11.08.20 05:49:19	17,73	1,50	57,68	15,87	16,45
261	11.08.20 05:49:20	17,61	1,52	56,02	15,04	18,95
262	11.08.20 05:49:21	17,58	1,54	55,51	15,89	18,61
263	11.08.20 05:49:22	17,49	1,58	55,77	17,10	17,13
264	11.08.20 05:49:23	17,34	1,60	56,59	18,55	14,87
265	11.08.20 05:49:24	17,28	1,62	57,11	16,66	16,23
266	11.08.20 05:49:25	17,16	1,64	54,87	15,48	19,66
267	11.08.20 05:49:26	17,10	1,62	53,58	16,44	19,98
268	11.08.20 05:49:27	16,98	1,68	55,17	18,61	16,22
269	11.08.20 05:49:28	16,92	1,72	57,75	18,31	13,94
270	11.08.20 05:49:29	16,83	1,77	58,35	15,32	16,33
271	11.08.20 05:49:30	16,74	1,74	56,84	11,92	21,24
272	11.08.20 05:49:31	16,71	1,76	54,19	16,42	19,39
273	11.08.20 05:49:32	16,59	1,81	57,42	20,31	12,27
274	11.08.20 05:49:33	16,56	1,85	59,60	16,42	13,98
275	11.08.20 05:49:34	16,56	1,83	59,29	12,58	18,13
276	11.08.20 05:49:35	16,56	1,83	56,76	12,64	20,60
277	11.08.20 05:49:36	16,50	1,87	55,79	18,02	16,19
278	11.08.20 05:49:37	16,47	1,91	57,88	20,89	11,23
279	11.08.20 05:49:38	16,47	1,93	59,03	16,21	14,76
280	11.08.20 05:49:39	16,47	1,91	48,70	7,36	33,94
281	11.08.20 05:49:40	16,50	1,89	46,65	2,31	41,04
282	11.08.20 05:49:41	16,53	1,93	51,82	19,35	18,84
283	11.08.20 05:49:42	16,59	2,00	58,76	19,57	11,67
284	11.08.20 05:49:43	16,62	2,02	55,40	16,78	17,82
285	11.08.20 05:49:44	16,68	2,00	54,89	13,42	21,69
286	11.08.20 05:49:45	16,71	2,02	53,63	19,59	16,78
287	11.08.20 05:49:46	16,74	2,06	56,34	24,24	9,43
288	11.08.20 05:49:47	16,77	2,09	59,01	19,58	11,40
289	11.08.20 05:49:48	16,80	2,09	55,10	18,50	16,40
290	11.08.20 05:49:49	16,80	2,13	53,95	20,54	15,51
291	11.08.20 05:49:50	16,71	2,15	57,25	22,83	9,92
292	11.08.20 05:49:51	16,68	2,17	58,43	21,98	9,60
293	11.08.20 05:49:52	16,65	2,19	58,36	18,78	12,86
294	11.08.20 05:49:53	16,65	2,21	54,59	20,26	15,15
295	11.08.20 05:49:54	16,50	2,28	57,11	20,60	12,29
296	11.08.20 05:49:55	16,41	2,32	59,76	20,53	9,71
297	11.08.20 05:49:56	16,32	2,32	58,04	19,48	12,47
298	11.08.20 05:49:57	16,29	2,32	54,91	16,90	18,19
299	11.08.20 05:49:58	16,08	2,38	53,82	14,44	21,74
300	11.08.20 05:49:59	15,86	2,38	55,99	13,19	20,82
301	11.08.20 05:50:00	15,77	2,40	55,87	13,93	20,19
302	11.08.20 05:50:01	15,71	2,40	53,97	12,70	23,33
303	11.08.20 05:50:02	15,68	2,40	52,59	11,13	26,27
304	11.08.20 05:50:03	15,68	2,40	53,92	12,82	23,26
305	11.08.20 05:50:04	15,68	2,42	55,38	15,13	19,49
306	11.08.20 05:50:05	15,68	2,44	53,65	13,72	22,63
307	11.08.20 05:50:06	15,71	2,44	50,07	11,79	28,14
308	11.08.20 05:50:07	15,77	2,42	49,90	13,75	26,35
309	11.08.20 05:50:08	15,83	2,46	53,37	16,06	20,58
310	11.08.20 05:50:09	15,89	2,48	53,69	15,81	20,50
311	11.08.20 05:50:10	15,93	2,46	50,81	12,03	27,15
312	11.08.20 05:50:11	15,99	2,44	48,91	10,97	30,12
313	11.08.20 05:50:12	16,02	2,49	51,73	13,68	24,59
314	11.08.20 05:50:13	16,05	2,49	54,60	12,89	22,51
315	11.08.20 05:50:14	16,11	2,46	52,33	7,60	30,06
316	11.08.20 05:50:15	16,14	2,46	48,36	4,65	36,99
317	11.08.20 05:50:16	16,14	2,46	49,23	4,62	36,15
318	11.08.20 05:50:17	16,17	2,42	52,88	1,08	36,03
319	11.08.20 05:50:18	16,20	2,42	49,89	-1,46	38,65
320	11.08.20 05:50:19	16,20	2,40	46,16	-4,68	39,16
321	11.08.20 05:50:20	16,02	2,44	43,04	0,76	46,20
322	11.08.20 05:50:21	15,38	2,52	31,49	14,25	44,26
323	11.08.20 05:50:22	15,01	2,45	39,43	13,09	37,47
324	11.08.20 05:50:23	14,79	2,41	33,46	12,22	44,32
325	11.08.20 05:50:24	14,73	2,34	31,19	13,77	45,04
326	11.08.20 05:50:25	14,58	2,28	31,26	9,19	49,55
327	11.08.20 05:50:26	14,45	2,26	28,64	6,21	55,16
328	11.08.20 05:50:27	14,39	2,21	36,68	13,01	40,30
329	11.08.20 05:50:28	14,42	2,21	41,56	10,26	38,17
330	11.08.20 05:50:29	14,45	2,23	38,15	12,05	39,80
331	11.08.20 05:50:30	14,49	2,21	39,55	12,78	37,67
332	11.08.20 05:50:31	14,52	2,24	46,89	15,06	28,05
333	11.08.20 05:50:32	14,55	2,26	49,84	13,55	26,61
334	11.08.20 05:50:33	14,58	2,24	49,11	14,49	26,40
335	11.08.20 05:50:34	14,61	2,21	48,87	13,04	28,09
336	11.08.20 05:50:35	14,64	2,21	48,13	14,05	27,82
337	11.08.20 05:50:36	14,67	2,22	52,21	10,57	27,21
338	11.08.20 05:50:37	14,70	2,19	55,39	5,41	29,20
339	11.08.20 05:50:38	14,70	2,19	56,36	2,62	31,02
340	11.08.20 05:50:39	14,73	2,19	56,24	0,33	33,43
341	11.08.20 05:50:40	14,73	2,17	53,93	-1,37	34,70
342	11.08.20 05:50:41	14,73	2,17	50,37	-5,23	34,39
343	11.08.20 05:50:42	14,73	2,15	48,52	-7,66	33,82
344	11.08.20 05:50:43	14,76	2,15	44,35	-7,85	37,80
345	11.08.20 05:50:44	14,79	2,13	38,60	-8,80	42,59
346	11.08.20 05:50:45	14,82	2,11	35,11	-11,32	43,57
347	11.08.20 05:50:46	14,85	2,13	42,05	-8,74	39,22
348	11.08.20 05:50:47	14,85	2,13	41,13	-12,88	35,99
349	11.08.20 05:50:48	14,89	2,13	38,46	-12,53	39,01
350	11.08.20 05:50:49	14,89	2,11	36,59	-9,84	43,57
351	11.08.20 05:50:50	14,92	2,11	34,13	-13,25	42,62
352	11.08.20 05:50:51	14,95	2,11	42,73	-6,45	40,82
353	11.08.20 05:50:52	14,98	2,11	34,40	-13,67	41,93
354	11.08.20 05:50:53	14,98	2,11	32,62	-15,30	42,08
355	11.08.20 05:50:54	15,01	2,11	32,59	-13,39	44,03
356	11.08.20 05:50:55	15,01	2,09	29,82	-14,84	45,34
357	11.08.20 05:50:56	15,01	2,09	28,78	-15,19	46,04
358	11.08.20 05:50:57	15,04	2,09	28,30	-14,30	47,40
359	11.08.20 05:50:58	15,04	2,09	29,69	-13,09	47,22
360	11.08.20 05:50:59	15,04	2,09	28,55	-13,88	47,58
361	11.08.20 05:51:00	15,04	2,11	30,03	-12,29	47,68
362	11.08.20 05:51:01	15,04	2,11	28,83	-12,12	49,05
363	11.08.20 05:51:02	15,04	2,11	28,66	-11,91	49,43
364	11.08.20 05:51:03	15,07	2,11	28,55	-12,40	49,04
365	11.08.20 05:51:04	15,04	2,13	31,82	-11,68	46,50
366	11.08.20 05:51:05	15,04	2,13	31,37	-12,71	45,92
367	11.08.20 05:51:06	15,01	2,18	33,49	-12,54	43,97
368	11.08.20 05:51:07	15,01	2,18	36,72	-9,94	43,33
369	11.08.20 05:51:08	15,01	2,20	37,05	-9,70	43,25
370	11.08.20 05:51:09	15,01	2,20	35,14	-11,67	43,18
371	11.08.20 05:51:10	14,98	2,24	38,33	-10,30	41,37
372	11.08.20 05:51:11	14,95	2,22	36,84	-11,46	41,70
373	11.08.20 05:51:12	14,92	2,26	35,08	-11,58	43,34
374	11.08.20 05:51:13	14,89	2,28	34,66	-12,42	42,92
375	11.08.20 05:51:14	14,82	2,28	37,50	-9,75	42,75
376	11.08.20 05:51:15	14,82	2,30	35,91	-10,94	43,16
377	11.08.20 05:51:16	14,76	2,32	36,89	-8,63	44,49
378	11.08.20 05:51:17	14,70	2,34	31,46	-11,87	46,67
379	11.08.20 05:51:18	14,61	2,39	33,96	-10,16	45,88
380	11.08.20 05:51:19	14,55	2,39	28,42	-13,74	47,84
381	11.08.20 05:51:20	14,52	2,38	28,52	-11,21	50,27
382	11.08.20 05:51:21	14,52	2,38	29,68	-11,12	49,21
383	11.08.20 05:51:22	14,52	2,41	31,04	-9,30	49,66
384	11.08.20 05:51:23	14,52	2,43	30,19	-10,08	49,73
385	11.08.20 05:51:24	14,52	2,43	34,73	-7,48	47,78
386	11.08.20 05:51:25	14,52	2,47	35,08	-5,31	49,61
387	11.08.20 05:51:26	14,45	2,47	28,00	-9,29	52,71
388	11.08.20 05:51:27	14,30	2,55	25,76	-11,50	52,74
389	11.08.20 05:51:28	14,21	2,55	32,46	-8,30	49,24
390	11.08.20 05:51:29	14,21	2,57	36,52	-5,71	47,77
391	11.08.20 05:51:30	14,18	2,57	33,77	-4,22	52,01
392	11.08.20 05:51:31	14,02	2,66	28,72	-7,11	54,16
393	11.08.20 05:51:32	13,77	2,68	32,48	-6,80	50,72
394	11.08.20 05:51:33	13,62	2,68	38,61	-4,54	46,84
395	11.08.20 05:51:34	13,46	2,70	37,94	-2,43	49,63
396	11.08.20 05:51:35	13,37	2,72	33,11	-5,55	51,33
397	11.08.20 05:51:36	13,33	2,74	31,51	-7,06	51,43
398	11.08.20 05:51:37	13,30	2,74	30,27	-8,59	51,14
399	11.08.20 05:51:38	13,15	2,82	31,79	-9,14	49,07
400	11.08.20 05:51:39	13,02	2,86	30,90	-9,38	49,73
401	11.08.20 05:51:40	12,86	2,88	27,09	-12,34	50,57
402	11.08.20 05:51:41	12,70	2,94	22,06	-17,25	50,70
403	11.08.20 05:51:42	12,64	2,94	22,01	-19,21	48,78
404	11.08.20 05:51:43	12,55	2,99	24,37	-18,80	46,83
405	11.08.20 05:51:44	12,36	3,05	27,69	-16,84	45,47
406	11.08.20 05:51:45	12,26	3,09	22,57	-20,45	46,98
407	11.08.20 05:51:46	11,91	3,15	30,33	-13,23	46,44
408	11.08.20 05:51:47	11,65	3,21	30,46	-15,85	43,69
409	11.08.20 05:51:48	11,27	3,21	25,85	-18,40	45,75
410	11.08.20 05:51:49	11,10	3,19	27,00	-16,37	46,63
411	11.08.20 05:51:50	11,04	3,25	31,09	-12,79	46,11
412	11.08.20 05:51:51	10,91	3,35	27,64	-16,30	46,06
413	11.08.20 05:51:52	10,58	3,31	23,54	-17,70	48,76
414	11.08.20 05:51:53	10,49	3,31	24,95	-16,57	48,48
415	11.08.20 05:51:54	10,49	3,33	20,03	-20,01	49,96
416	11.08.20 05:51:55	10,39	3,41	23,86	-15,97	50,17
417	11.08.20 05:51:56	10,22	3,41	23,86	-16,10	50,04
418	11.08.20 05:51:57	10,06	3,45	22,96	-17,44	49,61
419	11.08.20 05:51:58	9,93	3,47	23,36	-15,66	50,98
420	11.08.20 05:51:59	9,83	3,45	18,22	-18,16	53,63
421	11.08.20 05:52:00	9,80	3,47	20,78	-14,89	54,33
422	11.08.20 05:52:01	9,83	3,47	23,62	-13,66	52,72
423	11.08.20 05:52:02	9,83	3,49	20,45	-16,53	53,03
424	11.08.20 05:52:03	9,86	3,52	19,98	-18,59	51,43
425	11.08.20 05:52:04	9,89	3,52	20,73	-17,77	51,50
426	11.08.20 05:52:05	9,89	3,54	18,69	-18,69	52,62
427	11.08.20 05:52:06	9,86	3,54	18,14	-17,39	54,47
428	11.08.20 05:52:07	9,83	3,62	20,72	-16,52	52,76
429	11.08.20 05:52:08	9,70	3,62	29,69	-11,14	49,17
430	11.08.20 05:52:09	9,60	3,62	22,57	-15,17	52,26
431	11.08.20 05:52:10	9,60	3,71	19,34	-17,61	53,05
432	11.08.20 05:52:11	9,50	3,70	19,30	-18,02	52,68
433	11.08.20 05:52:12	9,46	3,73	23,95	-14,75	51,30
434	11.08.20 05:52:13	9,50	3,75	22,09	-16,84	51,07
435	11.08.20 05:52:14	9,50	3,79	21,68	-18,35	49,97
436	11.08.20 05:52:15	9,46	3,79	22,28	-16,03	51,68
437	11.08.20 05:52:16	9,43	3,83	19,35	-19,31	51,35
438	11.08.20 05:52:17	9,43	3,85	22,92	-16,95	50,12
439	11.08.20 05:52:18	9,46	3,88	27,13	-13,58	49,29
440	11.08.20 05:52:19	9,50	3,92	24,28	-15,81	49,91
441	11.08.20 05:52:20	9,40	3,98	20,41	-18,41	51,19
442	11.08.20 05:52:21	9,10	4,02	23,93	-16,16	49,90
443	11.08.20 05:52:22	8,93	4,06	20,16	-19,47	50,37
444	11.08.20 05:52:23	8,76	4,06	25,72	-14,24	50,04
445	11.08.20 05:52:24	8,69	4,08	20,86	-17,98	51,16
446	11.08.20 05:52:25	8,69	4,06	27,07	-11,61	51,32
447	11.08.20 05:52:26	8,73	4,10	23,61	-15,81	50,57
448	11.08.20 05:52:27	8,63	4,17	25,20	-14,34	50,46
449	11.08.20 05:52:28	8,56	4,17	24,79	-14,72	50,49
450	11.08.20 05:52:29	8,52	4,19	24,41	-14,27	51,33
451	11.08.20 05:52:30	8,52	4,21	27,80	-12,68	49,51
452	11.08.20 05:52:31	8,49	4,29	27,97	-12,58	49,45
453	11.08.20 05:52:32	8,32	4,33	27,15	-12,62	50,23
454	11.08.20 05:52:33	8,25	4,31	31,74	-10,19	48,07
455	11.08.20 05:52:34	8,29	4,36	35,63	-8,07	46,30
456	11.08.20 05:52:35	8,18	4,40	31,63	-10,41	47,96
457	11.08.20 05:52:36	8,08	4,44	29,05	-12,85	48,11
458	11.08.20 05:52:37	8,01	4,46	25,40	-15,40	49,20
459	11.08.20 05:52:38	7,95	4,48	26,46	-14,20	49,34
460	11.08.20 05:52:39	7,81	4,52	26,80	-15,44	47,76
461	11.08.20 05:52:40	7,74	4,56	27,72	-15,08	47,19
462	11.08.20 05:52:41	7,60	4,61	26,58	-15,98	47,43
463	11.08.20 05:52:42	7,53	4,61	27,71	-14,21	48,08
464	11.08.20 05:52:43	7,50	4,63	28,54	-13,83	47,62
465	11.08.20 05:52:44	7,50	4,65	26,09	-15,25	48,66
466	11.08.20 05:52:45	7,50	4,69	26,38	-15,78	47,84
467	11.08.20 05:52:46	7,46	4,69	29,53	-14,12	46,35
468	11.08.20 05:52:47	7,46	4,73	29,42	-14,30	46,28
469	11.08.20 05:52:48	7,40	4,77	26,97	-14,61	48,42
470	11.08.20 05:52:49	7,26	4,79	24,67	-16,99	48,35
471	11.08.20 05:52:50	7,19	4,82	27,08	-15,63	47,29
472	11.08.20 05:52:51	7,19	4,86	31,51	-13,19	45,30
473	11.08.20 05:52:52	7,22	4,86	30,91	-12,94	46,14
474	11.08.20 05:52:53	7,22	4,86	28,40	-14,82	46,78
475	11.08.20 05:52:54	7,19	4,92	30,03	-13,34	46,63
476	11.08.20 05:52:55	7,12	4,96	30,72	-13,59	45,69
477	11.08.20 05:52:56	7,05	5,01	31,40	-12,84	45,76
478	11.08.20 05:52:57	7,01	5,03	34,48	-10,79	44,73
479	11.08.20 05:52:58	7,01	5,01	33,18	-11,79	45,03
480	11.08.20 05:52:59	7,01	5,05	34,90	-11,26	43,84
481	11.08.20 05:53:00	7,05	5,07	34,92	-10,38	44,70
482	11.08.20 05:53:01	7,05	5,09	31,99	-11,79	46,22
483	11.08.20 05:53:02	7,08	5,11	34,46	-11,20	44,34
484	11.08.20 05:53:03	7,08	5,16	39,17	-8,90	41,93
485	11.08.20 05:53:04	7,08	5,16	41,37	-6,86	41,77
486	11.08.20 05:53:05	7,12	5,18	41,31	-6,68	42,01
487	11.08.20 05:53:06	7,15	5,22	38,19	-7,56	44,25
488	11.08.20 05:53:07	7,19	5,24	38,64	-6,16	45,20
489	11.08.20 05:53:08	7,22	5,24	39,91	-4,92	45,17
490	11.08.20 05:53:09	7,22	5,27	43,94	-1,48	44,58
491	11.08.20 05:53:10	7,26	5,31	47,21	0,97	41,82
492	11.08.20 05:53:11	7,29	5,33	48,48	3,44	38,08
493	11.08.20 05:53:12	7,33	5,35	48,29	4,61	37,10
494	11.08.20 05:53:13	7,33	5,39	46,10	3,73	40,16
495	11.08.20 05:53:14	7,33	5,42	46,00	0,95	43,05
496	11.08.20 05:53:15	7,29	5,44	40,21	-2,36	47,43
497	11.08.20 05:53:16	7,29	5,50	34,49	-8,28	47,22
498	11.08.20 05:53:17	7,29	5,52	33,24	-9,90	46,86
499	11.08.20 05:53:18	7,29	5,54	31,17	-12,71	46,11
500	11.08.20 05:53:19	7,29	5,57	28,11	-14,48	47,40
501	11.08.20 05:53:20	7,33	5,59	28,31	-13,62	48,07
502	11.08.20 05:53:21	7,33	5,63	30,20	-14,28	45,52
503	11.08.20 05:53:22	7,29	5,67	25,41	-20,18	44,41
504	11.08.20 05:53:23	7,12	5,78	24,29	-14,39	51,32
505	11.08.20 05:53:24	6,87	5,80	25,02	-19,85	45,13
506	11.08.20 05:53:25	6,70	5,84	25,09	-13,47	51,45
507	11.08.20 05:53:26	6,49	5,79	26,40	-12,50	51,10
508	11.08.20 05:53:27	6,42	5,79	29,70	-9,99	50,31
509	11.08.20 05:53:28	6,42	5,81	31,70	-10,01	48,29
510	11.08.20 05:53:29	6,42	5,81	31,02	-8,37	50,61
511	11.08.20 05:53:30	6,38	5,83	32,12	-5,79	52,10
512	11.08.20 05:53:31	6,35	5,83	35,10	-4,06	50,84
513	11.08.20 05:53:32	6,35	5,86	39,34	-4,36	46,30
514	11.08.20 05:53:33	6,35	5,88	39,18	-4,13	46,69
515	11.08.20 05:53:34	6,35	5,88	41,50	-3,54	44,96
516	11.08.20 05:53:35	6,38	5,90	35,00	-0,96	54,04
517	11.08.20 05:53:36	6,35	5,96	7,69	-13,05	69,26
518	11.08.20 05:53:37	6,10	5,98	1,96	-7,81	80,24
519	11.08.20 05:53:38	5,96	6,02	0,65	-4,86	84,49
520	11.08.20 05:53:39	5,81	6,00	5,86	-19,94	64,20
521	11.08.20 05:53:40	5,74	6,02	19,80	-19,96	50,23
522	11.08.20 05:53:41	5,64	5,98	-2,93	-9,25	77,82
523	11.08.20 05:53:42	5,60	5,95	-23,82	-2,92	63,25
524	11.08.20 05:53:43	5,60	5,98	1,67	-9,95	78,38
525	11.08.20 05:53:44	5,60	5,93	-15,68	-0,85	73,46
526	11.08.20 05:53:45	5,60	5,93	0,64	1,99	87,38
527	11.08.20 05:53:46	5,56	5,95	7,73	-6,38	75,90
528	11.08.20 05:53:47	5,49	5,93	13,15	2,93	73,92
529	11.08.20 05:53:48	5,46	5,97	-8,48	-8,05	73,48
530	11.08.20 05:53:49	5,38	5,93	-4,43	-7,72	77,85
531	11.08.20 05:53:50	5,35	5,93	-5,33	-4,92	79,75
532	11.08.20 05:53:51	5,35	5,97	6,76	-1,99	81,25
533	11.08.20 05:53:52	5,28	5,93	-4,80	2,72	82,48
534	11.08.20 05:53:53	5,28	5,91	8,33	-5,99	75,68
535	11.08.20 05:53:54	5,24	5,97	5,32	-4,04	80,64
536	11.08.20 05:53:55	5,24	5,95	6,24	4,54	79,22
537	11.08.20 05:53:56	5,20	5,93	6,53	3,15	80,32
538	11.08.20 05:53:57	5,20	5,97	26,81	-0,53	62,65
539	11.08.20 05:53:58	5,13	5,93	-4,53	-3,69	81,78
540	11.08.20 05:53:59	5,10	5,93	28,18	3,75	58,07
541	11.08.20 05:54:00	5,06	5,95	3,40	-5,26	81,34
542	11.08.20 05:54:01	5,02	5,91	6,40	-17,08	66,51
543	11.08.20 05:54:02	4,99	5,88	15,22	7,70	67,09
544	11.08.20 05:54:03	4,95	5,95	9,34	-2,52	78,14
545	11.08.20 05:54:04	4,91	5,88	4,50	-3,42	82,09
546	11.08.20 05:54:05	4,91	5,93	-8,75	-5,78	75,47
547	11.08.20 05:54:06	4,91	5,90	-0,57	-4,00	85,43
548	11.08.20 05:54:07	4,91	5,90	11,79	-4,70	73,51
549	11.08.20 05:54:08	4,91	5,93	6,90	-5,47	77,63
550	11.08.20 05:54:09	4,88	5,90	-14,11	-3,05	72,84
551	11.08.20 05:54:10	4,84	5,90	-5,73	0,08	84,19
552	11.08.20 05:54:11	4,80	5,92	0,47	-18,05	71,48
553	11.08.20 05:54:12	4,80	5,90	23,64	10,39	55,97
554	11.08.20 05:54:13	4,73	5,92	9,39	-18,83	61,77
555	11.08.20 05:54:14	4,66	5,90	12,23	-2,00	75,77
556	11.08.20 05:54:15	4,66	5,90	-2,57	-10,24	77,20
557	11.08.20 05:54:16	4,62	5,90	10,41	-7,71	71,88
558	11.08.20 05:54:17	4,62	5,90	7,00	-5,53	77,48
559	11.08.20 05:54:18	4,59	5,88	12,71	-1,46	75,83
560	11.08.20 05:54:19	4,59	5,88	15,39	-0,56	74,05
561	11.08.20 05:54:20	4,51	5,90	-1,95	-15,96	72,09
562	11.08.20 05:54:21	4,48	5,90	6,59	-14,71	68,70
563	11.08.20 05:54:22	4,40	5,88	3,19	5,40	81,41
564	11.08.20 05:54:23	4,37	5,90	5,80	-9,00	75,20
565	11.08.20 05:54:24	4,37	5,88	13,57	-10,58	65,85
566	11.08.20 05:54:25	4,33	5,88	-2,13	-14,06	73,81
567	11.08.20 05:54:26	4,33	5,90	3,84	-9,82	76,34
568	11.08.20 05:54:27	4,29	5,85	12,72	28,94	48,34
569	11.08.20 05:54:28	4,25	5,83	10,18	-6,93	72,88
570	11.08.20 05:54:29	4,22	5,85	13,22	-3,24	73,55
571	11.08.20 05:54:30	4,22	5,85	31,56	-5,53	52,91
572	11.08.20 05:54:31	4,18	5,85	-14,12	-2,97	72,91
573	11.08.20 05:54:32	4,18	5,83	-2,23	-10,71	77,05
574	11.08.20 05:54:33	4,18	5,83	15,49	-12,08	62,44
575	11.08.20 05:54:34	4,18	5,85	16,34	-3,89	69,77
576	11.08.20 05:54:35	4,14	5,85	33,63	-1,88	54,48
577	11.08.20 05:54:36	4,11	5,83	9,05	11,27	69,68
578	11.08.20 05:54:37	4,07	5,79	8,11	-3,60	78,28
579	11.08.20 05:54:38	4,07	5,81	11,89	-12,19	65,92
580	11.08.20 05:54:39	4,07	5,77	22,10	2,78	65,12
581	11.08.20 05:54:40	4,00	5,81	15,86	-13,34	60,80
582	11.08.20 05:54:41	3,92	5,79	27,01	-7,84	55,15
583	11.08.20 05:54:42	3,88	5,79	10,44	-6,25	73,31
584	11.08.20 05:54:43	3,85	5,81	7,20	-3,41	79,38
585	11.08.20 05:54:44	3,81	5,79	11,39	-5,97	72,64
586	11.08.20 05:54:45	3,77	5,78	-10,46	3,46	76,08
587	11.08.20 05:54:46	3,81	5,79	-4,70	-2,16	83,13
588	11.08.20 05:54:47	3,81	5,79	10,72	-19,11	60,17
589	11.08.20 05:54:48	3,77	5,76	4,08	-20,74	65,17
590	11.08.20 05:54:49	3,73	5,76	-5,92	0,45	83,63
591	11.08.20 05:54:50	3,70	5,89	17,45	4,48	68,07
592	11.08.20 05:54:51	3,70	5,83	4,65	-6,07	79,28
593	11.08.20 05:54:52	3,70	5,78	11,28	-8,45	70,27
594	11.08.20 05:54:53	3,66	5,78	55,42	-5,35	29,23
595	11.08.20 05:54:54	3,62	5,76	17,39	-12,71	59,90
596	11.08.20 05:54:55	3,59	5,78	2,75	-7,05	80,19
597	11.08.20 05:54:56	3,59	5,78	11,27	4,92	73,81
598	11.08.20 05:54:57	3,55	5,78	7,40	-2,53	80,07
599	11.08.20 05:54:58	3,55	5,74	45,08	-1,29	43,63
600	11.08.20 05:54:59	3,55	5,70	15,01	-27,40	47,59
601	11.08.20 05:55:00	3,47	5,76	-8,25	-6,07	75,68
602	11.08.20 05:55:01	3,44	5,78	21,90	-22,06	46,05
603	11.08.20 05:55:02	3,40	5,78	16,31	-8,80	64,89
604	11.08.20 05:55:03	3,40	5,74	12,73	-6,02	71,25
605	11.08.20 05:55:04	3,40	5,74	11,58	-6,28	72,15
606	11.08.20 05:55:05	3,36	5,76	30,79	-5,09	54,12
607	11.08.20 05:55:06	3,36	5,72	-34,35	0,57	55,08
608	11.08.20 05:55:07	3,32	5,74	35,84	-19,90	34,26
609	11.08.20 05:55:08	3,28	5,80	9,74	-14,48	65,78
610	11.08.20 05:55:09	3,25	5,78	7,54	-8,76	73,70
611	11.08.20 05:55:10	3,25	5,76	5,07	-2,42	82,51
612	11.08.20 05:55:11	3,25	5,76	1,28	18,88	69,84
613	11.08.20 05:55:12	3,25	5,76	10,31	14,04	65,64
614	11.08.20 05:55:13	3,25	5,76	33,42	-12,37	44,21
615	11.08.20 05:55:14	3,21	5,74	3,05	16,36	70,59
616	11.08.20 05:55:15	3,17	5,73	8,28	0,78	80,94
617	11.08.20 05:55:16	3,13	5,71	14,25	7,08	68,67
618	11.08.20 05:55:17	3,13	5,78	16,75	-1,44	71,80
619	11.08.20 05:55:18	3,13	5,73	-18,29	-14,61	57,10
620	11.08.20 05:55:19	3,10	5,76	12,76	-15,40	61,84
621	11.08.20 05:55:20	3,10	5,78	13,16	-6,10	70,74
622	11.08.20 05:55:21	3,10	5,78	20,75	-8,85	60,40
623	11.08.20 05:55:22	3,10	5,69	-5,36	-10,74	73,90
624	11.08.20 05:55:23	3,06	5,73	18,22	-9,30	62,48
625	11.08.20 05:55:24	3,06	5,75	6,92	-4,53	78,55
626	11.08.20 05:55:25	3,06	5,73	9,81	-3,52	76,67
627	11.08.20 05:55:26	3,02	5,73	12,79	-15,86	61,35
628	11.08.20 05:55:27	3,02	5,71	4,92	-21,17	63,90
629	11.08.20 05:55:28	3,02	5,75	7,82	4,15	78,03
630	11.08.20 05:55:29	2,98	5,73	2,13	0,72	87,15
631	11.08.20 05:55:30	2,98	6,40	12,70	1,92	75,38
632	11.08.20 05:55:31	2,98	5,73	12,05	-15,33	62,62
633	11.08.20 05:55:32	2,98	5,73	7,33	-4,04	78,63
634	11.08.20 05:55:33	2,94	5,73	11,18	2,35	76,47
635	11.08.20 05:55:34	2,91	5,73	5,54	1,16	83,30
636	11.08.20 05:55:35	2,91	5,73	1,80	-5,95	82,25
637	11.08.20 05:55:36	2,87	5,69	8,26	-1,26	80,48
638	11.08.20 05:55:37	2,87	5,75	19,10	-2,84	68,06
639	11.08.20 05:55:38	2,87	5,71	16,59	-48,35	25,06
640	11.08.20 05:55:39	2,87	5,73	15,91	-13,13	60,96
641	11.08.20 05:55:40	2,83	5,71	18,54	-8,32	63,14
642	11.08.20 05:55:41	2,79	5,71	13,41	-23,99	52,60
643	11.08.20 05:55:42	2,79	5,71	8,55	0,82	80,63
644	11.08.20 05:55:43	2,79	5,69	-11,98	-15,99	62,03
645	11.08.20 05:55:44	2,79	5,82	24,64	-8,37	56,99
646	11.08.20 05:55:45	2,79	5,71	-0,15	-0,34	89,50
647	11.08.20 05:55:46	2,75	5,71	19,91	-22,83	47,26
648	11.08.20 05:55:47	2,75	5,73	21,58	25,23	43,19
649	11.08.20 05:55:48	2,75	5,69	14,56	3,53	71,91
650	11.08.20 05:55:49	2,72	5,69	4,89	-5,62	79,49
651	11.08.20 05:55:50	2,72	5,71	2,01	-18,83	69,16
652	11.08.20 05:55:51	2,72	5,69	-0,94	-31,69	57,37
653	11.08.20 05:55:52	2,72	5,67	0,58	-2,11	87,31
654	11.08.20 05:55:53	2,68	5,69	5,73	12,61	71,66
655	11.08.20 05:55:54	2,68	5,71	27,52	5,12	57,35
656	11.08.20 05:55:55	2,68	5,71	3,11	-7,77	79,12
657	11.08.20 05:55:56	2,68	5,69	-3,91	0,69	85,40
658	11.08.20 05:55:57	2,64	5,71	-11,92	-0,95	77,13
659	11.08.20 05:55:58	2,64	5,69	5,19	-7,76	77,05
660	11.08.20 05:55:59	2,64	5,71	2,11	-0,50	87,39
661	11.08.20 05:56:00	2,64	5,62	16,30	8,24	65,46
662	11.08.20 05:56:01	2,64	5,69	-3,04	-11,02	75,94
663	11.08.20 05:56:02	2,64	5,71	21,66	1,20	67,14
664	11.08.20 05:56:03	2,64	5,69	-7,10	-9,63	73,27
665	11.08.20 05:56:04	2,64	5,69	-0,25	-49,09	40,66
666	11.08.20 05:56:05	2,60	5,77	6,94	0,13	82,94
667	11.08.20 05:56:06	2,60	5,69	5,50	-2,83	81,67
668	11.08.20 05:56:07	2,56	5,68	5,44	0,67	83,90
669	11.08.20 05:56:08	2,56	5,71	15,20	-4,23	70,58
670	11.08.20 05:56:09	2,56	5,66	-12,20	-2,23	75,57
671	11.08.20 05:56:10	2,56	5,68	3,32	-7,80	78,88
672	11.08.20 05:56:11	2,56	5,66	15,47	4,43	70,10
673	11.08.20 05:56:12	2,56	5,68	-14,46	-17,15	58,39
674	11.08.20 05:56:13	2,56	5,68	29,40	4,84	55,75
675	11.08.20 05:56:14	2,52	5,71	4,30	7,61	78,09
676	11.08.20 05:56:15	2,52	5,81	12,42	-17,94	59,65
677	11.08.20 05:56:16	2,52	5,68	20,83	-2,67	66,50
678	11.08.20 05:56:17	2,49	5,66	-2,35	5,44	82,20
679	11.08.20 05:56:18	2,49	5,68	2,53	-12,67	74,80
680	11.08.20 05:56:19	2,49	5,68	18,51	-0,80	70,69
681	11.08.20 05:56:20	2,49	5,68	16,35	7,79	65,85
682	11.08.20 05:56:21	2,49	5,71	23,30	8,89	57,81
683	11.08.20 05:56:22	2,49	5,66	-1,01	3,93	85,05
684	11.08.20 05:56:23	2,45	5,68	61,82	-8,31	19,86
685	11.08.20 05:56:24	2,45	5,68	5,61	-14,10	70,28
686	11.08.20 05:56:25	2,41	5,68	26,17	-11,75	52,08
687	11.08.20 05:56:26	2,41	5,70	34,73	-7,97	47,30
688	11.08.20 05:56:27	2,41	5,64	-8,62	-1,39	80,00
689	11.08.20 05:56:28	2,41	5,68	15,32	-16,06	58,62
690	11.08.20 05:56:29	2,41	5,68	37,28	-7,68	45,04
691	11.08.20 05:56:30	2,41	5,66	6,21	-8,29	75,51
692	11.08.20 05:56:31	2,37	5,68	2,27	-6,64	81,09
693	11.08.20 05:56:32	2,41	5,68	18,51	-7,56	63,93
694	11.08.20 05:56:33	2,37	5,66	3,83	-2,85	83,32
695	11.08.20 05:56:34	2,37	5,66	0,40	-12,97	76,62
696	11.08.20 05:56:35	2,37	5,68	16,33	-10,57	63,10
697	11.08.20 05:56:36	2,37	5,66	36,07	-12,05	41,88
698	11.08.20 05:56:37	2,37	5,68	5,24	8,01	76,75
699	11.08.20 05:56:38	2,37	5,68	0,13	-6,67	83,19
700	11.08.20 05:56:39	2,37	5,66	5,37	-7,73	76,91
701	11.08.20 05:56:40	2,37	5,68	5,99	-7,40	76,61
702	11.08.20 05:56:41	2,37	5,68	4,44	-8,13	77,43
703	11.08.20 05:56:42	2,37	5,66	7,68	-6,48	75,84
704	11.08.20 05:56:43	2,37	5,66	22,89	-5,85	61,26
705	11.08.20 05:56:44	2,33	5,66	11,65	-0,85	77,50
706	11.08.20 05:56:45	2,33	5,64	-2,69	-15,84	71,47
707	11.08.20 05:56:46	2,33	5,68	4,85	-18,96	66,19
708	11.08.20 05:56:47	2,33	5,68	20,21	-4,12	65,67
709	11.08.20 05:56:48	2,33	5,64	-0,21	-2,40	87,39
710	11.08.20 05:56:49	2,33	5,68	-9,78	-10,58	69,64
711	11.08.20 05:56:50	2,33	5,66	6,60	-30,25	53,15
712	11.08.20 05:56:51	2,33	5,66	-3,37	9,06	77,56
713	11.08.20 05:56:52	2,33	5,66	11,40	1,51	77,09
714	11.08.20 05:56:53	2,33	5,85	-15,14	10,73	64,12
715	11.08.20 05:56:54	2,29	5,64	12,57	-19,80	57,64
716	11.08.20 05:56:55	2,29	5,70	-6,07	-11,76	72,17
717	11.08.20 05:56:56	2,29	5,64	-0,73	4,22	85,05
718	11.08.20 05:56:57	2,29	5,64	6,85	-35,52	47,63
719	11.08.20 05:56:58	2,29	5,66	8,38	-30,43	51,19
720	11.08.20 05:56:59	2,29	5,62	21,99	-10,31	57,70
721	11.08.20 05:57:00	2,26	5,64	-2,61	-7,47	79,92
722	11.08.20 05:57:01	2,26	5,64	-1,92	-7,63	80,45
723	11.08.20 05:57:02	2,26	5,66	14,27	-2,50	73,23
724	11.08.20 05:57:03	2,26	5,64	1,98	-39,19	48,82
725	11.08.20 05:57:04	2,26	5,66	-1,50	-2,19	86,32
726	11.08.20 05:57:05	2,26	5,62	-4,39	-2,80	82,81
727	11.08.20 05:57:06	2,26	5,64	-2,37	-4,38	83,26
728	11.08.20 05:57:07	2,26	5,62	9,17	-7,12	73,71
729	11.08.20 05:57:08	2,26	5,77	-4,56	6,91	78,53
730	11.08.20 05:57:09	2,26	5,64	11,27	-1,23	77,50
731	11.08.20 05:57:10	2,26	5,66	-2,64	-15,25	72,10
732	11.08.20 05:57:11	2,22	5,64	5,77	-12,06	72,18
733	11.08.20 05:57:12	2,22	5,68	13,04	-10,64	66,32
734	11.08.20 05:57:13	2,22	5,64	-3,79	-1,44	84,77
735	11.08.20 05:57:14	2,22	5,70	24,61	9,12	56,27
736	11.08.20 05:57:15	2,22	5,68	14,62	2,39	72,99
737	11.08.20 05:57:16	2,22	5,64	31,49	-4,17	54,34
738	11.08.20 05:57:17	2,22	5,64	11,40	-2,18	76,41
739	11.08.20 05:57:18	2,18	5,68	6,05	5,98	77,97
740	11.08.20 05:57:19	2,18	5,66	19,80	-16,78	53,42
741	11.08.20 05:57:20	2,18	5,66	16,48	-3,13	70,39
742	11.08.20 05:57:21	2,18	5,68	1,75	-4,99	83,25
743	11.08.20 05:57:22	2,18	5,68	-2,07	-0,95	86,98
744	11.08.20 05:57:23	2,18	5,64	13,92	5,20	70,89
745	11.08.20 05:57:24	2,18	5,64	-2,91	-2,60	84,49
746	11.08.20 05:57:25	2,18	5,70	2,43	-8,11	79,46
747	11.08.20 05:57:26	2,18	5,68	1,53	-13,73	74,74
748	11.08.20 05:57:27	2,18	5,68	-15,08	-8,57	66,36
749	11.08.20 05:57:28	2,18	5,70	-14,63	-1,36	74,01
750	11.08.20 05:57:29	2,18	5,68	9,18	-9,35	71,47
751	11.08.20 05:57:30	2,18	5,68	-24,80	-6,23	58,97
752	11.08.20 05:57:31	2,18	5,66	-10,98	6,75	72,27
753	11.08.20 05:57:32	2,18	5,68	3,72	1,63	84,65
754	11.08.20 05:57:33	2,18	5,68	-16,66	-6,32	67,01
755	11.08.20 05:57:34	2,18	5,68	2,28	-2,51	85,21
756	11.08.20 05:57:35	2,18	5,66	8,93	2,29	78,78
757	11.08.20 05:57:36	2,18	5,68	-13,01	0,39	76,60
758	11.08.20 05:57:37	2,18	5,68	19,03	6,13	64,83
759	11.08.20 05:57:38	2,18	5,66	-18,03	-9,36	62,61
760	11.08.20 05:57:39	2,14	5,66	23,91	-25,45	40,64
761	11.08.20 05:57:40	2,14	5,64	25,42	-8,18	56,39
762	11.08.20 05:57:41	2,14	5,62	-0,94	-6,56	82,49
763	11.08.20 05:57:42	2,14	5,66	17,79	-6,99	65,22
764	11.08.20 05:57:43	2,14	5,66	10,81	-0,08	79,12
765	11.08.20 05:57:44	2,14	5,66	13,49	-8,15	68,36
766	11.08.20 05:57:45	2,10	5,68	3,58	-11,35	75,07
767	11.08.20 05:57:46	2,10	5,66	4,84	-14,55	70,61
768	11.08.20 05:57:47	2,10	5,68	2,46	-10,54	77,00
769	11.08.20 05:57:48	2,10	5,68	11,91	-22,25	55,84
770	11.08.20 05:57:49	2,10	5,68	9,35	1,88	78,76
771	11.08.20 05:57:50	2,10	5,68	8,75	-5,66	75,60
772	11.08.20 05:57:51	2,10	5,70	23,50	-5,03	61,47
773	11.08.20 05:57:52	2,10	5,68	-0,41	-1,19	88,39
774	11.08.20 05:57:53	2,10	5,68	-2,08	6,12	81,79
775	11.08.20 05:57:54	2,10	5,66	6,23	3,60	80,16
776	11.08.20 05:57:55	2,10	5,68	17,18	-0,49	72,33
777	11.08.20 05:57:56	2,10	5,66	5,52	-5,73	78,75
778	11.08.20 05:57:57	2,10	5,61	7,21	-10,92	71,87
779	11.08.20 05:57:58	2,10	5,66	-9,01	-4,07	76,92
780	11.08.20 05:57:59	2,10	5,64	-12,82	-3,22	73,95
781	11.08.20 05:58:00	2,10	5,66	25,66	-23,60	40,75
782	11.08.20 05:58:01	2,10	5,64	-5,35	10,20	74,44
783	11.08.20 05:58:02	2,10	5,61	-4,84	-42,14	43,03
784	11.08.20 05:58:03	2,10	5,66	17,76	-20,36	51,88
785	11.08.20 05:58:04	2,10	5,61	14,97	-18,52	56,52
786	11.08.20 05:58:05	2,10	5,64	-0,58	-15,46	73,95
787	11.08.20 05:58:06	2,10	5,59	15,84	-7,31	66,85
788	11.08.20 05:58:07	2,06	5,59	2,09	-5,34	82,56
789	11.08.20 05:58:08	2,06	5,57	-8,41	-0,61	80,98
790	11.08.20 05:58:09	2,06	5,55	6,06	-6,02	77,91
791	11.08.20 05:58:10	2,06	5,57	-4,04	-3,41	82,55
792	11.08.20 05:58:11	2,06	5,57	-6,04	0,21	83,75
793	11.08.20 05:58:12	2,06	5,57	13,02	-22,73	54,25
794	11.08.20 05:58:13	2,06	5,57	-2,54	-12,34	75,12
795	11.08.20 05:58:14	2,06	5,57	-6,70	-0,37	82,93
796	11.08.20 05:58:15	2,06	5,57	-1,28	-7,77	80,95
797	11.08.20 05:58:16	2,06	5,57	-12,10	-4,27	73,62
798	11.08.20 05:58:17	2,06	5,59	-0,42	-6,83	82,75
799	11.08.20 05:58:18	2,06	5,55	-15,06	-3,67	71,27
800	11.08.20 05:58:19	2,06	5,57	-9,02	-2,99	77,99
801	11.08.20 05:58:20	2,06	5,59	16,43	-17,72	55,85
802	11.08.20 05:58:21	2,06	5,57	-0,23	-12,07	77,69
803	11.08.20 05:58:22	2,06	5,57	7,35	-2,86	79,80
804	11.08.20 05:58:23	2,06	5,59	0,84	-6,39	82,77
805	11.08.20 05:58:24	2,06	5,59	-2,12	-8,66	79,22
806	11.08.20 05:58:25	2,06	5,64	5,79	-0,34	83,87
807	11.08.20 05:58:26	2,06	5,68	24,34	-5,13	60,53
808	11.08.20 05:58:27	2,06	5,66	-14,68	7,81	67,51
809	11.08.20 05:58:28	2,06	5,68	-11,49	-3,37	75,14
810	11.08.20 05:58:29	2,06	5,68	-4,54	-14,76	70,70
811	11.08.20 05:58:30	2,06	5,64	28,46	19,08	42,46
812	11.08.20 05:58:31	2,06	5,66	9,48	-9,86	70,67
813	11.08.20 05:58:32	2,02	5,66	-0,53	-3,55	85,92
814	11.08.20 05:58:33	2,02	5,68	10,02	-0,97	79,02
815	11.08.20 05:58:34	2,02	5,66	-3,87	-1,30	84,82
816	11.08.20 05:58:35	2,02	5,68	0,15	-1,99	87,86
817	11.08.20 05:58:36	2,06	5,68	-1,92	-2,37	85,71
818	11.08.20 05:58:37	2,06	5,68	-3,53	-10,17	76,29
819	11.08.20 05:58:38	2,02	5,66	14,27	-5,48	70,25
820	11.08.20 05:58:39	2,06	5,66	0,36	-7,92	81,72
821	11.08.20 05:58:40	2,02	5,64	12,62	-2,86	74,52
822	11.08.20 05:58:41	2,02	5,64	-3,87	-2,49	83,64
823	11.08.20 05:58:42	2,02	5,64	2,88	-0,68	86,44
824	11.08.20 05:58:43	2,02	5,66	19,02	-9,72	61,26
825	11.08.20 05:58:44	2,02	5,68	11,29	1,23	77,48
826	11.08.20 05:58:45	2,02	5,66	17,73	-14,39	57,88
827	11.08.20 05:58:46	2,02	5,66	6,52	-6,72	76,76
828	11.08.20 05:58:47	2,02	5,64	37,64	-20,44	31,92
829	11.08.20 05:58:48	2,02	5,59	8,78	-7,50	73,72
830	11.08.20 05:58:49	2,02	5,61	7,35	7,45	75,20
831	11.08.20 05:58:50	2,02	5,59	-0,79	4,07	85,14
832	11.08.20 05:58:51	2,02	5,64	23,51	0,55	65,94
833	11.08.20 05:58:52	2,02	5,61	-0,78	6,17	83,06
834	11.08.20 05:58:53	2,02	5,64	1,14	-0,93	87,93
835	11.08.20 05:58:54	2,02	5,61	14,80	-0,71	74,49
836	11.08.20 05:58:55	2,02	5,61	14,58	11,69	63,73
837	11.08.20 05:58:56	2,02	5,59	7,03	-4,45	78,52
838	11.08.20 05:58:57	2,02	5,59	11,14	-6,22	72,64
839	11.08.20 05:58:58	2,02	5,57	-5,71	-3,43	80,87
840	11.08.20 05:58:59	2,02	5,59	8,13	-10,02	71,85
841	11.08.20 05:59:00	2,02	5,57	-3,31	-2,53	84,16
842	11.08.20 05:59:01	2,02	5,57	11,77	3,82	74,42
843	11.08.20 05:59:02	2,02	5,59	-5,01	-6,50	78,49
844	11.08.20 05:59:03	1,98	5,61	-1,84	-6,30	81,86
845	11.08.20 05:59:04	2,02	5,61	-8,49	-6,32	75,20
846	11.08.20 05:59:05	2,02	5,61	6,34	0,92	82,73
847	11.08.20 05:59:06	2,02	5,57	0,14	-6,74	83,13
848	11.08.20 05:59:07	2,02	5,59	-0,64	-13,61	75,75
849	11.08.20 05:59:08	2,02	5,61	0,09	-5,72	84,19
850	11.08.20 05:59:09	2,02	5,61	-1,90	-15,05	73,05
851	11.08.20 05:59:10	2,02	5,57	6,37	-0,91	82,72
852	11.08.20 05:59:11	2,02	5,59	-1,29	-3,72	84,98
853	11.08.20 05:59:12	2,02	5,61	-17,16	-2,79	70,05
854	11.08.20 05:59:13	2,02	5,59	-2,65	-7,06	80,29
855	11.08.20 05:59:14	2,02	5,61	-2,13	-11,85	76,02
856	11.08.20 05:59:15	2,02	5,59	6,35	-8,12	75,53
857	11.08.20 05:59:16	2,02	5,57	12,96	-1,96	75,08
858	11.08.20 05:59:17	2,02	5,59	20,31	-23,76	45,92
859	11.08.20 05:59:18	2,02	5,59	7,02	-6,45	76,53
860	11.08.20 05:59:19	2,02	5,57	14,78	-13,61	61,61
861	11.08.20 05:59:20	2,02	5,57	0,20	-1,66	88,15
862	11.08.20 05:59:21	2,02	5,59	-13,26	-2,80	73,94
863	11.08.20 05:59:22	2,02	5,59	-8,28	1,68	80,04
864	11.08.20 05:59:23	2,02	5,59	-2,59	-6,22	81,19
865	11.08.20 05:59:24	2,02	5,59	-14,14	1,93	73,93
866	11.08.20 05:59:25	2,02	5,59	6,51	-8,96	74,53
867	11.08.20 05:59:26	2,02	5,59	12,13	-12,35	65,52
868	11.08.20 05:59:27	2,02	5,59	8,44	-1,16	80,40
869	11.08.20 05:59:28	2,02	5,57	-1,11	-7,21	81,68
870	11.08.20 05:59:29	1,98	5,59	9,08	-1,28	79,64
871	11.08.20 05:59:30	1,98	5,59	0,41	-7,83	81,76
872	11.08.20 05:59:31	1,98	5,61	-13,30	-3,12	73,59
873	11.08.20 05:59:32	1,98	5,59	6,78	4,89	78,33
874	11.08.20 05:59:33	1,98	5,78	35,53	-23,68	30,79
875	11.08.20 05:59:34	1,98	5,59	2,06	-3,05	84,89
876	11.08.20 05:59:35	1,98	5,59	3,37	-7,57	79,06
877	11.08.20 05:59:36	1,98	5,61	-2,90	-9,89	77,21
878	11.08.20 05:59:37	1,98	5,59	6,00	17,11	66,89
879	11.08.20 05:59:38	1,98	5,61	9,15	-4,20	76,66
880	11.08.20 05:59:39	1,98	5,61	0,89	1,48	87,63
881	11.08.20 05:59:40	1,98	5,61	6,69	-8,65	74,66
882	11.08.20 05:59:41	1,98	5,63	1,31	-1,40	87,29
883	11.08.20 05:59:42	1,98	5,59	-8,79	-15,96	65,25
884	11.08.20 05:59:43	1,98	5,59	-2,23	4,87	82,90
885	11.08.20 05:59:44	1,98	5,63	24,09	-4,06	61,85
886	11.08.20 05:59:45	1,98	5,59	1,99	-5,83	82,18
887	11.08.20 05:59:46	1,98	5,61	5,59	-15,90	68,51
888	11.08.20 05:59:47	1,98	5,59	10,36	-4,68	74,96
889	11.08.20 05:59:48	1,98	5,59	5,48	-22,13	62,39
890	11.08.20 05:59:49	1,98	5,61	-6,42	18,38	65,20
891	11.08.20 05:59:50	1,98	5,59	2,67	-10,59	76,74
892	11.08.20 05:59:51	1,98	5,59	4,30	-5,47	80,23
893	11.08.20 05:59:52	1,98	5,61	10,27	-3,48	76,25
894	11.08.20 05:59:53	1,98	5,57	6,17	-9,90	73,93
895	11.08.20 05:59:54	1,98	5,59	-8,00	-5,65	76,35
896	11.08.20 05:59:55	1,98	5,59	13,31	7,74	68,95
897	11.08.20 05:59:56	1,98	5,55	34,08	0,37	55,55
898	11.08.20 05:59:57	1,98	5,59	12,18	-0,59	77,23
899	11.08.20 05:59:58	1,98	5,59	8,79	32,71	48,50
900	11.08.20 05:59:59	1,98	5,59	11,31	23,51	55,18
901	11.08.20 06:00:00	1,98	5,59	7,94	33,53	48,52
902	11.08.20 06:00:01	1,98	5,57	23,64	22,86	43,49
903	11.08.20 06:00:02	1,98	5,57	31,29	8,43	50,28
904	11.08.20 06:00:03	1,98	5,55	26,79	4,34	58,87
905	11.08.20 06:00:04	1,98	5,59	39,04	8,60	42,37
906	11.08.20 06:00:05	1,98	5,57	41,57	9,35	39,08
907	11.08.20 06:00:06	1,98	5,55	29,48	8,66	51,85
908	11.08.20 06:00:07	1,98	5,51	30,70	9,70	49,59
909	11.08.20 06:00:08	1,98	5,53	41,87	9,95	38,18
910	11.08.20 06:00:09	1,98	5,53	47,98	8,03	33,99
911	11.08.20 06:00:10	1,98	5,49	29,49	15,93	44,58
912	11.08.20 06:00:11	1,98	5,46	28,01	17,35	44,64
913	11.08.20 06:00:12	1,98	5,46	44,37	9,59	36,04
914	11.08.20 06:00:13	1,98	5,49	48,59	13,59	27,82
915	11.08.20 06:00:14	1,98	5,46	41,20	14,49	34,31
916	11.08.20 06:00:15	1,98	5,44	39,38	12,13	38,49
917	11.08.20 06:00:16	1,98	5,44	45,20	17,89	26,91
918	11.08.20 06:00:17	1,98	5,49	50,35	18,11	21,54
919	11.08.20 06:00:18	1,98	5,44	41,26	17,16	31,59
920	11.08.20 06:00:19	1,98	5,40	41,12	13,05	35,83
921	11.08.20 06:00:20	1,98	5,40	45,78	18,58	25,65
922	11.08.20 06:00:21	1,98	5,44	51,12	17,66	21,22
923	11.08.20 06:00:22	1,98	5,40	39,35	20,58	30,08
924	11.08.20 06:00:23	1,98	5,34	34,80	19,60	35,60
925	11.08.20 06:00:24	1,98	5,34	44,61	16,91	28,48
926	11.08.20 06:00:25	1,95	5,36	49,28	17,66	23,06
927	11.08.20 06:00:26	1,98	5,31	40,11	20,47	29,43
928	11.08.20 06:00:27	1,98	5,27	36,67	18,39	34,93
929	11.08.20 06:00:28	1,98	5,25	43,73	17,82	28,45
930	11.08.20 06:00:29	1,98	5,25	50,66	16,21	23,13
931	11.08.20 06:00:30	1,98	5,23	40,48	20,27	29,25
932	11.08.20 06:00:31	1,98	5,16	28,22	21,52	40,26
933	11.08.20 06:00:32	1,98	5,14	38,31	20,10	31,58
934	11.08.20 06:00:33	1,98	5,14	50,15	15,60	24,26
935	11.08.20 06:00:34	1,98	5,12	40,21	18,64	31,15
936	11.08.20 06:00:35	1,98	5,06	27,86	21,69	40,45
937	11.08.20 06:00:36	1,98	5,01	34,00	20,18	35,82
938	11.08.20 06:00:37	1,98	5,01	40,63	19,78	29,58
939	11.08.20 06:00:38	1,98	4,97	33,93	23,78	32,30
940	11.08.20 06:00:39	1,98	4,91	25,74	26,04	38,22
941	11.08.20 06:00:40	1,98	4,89	30,84	23,71	35,44
942	11.08.20 06:00:41	1,98	4,86	36,97	22,54	30,48
943	11.08.20 06:00:42	1,98	4,82	32,96	24,89	32,14
944	11.08.20 06:00:43	1,98	4,76	24,30	27,84	37,86
945	11.08.20 06:00:44	1,98	4,71	29,39	23,88	36,74
946	11.08.20 06:00:45	1,98	4,71	36,52	22,53	30,95
947	11.08.20 06:00:46	1,98	4,67	29,34	27,05	33,60
948	11.08.20 06:00:47	2,02	4,59	19,17	30,25	40,58
949	11.08.20 06:00:48	2,02	4,57	32,44	21,36	36,20
950	11.08.20 06:00:49	2,02	4,57	40,96	20,32	28,72
951	11.08.20 06:00:50	2,02	4,52	33,72	22,89	33,39
952	11.08.20 06:00:51	2,02	4,44	23,08	30,26	36,66
953	11.08.20 06:00:52	2,02	4,39	26,29	24,26	39,45
954	11.08.20 06:00:53	2,02	4,37	35,95	19,88	34,17
955	11.08.20 06:00:54	2,06	4,35	37,34	20,15	32,51
956	11.08.20 06:00:55	2,06	4,29	28,52	23,93	37,55
957	11.08.20 06:00:56	2,06	4,20	25,73	21,97	42,30
958	11.08.20 06:00:57	2,06	4,14	29,61	19,50	40,89
959	11.08.20 06:00:58	2,10	4,14	39,85	16,39	33,76
960	11.08.20 06:00:59	2,10	4,07	34,09	17,74	38,17
961	11.08.20 06:01:00	2,14	4,01	31,31	16,04	42,66
962	11.08.20 06:01:01	2,14	4,03	51,37	14,27	24,35
963	11.08.20 06:01:02	2,14	4,10	55,49	19,17	15,34
964	11.08.20 06:01:03	2,18	4,12	56,39	15,77	17,84
965	11.08.20 06:01:04	2,18	4,10	52,16	17,15	20,69
966	11.08.20 06:01:05	2,18	4,10	46,03	20,90	23,07
967	11.08.20 06:01:06	2,18	4,10	45,44	24,23	20,33
968	11.08.20 06:01:07	2,18	4,10	52,44	18,34	19,22
969	11.08.20 06:01:08	2,18	4,10	55,26	13,32	21,42
970	11.08.20 06:01:09	2,18	4,10	54,49	14,89	20,62
971	11.08.20 06:01:10	2,18	4,08	51,56	19,29	19,16
972	11.08.20 06:01:11	2,18	4,10	52,95	22,54	14,51
973	11.08.20 06:01:12	2,18	4,12	53,19	23,49	13,31
974	11.08.20 06:01:13	2,18	4,12	53,88	20,41	15,71
975	11.08.20 06:01:14	2,18	4,05	52,61	19,40	17,98
976	11.08.20 06:01:15	2,18	4,05	51,49	22,04	16,47
977	11.08.20 06:01:16	2,22	4,05	53,04	22,89	14,07
978	11.08.20 06:01:17	2,22	4,05	54,32	21,76	13,91
979	11.08.20 06:01:18	2,22	4,05	52,75	20,19	17,07
980	11.08.20 06:01:19	2,22	4,01	52,55	19,29	18,17
981	11.08.20 06:01:20	2,22	4,01	54,92	17,51	17,57
982	11.08.20 06:01:21	2,22	4,01	55,23	14,78	20,00
983	11.08.20 06:01:22	2,22	3,97	55,56	13,22	21,22
984	11.08.20 06:01:23	2,22	3,93	51,44	14,98	23,58
985	11.08.20 06:01:24	2,26	3,86	45,16	17,86	26,98
986	11.08.20 06:01:25	2,26	3,80	45,44	14,82	29,74
987	11.08.20 06:01:26	2,26	3,76	46,76	14,07	29,18
988	11.08.20 06:01:27	2,26	3,67	43,50	15,98	30,52
989	11.08.20 06:01:28	2,26	3,63	48,00	14,34	27,66
990	11.08.20 06:01:29	2,26	3,61	48,12	14,97	26,92
991	11.08.20 06:01:30	2,26	3,52	41,94	17,18	30,87
992	11.08.20 06:01:31	2,26	3,43	40,13	17,07	32,80
993	11.08.20 06:01:32	2,26	3,35	39,09	16,52	34,39
994	11.08.20 06:01:33	2,26	3,28	41,22	14,52	34,25
995	11.08.20 06:01:34	2,26	3,20	35,54	17,30	37,16
996	11.08.20 06:01:35	2,26	3,13	40,17	12,70	37,12
997	11.08.20 06:01:36	2,26	3,05	38,41	13,40	38,19
998	11.08.20 06:01:37	2,26	2,96	40,48	12,79	36,73
999	11.08.20 06:01:38	2,26	2,92	42,44	13,56	34,00
1000	11.08.20 06:01:39	2,26	2,86	37,84	18,26	33,89
1001	11.08.20 06:01:40	2,26	2,81	36,47	20,82	32,72
1002	11.08.20 06:01:41	2,26	2,75	37,87	20,63	31,50
1003	11.08.20 06:01:42	2,29	2,69	36,39	22,62	31,00
1004	11.08.20 06:01:43	2,29	2,64	34,03	23,49	32,48
1005	11.08.20 06:01:44	2,33	2,58	35,24	22,51	32,25
1006	11.08.20 06:01:45	2,37	2,54	34,88	24,31	30,81
1007	11.08.20 06:01:46	2,41	2,45	28,23	26,36	35,41
1008	11.08.20 06:01:47	2,41	2,45	36,86	20,35	32,79
1009	11.08.20 06:01:48	2,45	2,45	38,69	21,50	29,80
1010	11.08.20 06:01:49	2,60	2,33	34,87	27,15	27,98
1011	11.08.20 06:01:50	2,98	2,27	36,19	23,89	29,92
1012	11.08.20 06:01:51	3,25	2,18	36,44	22,01	31,56
1013	11.08.20 06:01:52	3,40	2,16	35,54	24,42	30,04
1014	11.08.20 06:01:53	3,51	2,12	35,31	23,72	30,97
1015	11.08.20 06:01:54	3,66	2,06	35,11	22,73	32,16
1016	11.08.20 06:01:55	3,92	2,02	32,32	26,15	31,53
1017	11.08.20 06:01:56	4,11	1,92	31,44	26,71	31,85
1018	11.08.20 06:01:57	4,66	1,79	32,37	24,86	32,76
1019	11.08.20 06:01:58	5,20	1,78	31,56	25,82	32,63
1020	11.08.20 06:01:59	5,46	1,72	31,37	22,75	35,88
1021	11.08.20 06:02:00	5,56	1,70	30,83	22,28	36,88
1022	11.08.20 06:02:01	5,64	1,65	32,12	18,18	39,70
1023	11.08.20 06:02:02	5,64	1,61	31,73	16,91	41,36
1024	11.08.20 06:02:03	5,67	1,61	30,71	18,86	40,43
1025	11.08.20 06:02:04	6,06	1,47	32,06	16,44	41,51
1026	11.08.20 06:02:05	6,35	1,47	29,99	15,95	44,06
1027	11.08.20 06:02:06	6,45	1,45	31,59	15,28	43,13
1028	11.08.20 06:02:07	6,45	1,45	32,61	14,44	42,96
1029	11.08.20 06:02:08	6,42	1,43	34,19	12,11	43,69
1030	11.08.20 06:02:09	6,42	1,41	30,90	12,79	46,31
1031	11.08.20 06:02:10	6,45	1,34	30,23	11,67	48,10
1032	11.08.20 06:02:11	6,73	1,28	28,83	14,55	46,62
1033	11.08.20 06:02:12	6,91	1,22	26,93	14,21	48,87
1034	11.08.20 06:02:13	7,08	1,20	31,42	11,97	46,62
1035	11.08.20 06:02:14	7,15	1,18	31,55	12,27	46,18
1036	11.08.20 06:02:15	7,19	1,16	31,02	11,36	47,62
1037	11.08.20 06:02:16	7,19	1,14	31,04	10,27	48,69
1038	11.08.20 06:02:17	7,29	1,05	32,92	7,84	49,23
1039	11.08.20 06:02:18	7,71	1,03	30,22	12,04	47,74
1040	11.08.20 06:02:19	7,91	1,04	29,11	10,00	50,89
1041	11.08.20 06:02:20	7,98	0,97	26,66	6,47	56,87
1042	11.08.20 06:02:21	8,15	0,93	22,90	5,25	61,85
1043	11.08.20 06:02:22	8,63	0,89	25,08	2,91	62,02
1044	11.08.20 06:02:23	9,03	0,92	27,24	5,76	57,00
1045	11.08.20 06:02:24	9,23	0,90	23,18	3,85	62,97
1046	11.08.20 06:02:25	9,40	0,86	21,66	-1,22	67,12
1047	11.08.20 06:02:26	9,56	0,86	24,18	-1,37	64,45
1048	11.08.20 06:02:27	9,83	0,80	24,56	-1,30	64,14
1049	11.08.20 06:02:28	9,99	0,80	23,14	-3,05	63,81
1050	11.08.20 06:02:29	10,13	0,78	23,45	-4,31	62,23
1051	11.08.20 06:02:30	10,26	0,76	20,46	-7,68	61,87
1052	11.08.20 06:02:31	10,36	0,72	20,34	-10,18	59,47
1053	11.08.20 06:02:32	10,39	0,70	21,20	-10,86	57,94
1054	11.08.20 06:02:33	10,42	0,68	28,92	-4,54	56,54
1055	11.08.20 06:02:34	10,45	0,66	23,95	-7,73	58,32
1056	11.08.20 06:02:35	10,45	0,63	25,09	-7,69	57,22
1057	11.08.20 06:02:36	10,45	0,59	19,40	-8,87	61,73
1058	11.08.20 06:02:37	10,52	0,57	18,68	-6,94	64,38
1059	11.08.20 06:02:38	10,58	0,55	18,06	-5,18	66,76
1060	11.08.20 06:02:39	10,78	0,55	22,65	-0,43	66,92
1061	11.08.20 06:02:40	10,94	0,52	24,89	-1,70	63,40
1062	11.08.20 06:02:41	11,04	0,52	22,25	-0,75	67,00
1063	11.08.20 06:02:42	11,20	0,48	20,24	1,72	68,04
1064	11.08.20 06:02:43	11,33	0,45	20,91	0,55	68,54
1065	11.08.20 06:02:44	11,46	0,43	24,08	-2,28	63,63
1066	11.08.20 06:02:45	11,56	0,45	17,21	-5,87	66,92
1067	11.08.20 06:02:46	11,69	0,43	15,04	-9,73	65,22
1068	11.08.20 06:02:47	11,72	0,45	27,83	-0,63	61,55
1069	11.08.20 06:02:48	11,75	0,48	29,73	-4,23	56,04
1070	11.08.20 06:02:49	11,75	0,45	26,89	-3,62	59,49
1071	11.08.20 06:02:50	11,75	0,45	30,80	-1,82	57,38
1072	11.08.20 06:02:51	11,78	0,43	24,57	-3,73	61,70
1073	11.08.20 06:02:52	11,85	0,43	29,38	-4,92	55,71
1074	11.08.20 06:02:53	11,94	0,41	25,67	1,92	62,40
1075	11.08.20 06:02:54	12,01	0,41	27,61	3,20	59,19
1076	11.08.20 06:02:55	12,13	0,41	29,00	7,21	53,79
1077	11.08.20 06:02:56	12,16	0,39	24,04	7,41	58,55
1078	11.08.20 06:02:57	12,20	0,37	21,59	4,63	63,78
1079	11.08.20 06:02:58	12,20	0,39	25,08	2,30	62,62
1080	11.08.20 06:02:59	12,20	0,39	26,72	3,02	60,26
1081	11.08.20 06:03:00	12,20	0,41	17,50	-5,60	66,89
1082	11.08.20 06:03:01	12,32	0,41	18,73	-6,19	65,08
1083	11.08.20 06:03:02	12,42	0,41	22,53	-10,61	56,86
1084	11.08.20 06:03:03	12,45	0,39	20,27	-4,83	64,90
1085	11.08.20 06:03:04	12,48	0,39	14,90	-8,63	66,47
1086	11.08.20 06:03:05	12,48	0,41	16,98	-4,94	68,08
1087	11.08.20 06:03:06	12,51	0,39	16,94	1,69	71,37
1088	11.08.20 06:03:07	12,58	0,37	19,16	0,73	70,12
1089	11.08.20 06:03:08	12,64	0,37	17,74	2,16	70,10
1090	11.08.20 06:03:09	12,70	0,35	18,83	0,76	70,41
1091	11.08.20 06:03:10	12,80	0,35	24,93	8,29	56,78
1092	11.08.20 06:03:11	12,86	0,33	9,76	-3,44	76,81
1093	11.08.20 06:03:12	12,93	0,30	6,68	-13,71	69,61
1094	11.08.20 06:03:13	12,96	0,33	15,77	-19,44	54,78
1095	11.08.20 06:03:14	12,99	0,35	14,06	-14,42	61,52
1096	11.08.20 06:03:15	12,99	0,33	4,04	-17,44	68,52
1097	11.08.20 06:03:16	13,02	0,33	18,75	-2,28	68,96
1098	11.08.20 06:03:17	13,08	0,33	15,47	-11,07	63,46
1099	11.08.20 06:03:18	13,15	0,33	15,69	-6,69	67,62
1100	11.08.20 06:03:19	13,21	0,33	13,76	-8,13	68,11
1101	11.08.20 06:03:20	13,24	0,33	15,70	-7,07	67,23
1102	11.08.20 06:03:21	13,27	0,35	18,07	1,75	70,17
1103	11.08.20 06:03:22	13,27	0,33	27,00	5,71	57,29
1104	11.08.20 06:03:23	13,37	0,33	11,20	-11,73	67,07
1105	11.08.20 06:03:24	13,40	0,33	19,42	4,70	65,88
1106	11.08.20 06:03:25	13,43	0,35	23,42	9,61	56,97
1107	11.08.20 06:03:26	13,46	0,35	23,66	8,13	58,20
1108	11.08.20 06:03:27	13,46	0,37	22,08	7,00	60,92
1109	11.08.20 06:03:28	13,49	0,35	31,49	4,39	54,12
1110	11.08.20 06:03:29	13,49	0,33	31,19	-0,27	58,55
1111	11.08.20 06:03:30	13,52	0,33	22,48	0,70	66,82
1112	11.08.20 06:03:31	13,55	0,35	19,87	-3,52	66,61
1113	11.08.20 06:03:32	13,58	0,30	18,22	-8,08	63,69
1114	11.08.20 06:03:33	13,65	0,30	23,58	-6,63	59,79
1115	11.08.20 06:03:34	13,68	0,30	24,18	-3,14	62,68
1116	11.08.20 06:03:35	13,68	0,30	28,56	-0,25	61,19
1117	11.08.20 06:03:36	13,68	0,28	27,26	-1,43	61,30
1118	11.08.20 06:03:37	13,77	0,26	23,35	2,77	63,88
1119	11.08.20 06:03:38	13,83	0,28	26,07	5,99	57,94
1120	11.08.20 06:03:39	13,90	0,24	21,62	-5,15	63,23
1121	11.08.20 06:03:40	13,93	0,24	22,12	-3,67	64,21
1122	11.08.20 06:03:41	13,96	0,28	28,84	-0,11	61,06
1123	11.08.20 06:03:42	13,99	0,26	20,98	-13,54	55,48
1124	11.08.20 06:03:43	14,02	0,26	20,98	-8,28	60,75
1125	11.08.20 06:03:44	14,05	0,30	32,74	-10,91	46,35
1126	11.08.20 06:03:45	14,08	0,28	24,48	-10,00	55,51
1127	11.08.20 06:03:46	14,08	0,26	17,74	-7,50	64,75
1128	11.08.20 06:03:47	14,08	0,28	26,53	-1,77	61,70
1129	11.08.20 06:03:48	14,11	0,26	22,64	-2,17	65,19
1130	11.08.20 06:03:49	14,14	0,24	20,31	-21,00	48,70
1131	11.08.20 06:03:50	14,21	0,24	22,62	0,67	66,71
1132	11.08.20 06:03:51	14,24	0,24	31,36	-11,94	46,70
1133	11.08.20 06:03:52	14,27	0,24	38,56	-0,47	50,97
1134	11.08.20 06:03:53	14,27	0,20	9,40	13,58	67,03
1135	11.08.20 06:03:54	14,30	0,22	22,72	-15,50	51,78
1136	11.08.20 06:03:55	14,33	0,26	17,07	-6,25	66,68
1137	11.08.20 06:03:56	14,33	0,30	37,13	-8,59	44,27
1138	11.08.20 06:03:57	14,36	0,26	39,80	-0,72	49,49
1139	11.08.20 06:03:58	14,36	0,22	17,36	-4,95	67,70
1140	11.08.20 06:03:59	14,36	0,24	22,06	-2,07	65,86
1141	11.08.20 06:04:00	14,39	0,22	18,85	-11,02	60,12
1142	11.08.20 06:04:01	14,45	0,20	21,08	-27,22	41,70
1143	11.08.20 06:04:02	14,49	0,24	25,15	-24,69	40,15
1144	11.08.20 06:04:03	14,49	0,20	48,83	-18,42	22,75
1145	11.08.20 06:04:04	14,52	0,18	63,08	-20,67	6,25
1146	11.08.20 06:04:05	14,52	0,24	57,09	-22,45	10,46
1147	11.08.20 06:04:06	14,45	0,24	61,79	-25,07	3,15
1148	11.08.20 06:04:07	14,39	0,24	73,10	-16,72	0,18
1149	11.08.20 06:04:08	14,36	0,22	78,46	3,60	7,94
1150	11.08.20 06:04:09	14,27	0,26	64,41	-18,36	7,23
1151	11.08.20 06:04:10	14,21	0,26	61,64	-18,67	9,69
1152	11.08.20 06:04:11	14,11	0,28	72,27	-9,76	7,97
1153	11.08.20 06:04:12	14,05	0,28	79,24	-0,20	10,56
1154	11.08.20 06:04:13	13,99	0,26	73,70	-8,89	7,41
1155	11.08.20 06:04:14	13,96	0,28	71,29	-11,55	7,16
1156	11.08.20 06:04:15	13,90	0,26	74,56	-7,94	7,50
1157	11.08.20 06:04:16	13,86	0,26	80,49	-1,69	7,82
1158	11.08.20 06:04:17	13,80	0,26	81,56	0,32	8,12
1159	11.08.20 06:04:18	13,77	0,26	58,32	18,96	12,72
1160	11.08.20 06:04:19	13,74	0,26	52,20	26,22	11,58
1161	11.08.20 06:04:20	13,71	0,24	58,35	20,52	11,13
1162	11.08.20 06:04:21	13,68	0,26	74,99	7,19	7,82
1163	11.08.20 06:04:22	13,65	0,26	73,53	9,37	7,10
1164	11.08.20 06:04:23	13,62	0,24	58,17	11,25	20,58
1165	11.08.20 06:04:24	13,58	0,28	52,11	27,24	10,65
1166	11.08.20 06:04:25	13,58	0,28	77,14	4,87	7,99
1167	11.08.20 06:04:26	13,55	0,28	79,27	-4,93	5,80
1168	11.08.20 06:04:27	13,52	0,26	80,97	-1,72	7,30
1169	11.08.20 06:04:28	13,52	0,26	82,47	-2,18	5,36
1170	11.08.20 06:04:29	13,49	0,28	82,43	4,35	-3,22
1171	11.08.20 06:04:30	13,49	0,26	83,46	-1,44	5,10
1172	11.08.20 06:04:31	13,46	0,26	89,53	-0,36	0,11
1173	11.08.20 06:04:32	13,43	0,26	78,32	-4,27	7,41
1174	11.08.20 06:04:33	13,43	0,28	78,88	-3,61	7,51
1175	11.08.20 06:04:34	13,40	0,28	75,29	5,92	8,79
1176	11.08.20 06:04:35	13,40	0,26	85,06	-1,32	3,63
1177	11.08.20 06:04:36	13,37	0,28	83,72	-1,05	5,23
1178	11.08.20 06:04:37	13,37	0,28	82,70	-2,42	4,88
1179	11.08.20 06:04:38	13,33	0,28	84,80	-1,21	3,98
1180	11.08.20 06:04:39	13,33	0,30	42,78	30,85	16,38
1181	11.08.20 06:04:40	13,30	0,28	-18,28	37,64	34,09
1182	11.08.20 06:04:41	13,30	0,26	-0,13	75,34	-14,53
1183	11.08.20 06:04:42	13,27	0,28	-3,10	7,54	79,36
1184	11.08.20 06:04:43	13,27	0,28	-15,83	-5,33	68,84
1185	11.08.20 06:04:44	13,27	0,28	-14,43	-5,92	69,65
1186	11.08.20 06:04:45	13,27	0,28	-12,84	-5,20	71,96
1187	11.08.20 06:04:46	13,24	0,28	-12,08	-3,64	74,28
1188	11.08.20 06:04:47	13,24	0,28	-11,97	-4,97	73,06
1189	11.08.20 06:04:48	13,24	0,28	-9,74	-2,17	78,09
1190	11.08.20 06:04:49	13,21	0,28	0,38	16,23	73,39
1191	11.08.20 06:04:50	13,21	0,28	-12,82	-6,22	70,96
1192	11.08.20 06:04:51	13,21	0,28	-8,70	-8,04	73,25
1193	11.08.20 06:04:52	13,21	0,28	-8,73	-9,07	72,20
1194	11.08.20 06:04:53	13,21	0,26	-8,70	-9,22	72,08
1195	11.08.20 06:04:54	13,18	0,28	-8,60	-9,48	71,92
1196	11.08.20 06:04:55	13,18	0,28	-8,06	-8,93	73,02
1197	11.08.20 06:04:56	13,18	0,28	-9,88	-10,51	69,61
1198	11.08.20 06:04:57	13,18	0,28	-9,53	-11,13	69,34
1199	11.08.20 06:04:58	13,18	0,28	-8,31	-10,71	70,98
1200	11.08.20 06:04:59	13,15	0,28	-7,51	-11,50	70,98
1201	11.08.20 06:05:00	13,15	0,28	-6,17	-13,31	70,52
1202	11.08.20 06:05:01	13,15	0,28	-5,00	-11,53	73,47
1203	11.08.20 06:05:02	13,15	0,28	-6,40	-11,30	72,30
1204	11.08.20 06:05:03	13,15	0,30	-5,11	-13,14	71,75
1205	11.08.20 06:05:04	13,15	0,28	-5,00	-10,36	74,64
1206	11.08.20 06:05:05	13,11	0,26	-7,50	-9,98	72,52
1207	11.08.20 06:05:06	13,11	0,28	-7,42	-8,30	74,28
1208	11.08.20 06:05:07	13,11	0,28	-7,03	-8,33	74,64
1209	11.08.20 06:05:08	13,11	0,28	-6,16	-12,59	71,24
1210	11.08.20 06:05:09	13,11	0,28	-4,31	-15,10	70,59
1211	11.08.20 06:05:10	13,11	0,28	-4,63	-8,92	76,45
1212	11.08.20 06:05:11	13,11	0,28	-11,27	-9,59	69,14
1213	11.08.20 06:05:12	13,11	0,28	-52,53	20,47	-17,00
1214	11.08.20 06:05:13	13,11	0,28	-7,24	3,93	-78,82
1215	11.08.20 06:05:14	13,15	0,28	3,00	2,07	-84,93
1216	11.08.20 06:05:15	13,15	0,28	3,26	0,61	-86,13
1217	11.08.20 06:05:16	13,15	0,26	4,17	1,29	-84,54
1218	11.08.20 06:05:17	13,15	0,28	4,39	2,32	-83,29
1219	11.08.20 06:05:18	13,18	0,26	4,35	1,70	-83,95
1220	11.08.20 06:05:19	13,18	0,26	2,76	1,68	-85,56
1221	11.08.20 06:05:20	13,18	0,28	3,19	1,64	-85,17
1222	11.08.20 06:05:21	13,18	0,28	3,92	1,44	-84,65
1223	11.08.20 06:05:22	13,18	0,26	2,90	2,54	-84,56
1224	11.08.20 06:05:23	13,18	0,30	3,06	2,57	-84,37
1225	11.08.20 06:05:24	13,18	0,28	2,56	2,15	-85,29
1226	11.08.20 06:05:25	13,21	0,26	2,06	1,74	-86,19
1227	11.08.20 06:05:26	13,21	0,26	2,37	2,23	-85,40
1228	11.08.20 06:05:27	13,21	0,26	3,32	3,24	-83,44
1229	11.08.20 06:05:28	13,21	0,28	3,77	1,92	-84,31
1230	11.08.20 06:05:29	13,24	0,26	2,92	1,16	-85,92
1231	11.08.20 06:05:30	13,24	0,28	1,68	2,19	-86,13
1232	11.08.20 06:05:31	13,24	0,28	2,06	3,66	-84,27
1233	11.08.20 06:05:32	13,24	0,26	-1,95	16,37	-71,68
1234	11.08.20 06:05:33	13,24	0,26	12,34	16,47	-61,19
1235	11.08.20 06:05:34	13,27	0,28	4,38	4,74	-80,88
1236	11.08.20 06:05:35	13,27	0,26	-60,30	3,62	-26,08
1237	11.08.20 06:05:36	13,27	0,28	-56,39	3,60	-30,01
1238	11.08.20 06:05:37	13,30	0,28	-53,66	1,15	-35,20
1239	11.08.20 06:05:38	13,33	0,28	-57,40	0,31	-32,29
1240	11.08.20 06:05:39	13,33	0,28	-53,64	-2,44	-33,92
1241	11.08.20 06:05:40	13,33	0,26	-50,26	-4,44	-35,29
1242	11.08.20 06:05:41	13,33	0,30	-38,17	6,70	-45,13
1243	11.08.20 06:05:42	13,33	0,28	-6,30	2,45	-81,25
1244	11.08.20 06:05:43	13,33	0,28	-7,65	2,99	-79,36
1245	11.08.20 06:05:44	13,33	0,28	-8,68	3,45	-77,87
1246	11.08.20 06:05:45	13,33	0,28	-7,66	4,05	-78,29
1247	11.08.20 06:05:46	13,33	0,28	-6,76	4,16	-79,09
1248	11.08.20 06:05:47	13,33	0,26	-6,51	3,37	-80,12
1249	11.08.20 06:05:48	13,33	0,28	-8,39	3,30	-78,31
1250	11.08.20 06:05:49	13,33	0,30	-8,59	3,11	-78,29
1251	11.08.20 06:05:50	13,33	0,28	-6,04	3,61	-80,35
1252	11.08.20 06:05:51	13,33	0,26	-6,75	3,27	-79,98
1253	11.08.20 06:05:52	13,33	0,26	-8,78	3,10	-78,12
1254	11.08.20 06:05:53	13,33	0,28	-8,22	3,02	-78,76
1255	11.08.20 06:05:54	13,33	0,28	-5,64	4,09	-80,28
1256	11.08.20 06:05:55	13,33	0,28	-7,06	4,42	-78,52
1257	11.08.20 06:05:56	13,33	0,28	-9,54	3,43	-77,02
1258	11.08.20 06:05:57	13,37	0,26	-8,80	2,93	-78,27
1259	11.08.20 06:05:58	13,37	0,28	-4,93	3,65	-81,42
1260	11.08.20 06:05:59	13,37	0,28	-6,41	4,72	-78,87
1261	11.08.20 06:06:00	13,37	0,26	-9,88	3,92	-76,20
1262	11.08.20 06:06:01	13,37	0,26	-9,80	2,68	-77,51
1263	11.08.20 06:06:02	13,37	0,28	-5,27	3,56	-81,17
1264	11.08.20 06:06:03	13,37	0,28	-5,20	3,10	-81,71
1265	11.08.20 06:06:04	13,37	0,28	-9,98	4,24	-75,78
1266	11.08.20 06:06:05	13,37	0,28	-11,05	1,58	-77,37
1267	11.08.20 06:06:06	13,40	0,28	-6,86	1,10	-82,04
1268	11.08.20 06:06:07	13,40	0,26	-4,57	3,46	-81,97
1269	11.08.20 06:06:08	13,40	0,28	-8,50	4,37	-77,13
1270	11.08.20 06:06:09	13,40	0,28	-11,26	2,45	-76,29
1271	11.08.20 06:06:10	13,40	0,26	-8,84	0,66	-80,50
1272	11.08.20 06:06:11	13,40	0,28	-4,49	2,97	-82,54
1273	11.08.20 06:06:12	13,40	0,26	-6,80	4,02	-79,18
1274	11.08.20 06:06:13	13,40	0,28	-10,50	1,87	-77,63
1275	11.08.20 06:06:14	13,40	0,26	-10,56	1,85	-77,60
1276	11.08.20 06:06:15	13,40	0,28	-5,41	3,19	-81,41
1277	11.08.20 06:06:16	13,40	0,30	-5,57	2,00	-82,43
1278	11.08.20 06:06:17	13,40	0,28	-10,04	3,35	-76,61
1279	11.08.20 06:06:18	13,43	0,28	-9,94	3,05	-77,00
1280	11.08.20 06:06:19	13,43	0,28	-6,71	2,14	-81,15
1281	11.08.20 06:06:20	13,43	0,28	-6,14	1,90	-81,96
1282	11.08.20 06:06:21	13,43	0,28	-8,53	2,59	-78,88
1283	11.08.20 06:06:22	13,43	0,30	-9,84	3,64	-76,52
1284	11.08.20 06:06:23	13,43	0,28	-7,82	1,96	-80,22
1285	11.08.20 06:06:24	13,43	0,28	-6,19	1,82	-81,99
1286	11.08.20 06:06:25	13,43	0,28	-7,62	2,98	-79,40
1287	11.08.20 06:06:26	13,46	0,28	-9,73	2,07	-78,19
1288	11.08.20 06:06:27	13,46	0,28	-8,74	1,68	-79,58
1289	11.08.20 06:06:28	13,46	0,28	-6,28	2,71	-81,01
1290	11.08.20 06:06:29	13,46	0,26	-7,17	2,38	-80,45
1291	11.08.20 06:06:30	13,46	0,28	-8,83	1,85	-79,32
1292	11.08.20 06:06:31	13,46	0,30	-9,80	1,74	-78,46
1293	11.08.20 06:06:32	13,46	0,30	-7,99	2,71	-79,31
1294	11.08.20 06:06:33	13,46	0,28	-4,83	2,28	-82,89
1295	11.08.20 06:06:34	13,49	0,28	-8,00	1,50	-80,50
1296	11.08.20 06:06:35	13,49	0,26	-11,35	1,60	-77,06
1297	11.08.20 06:06:36	13,49	0,28	-8,13	2,58	-79,29
1298	11.08.20 06:06:37	13,49	0,26	-4,56	2,21	-83,23
1299	11.08.20 06:06:38	13,49	0,28	-7,25	1,39	-81,36
1300	11.08.20 06:06:39	13,49	0,28	-11,33	2,34	-76,33
1301	11.08.20 06:06:40	13,52	0,28	-8,71	2,06	-79,22
1302	11.08.20 06:06:41	13,52	0,28	-4,57	2,04	-83,39
1303	11.08.20 06:06:42	13,52	0,28	-6,92	2,94	-80,14
1304	11.08.20 06:06:43	13,52	0,26	-11,21	2,10	-76,69
1305	11.08.20 06:06:44	13,52	0,28	-8,38	0,97	-80,66
1306	11.08.20 06:06:45	13,52	0,28	-4,90	2,75	-82,34
1307	11.08.20 06:06:46	13,52	0,28	-7,75	3,32	-78,93
1308	11.08.20 06:06:47	13,52	0,28	-10,15	0,97	-78,89
1309	11.08.20 06:06:48	13,55	0,28	-8,26	1,49	-80,25
1310	11.08.20 06:06:49	13,55	0,28	-6,26	3,56	-80,18
1311	11.08.20 06:06:50	13,55	0,28	-7,33	3,22	-79,46
1312	11.08.20 06:06:51	13,55	0,28	-9,29	1,32	-79,38
1313	11.08.20 06:06:52	13,55	0,28	-8,96	1,80	-79,24
1314	11.08.20 06:06:53	13,55	0,28	-7,01	3,72	-79,26
1315	11.08.20 06:06:54	13,55	0,28	-6,47	2,46	-81,07
1316	11.08.20 06:06:55	13,55	0,28	-9,02	1,46	-79,52
1317	11.08.20 06:06:56	13,58	0,30	-9,50	2,48	-78,02
1318	11.08.20 06:06:57	13,58	0,26	-7,11	2,69	-80,20
1319	11.08.20 06:06:58	13,58	0,28	-6,63	1,98	-81,39
1320	11.08.20 06:06:59	13,58	0,28	-7,99	2,47	-79,54
1321	11.08.20 06:07:00	13,62	0,28	-9,77	2,49	-77,74
1322	11.08.20 06:07:01	13,62	0,28	-8,01	2,37	-79,61
1323	11.08.20 06:07:02	13,62	0,28	-5,89	1,86	-82,25
1324	11.08.20 06:07:03	13,62	0,28	-7,80	2,40	-79,80
1325	11.08.20 06:07:04	13,62	0,28	-57,62	0,86	-31,52
1326	11.08.20 06:07:05	13,65	0,28	-59,03	2,30	-28,66
1327	11.08.20 06:07:06	13,65	0,28	-56,87	3,54	-29,59
1328	11.08.20 06:07:07	13,68	0,28	-53,44	2,76	-33,79
1329	11.08.20 06:07:08	13,71	0,28	-55,90	3,35	-30,75
1330	11.08.20 06:07:09	13,71	0,26	-56,36	3,61	-30,03
1331	11.08.20 06:07:10	13,71	0,28	-50,22	8,81	-30,97
1332	11.08.20 06:07:11	13,74	0,26	-55,77	4,02	-30,21
1333	11.08.20 06:07:12	13,74	0,26	-54,23	4,66	-31,12
1334	11.08.20 06:07:13	13,74	0,26	-59,00	2,83	-28,17
1335	11.08.20 06:07:14	13,74	0,28	-55,09	4,22	-30,69
1336	11.08.20 06:07:15	13,77	0,26	-52,72	0,81	-36,47
1337	11.08.20 06:07:16	13,77	0,26	-49,61	-4,65	-35,74
1338	11.08.20 06:07:17	13,77	0,26	-52,47	2,70	-34,83
1339	11.08.20 06:07:18	13,80	0,28	-54,96	3,38	-31,65
1340	11.08.20 06:07:19	13,80	0,28	-57,76	4,36	-27,89
1341	11.08.20 06:07:20	13,80	0,26	-56,77	4,04	-29,19
1342	11.08.20 06:07:21	13,83	0,28	-58,45	3,64	-27,91
1343	11.08.20 06:07:22	13,83	0,26	-57,13	3,10	-29,77
1344	11.08.20 06:07:23	13,83	0,26	-54,99	5,56	-29,45
1345	11.08.20 06:07:24	13,86	0,26	-55,45	4,98	-29,56
1346	11.08.20 06:07:25	13,86	0,26	-55,06	5,55	-29,38
1347	11.08.20 06:07:26	13,90	0,28	-55,79	3,49	-30,71
1348	11.08.20 06:07:27	13,90	0,26	-54,64	4,94	-30,42
1349	11.08.20 06:07:28	13,90	0,26	-55,00	5,48	-29,52
1350	11.08.20 06:07:29	13,93	0,26	-54,92	4,40	-30,68
1351	11.08.20 06:07:30	13,93	0,26	-54,78	3,83	-31,39
1352	11.08.20 06:07:31	13,96	0,26	-53,72	5,12	-31,16
1353	11.08.20 06:07:32	13,99	0,28	-54,45	5,02	-30,53
1354	11.08.20 06:07:33	13,99	0,28	-55,31	4,86	-29,83
1355	11.08.20 06:07:34	14,02	0,28	-58,79	1,70	-29,50
1356	11.08.20 06:07:35	14,02	0,26	-59,14	0,33	-30,53
1357	11.08.20 06:07:36	14,02	0,26	-53,83	6,80	-29,37
1358	11.08.20 06:07:37	14,02	0,28	-53,28	7,35	-29,37
1359	11.08.20 06:07:38	14,05	0,26	-67,32	21,67	1,01
1360	11.08.20 06:07:39	14,08	0,28	-17,57	42,30	30,13
1361	11.08.20 06:07:40	14,08	0,28	-19,52	41,45	29,03
1362	11.08.20 06:07:41	14,08	0,30	-22,55	37,99	29,46
1363	11.08.20 06:07:42	14,08	0,28	-25,01	36,90	28,09
1364	11.08.20 06:07:43	14,08	0,28	-23,55	38,92	27,54
1365	11.08.20 06:07:44	14,08	0,28	-18,86	42,23	28,91
1366	11.08.20 06:07:45	14,11	0,28	-18,43	47,98	23,59
1367	11.08.20 06:07:46	14,14	0,26	-25,49	46,69	17,83
1368	11.08.20 06:07:47	14,18	0,26	-22,95	50,76	16,29
1369	11.08.20 06:07:48	14,18	0,26	-17,88	55,90	16,22
1370	11.08.20 06:07:49	14,21	0,26	-21,07	52,29	16,64
1371	11.08.20 06:07:50	14,21	0,26	-24,85	47,26	17,89
1372	11.08.20 06:07:51	14,21	0,26	-22,47	52,10	15,44
1373	11.08.20 06:07:52	14,21	0,30	-20,17	55,99	13,84
1374	11.08.20 06:07:53	14,21	0,26	-20,57	52,56	16,87
1375	11.08.20 06:07:54	14,21	0,28	-23,91	50,53	15,56
1376	11.08.20 06:07:55	14,21	0,28	-23,28	52,11	14,61
1377	11.08.20 06:07:56	14,24	0,28	-19,97	55,57	14,46
1378	11.08.20 06:07:57	14,27	0,26	-21,74	52,64	15,62
1379	11.08.20 06:07:58	14,27	0,26	-23,62	50,70	15,68
1380	11.08.20 06:07:59	14,30	0,26	-22,28	52,85	14,87
1381	11.08.20 06:08:00	14,30	0,28	-20,92	54,05	15,03
1382	11.08.20 06:08:01	14,30	0,26	-21,35	53,61	15,03
1383	11.08.20 06:08:02	14,33	0,26	-24,42	50,49	15,09
1384	11.08.20 06:08:03	14,33	0,28	-38,14	48,41	3,45
1385	11.08.20 06:08:04	14,33	0,28	19,62	51,45	18,93
1386	11.08.20 06:08:05	14,33	0,26	34,65	12,12	-43,23
1387	11.08.20 06:08:06	14,36	0,26	37,43	7,19	-45,38
1388	11.08.20 06:08:07	14,36	0,28	33,80	8,76	-47,45
1389	11.08.20 06:08:08	14,39	0,26	31,41	10,39	-48,20
1390	11.08.20 06:08:09	14,39	0,26	34,41	7,94	-47,64
1391	11.08.20 06:08:10	14,39	0,28	38,06	6,88	-45,06
1392	11.08.20 06:08:11	14,39	0,26	33,69	9,26	-47,04
1393	11.08.20 06:08:12	14,39	0,26	31,63	10,46	-47,91
1394	11.08.20 06:08:13	14,39	0,26	34,09	8,78	-47,13
1395	11.08.20 06:08:14	14,39	0,28	35,98	7,36	-46,66
1396	11.08.20 06:08:15	14,39	0,28	32,86	11,96	-45,18
1397	11.08.20 06:08:16	14,39	0,28	29,92	13,53	-46,55
1398	11.08.20 06:08:17	14,42	0,26	32,29	11,43	-46,28
1399	11.08.20 06:08:18	14,42	0,26	36,02	10,02	-43,96
1400	11.08.20 06:08:19	14,45	0,28	31,98	11,98	-46,04
1401	11.08.20 06:08:20	14,45	0,28	29,58	13,26	-47,16
1402	11.08.20 06:08:21	14,45	0,28	34,97	11,15	-43,87
1403	11.08.20 06:08:22	14,45	0,26	33,88	10,82	-45,29
1404	11.08.20 06:08:23	14,45	0,28	30,51	11,97	-47,53
1405	11.08.20 06:08:24	14,45	0,28	32,96	12,31	-44,73
1406	11.08.20 06:08:25	14,45	0,28	33,83	12,29	-43,88
1407	11.08.20 06:08:26	14,45	0,28	31,09	12,64	-46,27
1408	11.08.20 06:08:27	14,45	0,26	33,27	10,47	-46,26
1409	11.08.20 06:08:28	14,49	0,26	33,04	11,60	-45,35
1410	11.08.20 06:08:29	14,49	0,28	31,23	13,18	-45,59
1411	11.08.20 06:08:30	14,52	0,26	33,56	11,54	-44,90
1412	11.08.20 06:08:31	14,52	0,28	34,16	10,31	-45,53
1413	11.08.20 06:08:32	14,55	0,26	30,44	12,59	-46,98
1414	11.08.20 06:08:33	14,55	0,26	32,34	12,81	-44,84
1415	11.08.20 06:08:34	14,52	0,28	34,87	11,03	-44,10
1416	11.08.20 06:08:35	14,55	0,26	31,85	11,51	-46,64
1417	11.08.20 06:08:36	14,52	0,28	31,50	12,43	-46,06
1418	11.08.20 06:08:37	14,52	0,26	33,48	12,19	-44,33
1419	11.08.20 06:08:38	14,55	0,28	32,59	12,23	-45,18
1420	11.08.20 06:08:39	14,58	0,28	32,05	11,90	-46,05
1421	11.08.20 06:08:40	14,58	0,26	32,57	11,90	-45,53
1422	11.08.20 06:08:41	14,61	0,26	33,23	12,44	-44,33
1423	11.08.20 06:08:42	14,61	0,28	32,59	12,56	-44,84
1424	11.08.20 06:08:43	14,61	0,28	31,05	11,52	-47,43
1425	11.08.20 06:08:44	14,61	0,28	32,83	12,07	-45,10
1426	11.08.20 06:08:45	14,61	0,28	34,77	12,18	-43,05
1427	11.08.20 06:08:46	14,61	0,28	31,41	11,95	-46,64
1428	11.08.20 06:08:47	14,61	0,28	31,36	11,73	-46,91
1429	11.08.20 06:08:48	14,61	0,28	32,68	12,91	-44,41
1430	11.08.20 06:08:49	14,61	0,26	34,23	11,45	-44,33
1431	11.08.20 06:08:50	14,64	0,26	33,18	11,27	-45,56
1432	11.08.20 06:08:51	14,64	0,26	30,03	12,33	-47,64
1433	11.08.20 06:08:52	14,67	0,28	32,40	11,73	-45,87
1434	11.08.20 06:08:53	14,67	0,28	35,95	10,71	-43,34
1435	11.08.20 06:08:54	14,67	0,28	32,15	11,44	-46,41
1436	11.08.20 06:08:55	14,67	0,26	29,83	12,64	-47,53
1437	11.08.20 06:08:56	14,67	0,28	33,67	12,04	-44,29
1438	11.08.20 06:08:57	14,67	0,26	35,17	10,96	-43,86
1439	11.08.20 06:08:58	14,67	0,28	30,83	12,17	-47,00
1440	11.08.20 06:08:59	14,70	0,28	31,10	13,04	-45,86
1441	11.08.20 06:09:00	14,70	0,26	34,21	11,55	-44,23
1442	11.08.20 06:09:01	14,73	0,28	33,48	10,37	-46,15
1443	11.08.20 06:09:02	14,73	0,28	31,82	12,04	-46,15
1444	11.08.20 06:09:03	14,76	0,28	31,97	11,90	-46,13
1445	11.08.20 06:09:04	14,76	0,26	32,10	11,04	-46,86
1446	11.08.20 06:09:05	14,76	0,26	35,17	11,50	-43,33
1447	11.08.20 06:09:06	14,76	0,26	32,22	11,94	-45,84
1448	11.08.20 06:09:07	14,76	0,28	28,55	12,58	-48,87
1449	11.08.20 06:09:08	14,76	0,26	35,55	11,77	-42,67
1450	11.08.20 06:09:09	14,76	0,28	36,15	11,34	-42,52
1451	11.08.20 06:09:10	14,79	0,28	28,19	12,75	-49,06
1452	11.08.20 06:09:11	14,82	0,28	30,89	12,81	-46,29
1453	11.08.20 06:09:12	14,82	0,24	37,33	10,44	-42,23
1454	11.08.20 06:09:13	14,85	0,28	32,89	11,11	-46,00
1455	11.08.20 06:09:14	14,85	0,26	28,92	12,98	-48,10
1456	11.08.20 06:09:15	14,85	0,26	33,46	11,27	-45,28
1457	11.08.20 06:09:16	14,85	0,26	35,32	10,79	-43,88
1458	11.08.20 06:09:17	14,85	0,26	31,54	11,94	-46,52
1459	11.08.20 06:09:18	14,85	0,26	30,95	12,37	-46,68
1460	11.08.20 06:09:19	14,85	0,28	33,48	11,43	-45,09
1461	11.08.20 06:09:20	14,89	0,24	33,66	12,00	-44,34
1462	11.08.20 06:09:21	14,92	0,26	31,65	13,12	-45,23
1463	11.08.20 06:09:22	14,95	0,26	32,05	11,02	-46,93
1464	11.08.20 06:09:23	14,95	0,26	32,90	11,41	-45,69
1465	11.08.20 06:09:24	14,95	0,28	33,85	12,28	-43,86
1466	11.08.20 06:09:25	14,95	0,26	31,19	12,21	-46,60
1467	11.08.20 06:09:26	14,95	0,26	32,20	11,23	-46,56
1468	11.08.20 06:09:27	14,95	0,26	33,49	10,77	-45,74
1469	11.08.20 06:09:28	14,95	0,26	33,86	10,78	-45,37
1470	11.08.20 06:09:29	14,95	0,28	30,92	13,61	-45,48
1471	11.08.20 06:09:30	14,95	0,28	31,93	12,20	-45,88
1472	11.08.20 06:09:31	14,98	0,28	34,02	9,68	-46,31
1473	11.08.20 06:09:32	15,01	0,26	32,94	11,51	-45,54
1474	11.08.20 06:09:33	15,01	0,24	32,06	13,37	-44,57
1475	11.08.20 06:09:34	15,01	0,26	32,07	12,00	-45,93
1476	11.08.20 06:09:35	15,01	0,28	32,61	10,89	-46,50
1477	11.08.20 06:09:36	15,01	0,26	33,00	11,76	-45,24
1478	11.08.20 06:09:37	15,01	0,28	33,25	11,68	-45,07
1479	11.08.20 06:09:38	15,01	0,28	32,09	12,21	-45,70
1480	11.08.20 06:09:39	15,04	0,26	31,75	12,10	-46,15
1481	11.08.20 06:09:40	15,04	0,28	32,90	11,32	-45,78
1482	11.08.20 06:09:41	15,04	0,26	34,45	11,12	-44,43
1483	11.08.20 06:09:42	15,07	0,26	31,25	12,56	-46,19
1484	11.08.20 06:09:43	15,10	0,26	31,66	11,89	-46,44
1485	11.08.20 06:09:44	15,10	0,26	33,54	11,19	-45,27
1486	11.08.20 06:09:45	15,10	0,26	32,97	12,12	-44,91
1487	11.08.20 06:09:46	15,13	0,26	32,15	12,16	-45,68
1488	11.08.20 06:09:47	15,13	0,28	32,13	11,62	-46,25
1489	11.08.20 06:09:48	15,13	0,26	32,36	11,52	-46,12
1490	11.08.20 06:09:49	15,13	0,26	33,04	12,40	-44,56
1491	11.08.20 06:09:50	15,13	0,26	33,58	11,40	-45,02
1492	11.08.20 06:09:51	15,13	0,26	31,15	11,22	-47,63
1493	11.08.20 06:09:52	15,13	0,24	32,21	11,52	-46,27
1494	11.08.20 06:09:53	15,16	0,26	34,03	12,44	-43,53
1495	11.08.20 06:09:54	15,16	0,26	32,49	11,52	-45,99
1496	11.08.20 06:09:55	15,19	0,26	31,06	11,37	-47,57
1497	11.08.20 06:09:56	15,19	0,26	53,79	22,35	13,85
1498	11.08.20 06:09:57	15,22	0,24	-24,84	25,35	39,81
1499	11.08.20 06:09:58	15,22	0,24	-43,49	-9,89	36,61
1500	11.08.20 06:09:59	15,38	0,24	-70,84	-0,49	18,66
1501	11.08.20 06:10:00	15,53	0,24	-76,16	-3,84	10,01
1502	11.08.20 06:10:01	15,68	0,22	-86,20	-0,43	3,37
1503	11.08.20 06:10:02	15,71	0,24	-85,69	1,45	2,86
1504	11.08.20 06:10:03	15,71	0,24	-64,64	21,87	-3,49
1505	11.08.20 06:10:04	15,71	0,22	-70,62	17,11	2,27
1506	11.08.20 06:10:05	15,71	0,22	-10,79	21,98	57,23
1507	11.08.20 06:10:06	15,89	0,20	6,95	52,00	31,05
1508	11.08.20 06:10:07	16,05	0,37	-31,64	19,07	39,29
1509	11.08.20 06:10:08	16,20	0,37	-17,63	41,93	30,44
1510	11.08.20 06:10:09	16,35	0,33	7,85	33,20	48,95
1511	11.08.20 06:10:10	16,38	0,39	3,12	58,15	28,72
1512	11.08.20 06:10:11	16,35	0,37	2,89	58,66	28,45
1513	11.08.20 06:10:12	16,29	0,39	10,05	48,88	31,07
1514	11.08.20 06:10:13	16,26	0,39	-9,57	53,55	26,88
1515	11.08.20 06:10:14	16,23	0,37	0,78	-61,42	27,80
1516	11.08.20 06:10:15	16,20	0,41	35,57	-43,88	-10,55
1517	11.08.20 06:10:16	16,17	0,41	35,27	-42,46	-12,28
1518	11.08.20 06:10:17	16,17	0,39	63,39	-23,71	-2,90
1519	11.08.20 06:10:18	16,23	0,35	37,03	-41,51	-11,46
1520	11.08.20 06:10:19	16,53	0,37	-11,47	-49,77	28,76
1521	11.08.20 06:10:20	16,74	0,35	-61,45	-28,34	-0,21
1522	11.08.20 06:10:21	17,04	0,37	-63,52	-15,71	-10,77
1523	11.08.20 06:10:22	17,31	0,30	-10,65	26,26	53,08
1524	11.08.20 06:10:23	17,49	0,30	-4,36	49,99	35,66
1525	11.08.20 06:10:24	17,52	0,33	1,97	51,68	36,34
1526	11.08.20 06:10:25	17,55	0,33	-1,71	55,07	33,22
1527	11.08.20 06:10:26	17,58	0,35	-8,55	53,62	27,83
1528	11.08.20 06:10:27	17,61	0,35	-5,78	56,48	27,73
1529	11.08.20 06:10:28	17,70	0,37	-7,03	48,67	34,29
1530	11.08.20 06:10:29	17,88	0,35	3,57	68,94	17,49
1531	11.08.20 06:10:30	18,06	0,33	-32,46	9,73	47,81
1532	11.08.20 06:10:31	18,21	0,33	-4,79	15,52	69,68
1533	11.08.20 06:10:32	18,33	0,35	-36,88	-36,53	16,60
1534	11.08.20 06:10:33	18,51	0,33	-21,80	-36,99	-31,21
1535	11.08.20 06:10:34	18,72	0,33	-38,96	-12,67	-38,37
1536	11.08.20 06:10:35	18,95	0,30	-29,18	-43,46	-17,36
1537	11.08.20 06:10:36	19,22	0,30	-26,83	-56,40	6,77
1538	11.08.20 06:10:37	19,46	0,33	-45,25	-22,30	-22,45
1539	11.08.20 06:10:38	19,57	0,30	-74,07	-12,14	-3,79
1540	11.08.20 06:10:39	19,63	0,33	-46,29	-1,92	41,79
1541	11.08.20 06:10:40	19,69	0,30	-19,70	-69,87	-0,43
1542	11.08.20 06:10:41	19,84	0,30	-69,70	0,94	-19,36
