#0	Date-time:	10/08/2020 7:47:26 PM
#1	Recorder:	13H1067
#2	File type:	1
#3	Columns:	7
#4	Channels:	5
#5	Field separation:	0
#6	Decimal point:	0
#7	Date def.:	0	0
#8	Time def.:	0
#9	Channel 1:	Temperature(°C)	Temp(°C)	2	1
#10	Channel 2:	Pressure(Bar)	Press(Bar)	2	1
#11	Reconvertion:	0
#14	Channel 3:	Tilt-X(°)	Tilt-X(°)	2	1
#18	Channel 4:	Tilt-Y(°)	Tilt-Y(°)	2	1
#19	Line color:	1	2	3	4
#22	Channel 5:	Tilt-Z(°)	Tilt-Z(°)	2	1
#30	Trend Type Number:	3
#33	Limit Temp. Corr. OTCR:	1
1	10.08.20 19:18:00	24,77	0,22	1,33	-8,28	-80,40
2	10.08.20 19:18:01	24,77	0,20	-1,09	-9,02	-79,89
3	10.08.20 19:18:02	24,77	0,20	-1,32	-9,53	-79,15
4	10.08.20 19:18:03	24,77	0,20	-0,12	-8,39	-81,49
5	10.08.20 19:18:04	24,74	0,20	-3,12	-9,77	-77,11
6	10.08.20 19:18:05	24,74	0,20	-9,44	-8,78	-71,78
7	10.08.20 19:18:06	24,74	0,20	-46,79	9,32	-33,89
8	10.08.20 19:18:07	24,72	0,20	-46,27	9,28	-34,45
9	10.08.20 19:18:08	24,72	0,20	-49,46	2,00	-38,54
10	10.08.20 19:18:09	24,72	0,22	-28,45	0,03	-61,52
11	10.08.20 19:18:10	24,69	0,20	-40,99	5,09	-43,92
12	10.08.20 19:18:11	24,69	0,20	25,48	-53,42	-11,11
13	10.08.20 19:18:12	24,69	0,20	-0,59	-65,75	-23,65
14	10.08.20 19:18:13	24,69	0,20	10,95	-20,32	-58,72
15	10.08.20 19:18:14	24,66	0,18	32,94	-1,03	-56,03
16	10.08.20 19:18:15	24,66	0,18	21,30	-13,57	-55,13
17	10.08.20 19:18:16	24,66	0,20	-35,71	-19,69	-34,60
18	10.08.20 19:18:17	24,66	0,20	-22,00	-58,66	-9,34
19	10.08.20 19:18:18	24,66	0,20	-2,45	-72,41	-15,13
20	10.08.20 19:18:19	24,63	0,18	0,74	-80,26	-9,01
21	10.08.20 19:18:20	24,63	0,20	22,96	-65,28	-1,76
22	10.08.20 19:18:21	24,63	0,20	3,42	-73,55	-13,04
23	10.08.20 19:18:22	24,60	0,20	-68,08	-15,70	6,23
24	10.08.20 19:18:23	24,60	0,18	-51,12	-26,09	12,79
25	10.08.20 19:18:24	24,60	0,18	-49,94	-34,13	5,93
26	10.08.20 19:18:25	24,63	0,20	-50,31	-31,99	-7,70
27	10.08.20 19:18:26	24,63	0,20	-9,79	-67,13	13,08
28	10.08.20 19:18:27	24,60	0,20	-34,67	-24,40	30,94
29	10.08.20 19:18:28	24,60	0,20	-60,71	1,10	28,19
30	10.08.20 19:18:29	24,57	0,20	-33,30	8,98	47,72
31	10.08.20 19:18:30	24,57	0,18	-45,53	-1,98	42,49
32	10.08.20 19:18:31	24,57	0,18	-64,24	-1,27	24,49
33	10.08.20 19:18:32	24,54	0,20	11,70	3,11	75,19
34	10.08.20 19:18:33	24,54	0,20	-0,17	-22,65	67,18
35	10.08.20 19:18:34	24,54	0,20	50,59	-7,74	31,66
36	10.08.20 19:18:35	24,54	0,20	15,73	-19,53	54,74
37	10.08.20 19:18:36	24,51	0,18	21,60	-20,08	48,32
38	10.08.20 19:18:37	24,51	0,18	16,87	-19,21	53,92
39	10.08.20 19:18:38	24,51	0,18	25,14	-33,51	31,35
40	10.08.20 19:18:39	24,51	0,20	-17,56	-0,75	71,70
41	10.08.20 19:18:40	24,51	0,20	-22,27	-0,03	67,70
42	10.08.20 19:18:41	24,51	0,20	-22,44	0,42	67,15
43	10.08.20 19:18:42	24,48	0,20	-23,51	0,69	65,80
44	10.08.20 19:18:43	24,48	0,18	-23,04	-0,76	66,19
45	10.08.20 19:18:44	24,48	0,20	-23,16	-0,12	66,72
46	10.08.20 19:18:45	24,48	0,22	-22,40	-1,26	66,34
47	10.08.20 19:18:46	24,45	0,20	-22,54	-1,62	65,84
48	10.08.20 19:18:47	24,45	0,20	-22,39	-2,07	65,54
49	10.08.20 19:18:48	24,45	0,20	-22,75	-3,04	64,20
50	10.08.20 19:18:49	24,45	0,20	-22,28	-3,30	64,43
51	10.08.20 19:18:50	24,45	0,20	-22,44	-2,62	64,93
52	10.08.20 19:18:51	24,42	0,20	-23,08	-1,84	65,09
53	10.08.20 19:18:52	24,42	0,22	-22,56	-0,71	66,73
54	10.08.20 19:18:53	24,42	0,20	-22,34	-1,45	66,20
55	10.08.20 19:18:54	24,42	0,20	-23,11	-0,74	66,15
56	10.08.20 19:18:55	24,42	0,20	-22,80	-0,03	67,17
57	10.08.20 19:18:56	24,42	0,20	-23,32	0,03	66,65
58	10.08.20 19:18:57	24,40	0,20	-20,33	8,30	61,38
59	10.08.20 19:18:58	24,40	0,20	46,36	20,48	23,16
60	10.08.20 19:18:59	24,40	0,20	24,18	56,62	9,20
61	10.08.20 19:19:00	24,40	0,22	23,85	62,15	4,00
62	10.08.20 19:19:01	24,37	0,18	34,91	52,98	2,10
63	10.08.20 19:19:02	24,37	0,22	32,09	48,42	-9,49
64	10.08.20 19:19:03	24,37	0,20	60,59	24,56	-4,85
65	10.08.20 19:19:04	24,37	0,20	59,29	29,80	-0,91
66	10.08.20 19:19:05	24,37	0,20	56,61	27,50	5,89
67	10.08.20 19:19:06	24,37	0,22	57,10	27,69	5,21
68	10.08.20 19:19:07	24,37	0,22	56,17	28,43	5,40
69	10.08.20 19:19:08	24,34	0,20	56,60	28,06	5,34
70	10.08.20 19:19:09	24,34	0,20	58,58	28,18	3,24
71	10.08.20 19:19:10	24,34	0,20	56,20	28,16	5,65
72	10.08.20 19:19:11	24,34	0,20	57,35	25,65	6,99
73	10.08.20 19:19:12	24,34	0,20	76,62	-3,44	9,94
74	10.08.20 19:19:13	24,34	0,18	66,25	-19,72	4,04
75	10.08.20 19:19:14	24,31	0,20	44,69	-40,77	4,54
76	10.08.20 19:19:15	24,31	0,20	42,09	-40,89	7,02
77	10.08.20 19:19:16	24,31	0,22	48,49	-39,21	2,29
78	10.08.20 19:19:17	24,31	0,20	43,59	-40,08	6,34
79	10.08.20 19:19:18	24,31	0,18	41,40	-42,68	5,92
80	10.08.20 19:19:19	24,31	0,20	42,62	-42,17	5,21
81	10.08.20 19:19:20	24,31	0,20	44,52	-37,44	8,04
82	10.08.20 19:19:21	24,28	0,20	52,16	-30,27	7,57
83	10.08.20 19:19:22	24,28	0,20	50,65	-32,99	6,37
84	10.08.20 19:19:23	24,28	0,20	52,79	-34,18	3,03
85	10.08.20 19:19:24	24,28	0,20	58,26	-27,53	4,22
86	10.08.20 19:19:25	24,28	0,20	57,93	-31,37	0,70
87	10.08.20 19:19:26	24,28	0,20	57,20	-29,11	3,69
88	10.08.20 19:19:27	24,28	0,20	58,60	-31,00	0,41
89	10.08.20 19:19:28	24,25	0,20	56,76	-29,63	3,60
90	10.08.20 19:19:29	24,25	0,20	58,56	-31,06	0,38
91	10.08.20 19:19:30	24,25	0,20	58,15	-28,51	3,33
92	10.08.20 19:19:31	24,25	0,20	57,72	-32,02	0,27
93	10.08.20 19:19:32	24,25	0,20	58,24	-28,25	3,51
94	10.08.20 19:19:33	24,25	0,20	58,54	-30,99	0,47
95	10.08.20 19:19:34	24,25	0,20	56,80	-29,26	3,95
96	10.08.20 19:19:35	24,25	0,18	59,91	-28,63	1,46
97	10.08.20 19:19:36	24,22	0,22	56,50	-30,84	2,66
98	10.08.20 19:19:37	24,22	0,20	59,78	-28,50	1,72
99	10.08.20 19:19:38	24,22	0,20	57,05	-31,28	1,67
100	10.08.20 19:19:39	24,22	0,20	59,39	-28,51	2,10
101	10.08.20 19:19:40	24,22	0,20	57,93	-31,09	0,99
102	10.08.20 19:19:41	24,22	0,20	58,39	-29,61	2,00
103	10.08.20 19:19:42	24,22	0,20	57,73	-29,32	2,96
104	10.08.20 19:19:43	24,22	0,18	58,30	-31,35	-0,35
105	10.08.20 19:19:44	24,22	0,20	57,36	-29,19	3,45
106	10.08.20 19:19:45	24,19	0,20	60,60	-28,37	1,03
107	10.08.20 19:19:46	24,19	0,18	56,88	-30,83	2,29
108	10.08.20 19:19:47	24,19	0,20	61,02	-28,18	0,79
109	10.08.20 19:19:48	24,19	0,20	56,81	-31,42	1,77
110	10.08.20 19:19:49	24,19	0,20	60,49	-27,16	2,34
111	10.08.20 19:19:50	24,19	0,20	56,87	-30,54	2,59
112	10.08.20 19:19:51	24,19	0,20	61,35	-27,15	1,49
113	10.08.20 19:19:52	24,19	0,20	55,96	-31,30	2,74
114	10.08.20 19:19:53	24,19	0,18	60,34	-27,79	1,87
115	10.08.20 19:19:54	24,19	0,20	57,20	-29,74	3,06
116	10.08.20 19:19:55	24,16	0,18	58,62	-29,95	1,43
117	10.08.20 19:19:56	24,16	0,20	58,18	-28,43	3,39
118	10.08.20 19:19:57	24,16	0,20	58,96	-29,99	1,05
119	10.08.20 19:19:58	24,16	0,20	58,04	-29,72	2,24
120	10.08.20 19:19:59	24,16	0,18	58,90	-27,99	3,11
121	10.08.20 19:20:00	24,16	0,18	58,80	-31,02	-0,18
122	10.08.20 19:20:01	24,16	0,20	57,36	-29,48	3,16
123	10.08.20 19:20:02	24,16	0,20	60,32	-28,76	0,92
124	10.08.20 19:20:03	24,16	0,20	57,14	-29,97	2,89
125	10.08.20 19:20:04	24,16	0,20	61,36	-27,79	0,85
126	10.08.20 19:20:05	24,16	0,20	56,69	-30,48	2,83
127	10.08.20 19:20:06	24,13	0,20	60,53	-27,64	1,83
128	10.08.20 19:20:07	24,13	0,18	57,59	-30,47	1,94
129	10.08.20 19:20:08	24,13	0,20	58,53	-28,21	3,26
130	10.08.20 19:20:09	24,13	0,20	58,97	-29,38	1,65
131	10.08.20 19:20:10	24,13	0,20	57,99	-30,49	1,53
132	10.08.20 19:20:11	24,13	0,22	59,04	-29,10	1,86
133	10.08.20 19:20:12	24,13	0,18	57,74	-30,24	2,01
134	10.08.20 19:20:13	24,13	0,20	59,13	-29,68	1,19
135	10.08.20 19:20:14	24,13	0,20	58,20	-30,33	1,47
136	10.08.20 19:20:15	24,13	0,20	59,02	-29,06	1,92
137	10.08.20 19:20:16	24,13	0,20	58,01	-30,76	1,22
138	10.08.20 19:20:17	24,13	0,20	60,20	-27,58	2,22
139	10.08.20 19:20:18	24,13	0,20	57,46	-29,39	3,14
140	10.08.20 19:20:19	24,13	0,20	61,79	-26,84	1,37
141	10.08.20 19:20:20	24,11	0,20	56,46	-29,56	3,97
142	10.08.20 19:20:21	24,11	0,18	61,71	-26,07	2,22
143	10.08.20 19:20:22	24,11	0,20	55,64	-30,97	3,39
144	10.08.20 19:20:23	24,11	0,20	60,86	-26,73	2,41
145	10.08.20 19:20:24	24,11	0,18	57,52	-29,33	3,15
146	10.08.20 19:20:25	24,11	0,20	59,18	-30,09	0,73
147	10.08.20 19:20:26	24,11	0,18	57,76	-29,34	2,90
148	10.08.20 19:20:27	24,11	0,20	58,52	-31,19	0,29
149	10.08.20 19:20:28	24,11	0,20	57,92	-29,49	2,59
150	10.08.20 19:20:29	24,11	0,20	58,76	-30,07	1,17
151	10.08.20 19:20:30	24,11	0,20	58,43	-29,08	2,49
152	10.08.20 19:20:31	24,11	0,20	59,11	-28,98	1,92
153	10.08.20 19:20:32	24,08	0,20	59,44	-28,93	1,63
154	10.08.20 19:20:33	24,08	0,20	57,49	-29,23	3,28
155	10.08.20 19:20:34	24,08	0,20	60,64	-26,86	2,50
156	10.08.20 19:20:35	24,08	0,18	57,59	-29,97	2,44
157	10.08.20 19:20:36	24,08	0,20	59,58	-26,99	3,43
158	10.08.20 19:20:37	24,08	0,22	58,54	-28,94	2,52
159	10.08.20 19:20:38	24,08	0,20	58,69	-29,85	1,46
160	10.08.20 19:20:39	24,08	0,22	58,55	-28,51	2,94
161	10.08.20 19:20:40	24,08	0,20	58,64	-29,06	2,31
162	10.08.20 19:20:41	24,08	0,18	58,11	-29,35	2,54
163	10.08.20 19:20:42	24,08	0,20	59,37	-30,13	0,50
164	10.08.20 19:20:43	24,08	0,20	57,99	-28,46	3,55
165	10.08.20 19:20:44	24,08	0,20	58,54	-31,00	-0,47
166	10.08.20 19:20:45	24,08	0,18	58,88	-27,13	3,99
167	10.08.20 19:20:46	24,08	0,20	59,00	-30,91	0,09
168	10.08.20 19:20:47	24,05	0,20	57,83	-28,88	3,29
169	10.08.20 19:20:48	24,05	0,20	60,30	-27,61	2,09
170	10.08.20 19:20:49	24,05	0,20	57,51	-30,50	1,99
171	10.08.20 19:20:50	24,05	0,20	60,31	-26,88	2,81
172	10.08.20 19:20:51	24,05	0,20	57,37	-30,89	1,73
173	10.08.20 19:20:52	24,05	0,20	59,43	-28,80	1,77
174	10.08.20 19:20:53	24,05	0,20	58,63	-28,16	3,21
175	10.08.20 19:20:54	24,05	0,20	59,10	-29,66	1,24
176	10.08.20 19:20:55	24,05	0,20	58,47	-27,95	3,58
177	10.08.20 19:20:56	24,05	0,22	59,01	-29,97	1,01
178	10.08.20 19:20:57	24,05	0,20	58,45	-28,68	2,87
179	10.08.20 19:20:58	24,05	0,20	59,65	-28,45	1,90
180	10.08.20 19:20:59	24,05	0,20	58,38	-28,73	2,89
181	10.08.20 19:21:00	24,05	0,20	59,08	-29,94	0,98
182	10.08.20 19:21:01	24,05	0,20	58,48	-28,47	3,05
183	10.08.20 19:21:02	24,02	0,20	59,50	-29,08	1,42
184	10.08.20 19:21:03	24,02	0,20	58,32	-29,44	2,24
185	10.08.20 19:21:04	24,02	0,20	59,71	-27,35	2,95
186	10.08.20 19:21:05	24,02	0,20	58,73	-30,07	1,20
187	10.08.20 19:21:06	24,02	0,20	58,24	-27,87	3,90
188	10.08.20 19:21:07	24,02	0,20	59,91	-28,07	2,03
189	10.08.20 19:21:08	24,02	0,18	58,56	-28,35	3,09
190	10.08.20 19:21:09	24,02	0,20	58,56	-29,63	1,81
191	10.08.20 19:21:10	24,02	0,20	60,01	-26,53	3,46
192	10.08.20 19:21:11	24,02	0,20	57,92	-30,32	1,76
193	10.08.20 19:21:12	24,02	0,20	60,43	-26,57	3,00
194	10.08.20 19:21:13	24,02	0,20	57,12	-31,14	1,74
195	10.08.20 19:21:14	24,02	0,20	60,37	-28,10	1,54
196	10.08.20 19:21:15	24,02	0,20	58,25	-30,10	1,65
197	10.08.20 19:21:16	24,02	0,20	58,42	-29,29	2,29
198	10.08.20 19:21:17	24,02	0,20	59,15	-30,47	0,38
199	10.08.20 19:21:18	24,02	0,20	57,73	-29,30	2,97
200	10.08.20 19:21:19	24,02	0,18	59,52	-29,19	1,30
201	10.08.20 19:21:20	24,02	0,20	58,88	-28,60	2,52
202	10.08.20 19:21:21	23,99	0,20	59,23	-29,03	1,75
203	10.08.20 19:21:22	23,99	0,20	58,88	-27,32	3,80
204	10.08.20 19:21:23	23,99	0,20	58,52	-29,61	1,88
205	10.08.20 19:21:24	23,99	0,20	59,19	-28,61	2,21
206	10.08.20 19:21:25	23,99	0,20	58,25	-27,87	3,88
207	10.08.20 19:21:26	23,99	0,20	59,77	-28,74	1,50
208	10.08.20 19:21:27	23,99	0,22	58,93	-27,88	3,18
209	10.08.20 19:21:28	23,99	0,20	58,98	-28,01	3,00
210	10.08.20 19:21:29	23,99	0,20	58,00	-29,60	2,40
211	10.08.20 19:21:30	23,99	0,20	59,46	-27,56	2,97
212	10.08.20 19:21:31	23,99	0,20	57,56	-30,75	1,69
213	10.08.20 19:21:32	23,99	0,20	60,14	-27,10	2,77
214	10.08.20 19:21:33	23,99	0,20	57,40	-30,54	2,06
215	10.08.20 19:21:34	23,99	0,20	59,27	-29,51	1,22
216	10.08.20 19:21:35	23,96	0,18	58,05	-28,42	3,53
217	10.08.20 19:21:36	23,96	0,20	60,20	-29,45	0,35
218	10.08.20 19:21:37	23,96	0,22	57,95	-27,96	4,08
219	10.08.20 19:21:38	23,96	0,20	60,88	-27,15	1,96
220	10.08.20 19:21:39	23,96	0,20	57,27	-28,79	3,94
221	10.08.20 19:21:40	23,96	0,20	60,93	-26,42	2,65
222	10.08.20 19:21:41	23,96	0,18	57,06	-28,28	4,66
223	10.08.20 19:21:42	23,96	0,20	61,12	-26,81	2,07
224	10.08.20 19:21:43	23,96	0,20	57,54	-29,53	2,93
225	10.08.20 19:21:44	23,96	0,20	60,16	-27,07	2,77
226	10.08.20 19:21:45	23,96	0,20	57,60	-31,38	1,02
227	10.08.20 19:21:46	23,96	0,20	58,66	-28,84	2,50
228	10.08.20 19:21:47	23,96	0,20	58,62	-30,76	0,61
229	10.08.20 19:21:48	23,96	0,20	58,79	-28,98	2,23
230	10.08.20 19:21:49	23,96	0,20	58,18	-29,61	2,21
231	10.08.20 19:21:50	23,93	0,22	60,67	-26,34	2,99
232	10.08.20 19:21:51	23,93	0,22	57,97	-28,06	3,97
233	10.08.20 19:21:52	23,93	0,20	60,62	-25,68	3,70
234	10.08.20 19:21:53	23,93	0,18	57,86	-28,07	4,06
235	10.08.20 19:21:54	23,93	0,20	60,14	-27,04	2,82
236	10.08.20 19:21:55	23,93	0,18	57,94	-27,25	4,82
237	10.08.20 19:21:56	23,93	0,20	59,33	-29,08	1,59
238	10.08.20 19:21:57	23,93	0,18	57,75	-28,87	3,39
239	10.08.20 19:21:58	23,93	0,20	58,45	-30,11	1,44
240	10.08.20 19:21:59	23,93	0,18	59,27	-27,85	2,87
241	10.08.20 19:22:00	23,93	0,20	57,58	-32,40	-0,03
242	10.08.20 19:22:01	23,93	0,20	59,80	-28,16	2,04
243	10.08.20 19:22:02	23,93	0,22	56,74	-32,17	1,09
244	10.08.20 19:22:03	23,90	0,20	59,47	-27,96	2,56
245	10.08.20 19:22:04	23,90	0,20	57,98	-30,45	1,57
246	10.08.20 19:22:05	23,90	0,22	59,98	-27,47	2,55
247	10.08.20 19:22:06	23,90	0,18	59,21	-28,80	1,99
248	10.08.20 19:22:07	23,90	0,20	59,15	-27,27	3,58
249	10.08.20 19:22:08	23,90	0,18	59,68	-28,81	1,52
250	10.08.20 19:22:09	23,90	0,20	58,90	-27,26	3,85
251	10.08.20 19:22:10	23,90	0,20	58,20	-29,83	1,97
252	10.08.20 19:22:11	23,90	0,20	60,43	-26,11	3,46
253	10.08.20 19:22:12	23,90	0,20	57,71	-29,99	2,30
254	10.08.20 19:22:13	23,90	0,18	59,72	-27,42	2,87
255	10.08.20 19:22:14	23,90	0,20	57,34	-29,41	3,25
256	10.08.20 19:22:15	23,90	0,20	59,52	-28,57	1,91
257	10.08.20 19:22:16	23,90	0,20	58,87	-29,35	1,78
258	10.08.20 19:22:17	23,90	0,20	56,66	-28,90	4,44
259	10.08.20 19:22:18	23,87	0,20	60,19	-29,32	0,49
260	10.08.20 19:22:19	23,87	0,20	57,00	-27,54	5,46
261	10.08.20 19:22:20	23,87	0,20	58,05	-29,25	2,70
262	10.08.20 19:22:21	23,87	0,20	55,94	-25,16	8,91
263	10.08.20 19:22:22	23,87	0,20	60,99	-26,21	2,80
264	10.08.20 19:22:23	23,87	0,20	54,46	-27,83	7,71
265	10.08.20 19:22:24	23,87	0,20	-6,08	1,64	82,29
266	10.08.20 19:22:25	23,87	0,20	-15,72	6,26	68,03
267	10.08.20 19:22:26	23,87	0,22	-11,71	8,45	69,85
268	10.08.20 19:22:27	23,87	0,18	-11,90	8,62	69,48
269	10.08.20 19:22:28	23,87	0,20	-12,41	7,39	70,20
270	10.08.20 19:22:29	23,87	0,20	-14,25	6,85	68,90
271	10.08.20 19:22:30	23,87	0,20	12,98	34,95	42,06
272	10.08.20 19:22:31	23,87	0,18	83,85	-3,30	2,85
273	10.08.20 19:22:32	23,84	0,20	54,37	-23,44	12,19
274	10.08.20 19:22:33	23,84	0,20	-5,30	-49,43	35,27
275	10.08.20 19:22:34	23,84	0,20	60,22	-17,49	12,29
276	10.08.20 19:22:35	23,84	0,18	59,16	-21,92	8,92
277	10.08.20 19:22:36	23,84	0,20	61,67	-21,26	7,07
278	10.08.20 19:22:37	23,84	0,20	63,55	-20,15	6,31
279	10.08.20 19:22:38	23,84	0,20	69,12	-13,46	7,43
280	10.08.20 19:22:39	23,84	0,20	57,67	-23,92	8,41
281	10.08.20 19:22:40	23,84	0,20	57,96	-23,27	8,77
282	10.08.20 19:22:41	23,84	0,18	63,24	-19,51	7,25
283	10.08.20 19:22:42	23,81	0,22	69,24	-19,33	-1,43
284	10.08.20 19:22:43	23,41	0,39	53,20	-21,54	15,26
285	10.08.20 19:22:44	22,45	0,35	50,17	15,25	24,58
286	10.08.20 19:22:45	21,95	0,33	37,45	13,02	39,53
287	10.08.20 19:22:46	21,72	0,35	35,40	-3,77	50,83
288	10.08.20 19:22:47	21,57	0,33	31,50	-6,16	52,34
289	10.08.20 19:22:48	21,45	0,28	26,50	-6,53	56,97
290	10.08.20 19:22:49	21,31	0,26	14,93	-7,09	67,97
291	10.08.20 19:22:50	21,22	0,28	21,59	-9,24	59,18
292	10.08.20 19:22:51	21,13	0,33	27,54	5,92	56,54
293	10.08.20 19:22:52	21,04	0,30	27,06	-9,20	53,74
294	10.08.20 19:22:53	20,87	0,30	15,71	-6,55	67,74
295	10.08.20 19:22:54	20,78	0,33	38,20	7,56	44,24
296	10.08.20 19:22:55	20,69	0,30	14,72	-20,76	54,52
297	10.08.20 19:22:56	20,66	0,35	43,98	-8,32	37,70
298	10.08.20 19:22:57	20,60	0,35	26,78	1,28	61,94
299	10.08.20 19:22:58	20,58	0,33	20,51	-20,84	48,65
300	10.08.20 19:22:59	20,55	0,33	19,48	-11,50	59,02
301	10.08.20 19:23:00	20,49	0,35	16,89	-10,09	63,01
302	10.08.20 19:23:01	20,46	0,37	33,94	-2,57	53,49
303	10.08.20 19:23:02	20,37	0,35	20,77	-0,45	68,78
304	10.08.20 19:23:03	20,34	0,33	19,11	1,53	69,36
305	10.08.20 19:23:04	20,31	0,33	24,81	-0,19	65,00
306	10.08.20 19:23:05	20,25	0,37	25,85	-2,82	61,33
307	10.08.20 19:23:06	20,22	0,37	31,95	1,51	56,54
308	10.08.20 19:23:07	20,16	0,39	32,52	1,75	55,74
309	10.08.20 19:23:08	20,11	0,39	33,25	-4,02	52,74
310	10.08.20 19:23:09	20,11	0,39	33,31	-1,89	54,79
311	10.08.20 19:23:10	20,05	0,41	38,16	-1,53	50,31
312	10.08.20 19:23:11	20,02	0,37	30,17	-5,67	54,16
313	10.08.20 19:23:12	20,02	0,37	33,44	-2,50	54,06
314	10.08.20 19:23:13	19,99	0,39	40,34	4,68	44,98
315	10.08.20 19:23:14	19,90	0,41	36,69	6,02	47,29
316	10.08.20 19:23:15	19,84	0,39	37,53	10,05	42,42
317	10.08.20 19:23:16	19,84	0,39	39,49	3,35	47,16
318	10.08.20 19:23:17	19,78	0,41	34,87	2,24	52,89
319	10.08.20 19:23:18	19,72	0,45	39,62	2,01	48,37
320	10.08.20 19:23:19	19,63	0,45	27,78	-3,82	58,40
321	10.08.20 19:23:20	19,57	0,45	22,02	-8,64	59,34
322	10.08.20 19:23:21	19,49	0,45	22,16	-9,60	58,24
323	10.08.20 19:23:22	19,37	0,45	27,13	-4,64	58,23
324	10.08.20 19:23:23	19,25	0,50	25,51	-7,91	56,58
325	10.08.20 19:23:24	19,19	0,52	38,25	-2,08	49,68
326	10.08.20 19:23:25	19,16	0,52	47,34	2,78	39,88
327	10.08.20 19:23:26	19,10	0,55	51,58	8,13	30,29
328	10.08.20 19:23:27	19,10	0,57	52,81	2,31	34,88
329	10.08.20 19:23:28	19,13	0,57	56,63	4,06	29,31
330	10.08.20 19:23:29	19,13	0,59	62,47	2,01	25,52
331	10.08.20 19:23:30	19,10	0,57	63,15	2,69	24,16
332	10.08.20 19:23:31	19,10	0,61	64,75	-0,77	24,48
333	10.08.20 19:23:32	19,10	0,61	64,49	-1,86	23,66
334	10.08.20 19:23:33	19,13	0,61	66,96	1,32	21,72
335	10.08.20 19:23:34	19,13	0,65	69,01	-2,01	18,98
336	10.08.20 19:23:35	19,13	0,65	66,78	-3,63	19,59
337	10.08.20 19:23:36	19,13	0,65	65,73	-4,30	19,97
338	10.08.20 19:23:37	19,13	0,68	67,20	-2,38	20,43
339	10.08.20 19:23:38	19,16	0,70	64,80	-5,32	19,88
340	10.08.20 19:23:39	19,16	0,72	65,89	-4,61	19,51
341	10.08.20 19:23:40	18,95	0,76	68,81	-3,05	18,14
342	10.08.20 19:23:41	18,78	0,78	64,94	-4,94	20,12
343	10.08.20 19:23:42	18,60	0,82	67,95	-3,52	18,52
344	10.08.20 19:23:43	18,48	0,84	67,42	-3,61	18,97
345	10.08.20 19:23:44	18,42	0,86	66,02	-4,78	19,20
346	10.08.20 19:23:45	18,39	0,86	64,98	-2,12	22,90
347	10.08.20 19:23:46	18,36	0,86	67,56	1,38	21,05
348	10.08.20 19:23:47	18,36	0,90	68,35	-0,20	21,44
349	10.08.20 19:23:48	18,36	0,90	67,17	1,04	21,78
350	10.08.20 19:23:49	18,33	0,90	68,41	0,72	20,87
351	10.08.20 19:23:50	18,36	0,93	64,80	2,90	22,30
352	10.08.20 19:23:51	18,33	0,93	64,68	5,18	20,15
353	10.08.20 19:23:52	18,36	0,95	65,47	6,59	17,94
354	10.08.20 19:23:53	18,36	0,95	61,67	7,13	21,20
355	10.08.20 19:23:54	18,36	0,97	59,88	10,18	19,94
356	10.08.20 19:23:55	18,39	0,97	60,56	12,08	17,36
357	10.08.20 19:23:56	18,39	0,99	60,10	10,81	19,08
358	10.08.20 19:23:57	18,39	0,99	61,07	9,54	19,39
359	10.08.20 19:23:58	18,42	1,01	61,12	10,26	18,62
360	10.08.20 19:23:59	18,42	1,01	62,27	9,36	18,37
361	10.08.20 19:24:00	18,45	1,03	63,51	8,71	17,78
362	10.08.20 19:24:01	18,45	1,03	60,36	10,16	19,48
363	10.08.20 19:24:02	18,45	1,08	62,05	10,94	17,00
364	10.08.20 19:24:03	18,45	1,10	61,36	11,27	17,37
365	10.08.20 19:24:04	18,42	1,10	59,38	13,17	17,46
366	10.08.20 19:24:05	18,42	1,10	58,53	15,19	16,27
367	10.08.20 19:24:06	18,42	1,12	56,23	17,29	16,48
368	10.08.20 19:24:07	18,45	1,14	55,37	18,53	16,10
369	10.08.20 19:24:08	18,45	1,12	53,11	19,58	17,31
370	10.08.20 19:24:09	18,48	1,14	53,35	19,97	16,67
371	10.08.20 19:24:10	18,48	1,16	54,77	18,82	16,41
372	10.08.20 19:24:11	18,48	1,18	55,51	17,58	16,91
373	10.08.20 19:24:12	18,51	1,18	54,76	17,12	18,12
374	10.08.20 19:24:13	18,51	1,20	55,06	17,45	17,49
375	10.08.20 19:24:14	18,51	1,20	56,53	17,30	16,17
376	10.08.20 19:24:15	18,51	1,25	55,76	16,96	17,28
377	10.08.20 19:24:16	18,54	1,25	56,17	15,48	18,35
378	10.08.20 19:24:17	18,54	1,27	60,82	12,90	16,28
379	10.08.20 19:24:18	18,54	1,31	63,35	8,78	17,87
380	10.08.20 19:24:19	18,54	1,31	61,89	9,94	18,17
381	10.08.20 19:24:20	18,51	1,31	61,44	9,84	18,72
382	10.08.20 19:24:21	18,42	1,35	64,30	7,01	18,69
383	10.08.20 19:24:22	18,36	1,37	65,14	5,96	18,90
384	10.08.20 19:24:23	18,30	1,40	67,20	4,18	18,63
385	10.08.20 19:24:24	18,21	1,42	68,60	1,96	19,44
386	10.08.20 19:24:25	18,15	1,46	68,94	-0,09	20,97
387	10.08.20 19:24:26	18,12	1,48	67,91	-2,59	19,51
388	10.08.20 19:24:27	18,09	1,50	65,53	-3,55	20,92
389	10.08.20 19:24:28	18,09	1,54	64,16	-4,94	20,91
390	10.08.20 19:24:29	18,06	1,52	63,53	-5,65	20,81
391	10.08.20 19:24:30	18,06	1,54	62,42	-6,88	20,69
392	10.08.20 19:24:31	18,06	1,56	61,56	-7,15	21,28
393	10.08.20 19:24:32	18,06	1,59	61,24	-8,25	20,52
394	10.08.20 19:24:33	18,06	1,61	60,25	-8,37	21,38
395	10.08.20 19:24:34	18,06	1,63	62,61	-6,38	21,00
396	10.08.20 19:24:35	18,06	1,65	65,66	-4,07	20,27
397	10.08.20 19:24:36	18,09	1,69	66,44	-2,43	21,14
398	10.08.20 19:24:37	18,06	1,69	65,64	-0,21	24,15
399	10.08.20 19:24:38	18,03	1,71	66,50	1,31	22,18
400	10.08.20 19:24:39	18,03	1,73	65,52	2,68	21,80
401	10.08.20 19:24:40	18,03	1,76	54,28	5,44	30,28
402	10.08.20 19:24:41	18,00	1,78	60,89	6,13	22,98
403	10.08.20 19:24:42	18,00	1,80	53,08	6,77	30,14
404	10.08.20 19:24:43	17,97	1,73	49,03	8,88	32,09
405	10.08.20 19:24:44	17,94	1,80	60,39	8,54	21,07
406	10.08.20 19:24:45	17,91	1,82	60,61	9,19	20,20
407	10.08.20 19:24:46	17,91	1,84	59,89	9,84	20,27
408	10.08.20 19:24:47	17,85	1,86	61,70	9,81	18,49
409	10.08.20 19:24:48	17,82	1,90	59,91	10,36	19,73
410	10.08.20 19:24:49	17,79	1,90	59,38	10,69	19,92
411	10.08.20 19:24:50	17,76	1,90	60,28	10,64	19,08
412	10.08.20 19:24:51	17,70	1,92	58,21	11,19	20,60
413	10.08.20 19:24:52	17,67	1,95	60,01	11,02	18,97
414	10.08.20 19:24:53	17,67	1,99	61,27	10,35	18,38
415	10.08.20 19:24:54	17,64	2,01	59,19	9,70	21,11
416	10.08.20 19:24:55	17,61	2,01	60,78	9,45	19,76
417	10.08.20 19:24:56	17,61	2,03	60,78	9,12	20,10
418	10.08.20 19:24:57	17,61	2,05	60,80	8,97	20,23
419	10.08.20 19:24:58	17,58	2,07	61,71	8,41	19,88
420	10.08.20 19:24:59	17,58	2,09	61,49	8,06	20,45
421	10.08.20 19:25:00	17,55	2,09	61,02	7,14	21,84
422	10.08.20 19:25:01	17,55	2,12	53,55	6,38	30,07
423	10.08.20 19:25:02	17,52	2,14	51,55	7,14	31,31
424	10.08.20 19:25:03	17,52	2,11	50,72	7,39	31,89
425	10.08.20 19:25:04	17,49	2,14	49,90	8,37	31,74
426	10.08.20 19:25:05	17,49	2,14	49,09	8,59	32,32
427	10.08.20 19:25:06	17,46	2,09	47,03	10,12	32,85
428	10.08.20 19:25:07	17,46	2,14	47,47	10,11	32,42
429	10.08.20 19:25:08	17,40	2,11	47,99	10,75	31,27
430	10.08.20 19:25:09	17,28	2,11	48,15	10,14	31,71
431	10.08.20 19:25:10	17,22	2,11	47,63	9,94	32,43
432	10.08.20 19:25:11	17,13	2,13	48,42	10,47	31,11
433	10.08.20 19:25:12	17,07	2,15	49,20	9,39	31,41
434	10.08.20 19:25:13	17,01	2,15	44,21	9,56	36,23
435	10.08.20 19:25:14	16,98	2,11	34,88	12,05	43,07
436	10.08.20 19:25:15	16,89	2,09	31,80	13,66	44,55
437	10.08.20 19:25:16	16,68	2,09	29,23	14,25	46,52
438	10.08.20 19:25:17	16,53	2,06	23,13	18,25	48,63
439	10.08.20 19:25:18	16,29	2,08	38,81	13,38	37,81
440	10.08.20 19:25:19	16,11	2,04	38,31	7,84	43,86
441	10.08.20 19:25:20	16,08	1,99	34,24	12,47	43,29
442	10.08.20 19:25:21	15,99	2,01	35,72	15,76	38,52
443	10.08.20 19:25:22	15,93	2,01	43,10	12,19	34,71
444	10.08.20 19:25:23	15,89	1,97	42,32	5,58	42,10
445	10.08.20 19:25:24	15,86	1,95	43,28	7,51	39,21
446	10.08.20 19:25:25	15,86	1,95	43,89	6,29	39,82
447	10.08.20 19:25:26	15,86	1,93	47,22	5,56	37,22
448	10.08.20 19:25:27	15,86	1,91	44,21	1,89	43,90
449	10.08.20 19:25:28	15,86	1,88	37,01	1,22	51,77
450	10.08.20 19:25:29	15,86	1,86	28,53	-5,81	55,66
451	10.08.20 19:25:30	15,86	1,82	26,37	-5,61	58,02
452	10.08.20 19:25:31	15,83	1,82	23,60	-7,94	58,46
453	10.08.20 19:25:32	15,77	1,82	22,82	-8,95	58,23
454	10.08.20 19:25:33	15,74	1,80	20,90	-10,38	58,73
455	10.08.20 19:25:34	15,71	1,78	20,17	-11,00	58,83
456	10.08.20 19:25:35	15,68	1,75	21,09	-12,07	56,83
457	10.08.20 19:25:36	15,65	1,75	20,45	-12,59	56,95
458	10.08.20 19:25:37	15,65	1,78	21,79	-13,19	55,02
459	10.08.20 19:25:38	15,65	1,75	19,66	-13,55	56,80
460	10.08.20 19:25:39	15,62	1,73	20,08	-13,24	56,68
461	10.08.20 19:25:40	15,62	1,73	18,58	-14,53	56,89
462	10.08.20 19:25:41	15,62	1,73	19,92	-13,26	56,82
463	10.08.20 19:25:42	15,62	1,73	19,41	-12,77	57,81
464	10.08.20 19:25:43	15,59	1,73	19,78	-18,32	51,90
465	10.08.20 19:25:44	15,62	1,73	35,28	-2,47	52,25
466	10.08.20 19:25:45	15,62	1,73	31,62	-3,87	54,51
467	10.08.20 19:25:46	15,62	1,73	23,24	-15,68	51,08
468	10.08.20 19:25:47	15,62	1,75	23,85	-17,11	49,04
469	10.08.20 19:25:48	15,62	1,75	37,82	-0,97	51,21
470	10.08.20 19:25:49	15,59	1,75	29,83	-4,94	55,23
471	10.08.20 19:25:50	15,59	1,75	22,92	-17,09	49,99
472	10.08.20 19:25:51	15,59	1,75	25,85	-13,41	50,74
473	10.08.20 19:25:52	15,56	1,77	28,13	-4,60	57,27
474	10.08.20 19:25:53	15,56	1,75	32,50	0,98	56,53
475	10.08.20 19:25:54	15,56	1,80	23,46	-10,21	56,33
476	10.08.20 19:25:55	15,53	1,80	22,67	-11,57	55,75
477	10.08.20 19:25:56	15,53	1,80	19,86	-16,69	53,45
478	10.08.20 19:25:57	15,50	1,80	20,28	-13,86	55,87
479	10.08.20 19:25:58	15,50	1,80	21,02	-12,69	56,29
480	10.08.20 19:25:59	15,47	1,82	18,64	-12,24	59,12
481	10.08.20 19:26:00	15,44	1,84	18,96	-12,00	59,04
482	10.08.20 19:26:01	15,41	1,86	17,42	-12,55	60,03
483	10.08.20 19:26:02	15,38	1,88	18,75	-11,91	59,34
484	10.08.20 19:26:03	15,35	1,90	18,61	-12,11	59,28
485	10.08.20 19:26:04	15,32	1,90	17,39	-12,19	60,42
486	10.08.20 19:26:05	15,32	1,90	18,29	-12,32	59,40
487	10.08.20 19:26:06	15,28	1,92	18,12	-10,60	61,28
488	10.08.20 19:26:07	15,25	1,96	17,57	-11,47	60,96
489	10.08.20 19:26:08	15,22	1,96	17,86	-12,20	59,94
490	10.08.20 19:26:09	15,22	1,99	19,47	-10,06	60,47
491	10.08.20 19:26:10	15,19	1,99	20,56	-11,81	57,63
492	10.08.20 19:26:11	15,19	2,01	20,45	-11,45	58,10
493	10.08.20 19:26:12	15,19	2,03	24,72	-10,35	54,93
494	10.08.20 19:26:13	15,19	2,03	22,03	-9,09	58,87
495	10.08.20 19:26:14	15,19	2,07	18,29	-11,83	59,88
496	10.08.20 19:26:15	15,16	2,09	20,43	-11,29	58,28
497	10.08.20 19:26:16	15,13	2,09	21,15	-10,18	58,67
498	10.08.20 19:26:17	15,07	2,13	23,66	-9,61	56,73
499	10.08.20 19:26:18	15,04	2,15	25,02	-7,15	57,83
500	10.08.20 19:26:19	15,01	2,18	23,25	-8,26	58,49
501	10.08.20 19:26:20	14,95	2,20	25,35	-9,06	55,59
502	10.08.20 19:26:21	14,89	2,22	23,51	-9,08	57,41
503	10.08.20 19:26:22	14,85	2,22	25,20	-6,71	58,09
504	10.08.20 19:26:23	14,85	2,24	29,21	-4,29	56,51
505	10.08.20 19:26:24	14,85	2,28	29,66	-5,02	55,31
506	10.08.20 19:26:25	14,85	2,26	26,03	-5,79	58,18
507	10.08.20 19:26:26	14,85	2,30	27,85	-6,08	56,07
508	10.08.20 19:26:27	14,82	2,32	23,51	-6,89	59,60
509	10.08.20 19:26:28	14,79	2,34	21,06	-10,27	58,67
510	10.08.20 19:26:29	14,76	2,39	17,89	-11,69	60,42
511	10.08.20 19:26:30	14,76	2,39	17,67	-13,16	59,17
512	10.08.20 19:26:31	14,76	2,43	14,70	-15,63	59,67
513	10.08.20 19:26:32	14,76	2,43	10,13	-22,68	57,19
514	10.08.20 19:26:33	14,76	2,47	9,13	-23,70	57,17
515	10.08.20 19:26:34	14,76	2,49	8,26	-23,77	57,96
516	10.08.20 19:26:35	14,70	2,54	8,84	-23,48	57,68
517	10.08.20 19:26:36	14,70	2,56	10,22	-20,53	59,25
518	10.08.20 19:26:37	14,64	2,60	11,83	-19,66	58,51
519	10.08.20 19:26:38	14,64	2,60	11,00	-18,92	60,08
520	10.08.20 19:26:39	14,64	2,62	10,51	-18,84	60,65
521	10.08.20 19:26:40	14,61	2,73	9,33	-17,33	63,33
522	10.08.20 19:26:41	14,39	2,75	11,62	-15,85	62,53
523	10.08.20 19:26:42	14,11	2,74	10,13	-15,08	64,79
524	10.08.20 19:26:43	13,86	2,76	10,19	-13,64	66,17
525	10.08.20 19:26:44	13,62	2,83	10,14	-12,39	67,47
526	10.08.20 19:26:45	13,40	2,84	11,86	-8,66	69,48
527	10.08.20 19:26:46	13,15	2,91	13,54	-9,50	66,96
528	10.08.20 19:26:47	12,89	2,93	15,26	-7,23	67,50
529	10.08.20 19:26:48	12,58	3,01	17,37	-4,98	67,66
530	10.08.20 19:26:49	12,39	3,01	23,22	-2,77	64,00
531	10.08.20 19:26:50	12,23	3,03	25,62	-1,40	62,98
532	10.08.20 19:26:51	12,07	3,07	27,09	0,27	62,64
533	10.08.20 19:26:52	11,97	3,11	31,94	4,25	53,80
534	10.08.20 19:26:53	11,81	3,11	37,05	5,71	47,24
535	10.08.20 19:26:54	11,72	3,15	33,26	5,47	51,27
536	10.08.20 19:26:55	11,72	3,15	36,13	6,98	46,89
537	10.08.20 19:26:56	11,72	3,19	39,67	7,49	42,84
538	10.08.20 19:26:57	11,75	3,21	39,87	5,83	44,30
539	10.08.20 19:26:58	11,81	3,19	39,09	7,03	43,88
540	10.08.20 19:26:59	11,88	3,26	42,59	6,64	40,77
541	10.08.20 19:27:00	11,72	3,32	43,53	7,40	39,07
542	10.08.20 19:27:01	11,49	3,36	40,98	3,53	45,49
543	10.08.20 19:27:02	11,43	3,38	38,76	5,71	45,53
544	10.08.20 19:27:03	11,43	3,40	38,35	3,33	48,32
545	10.08.20 19:27:04	11,40	3,42	39,20	5,81	44,99
546	10.08.20 19:27:05	11,40	3,45	36,59	7,10	46,31
547	10.08.20 19:27:06	11,43	3,45	35,40	1,18	53,41
548	10.08.20 19:27:07	11,49	3,47	32,23	-0,06	57,71
549	10.08.20 19:27:08	11,52	3,51	29,49	-0,67	59,84
550	10.08.20 19:27:09	11,49	3,55	30,14	-0,89	58,97
551	10.08.20 19:27:10	11,04	3,66	32,78	0,78	56,45
552	10.08.20 19:27:11	10,75	3,65	34,50	3,34	52,16
553	10.08.20 19:27:12	10,65	3,65	38,63	9,09	42,28
554	10.08.20 19:27:13	10,65	3,67	39,50	7,77	42,73
555	10.08.20 19:27:14	10,65	3,69	42,23	12,75	35,02
556	10.08.20 19:27:15	10,68	3,72	43,97	13,12	32,92
557	10.08.20 19:27:16	10,72	3,74	49,45	14,85	25,70
558	10.08.20 19:27:17	10,75	3,76	56,17	16,07	17,76
559	10.08.20 19:27:18	10,78	3,76	73,36	13,68	-2,96
560	10.08.20 19:27:19	10,81	3,78	68,01	14,87	-7,11
561	10.08.20 19:27:20	10,58	3,84	29,51	-5,35	55,14
562	10.08.20 19:27:21	10,22	3,88	32,00	-0,33	57,67
563	10.08.20 19:27:22	10,09	3,90	31,96	-0,51	57,53
564	10.08.20 19:27:23	10,03	3,92	33,85	-0,53	55,62
565	10.08.20 19:27:24	9,99	3,92	24,99	-6,69	58,33
566	10.08.20 19:27:25	9,99	3,97	25,96	-7,75	56,29
567	10.08.20 19:27:26	9,96	3,99	23,61	-9,03	57,36
568	10.08.20 19:27:27	9,93	3,99	26,00	-9,10	54,90
569	10.08.20 19:27:28	9,80	4,05	24,15	-10,94	54,91
570	10.08.20 19:27:29	9,63	4,13	24,57	-12,41	53,02
571	10.08.20 19:27:30	9,56	4,13	26,35	-13,16	50,48
572	10.08.20 19:27:31	9,50	4,24	27,02	-12,55	50,43
573	10.08.20 19:27:32	9,33	4,26	27,43	-12,38	50,19
574	10.08.20 19:27:33	9,20	4,28	27,72	-12,86	49,42
575	10.08.20 19:27:34	9,13	4,32	29,26	-12,44	48,29
576	10.08.20 19:27:35	9,10	4,32	27,77	-12,44	49,79
577	10.08.20 19:27:36	9,10	4,32	27,54	-12,79	49,67
578	10.08.20 19:27:37	9,10	4,34	32,02	-9,75	48,23
579	10.08.20 19:27:38	9,06	4,36	27,76	-10,67	51,57
580	10.08.20 19:27:39	9,06	4,36	24,43	-11,74	53,84
581	10.08.20 19:27:40	9,03	4,43	27,51	-13,53	48,96
582	10.08.20 19:27:41	8,86	4,51	32,38	-12,98	44,63
583	10.08.20 19:27:42	8,52	4,53	26,34	-19,22	44,43
584	10.08.20 19:27:43	8,32	4,55	23,16	-16,34	50,50
585	10.08.20 19:27:44	8,22	4,53	26,70	-13,18	50,12
586	10.08.20 19:27:45	8,01	4,52	19,75	-15,32	54,93
587	10.08.20 19:27:46	7,84	4,52	20,35	-12,72	56,93
588	10.08.20 19:27:47	7,71	4,56	22,83	-10,05	57,12
589	10.08.20 19:27:48	7,60	4,56	23,59	-8,41	58,00
590	10.08.20 19:27:49	7,60	4,56	30,64	-5,29	54,07
591	10.08.20 19:27:50	7,64	4,61	31,72	-2,83	55,45
592	10.08.20 19:27:51	7,67	4,59	35,83	-2,65	51,52
593	10.08.20 19:27:52	7,71	4,59	37,29	-4,30	48,41
594	10.08.20 19:27:53	7,74	4,59	37,07	-3,73	49,20
595	10.08.20 19:27:54	7,77	4,59	42,48	0,30	47,23
596	10.08.20 19:27:55	7,77	4,63	43,25	-1,76	44,99
597	10.08.20 19:27:56	7,77	4,63	43,44	-2,05	44,51
598	10.08.20 19:27:57	7,74	4,65	45,68	-2,47	41,84
599	10.08.20 19:27:58	7,74	4,65	44,93	-2,80	42,28
600	10.08.20 19:27:59	7,64	4,71	46,50	-1,40	42,10
601	10.08.20 19:28:00	7,53	4,75	44,72	-2,39	42,88
602	10.08.20 19:28:01	7,46	4,73	45,41	-2,62	41,97
603	10.08.20 19:28:02	7,43	4,75	45,05	-3,03	41,92
604	10.08.20 19:28:03	7,40	4,73	43,40	-3,90	42,69
605	10.08.20 19:28:04	7,36	4,77	45,05	-1,11	43,84
606	10.08.20 19:28:05	7,33	4,80	31,21	-14,61	44,19
607	10.08.20 19:28:06	7,29	4,82	11,49	-3,60	74,91
608	10.08.20 19:28:07	7,29	4,77	-2,14	-16,82	71,04
609	10.08.20 19:28:08	7,26	4,82	3,02	6,57	80,41
610	10.08.20 19:28:09	7,22	4,77	10,86	5,74	73,40
611	10.08.20 19:28:10	7,19	4,75	9,68	6,47	73,85
612	10.08.20 19:28:11	7,05	4,77	-4,65	0,48	84,87
613	10.08.20 19:28:12	6,98	4,77	-6,35	-6,08	77,57
614	10.08.20 19:28:13	6,94	4,75	9,44	-0,42	80,13
615	10.08.20 19:28:14	6,91	4,98	-3,74	-9,25	77,01
616	10.08.20 19:28:15	6,87	4,73	2,94	-8,60	78,46
617	10.08.20 19:28:16	6,84	4,73	-12,12	-14,80	63,08
618	10.08.20 19:28:17	6,80	4,66	-2,21	10,69	77,11
619	10.08.20 19:28:18	6,73	4,70	-3,94	-6,28	79,78
620	10.08.20 19:28:19	6,70	4,75	-10,66	-12,15	67,19
621	10.08.20 19:28:20	6,70	4,75	13,50	-3,08	73,42
622	10.08.20 19:28:21	6,66	4,75	-7,11	-2,09	80,79
623	10.08.20 19:28:22	6,63	4,77	7,25	3,79	78,96
624	10.08.20 19:28:23	6,66	4,75	-4,50	-1,12	84,38
625	10.08.20 19:28:24	6,66	4,75	-0,48	-0,18	89,34
626	10.08.20 19:28:25	6,66	4,75	-3,75	4,56	81,68
627	10.08.20 19:28:26	6,66	4,77	-7,11	-4,05	78,83
628	10.08.20 19:28:27	6,59	4,77	31,09	0,36	58,55
629	10.08.20 19:28:28	6,56	4,74	-1,98	-11,84	76,17
630	10.08.20 19:28:29	6,49	4,77	-1,61	-0,85	87,54
631	10.08.20 19:28:30	6,45	4,74	-4,40	2,13	83,46
632	10.08.20 19:28:31	6,45	4,74	-1,60	4,29	84,11
633	10.08.20 19:28:32	6,42	4,76	-5,68	0,86	83,45
634	10.08.20 19:28:33	6,42	4,74	-1,69	2,04	86,27
635	10.08.20 19:28:34	6,42	4,76	-0,81	-6,62	82,57
636	10.08.20 19:28:35	6,38	4,74	-0,23	4,25	85,52
637	10.08.20 19:28:36	6,35	4,74	5,39	5,53	79,08
638	10.08.20 19:28:37	6,35	4,74	4,58	1,63	83,79
639	10.08.20 19:28:38	6,31	4,70	8,87	2,88	78,25
640	10.08.20 19:28:39	6,28	4,72	5,12	-11,71	73,18
641	10.08.20 19:28:40	6,24	4,72	-2,47	-4,37	83,16
642	10.08.20 19:28:41	6,21	4,68	-1,25	6,92	81,83
643	10.08.20 19:28:42	6,14	4,70	7,53	-7,97	74,50
644	10.08.20 19:28:43	6,10	4,74	6,41	14,55	69,03
645	10.08.20 19:28:44	6,06	4,72	5,31	7,67	77,03
646	10.08.20 19:28:45	6,06	4,72	7,79	1,58	80,63
647	10.08.20 19:28:46	6,03	4,74	12,73	-2,98	74,29
648	10.08.20 19:28:47	5,99	4,72	14,69	-1,66	73,66
649	10.08.20 19:28:48	5,89	4,72	15,55	-6,87	67,58
650	10.08.20 19:28:49	5,81	4,72	7,31	2,27	80,43
651	10.08.20 19:28:50	5,78	4,72	8,24	-6,72	75,05
652	10.08.20 19:28:51	5,78	4,76	6,12	-2,99	80,90
653	10.08.20 19:28:52	5,78	4,72	8,73	0,25	81,02
654	10.08.20 19:28:53	5,78	4,69	0,08	-24,08	65,83
655	10.08.20 19:28:54	5,74	4,69	7,32	20,61	62,07
656	10.08.20 19:28:55	5,71	4,74	1,93	8,26	79,81
657	10.08.20 19:28:56	5,67	4,71	13,99	-9,42	66,59
658	10.08.20 19:28:57	5,64	4,71	-3,22	-7,03	79,75
659	10.08.20 19:28:58	5,60	4,69	8,80	-18,20	62,99
660	10.08.20 19:28:59	5,60	4,73	4,65	-8,32	77,03
661	10.08.20 19:29:00	5,56	4,73	-0,38	-2,45	87,17
662	10.08.20 19:29:01	5,56	4,76	5,53	7,53	76,94
663	10.08.20 19:29:02	5,49	4,73	4,51	9,75	75,73
664	10.08.20 19:29:03	5,46	4,71	-10,68	5,84	73,48
665	10.08.20 19:29:04	5,46	4,71	0,28	-10,59	79,13
666	10.08.20 19:29:05	5,46	4,73	11,92	1,09	76,98
667	10.08.20 19:29:06	5,42	4,71	11,56	-12,32	66,12
668	10.08.20 19:29:07	5,38	4,73	4,06	-1,02	84,92
669	10.08.20 19:29:08	5,35	4,73	20,13	-3,59	66,28
670	10.08.20 19:29:09	5,35	4,71	-9,52	-7,22	73,25
671	10.08.20 19:29:10	5,31	4,75	-0,95	-2,31	86,75
672	10.08.20 19:29:11	5,28	4,77	1,60	-0,29	88,10
673	10.08.20 19:29:12	5,28	4,69	5,94	-5,68	78,38
674	10.08.20 19:29:13	5,24	4,73	22,93	-10,54	56,53
675	10.08.20 19:29:14	5,20	4,75	-4,43	1,52	84,05
676	10.08.20 19:29:15	5,20	4,73	13,80	6,99	69,21
677	10.08.20 19:29:16	5,17	4,75	5,19	-6,59	78,22
678	10.08.20 19:29:17	5,17	4,75	10,79	11,03	68,18
679	10.08.20 19:29:18	5,17	4,75	13,64	12,69	63,67
680	10.08.20 19:29:19	5,13	4,75	17,21	-8,45	64,34
681	10.08.20 19:29:20	5,10	4,73	9,27	-0,77	79,96
682	10.08.20 19:29:21	5,10	4,75	1,58	7,02	81,40
683	10.08.20 19:29:22	5,06	4,73	34,43	-3,69	51,89
684	10.08.20 19:29:23	5,02	4,73	8,35	4,11	77,54
685	10.08.20 19:29:24	4,99	4,77	11,32	-4,87	73,81
686	10.08.20 19:29:25	4,99	4,73	-2,74	-5,61	81,65
687	10.08.20 19:29:26	4,95	4,77	-2,57	-7,93	79,51
688	10.08.20 19:29:27	4,95	4,75	10,54	2,25	77,21
689	10.08.20 19:29:28	4,95	4,77	13,74	-9,73	66,53
690	10.08.20 19:29:29	4,95	4,73	8,26	12,63	69,11
691	10.08.20 19:29:30	4,91	4,77	24,07	-2,99	62,94
692	10.08.20 19:29:31	4,88	4,77	1,91	3,76	84,33
693	10.08.20 19:29:32	4,88	4,75	5,02	-4,37	80,61
694	10.08.20 19:29:33	4,88	4,73	1,34	-8,01	80,65
695	10.08.20 19:29:34	4,88	4,86	27,87	-8,58	53,55
696	10.08.20 19:29:35	4,80	4,79	3,14	-3,43	83,43
697	10.08.20 19:29:36	4,80	4,77	3,02	-3,46	83,52
698	10.08.20 19:29:37	4,80	4,77	-22,21	-0,11	67,68
699	10.08.20 19:29:38	4,77	4,77	-1,63	1,58	86,80
700	10.08.20 19:29:39	4,77	4,75	0,71	2,70	86,60
701	10.08.20 19:29:40	4,77	4,77	6,00	0,23	83,76
702	10.08.20 19:29:41	4,77	4,77	-3,91	-8,00	78,08
703	10.08.20 19:29:42	4,77	4,75	13,96	-3,94	72,10
704	10.08.20 19:29:43	4,77	4,75	1,77	-1,13	87,11
705	10.08.20 19:29:44	4,77	4,75	-9,24	-1,00	79,76
706	10.08.20 19:29:45	4,77	4,75	-6,72	-3,16	80,12
707	10.08.20 19:29:46	4,77	4,77	0,10	6,24	83,66
708	10.08.20 19:29:47	4,77	4,75	-7,38	-4,34	78,28
709	10.08.20 19:29:48	4,73	4,77	-1,39	-5,55	83,06
710	10.08.20 19:29:49	4,73	4,77	10,04	8,58	71,38
711	10.08.20 19:29:50	4,70	4,77	-4,30	-3,72	81,98
712	10.08.20 19:29:51	4,70	4,75	10,28	-0,48	79,25
713	10.08.20 19:29:52	4,70	4,73	6,12	-3,33	80,54
714	10.08.20 19:29:53	4,70	4,75	0,37	-6,41	83,22
715	10.08.20 19:29:54	4,66	4,75	-8,36	2,17	79,47
716	10.08.20 19:29:55	4,66	4,75	6,06	3,69	80,25
717	10.08.20 19:29:56	4,66	4,75	19,70	6,44	63,86
718	10.08.20 19:29:57	4,66	4,75	-9,34	8,43	72,22
719	10.08.20 19:29:58	4,62	4,75	-1,37	-7,38	81,26
720	10.08.20 19:29:59	4,62	4,72	-2,89	7,16	79,95
721	10.08.20 19:30:00	4,59	4,72	-0,06	8,82	81,12
722	10.08.20 19:30:01	4,59	4,75	22,92	4,25	62,83
723	10.08.20 19:30:02	4,55	4,74	-6,84	7,76	75,40
724	10.08.20 19:30:03	4,51	4,79	9,06	-5,63	75,31
725	10.08.20 19:30:04	4,48	4,74	9,50	5,40	75,11
726	10.08.20 19:30:05	4,48	4,72	23,32	-0,74	65,94
727	10.08.20 19:30:06	4,44	4,74	-6,18	4,84	78,98
728	10.08.20 19:30:07	4,44	4,72	-5,27	-5,44	79,29
729	10.08.20 19:30:08	4,44	4,72	1,85	3,45	84,70
730	10.08.20 19:30:09	4,44	4,74	1,77	-19,06	69,17
731	10.08.20 19:30:10	4,40	4,70	-2,83	3,95	83,21
732	10.08.20 19:30:11	4,40	4,72	-0,39	-6,38	83,22
733	10.08.20 19:30:12	4,40	4,72	17,23	-1,69	71,08
734	10.08.20 19:30:13	4,37	4,70	-0,07	14,65	75,29
735	10.08.20 19:30:14	4,37	4,70	0,96	-2,50	86,54
736	10.08.20 19:30:15	4,37	4,74	4,31	-2,14	83,54
737	10.08.20 19:30:16	4,33	4,74	10,93	0,94	78,13
738	10.08.20 19:30:17	4,33	4,72	-3,52	11,21	75,27
739	10.08.20 19:30:18	4,33	4,74	25,39	-8,97	55,64
740	10.08.20 19:30:19	4,29	4,72	6,30	-0,66	83,04
741	10.08.20 19:30:20	4,29	4,68	7,25	7,39	75,37
742	10.08.20 19:30:21	4,25	4,74	20,62	-9,64	59,74
743	10.08.20 19:30:22	4,25	4,72	-7,40	12,40	70,20
744	10.08.20 19:30:23	4,22	4,72	20,22	-6,56	63,22
745	10.08.20 19:30:24	4,18	4,70	-0,30	12,43	77,27
746	10.08.20 19:30:25	4,18	4,72	7,14	5,56	77,30
747	10.08.20 19:30:26	4,18	4,72	6,48	-3,67	79,85
748	10.08.20 19:30:27	4,18	4,72	16,53	-6,47	67,00
749	10.08.20 19:30:28	4,18	4,70	-3,11	-10,93	75,95
750	10.08.20 19:30:29	4,14	4,72	-5,90	-7,03	77,07
751	10.08.20 19:30:30	4,14	4,72	-0,50	-4,59	84,91
752	10.08.20 19:30:31	4,14	4,72	4,39	-1,35	84,26
753	10.08.20 19:30:32	4,14	4,74	6,25	-1,35	82,40
754	10.08.20 19:30:33	4,14	4,74	17,15	-1,60	71,25
755	10.08.20 19:30:34	4,11	4,72	2,47	2,13	85,40
756	10.08.20 19:30:35	4,11	4,72	6,81	-5,65	77,54
757	10.08.20 19:30:36	4,11	4,72	-5,21	-4,16	80,63
758	10.08.20 19:30:37	4,11	4,70	-3,03	-11,19	75,78
759	10.08.20 19:30:38	4,11	4,72	26,06	-2,53	61,41
760	10.08.20 19:30:39	4,11	4,72	11,10	-8,92	69,98
761	10.08.20 19:30:40	4,11	4,74	22,68	-1,10	66,22
762	10.08.20 19:30:41	4,07	4,70	32,01	6,73	51,26
763	10.08.20 19:30:42	4,07	4,70	5,86	-9,84	74,30
764	10.08.20 19:30:43	4,03	4,72	21,15	17,29	51,57
765	10.08.20 19:30:44	4,03	4,67	6,76	17,62	65,61
766	10.08.20 19:30:45	4,00	4,74	-12,08	11,19	66,73
767	10.08.20 19:30:46	4,00	4,72	6,39	-14,46	69,15
768	10.08.20 19:30:47	3,96	4,72	0,77	-12,72	76,50
769	10.08.20 19:30:48	3,96	4,72	-1,08	8,49	80,43
770	10.08.20 19:30:49	3,96	4,74	21,88	-2,42	65,70
771	10.08.20 19:30:50	3,96	4,72	3,49	4,73	81,78
772	10.08.20 19:30:51	3,92	4,72	-2,31	8,76	78,93
773	10.08.20 19:30:52	3,92	4,69	2,92	6,44	80,64
774	10.08.20 19:30:53	3,92	4,72	6,26	-4,30	79,44
775	10.08.20 19:30:54	3,92	4,72	10,70	6,61	72,69
776	10.08.20 19:30:55	3,92	4,69	-2,34	-5,58	82,08
777	10.08.20 19:30:56	3,92	4,69	11,57	10,54	67,89
778	10.08.20 19:30:57	3,92	4,69	12,20	-7,24	70,56
779	10.08.20 19:30:58	3,92	4,69	18,85	-14,58	56,57
780	10.08.20 19:30:59	3,88	4,72	-15,76	-6,06	68,18
781	10.08.20 19:31:00	3,88	4,72	-2,64	-5,70	81,66
782	10.08.20 19:31:01	3,85	4,69	-16,59	2,74	70,67
783	10.08.20 19:31:02	3,85	4,69	-16,24	-10,12	63,65
784	10.08.20 19:31:03	3,85	4,72	28,90	7,80	53,31
785	10.08.20 19:31:04	3,85	4,67	17,04	-0,43	72,53
786	10.08.20 19:31:05	3,85	4,72	24,82	-4,28	60,89
787	10.08.20 19:31:06	3,81	4,67	16,03	-9,57	64,41
788	10.08.20 19:31:07	3,81	4,69	16,98	-1,99	71,04
789	10.08.20 19:31:08	3,81	4,67	37,10	-5,41	47,49
790	10.08.20 19:31:09	3,81	4,67	23,04	3,36	63,60
791	10.08.20 19:31:10	3,81	4,67	16,26	0,24	73,50
792	10.08.20 19:31:11	3,77	4,69	9,85	3,56	76,59
793	10.08.20 19:31:12	3,77	4,74	18,25	8,83	62,92
794	10.08.20 19:31:13	3,77	4,69	7,81	-4,78	77,41
795	10.08.20 19:31:14	3,77	4,69	7,30	-4,93	77,77
796	10.08.20 19:31:15	3,77	4,71	14,09	6,22	69,69
797	10.08.20 19:31:16	3,77	4,69	10,07	1,62	78,31
798	10.08.20 19:31:17	3,77	4,69	11,77	-1,59	76,64
799	10.08.20 19:31:18	3,77	4,69	2,97	-3,71	83,31
800	10.08.20 19:31:19	3,77	4,69	7,57	2,75	79,68
801	10.08.20 19:31:20	3,77	4,69	11,13	14,84	64,03
802	10.08.20 19:31:21	3,77	4,67	4,01	-21,24	64,76
803	10.08.20 19:31:22	3,73	4,71	4,36	-8,19	77,45
804	10.08.20 19:31:23	3,73	4,69	15,42	-0,08	74,50
805	10.08.20 19:31:24	3,73	4,67	19,16	-3,34	67,50
806	10.08.20 19:31:25	3,73	4,71	-10,86	-3,17	75,97
807	10.08.20 19:31:26	3,70	4,69	-5,38	7,96	76,66
808	10.08.20 19:31:27	3,70	4,69	4,54	-1,53	83,94
809	10.08.20 19:31:28	3,70	4,69	10,31	1,39	78,31
810	10.08.20 19:31:29	3,70	4,69	9,28	-12,32	68,40
811	10.08.20 19:31:30	3,70	4,67	-0,40	23,15	66,46
812	10.08.20 19:31:31	3,70	4,67	-2,51	-8,48	79,01
813	10.08.20 19:31:32	3,70	4,67	6,40	-4,51	79,09
814	10.08.20 19:31:33	3,70	4,69	-1,20	2,53	86,27
815	10.08.20 19:31:34	3,70	4,69	18,56	-2,72	68,72
816	10.08.20 19:31:35	3,70	4,69	16,23	12,13	61,64
817	10.08.20 19:31:36	3,66	4,67	6,46	0,12	83,42
818	10.08.20 19:31:37	3,66	4,88	27,92	-6,72	55,36
819	10.08.20 19:31:38	3,66	4,69	0,08	-17,35	72,56
820	10.08.20 19:31:39	3,66	4,65	4,58	0,85	84,56
821	10.08.20 19:31:40	3,66	4,67	-3,08	2,08	84,84
822	10.08.20 19:31:41	3,66	4,71	18,59	3,53	67,88
823	10.08.20 19:31:42	3,66	4,67	26,36	0,73	62,90
824	10.08.20 19:31:43	3,62	4,65	2,02	-7,06	80,91
825	10.08.20 19:31:44	3,62	4,67	-0,99	-7,46	81,55
826	10.08.20 19:31:45	3,59	4,69	29,37	-4,46	56,18
827	10.08.20 19:31:46	3,59	4,69	5,90	16,16	67,94
828	10.08.20 19:31:47	3,59	4,69	14,89	-3,98	71,13
829	10.08.20 19:31:48	3,59	4,71	24,90	13,53	51,57
830	10.08.20 19:31:49	3,59	4,69	35,24	-7,49	47,27
831	10.08.20 19:31:50	3,59	4,69	-1,32	-5,28	83,40
832	10.08.20 19:31:51	3,55	4,69	20,66	2,21	67,13
833	10.08.20 19:31:52	3,55	4,63	3,32	-2,65	84,03
834	10.08.20 19:31:53	3,55	4,69	12,14	-3,37	74,49
835	10.08.20 19:31:54	3,55	4,69	-3,58	4,18	82,24
836	10.08.20 19:31:55	3,55	4,73	-3,30	-2,00	84,71
837	10.08.20 19:31:56	3,55	4,69	8,87	13,03	68,10
838	10.08.20 19:31:57	3,55	4,71	-5,01	-1,04	83,95
839	10.08.20 19:31:58	3,55	4,73	19,51	-22,49	48,00
840	10.08.20 19:31:59	3,55	4,73	4,99	-6,43	78,58
841	10.08.20 19:32:00	3,55	4,69	2,31	0,44	87,25
842	10.08.20 19:32:01	3,55	4,71	-6,30	-2,73	80,96
843	10.08.20 19:32:02	3,55	4,69	51,38	16,38	22,24
844	10.08.20 19:32:03	3,51	4,69	26,03	6,94	57,03
845	10.08.20 19:32:04	3,51	4,71	5,34	13,68	70,98
846	10.08.20 19:32:05	3,51	4,71	14,65	0,58	74,77
847	10.08.20 19:32:06	3,51	4,71	9,60	-7,48	72,92
848	10.08.20 19:32:07	3,51	4,71	7,69	-6,50	75,81
849	10.08.20 19:32:08	3,51	4,71	7,44	-12,64	69,92
850	10.08.20 19:32:09	3,51	4,67	-4,54	-9,16	76,30
851	10.08.20 19:32:10	3,51	4,73	16,63	0,64	72,73
852	10.08.20 19:32:11	3,47	4,71	42,97	14,45	32,58
853	10.08.20 19:32:12	3,47	4,73	5,44	-5,34	79,23
854	10.08.20 19:32:13	3,47	4,67	10,53	-5,02	74,46
855	10.08.20 19:32:14	3,47	4,73	11,14	7,62	71,24
856	10.08.20 19:32:15	3,47	4,71	14,28	0,76	74,97
857	10.08.20 19:32:16	3,47	4,69	-2,27	2,95	84,78
858	10.08.20 19:32:17	3,47	4,71	7,18	-23,89	58,94
859	10.08.20 19:32:18	3,47	4,69	5,68	1,61	82,71
860	10.08.20 19:32:19	3,47	4,84	17,17	-15,07	57,77
861	10.08.20 19:32:20	3,47	4,69	-7,51	-6,90	75,59
862	10.08.20 19:32:21	3,47	4,71	18,37	-30,22	41,42
863	10.08.20 19:32:22	3,47	4,69	-13,35	-3,03	73,63
864	10.08.20 19:32:23	3,44	4,69	1,95	-5,78	82,27
865	10.08.20 19:32:24	3,44	4,67	18,83	9,88	61,29
866	10.08.20 19:32:25	3,44	4,71	2,10	-11,50	76,41
867	10.08.20 19:32:26	3,44	4,69	-6,17	-6,45	77,38
868	10.08.20 19:32:27	3,44	4,67	-4,58	-4,34	81,08
869	10.08.20 19:32:28	3,44	4,69	12,53	-8,58	68,89
870	10.08.20 19:32:29	3,44	4,69	9,66	12,48	67,87
871	10.08.20 19:32:30	3,44	4,69	3,18	-6,58	80,25
872	10.08.20 19:32:31	3,44	4,69	6,91	2,96	80,13
873	10.08.20 19:32:32	3,44	4,67	-10,19	-9,59	70,22
874	10.08.20 19:32:33	3,44	4,67	29,00	5,82	55,17
875	10.08.20 19:32:34	3,44	4,67	-6,68	-2,60	80,72
876	10.08.20 19:32:35	3,40	4,62	-5,78	-14,67	69,55
877	10.08.20 19:32:36	3,44	4,71	12,10	0,66	77,24
878	10.08.20 19:32:37	3,40	4,71	0,50	-0,76	88,73
879	10.08.20 19:32:38	3,40	4,69	19,98	28,99	41,03
880	10.08.20 19:32:39	3,40	4,69	21,63	18,34	50,04
881	10.08.20 19:32:40	3,40	4,69	14,54	4,36	71,10
882	10.08.20 19:32:41	3,40	4,71	11,88	26,61	51,51
883	10.08.20 19:32:42	3,40	4,69	20,74	-5,51	63,75
884	10.08.20 19:32:43	3,40	4,67	0,25	-6,07	83,68
885	10.08.20 19:32:44	3,40	4,71	19,80	-1,74	68,46
886	10.08.20 19:32:45	3,40	4,71	-12,72	4,17	73,11
887	10.08.20 19:32:46	3,40	4,71	-14,55	9,43	66,02
888	10.08.20 19:32:47	3,40	4,71	-9,03	12,60	68,37
889	10.08.20 19:32:48	3,40	4,71	-9,87	26,40	53,73
890	10.08.20 19:32:49	3,40	4,71	3,08	6,58	80,34
891	10.08.20 19:32:50	3,40	4,71	10,08	6,35	73,56
892	10.08.20 19:32:51	3,40	4,69	-6,80	-13,06	70,14
893	10.08.20 19:32:52	3,40	4,69	-1,37	7,37	81,27
894	10.08.20 19:32:53	3,40	4,71	4,92	4,67	80,41
895	10.08.20 19:32:54	3,36	4,71	5,89	-6,75	77,36
896	10.08.20 19:32:55	3,36	4,71	5,40	7,47	77,14
897	10.08.20 19:32:56	3,36	4,71	-1,25	-10,09	78,66
898	10.08.20 19:32:57	3,36	4,67	49,92	5,97	34,11
899	10.08.20 19:32:58	3,36	4,69	-3,68	3,57	82,74
900	10.08.20 19:32:59	3,36	4,69	3,94	6,53	79,53
901	10.08.20 19:33:00	3,36	4,69	13,78	-2,54	73,69
902	10.08.20 19:33:01	3,36	4,71	13,74	4,27	71,99
903	10.08.20 19:33:02	3,36	4,69	16,95	3,57	69,49
904	10.08.20 19:33:03	3,36	4,73	7,42	4,52	78,06
905	10.08.20 19:33:04	3,36	4,77	8,36	16,08	65,56
906	10.08.20 19:33:05	3,36	4,69	9,21	-1,71	79,08
907	10.08.20 19:33:06	3,36	4,69	11,90	47,10	31,00
908	10.08.20 19:33:07	3,36	4,67	7,23	0,86	81,91
909	10.08.20 19:33:08	3,36	4,67	-5,26	-2,47	82,28
910	10.08.20 19:33:09	3,32	4,69	33,96	-4,62	51,41
911	10.08.20 19:33:10	3,32	4,75	57,19	9,77	23,03
912	10.08.20 19:33:11	3,32	4,62	1,59	14,86	73,55
913	10.08.20 19:33:12	3,32	4,69	6,70	-5,32	77,99
914	10.08.20 19:33:13	3,32	4,65	0,21	-13,01	76,78
915	10.08.20 19:33:14	3,32	4,69	5,69	15,50	68,81
916	10.08.20 19:33:15	3,32	4,69	7,68	-5,58	76,74
917	10.08.20 19:33:16	3,32	4,71	-1,74	-2,26	86,01
918	10.08.20 19:33:17	3,32	4,73	0,35	2,10	87,55
919	10.08.20 19:33:18	3,32	4,69	13,24	0,89	75,87
920	10.08.20 19:33:19	3,32	4,71	7,63	-1,56	80,81
921	10.08.20 19:33:20	3,32	4,69	3,44	-0,68	85,88
922	10.08.20 19:33:21	3,32	4,69	3,86	7,97	78,17
923	10.08.20 19:33:22	3,32	4,67	-13,01	-6,53	70,45
924	10.08.20 19:33:23	3,32	4,69	5,86	1,21	82,92
925	10.08.20 19:33:24	3,32	4,60	4,78	-5,39	79,83
926	10.08.20 19:33:25	3,32	4,69	13,05	5,71	71,24
927	10.08.20 19:33:26	3,32	4,67	-5,02	0,55	84,43
928	10.08.20 19:33:27	3,32	4,69	3,36	5,82	80,82
929	10.08.20 19:33:28	3,32	4,67	-4,46	1,67	83,88
930	10.08.20 19:33:29	3,32	4,67	0,00	-1,89	88,11
931	10.08.20 19:33:30	3,32	4,69	-8,46	-2,63	78,91
932	10.08.20 19:33:31	3,32	4,67	7,12	20,31	62,57
933	10.08.20 19:33:32	3,32	4,65	7,78	3,08	79,14
934	10.08.20 19:33:33	3,32	4,92	-0,62	3,11	86,27
935	10.08.20 19:33:34	3,32	4,69	13,01	-6,44	70,55
936	10.08.20 19:33:35	3,32	4,65	-4,25	1,14	84,61
937	10.08.20 19:33:36	3,32	4,67	1,64	3,65	84,71
938	10.08.20 19:33:37	3,32	4,65	-4,25	-7,48	78,27
939	10.08.20 19:33:38	3,32	4,67	0,98	-1,88	87,14
940	10.08.20 19:33:39	3,32	4,65	2,37	-5,13	82,49
941	10.08.20 19:33:40	3,32	4,65	15,97	1,02	73,02
942	10.08.20 19:33:41	3,32	4,67	3,26	5,56	81,18
943	10.08.20 19:33:42	3,32	4,67	7,10	-11,54	71,35
944	10.08.20 19:33:43	3,32	4,65	2,95	-3,26	83,79
945	10.08.20 19:33:44	3,32	4,67	6,72	2,47	80,80
946	10.08.20 19:33:45	3,32	4,65	27,31	-10,63	52,06
947	10.08.20 19:33:46	3,32	4,67	2,31	9,65	78,04
948	10.08.20 19:33:47	3,32	4,67	-1,74	3,58	84,68
949	10.08.20 19:33:48	3,32	4,67	16,41	-5,94	67,65
950	10.08.20 19:33:49	3,32	4,65	-13,05	2,08	74,88
951	10.08.20 19:33:50	3,32	4,65	4,86	31,87	53,27
952	10.08.20 19:33:51	3,32	4,65	-0,02	3,46	86,51
953	10.08.20 19:33:52	3,32	4,67	-12,40	-6,68	70,92
954	10.08.20 19:33:53	3,32	4,67	3,41	-1,35	85,24
955	10.08.20 19:33:54	3,32	4,67	7,90	13,30	68,81
956	10.08.20 19:33:55	3,32	4,67	13,56	13,43	63,01
957	10.08.20 19:33:56	3,28	4,67	-10,63	6,62	72,75
958	10.08.20 19:33:57	3,32	4,65	17,23	-7,27	65,50
959	10.08.20 19:33:58	3,32	4,65	-8,05	-0,94	81,01
960	10.08.20 19:33:59	3,28	4,64	5,90	17,86	66,24
961	10.08.20 19:34:00	3,28	4,64	2,70	-2,89	84,41
962	10.08.20 19:34:01	3,28	4,62	6,96	-0,11	82,93
963	10.08.20 19:34:02	3,28	4,64	-1,27	12,61	76,12
964	10.08.20 19:34:03	3,28	4,64	10,62	-8,49	70,89
965	10.08.20 19:34:04	3,28	4,62	20,82	-26,51	42,67
966	10.08.20 19:34:05	3,28	4,64	11,45	-18,66	59,90
967	10.08.20 19:34:06	3,28	4,64	12,55	-0,53	76,92
968	10.08.20 19:34:07	3,28	4,64	18,35	-4,48	67,17
969	10.08.20 19:34:08	3,28	4,62	-0,60	7,38	82,02
970	10.08.20 19:34:09	3,28	4,64	9,21	11,44	69,35
971	10.08.20 19:34:10	3,28	4,67	26,14	2,11	61,75
972	10.08.20 19:34:11	3,28	4,62	17,21	-1,09	71,70
973	10.08.20 19:34:12	3,28	4,67	-7,61	2,02	80,37
974	10.08.20 19:34:13	3,28	4,62	1,14	4,33	84,53
975	10.08.20 19:34:14	3,28	4,64	16,78	3,72	69,51
976	10.08.20 19:34:15	3,28	4,64	11,44	-2,76	75,80
977	10.08.20 19:34:16	3,28	4,62	13,17	9,35	67,48
978	10.08.20 19:34:17	3,28	4,64	5,26	5,44	79,29
979	10.08.20 19:34:18	3,28	4,67	9,22	16,75	64,04
980	10.08.20 19:34:19	3,28	4,64	6,91	5,22	77,87
981	10.08.20 19:34:20	3,28	4,64	12,87	17,47	59,65
982	10.08.20 19:34:21	3,28	4,64	15,94	5,16	68,90
983	10.08.20 19:34:22	3,28	4,64	-1,60	22,11	66,29
984	10.08.20 19:34:23	3,28	4,64	5,35	8,39	76,26
985	10.08.20 19:34:24	3,28	4,64	15,98	38,91	35,11
986	10.08.20 19:34:25	3,28	4,64	-9,35	4,22	76,42
987	10.08.20 19:34:26	3,28	4,67	-4,02	22,37	63,62
988	10.08.20 19:34:27	3,28	4,64	4,50	5,62	79,88
989	10.08.20 19:34:28	3,28	4,67	6,75	20,37	62,88
990	10.08.20 19:34:29	3,28	4,64	-4,98	16,36	68,66
991	10.08.20 19:34:30	3,28	4,64	5,47	9,90	74,63
992	10.08.20 19:34:31	3,28	4,64	-1,62	13,98	74,40
993	10.08.20 19:34:32	3,28	4,64	3,66	2,56	83,78
994	10.08.20 19:34:33	3,28	4,64	3,66	10,93	75,41
995	10.08.20 19:34:34	3,28	4,64	-0,39	14,63	74,97
996	10.08.20 19:34:35	3,28	4,67	2,83	17,85	69,32
997	10.08.20 19:34:36	3,28	4,64	4,53	11,10	74,37
998	10.08.20 19:34:37	3,28	4,62	3,76	26,85	59,38
999	10.08.20 19:34:38	3,28	4,62	31,30	31,81	26,89
1000	10.08.20 19:34:39	3,28	4,62	53,21	25,80	10,99
1001	10.08.20 19:34:40	3,28	4,62	45,55	24,43	20,01
1002	10.08.20 19:34:41	3,28	4,60	50,19	21,15	18,66
1003	10.08.20 19:34:42	3,28	4,60	51,13	22,01	16,86
1004	10.08.20 19:34:43	3,28	4,60	48,59	23,34	18,08
1005	10.08.20 19:34:44	3,28	4,60	50,05	21,57	18,38
1006	10.08.20 19:34:45	3,28	4,58	46,61	22,70	20,69
1007	10.08.20 19:34:46	3,28	4,60	50,90	20,17	18,93
1008	10.08.20 19:34:47	3,28	4,58	55,90	15,11	18,98
1009	10.08.20 19:34:48	3,28	4,58	53,03	20,02	16,95
1010	10.08.20 19:34:49	3,28	4,54	44,44	23,94	21,62
1011	10.08.20 19:34:50	3,28	4,54	47,33	23,29	19,37
1012	10.08.20 19:34:51	3,28	4,52	47,97	22,62	19,41
1013	10.08.20 19:34:52	3,28	4,50	48,95	23,71	17,34
1014	10.08.20 19:34:53	3,28	4,50	46,51	24,21	19,28
1015	10.08.20 19:34:54	3,28	4,47	48,54	23,23	18,23
1016	10.08.20 19:34:55	3,28	4,47	46,92	24,18	18,91
1017	10.08.20 19:34:56	3,28	4,45	43,12	26,13	20,75
1018	10.08.20 19:34:57	3,28	4,45	46,03	25,38	18,59
1019	10.08.20 19:34:58	3,28	4,43	46,07	25,62	18,32
1020	10.08.20 19:34:59	3,28	4,41	44,70	25,74	19,56
1021	10.08.20 19:35:00	3,28	4,39	47,84	24,48	17,68
1022	10.08.20 19:35:01	3,28	4,37	44,52	26,63	18,85
1023	10.08.20 19:35:02	3,28	4,35	47,06	27,19	15,74
1024	10.08.20 19:35:03	3,28	4,32	42,58	28,21	19,21
1025	10.08.20 19:35:04	3,28	4,28	41,70	26,19	22,11
1026	10.08.20 19:35:05	3,28	4,26	42,71	27,45	19,84
1027	10.08.20 19:35:06	3,28	4,24	42,74	27,21	20,05
1028	10.08.20 19:35:07	3,28	4,22	40,23	27,20	22,58
1029	10.08.20 19:35:08	3,28	4,20	42,55	25,84	21,61
1030	10.08.20 19:35:09	3,28	4,17	42,93	25,91	21,16
1031	10.08.20 19:35:10	3,28	4,13	43,49	27,36	19,15
1032	10.08.20 19:35:11	3,28	4,09	39,85	25,85	24,30
1033	10.08.20 19:35:12	3,28	4,07	40,33	25,71	23,96
1034	10.08.20 19:35:13	3,28	4,05	39,85	25,44	24,71
1035	10.08.20 19:35:14	3,28	4,02	41,06	24,37	24,58
1036	10.08.20 19:35:15	3,28	3,98	43,17	24,08	22,75
1037	10.08.20 19:35:16	3,28	3,94	33,96	26,52	29,52
1038	10.08.20 19:35:17	3,28	3,92	36,77	24,69	28,54
1039	10.08.20 19:35:18	3,28	3,90	46,73	21,77	21,50
1040	10.08.20 19:35:19	3,28	3,94	52,58	23,72	13,70
1041	10.08.20 19:35:20	3,28	3,96	53,24	26,10	10,65
1042	10.08.20 19:35:21	3,28	3,96	52,12	26,80	11,08
1043	10.08.20 19:35:22	3,28	3,98	52,50	25,78	11,72
1044	10.08.20 19:35:23	3,28	4,00	50,77	25,52	13,71
1045	10.08.20 19:35:24	3,25	4,02	49,09	28,01	12,90
1046	10.08.20 19:35:25	3,28	4,05	54,72	23,55	11,72
1047	10.08.20 19:35:26	3,25	4,02	54,02	25,49	10,48
1048	10.08.20 19:35:27	3,25	4,05	55,57	24,61	9,82
1049	10.08.20 19:35:28	3,25	4,05	54,81	24,67	10,51
1050	10.08.20 19:35:29	3,25	4,07	54,76	23,29	11,96
1051	10.08.20 19:35:30	3,25	4,05	55,59	23,27	11,14
1052	10.08.20 19:35:31	3,25	4,02	53,27	23,31	13,42
1053	10.08.20 19:35:32	3,28	4,00	54,48	24,19	11,32
1054	10.08.20 19:35:33	3,25	4,00	51,04	22,93	16,03
1055	10.08.20 19:35:34	3,25	4,00	52,80	22,57	14,63
1056	10.08.20 19:35:35	3,28	3,96	50,64	22,97	16,39
1057	10.08.20 19:35:36	3,25	3,94	49,69	23,08	17,23
1058	10.08.20 19:35:37	3,25	3,94	49,72	24,58	15,70
1059	10.08.20 19:35:38	3,28	3,92	49,89	23,54	16,57
1060	10.08.20 19:35:39	3,28	3,90	48,92	24,43	16,64
1061	10.08.20 19:35:40	3,25	3,90	48,88	24,25	16,87
1062	10.08.20 19:35:41	3,28	3,87	48,94	24,77	16,29
1063	10.08.20 19:35:42	3,28	3,87	49,20	24,69	16,11
1064	10.08.20 19:35:43	3,25	3,85	48,51	23,91	17,59
1065	10.08.20 19:35:44	3,25	3,83	48,03	25,01	16,96
1066	10.08.20 19:35:45	3,28	3,81	48,79	24,88	16,33
1067	10.08.20 19:35:46	3,28	3,79	48,37	24,17	17,46
1068	10.08.20 19:35:47	3,28	3,77	45,09	25,16	19,74
1069	10.08.20 19:35:48	3,25	3,72	46,44	22,58	20,98
1070	10.08.20 19:35:49	3,25	3,66	43,46	24,39	22,15
1071	10.08.20 19:35:50	3,25	3,62	45,53	22,47	22,00
1072	10.08.20 19:35:51	3,25	3,55	41,29	23,79	24,91
1073	10.08.20 19:35:52	3,25	3,45	40,05	22,16	27,79
1074	10.08.20 19:35:53	3,28	3,36	37,35	23,68	28,97
1075	10.08.20 19:35:54	3,28	3,28	39,45	20,17	30,38
1076	10.08.20 19:35:55	3,28	3,19	38,83	20,31	30,86
1077	10.08.20 19:35:56	3,28	3,10	37,28	21,54	31,18
1078	10.08.20 19:35:57	3,28	3,02	34,88	22,86	32,26
1079	10.08.20 19:35:58	3,32	2,93	37,41	20,73	31,86
1080	10.08.20 19:35:59	3,36	2,85	32,69	24,61	32,71
1081	10.08.20 19:36:00	3,44	2,74	31,41	25,66	32,93
1082	10.08.20 19:36:01	3,47	2,66	33,40	25,65	30,95
1083	10.08.20 19:36:02	3,59	2,57	32,61	23,89	33,50
1084	10.08.20 19:36:03	3,62	2,51	31,67	28,43	29,90
1085	10.08.20 19:36:04	3,77	2,43	32,57	27,54	29,89
1086	10.08.20 19:36:05	3,96	2,32	34,16	27,28	28,55
1087	10.08.20 19:36:06	4,29	2,30	31,94	30,87	27,19
1088	10.08.20 19:36:07	4,51	2,20	34,21	31,01	24,77
1089	10.08.20 19:36:08	5,17	2,08	33,27	35,45	21,28
1090	10.08.20 19:36:09	5,64	2,00	34,13	35,09	20,79
1091	10.08.20 19:36:10	6,10	1,96	33,38	37,16	19,46
1092	10.08.20 19:36:11	6,31	1,98	34,50	37,42	18,08
1093	10.08.20 19:36:12	6,42	1,92	31,78	40,17	18,05
1094	10.08.20 19:36:13	6,91	1,73	29,90	41,07	19,03
1095	10.08.20 19:36:14	7,46	1,67	26,18	43,23	20,59
1096	10.08.20 19:36:15	7,91	1,61	27,75	40,88	21,38
1097	10.08.20 19:36:16	8,22	1,60	27,47	39,97	22,55
1098	10.08.20 19:36:17	8,42	1,55	28,20	40,55	21,25
1099	10.08.20 19:36:18	8,63	1,49	29,49	39,49	21,02
1100	10.08.20 19:36:19	8,76	1,47	29,67	37,01	23,31
1101	10.08.20 19:36:20	8,83	1,47	27,98	39,29	22,73
1102	10.08.20 19:36:21	8,96	1,37	28,66	38,67	22,67
1103	10.08.20 19:36:22	9,13	1,35	27,23	37,50	25,27
1104	10.08.20 19:36:23	9,23	1,31	26,35	38,84	24,82
1105	10.08.20 19:36:24	9,26	1,26	27,79	38,51	23,70
1106	10.08.20 19:36:25	9,36	1,22	27,08	39,45	23,47
1107	10.08.20 19:36:26	9,46	1,20	28,66	37,34	24,00
1108	10.08.20 19:36:27	9,53	1,18	28,06	34,68	27,26
1109	10.08.20 19:36:28	9,60	1,12	26,25	37,74	26,01
1110	10.08.20 19:36:29	9,66	1,12	26,41	36,76	26,84
1111	10.08.20 19:36:30	9,66	1,12	27,95	35,02	27,03
1112	10.08.20 19:36:31	9,63	1,10	27,04	35,70	27,26
1113	10.08.20 19:36:32	9,66	1,03	27,75	36,34	25,91
1114	10.08.20 19:36:33	9,66	1,01	26,80	35,64	27,56
1115	10.08.20 19:36:34	9,73	0,99	26,44	34,87	28,69
1116	10.08.20 19:36:35	9,80	0,95	25,69	32,90	31,41
1117	10.08.20 19:36:36	9,83	0,95	26,11	32,29	31,60
1118	10.08.20 19:36:37	9,86	0,91	27,89	30,09	32,03
1119	10.08.20 19:36:38	9,96	0,89	27,38	29,00	33,62
1120	10.08.20 19:36:39	10,03	0,87	27,64	27,99	34,37
1121	10.08.20 19:36:40	10,16	0,85	28,38	28,32	33,30
1122	10.08.20 19:36:41	10,36	0,83	26,89	30,02	33,09
1123	10.08.20 19:36:42	10,45	0,83	27,26	32,57	30,17
1124	10.08.20 19:36:43	10,52	0,76	25,52	34,15	30,34
1125	10.08.20 19:36:44	10,62	0,74	24,03	36,46	29,51
1126	10.08.20 19:36:45	10,72	0,77	25,04	34,54	30,42
1127	10.08.20 19:36:46	10,78	0,72	29,71	30,86	29,43
1128	10.08.20 19:36:47	10,88	0,70	26,66	35,13	28,21
1129	10.08.20 19:36:48	10,91	0,68	24,22	37,13	28,65
1130	10.08.20 19:36:49	10,91	0,64	24,60	35,01	30,39
1131	10.08.20 19:36:50	10,91	0,60	21,56	34,29	34,14
1132	10.08.20 19:36:51	10,91	0,57	24,29	30,24	35,48
1133	10.08.20 19:36:52	10,98	0,58	24,87	25,82	39,31
1134	10.08.20 19:36:53	11,07	0,52	25,75	24,44	39,81
1135	10.08.20 19:36:54	11,23	0,52	24,91	25,30	39,79
1136	10.08.20 19:36:55	11,27	0,50	27,12	25,87	37,01
1137	10.08.20 19:36:56	11,27	0,45	29,33	24,43	36,25
1138	10.08.20 19:36:57	11,23	0,45	24,53	27,81	37,67
1139	10.08.20 19:36:58	11,36	0,41	25,39	27,30	37,31
1140	10.08.20 19:36:59	11,52	0,37	28,45	23,21	38,34
1141	10.08.20 19:37:00	11,59	0,37	25,61	15,34	49,05
1142	10.08.20 19:37:01	11,59	0,39	24,44	21,03	44,52
1143	10.08.20 19:37:02	11,65	0,33	37,12	5,78	47,10
1144	10.08.20 19:37:03	11,72	0,33	21,94	12,12	55,94
1145	10.08.20 19:37:04	11,78	0,33	21,51	19,14	49,35
1146	10.08.20 19:37:05	11,85	0,30	15,76	21,49	52,75
1147	10.08.20 19:37:06	11,91	0,33	23,13	17,31	49,55
1148	10.08.20 19:37:07	11,97	0,28	18,77	16,89	54,34
1149	10.08.20 19:37:08	12,07	0,30	24,72	10,42	54,86
1150	10.08.20 19:37:09	12,13	0,33	22,60	11,53	55,88
1151	10.08.20 19:37:10	12,23	0,30	28,78	2,99	58,24
1152	10.08.20 19:37:11	12,26	0,30	20,69	8,17	61,14
1153	10.08.20 19:37:12	12,29	0,30	20,27	10,85	58,88
1154	10.08.20 19:37:13	12,36	0,28	25,21	4,93	59,85
1155	10.08.20 19:37:14	12,39	0,28	25,70	8,09	56,21
1156	10.08.20 19:37:15	12,42	0,30	29,73	10,21	50,06
1157	10.08.20 19:37:16	12,45	0,30	23,47	11,37	55,16
1158	10.08.20 19:37:17	12,45	0,28	21,72	7,65	60,64
1159	10.08.20 19:37:18	12,45	0,30	24,23	8,29	57,48
1160	10.08.20 19:37:19	12,45	0,30	21,89	7,91	60,20
1161	10.08.20 19:37:20	12,45	0,33	22,13	6,84	61,04
1162	10.08.20 19:37:21	12,45	0,33	31,39	-1,20	57,41
1163	10.08.20 19:37:22	12,51	0,33	24,77	2,29	62,93
1164	10.08.20 19:37:23	12,61	0,28	22,55	4,30	63,15
1165	10.08.20 19:37:24	12,80	0,30	27,26	3,79	58,94
1166	10.08.20 19:37:25	12,83	0,30	26,96	3,74	59,30
1167	10.08.20 19:37:26	12,86	0,28	19,36	8,47	62,17
1168	10.08.20 19:37:27	12,86	0,26	25,58	12,63	51,79
1169	10.08.20 19:37:28	12,96	0,28	11,66	18,07	60,27
1170	10.08.20 19:37:29	13,02	0,28	24,84	9,20	55,96
1171	10.08.20 19:37:30	13,08	0,30	23,29	6,44	60,28
1172	10.08.20 19:37:31	13,21	0,30	19,23	9,63	61,14
1173	10.08.20 19:37:32	13,27	0,30	25,38	7,15	57,47
1174	10.08.20 19:37:33	13,33	0,28	24,54	16,66	48,80
1175	10.08.20 19:37:34	13,33	0,28	17,73	12,12	60,15
1176	10.08.20 19:37:35	13,37	0,30	33,03	-1,48	55,49
1177	10.08.20 19:37:36	13,40	0,28	22,50	2,59	64,92
1178	10.08.20 19:37:37	13,49	0,26	25,08	7,95	56,97
1179	10.08.20 19:37:38	13,52	0,26	15,29	20,91	53,80
1180	10.08.20 19:37:39	13,52	0,26	21,03	9,73	59,24
1181	10.08.20 19:37:40	13,58	0,28	25,97	6,33	57,71
1182	10.08.20 19:37:41	13,62	0,28	31,28	3,73	55,00
1183	10.08.20 19:37:42	13,65	0,30	33,13	4,73	52,14
1184	10.08.20 19:37:43	13,68	0,26	33,92	2,49	53,59
1185	10.08.20 19:37:44	13,71	0,28	26,19	9,59	54,22
1186	10.08.20 19:37:45	13,71	0,28	24,31	12,88	52,81
1187	10.08.20 19:37:46	13,77	0,26	22,33	3,79	63,88
1188	10.08.20 19:37:47	13,83	0,24	20,50	12,74	56,76
1189	10.08.20 19:37:48	13,90	0,24	22,08	7,79	60,13
1190	10.08.20 19:37:49	13,93	0,22	22,65	7,49	59,86
1191	10.08.20 19:37:50	13,96	0,26	24,92	5,89	59,19
1192	10.08.20 19:37:51	13,99	0,22	21,29	6,86	61,85
1193	10.08.20 19:37:52	14,02	0,22	19,54	1,04	69,42
1194	10.08.20 19:37:53	14,05	0,26	33,71	0,53	55,76
1195	10.08.20 19:37:54	14,08	0,24	18,25	8,33	63,41
1196	10.08.20 19:37:55	14,11	0,22	19,81	7,38	62,80
1197	10.08.20 19:37:56	14,14	0,20	21,50	-6,48	62,02
1198	10.08.20 19:37:57	14,18	0,18	25,10	-5,08	59,83
1199	10.08.20 19:37:58	14,21	0,18	21,07	-4,25	64,68
1200	10.08.20 19:37:59	14,27	0,20	26,81	-10,38	52,81
1201	10.08.20 19:38:00	14,33	0,20	27,94	0,76	61,30
1202	10.08.20 19:38:01	14,39	0,18	33,18	-13,98	42,85
1203	10.08.20 19:38:02	14,45	0,15	27,51	5,83	56,66
1204	10.08.20 19:38:03	14,45	0,18	24,90	10,51	54,59
1205	10.08.20 19:38:04	14,49	0,18	30,32	15,93	43,76
1206	10.08.20 19:38:05	14,49	0,15	24,26	12,41	53,33
1207	10.08.20 19:38:06	14,49	0,13	25,84	10,62	53,55
1208	10.08.20 19:38:07	14,52	0,13	32,13	10,30	47,58
1209	10.08.20 19:38:08	14,52	0,13	36,96	24,22	28,83
1210	10.08.20 19:38:09	14,61	0,13	63,54	20,59	5,87
1211	10.08.20 19:38:10	14,61	0,15	58,93	25,32	5,75
1212	10.08.20 19:38:11	14,58	0,18	56,13	27,78	6,09
1213	10.08.20 19:38:12	14,52	0,18	61,96	23,72	4,32
1214	10.08.20 19:38:13	14,42	0,15	59,63	24,39	5,98
1215	10.08.20 19:38:14	14,36	0,18	60,23	24,26	5,51
1216	10.08.20 19:38:15	14,30	0,18	63,75	19,92	6,32
1217	10.08.20 19:38:16	14,21	0,18	58,84	25,75	5,42
1218	10.08.20 19:38:17	14,14	0,18	58,49	26,11	5,40
1219	10.08.20 19:38:18	14,05	0,20	59,23	24,95	5,81
1220	10.08.20 19:38:19	13,99	0,18	59,13	25,18	5,69
1221	10.08.20 19:38:20	13,93	0,15	59,82	24,47	5,71
1222	10.08.20 19:38:21	13,86	0,18	62,47	21,34	6,19
1223	10.08.20 19:38:22	13,77	0,15	59,48	24,56	5,96
1224	10.08.20 19:38:23	13,71	0,20	60,18	23,63	6,19
1225	10.08.20 19:38:24	13,65	0,18	82,01	-0,51	7,48
1226	10.08.20 19:38:25	13,58	0,18	69,66	-11,01	9,33
1227	10.08.20 19:38:26	13,52	0,20	47,87	-26,69	15,44
1228	10.08.20 19:38:27	13,46	0,20	68,17	-15,81	6,02
1229	10.08.20 19:38:28	13,37	0,20	59,86	-23,74	6,40
1230	10.08.20 19:38:29	13,30	0,24	57,20	-24,71	8,09
1231	10.08.20 19:38:30	13,27	0,20	70,36	-2,02	17,62
1232	10.08.20 19:38:31	13,21	0,20	59,39	-14,51	16,10
1233	10.08.20 19:38:32	13,18	0,22	65,50	-11,59	12,90
1234	10.08.20 19:38:33	13,15	0,22	51,89	-17,51	20,59
1235	10.08.20 19:38:34	13,08	0,22	61,88	8,89	19,22
1236	10.08.20 19:38:35	13,05	0,20	46,81	21,96	21,23
1237	10.08.20 19:38:36	13,05	0,22	40,07	-36,37	13,56
1238	10.08.20 19:38:37	13,02	0,22	61,79	-16,06	-12,16
1239	10.08.20 19:38:38	12,99	0,22	75,30	-13,06	-1,64
1240	10.08.20 19:38:39	12,96	0,22	57,12	29,48	3,41
1241	10.08.20 19:38:40	12,96	0,20	54,66	30,09	5,25
1242	10.08.20 19:38:41	12,93	0,22	75,14	-2,28	12,58
1243	10.08.20 19:38:42	12,89	0,22	69,26	-11,42	9,32
1244	10.08.20 19:38:43	12,86	0,20	81,75	-0,28	7,96
1245	10.08.20 19:38:44	12,86	0,22	10,83	66,75	-12,42
1246	10.08.20 19:38:45	12,83	0,22	-4,01	-18,13	-67,86
1247	10.08.20 19:38:46	12,83	0,22	1,26	-15,38	-73,36
1248	10.08.20 19:38:47	12,80	0,22	-2,38	-13,82	-73,80
1249	10.08.20 19:38:48	12,77	0,20	4,24	-12,13	-73,63
1250	10.08.20 19:38:49	12,77	0,22	0,57	-9,35	-80,08
1251	10.08.20 19:38:50	12,74	0,22	1,04	-10,23	-78,73
1252	10.08.20 19:38:51	12,74	0,22	2,12	-8,79	-79,08
1253	10.08.20 19:38:52	12,70	0,24	1,96	-9,26	-78,78
1254	10.08.20 19:38:53	12,70	0,22	4,31	-9,78	-75,90
1255	10.08.20 19:38:54	12,70	0,24	4,13	-9,10	-76,77
1256	10.08.20 19:38:55	12,67	0,22	6,07	-8,81	-75,12
1257	10.08.20 19:38:56	12,67	0,24	6,47	-7,80	-75,74
1258	10.08.20 19:38:57	12,67	0,22	5,88	-8,94	-75,18
1259	10.08.20 19:38:58	12,64	0,22	4,47	-8,49	-77,04
1260	10.08.20 19:38:59	12,64	0,22	8,89	-12,75	-68,36
1261	10.08.20 19:39:00	12,64	0,22	5,09	-10,78	-74,13
1262	10.08.20 19:39:01	12,61	0,22	-0,36	-11,06	-78,58
1263	10.08.20 19:39:02	12,61	0,22	3,06	-6,89	-80,04
1264	10.08.20 19:39:03	12,61	0,20	5,42	-11,48	-73,09
1265	10.08.20 19:39:04	12,61	0,20	3,42	-6,30	-80,28
1266	10.08.20 19:39:05	12,61	0,20	4,57	-3,59	-81,84
1267	10.08.20 19:39:06	12,58	0,22	5,16	-2,30	-82,54
1268	10.08.20 19:39:07	12,58	0,24	1,21	-2,24	-86,56
1269	10.08.20 19:39:08	12,58	0,22	8,93	-2,64	-78,43
1270	10.08.20 19:39:09	12,58	0,22	11,59	-5,73	-72,68
1271	10.08.20 19:39:10	12,58	0,22	10,36	24,46	-55,18
1272	10.08.20 19:39:11	12,58	0,22	-9,52	53,79	-26,69
1273	10.08.20 19:39:12	12,61	0,20	2,73	86,09	-1,18
1274	10.08.20 19:39:13	12,61	0,22	2,86	80,18	-6,96
1275	10.08.20 19:39:14	12,61	0,22	2,44	80,95	-6,61
1276	10.08.20 19:39:15	12,61	0,22	2,63	80,46	-6,91
1277	10.08.20 19:39:16	12,61	0,20	2,86	80,73	-6,41
1278	10.08.20 19:39:17	12,61	0,20	2,84	80,32	-6,85
1279	10.08.20 19:39:18	12,61	0,20	3,18	79,86	-6,96
1280	10.08.20 19:39:19	12,61	0,22	1,66	82,08	-6,26
1281	10.08.20 19:39:20	12,64	0,20	3,03	80,26	-6,71
1282	10.08.20 19:39:21	12,64	0,20	1,47	82,03	-6,50
1283	10.08.20 19:39:22	12,64	0,22	1,57	81,38	-7,05
1284	10.08.20 19:39:23	12,64	0,20	-4,14	76,73	-9,13
1285	10.08.20 19:39:24	12,64	0,22	8,74	74,05	7,21
1286	10.08.20 19:39:25	12,64	0,20	-11,99	-34,04	43,97
1287	10.08.20 19:39:26	12,64	0,22	26,01	-14,47	49,52
1288	10.08.20 19:39:27	12,67	0,22	27,76	-28,35	33,89
1289	10.08.20 19:39:28	12,67	0,18	34,20	-16,15	39,64
1290	10.08.20 19:39:29	12,67	0,20	37,78	-29,42	22,81
1291	10.08.20 19:39:30	12,70	0,20	37,11	-29,66	23,23
1292	10.08.20 19:39:31	12,70	0,22	46,08	-12,09	31,83
1293	10.08.20 19:39:32	12,70	0,20	47,02	-11,52	31,46
1294	10.08.20 19:39:33	12,70	0,20	26,28	-26,30	37,41
1295	10.08.20 19:39:34	12,70	0,20	31,13	-12,80	46,07
1296	10.08.20 19:39:35	12,74	0,20	-2,88	-27,91	59,21
1297	10.08.20 19:39:36	12,74	0,20	42,79	-23,99	-23,22
1298	10.08.20 19:39:37	12,77	0,15	42,38	-9,69	-37,94
1299	10.08.20 19:39:38	13,02	0,18	21,46	-23,07	-45,47
1300	10.08.20 19:39:39	13,15	0,18	45,61	-18,66	-25,74
1301	10.08.20 19:39:40	13,27	0,15	80,49	4,35	5,16
1302	10.08.20 19:39:41	13,33	0,15	69,70	7,78	12,52
1303	10.08.20 19:39:42	13,33	0,18	66,48	-11,98	-11,54
1304	10.08.20 19:39:43	13,43	0,18	7,70	-75,50	-6,80
1305	10.08.20 19:39:44	13,49	0,18	61,13	14,74	-14,13
1306	10.08.20 19:39:45	13,52	0,13	-25,17	-29,25	35,57
1307	10.08.20 19:39:46	14,05	0,05	55,04	-17,36	17,59
1308	10.08.20 19:39:47	14,52	0,09	62,20	-21,38	6,42
1309	10.08.20 19:39:48	14,58	0,13	49,82	-38,41	-1,77
1310	10.08.20 19:39:49	14,52	0,13	8,72	-59,72	-21,56
1311	10.08.20 19:39:50	14,49	0,13	23,33	-54,26	-12,41
1312	10.08.20 19:39:51	14,45	0,15	34,69	-49,76	-5,55
1313	10.08.20 19:39:52	14,39	0,15	31,41	-58,23	0,36
1314	10.08.20 19:39:53	14,36	0,18	24,26	-55,01	10,73
1315	10.08.20 19:39:54	14,33	0,15	22,64	-50,48	16,88
1316	10.08.20 19:39:55	14,30	0,15	25,62	-51,09	13,29
1317	10.08.20 19:39:56	14,27	0,15	22,27	-48,79	18,94
1318	10.08.20 19:39:57	14,24	0,15	26,06	-49,70	14,24
1319	10.08.20 19:39:58	14,21	0,15	19,10	-56,79	14,11
1320	10.08.20 19:39:59	14,18	0,18	24,16	-56,26	9,58
1321	10.08.20 19:40:00	14,18	0,18	40,69	-36,36	12,95
1322	10.08.20 19:40:01	14,14	0,18	28,34	-45,37	16,29
1323	10.08.20 19:40:02	14,14	0,18	22,31	-52,54	15,15
1324	10.08.20 19:40:03	14,11	0,18	25,88	-52,34	11,79
1325	10.08.20 19:40:04	14,11	0,20	23,46	-48,72	17,83
1326	10.08.20 19:40:05	14,11	0,18	21,28	-24,46	44,26
1327	10.08.20 19:40:06	14,11	0,18	-4,15	-81,15	-4,70
1328	10.08.20 19:40:07	14,08	0,18	-4,57	-79,94	-5,49
1329	10.08.20 19:40:08	14,08	0,18	-3,53	-81,30	-5,17
1330	10.08.20 19:40:09	14,08	0,18	-4,50	-79,96	-5,54
1331	10.08.20 19:40:10	14,08	0,20	-4,49	-80,63	-4,89
1332	10.08.20 19:40:11	14,08	0,20	-4,22	-80,03	-5,75
1333	10.08.20 19:40:12	14,08	0,18	-3,94	-80,54	-5,52
1334	10.08.20 19:40:13	14,08	0,20	-4,32	-80,60	-5,08
1335	10.08.20 19:40:14	14,08	0,18	-4,24	-80,67	-5,10
1336	10.08.20 19:40:15	14,08	0,20	-3,72	-81,07	-5,21
1337	10.08.20 19:40:16	14,08	0,20	-4,44	-80,06	-5,50
1338	10.08.20 19:40:17	14,08	0,20	-4,16	-80,32	-5,51
1339	10.08.20 19:40:18	14,08	0,22	-4,37	-80,81	-4,82
1340	10.08.20 19:40:19	14,08	0,20	-4,32	-79,81	-5,87
1341	10.08.20 19:40:20	14,08	0,20	-3,91	-80,94	-5,15
1342	10.08.20 19:40:21	14,08	0,18	-4,69	-80,05	-5,26
1343	10.08.20 19:40:22	14,08	0,20	-4,05	-80,09	-5,87
1344	10.08.20 19:40:23	14,11	0,20	-4,20	-80,48	-5,32
1345	10.08.20 19:40:24	14,11	0,20	-4,60	-79,97	-5,42
1346	10.08.20 19:40:25	14,11	0,20	-4,39	-79,84	-5,77
1347	10.08.20 19:40:26	14,11	0,20	-4,51	-79,95	-5,53
1348	10.08.20 19:40:27	14,11	0,20	-4,59	-79,63	-5,78
1349	10.08.20 19:40:28	14,11	0,20	-4,37	-80,23	-5,40
1350	10.08.20 19:40:29	14,11	0,20	-4,70	-79,84	-5,46
1351	10.08.20 19:40:30	14,14	0,18	-4,16	-80,02	-5,82
1352	10.08.20 19:40:31	14,14	0,18	-4,44	-80,26	-5,30
1353	10.08.20 19:40:32	14,14	0,20	-4,31	-80,14	-5,54
1354	10.08.20 19:40:33	14,14	0,22	-4,60	-79,76	-5,64
1355	10.08.20 19:40:34	14,14	0,20	-4,54	-79,91	-5,56
1356	10.08.20 19:40:35	14,18	0,20	-4,10	-79,96	-5,94
1357	10.08.20 19:40:36	14,18	0,20	-4,75	-79,65	-5,59
1358	10.08.20 19:40:37	14,21	0,20	-4,77	-79,65	-5,58
1359	10.08.20 19:40:38	14,21	0,18	-4,35	-79,91	-5,75
1360	10.08.20 19:40:39	14,21	0,20	-4,80	-79,28	-5,92
1361	10.08.20 19:40:40	14,21	0,20	-4,36	-79,82	-5,82
1362	10.08.20 19:40:41	14,24	0,20	-4,81	-79,68	-5,51
1363	10.08.20 19:40:42	14,24	0,18	-4,42	-79,87	-5,71
1364	10.08.20 19:40:43	14,24	0,18	-4,23	-79,98	-5,79
1365	10.08.20 19:40:44	14,24	0,18	-4,78	-79,62	-5,60
1366	10.08.20 19:40:45	14,27	0,20	-4,52	-80,05	-5,43
1367	10.08.20 19:40:46	14,27	0,20	-4,00	-80,37	-5,63
1368	10.08.20 19:40:47	14,27	0,20	-4,62	-79,65	-5,73
1369	10.08.20 19:40:48	14,27	0,22	-4,52	-80,11	-5,37
1370	10.08.20 19:40:49	14,27	0,20	-4,48	-79,66	-5,87
1371	10.08.20 19:40:50	14,30	0,20	-4,72	-79,85	-5,43
1372	10.08.20 19:40:51	14,30	0,22	-4,37	-80,07	-5,56
1373	10.08.20 19:40:52	14,30	0,20	-4,57	-79,46	-5,96
1374	10.08.20 19:40:53	14,33	0,22	-4,68	-79,80	-5,52
1375	10.08.20 19:40:54	14,33	0,18	-4,32	-80,20	-5,48
1376	10.08.20 19:40:55	14,33	0,22	-4,82	-79,46	-5,72
1377	10.08.20 19:40:56	14,36	0,20	-4,57	-79,82	-5,62
1378	10.08.20 19:40:57	14,36	0,20	-4,09	-80,40	-5,50
1379	10.08.20 19:40:58	14,36	0,20	-4,88	-79,18	-5,93
1380	10.08.20 19:40:59	14,39	0,20	-4,38	-80,70	-4,92
1381	10.08.20 19:41:00	14,39	0,20	-4,27	-79,82	-5,91
1382	10.08.20 19:41:01	14,39	0,20	-4,43	-79,69	-5,88
1383	10.08.20 19:41:02	14,42	0,20	-4,83	-79,92	-5,25
1384	10.08.20 19:41:03	14,42	0,20	-4,38	-80,10	-5,52
1385	10.08.20 19:41:04	14,42	0,18	-4,20	-80,21	-5,59
1386	10.08.20 19:41:05	14,45	0,20	-4,89	-79,44	-5,67
1387	10.08.20 19:41:06	14,45	0,20	-3,96	-80,51	-5,54
1388	10.08.20 19:41:07	14,45	0,22	-4,27	-80,61	-5,11
1389	10.08.20 19:41:08	14,45	0,15	-4,96	-79,12	-5,92
1390	10.08.20 19:41:09	14,49	0,20	-33,49	5,53	-50,98
1391	10.08.20 19:41:10	14,49	0,18	-26,01	-0,12	-63,87
1392	10.08.20 19:41:11	14,49	0,20	-58,42	-2,26	-29,32
1393	10.08.20 19:41:12	14,52	0,20	-41,49	0,39	-48,12
1394	10.08.20 19:41:13	14,52	0,18	-65,49	-18,02	6,49
1395	10.08.20 19:41:14	14,55	0,18	-48,41	4,79	-36,80
1396	10.08.20 19:41:15	14,58	0,20	-57,34	8,17	-24,49
1397	10.08.20 19:41:16	14,61	0,18	-67,11	-3,48	-19,41
1398	10.08.20 19:41:17	14,64	0,20	-48,49	5,59	-35,91
1399	10.08.20 19:41:18	14,64	0,18	-50,40	8,19	-31,40
1400	10.08.20 19:41:19	14,67	0,18	-45,56	7,50	-36,94
1401	10.08.20 19:41:20	14,70	0,18	-48,63	12,05	-29,32
1402	10.08.20 19:41:21	14,70	0,18	-39,20	10,24	-40,56
1403	10.08.20 19:41:22	14,73	0,15	-52,59	6,49	-30,92
1404	10.08.20 19:41:23	14,76	0,18	-51,15	8,69	-30,17
1405	10.08.20 19:41:24	14,76	0,20	-53,63	7,46	-28,91
1406	10.08.20 19:41:25	14,76	0,20	-53,18	6,96	-29,86
1407	10.08.20 19:41:26	14,79	0,20	-53,99	7,27	-28,74
1408	10.08.20 19:41:27	14,79	0,20	-54,22	7,01	-28,77
1409	10.08.20 19:41:28	14,82	0,20	-53,97	7,00	-29,03
1410	10.08.20 19:41:29	14,82	0,18	-51,15	8,30	-30,54
1411	10.08.20 19:41:30	14,82	0,20	-51,45	8,47	-30,08
1412	10.08.20 19:41:31	14,82	0,20	-51,90	7,67	-30,44
1413	10.08.20 19:41:32	14,82	0,18	-49,94	7,84	-32,22
1414	10.08.20 19:41:33	14,85	0,18	-54,86	12,59	-22,56
1415	10.08.20 19:41:34	14,85	0,20	-49,44	9,31	-31,24
1416	10.08.20 19:41:35	14,89	0,18	-54,37	7,17	-28,46
1417	10.08.20 19:41:36	14,89	0,20	-48,69	7,10	-34,21
1418	10.08.20 19:41:37	14,89	0,20	-53,32	6,55	-30,13
1419	10.08.20 19:41:38	14,89	0,20	-50,63	7,07	-32,30
1420	10.08.20 19:41:39	14,92	0,20	-52,37	7,18	-30,46
1421	10.08.20 19:41:40	14,92	0,18	-52,53	7,31	-30,16
1422	10.08.20 19:41:41	14,92	0,18	-51,21	7,31	-31,48
1423	10.08.20 19:41:42	14,92	0,20	-51,39	6,71	-31,90
1424	10.08.20 19:41:43	14,92	0,18	-53,45	7,31	-29,24
1425	10.08.20 19:41:44	14,92	0,20	-52,46	6,90	-30,64
1426	10.08.20 19:41:45	14,92	0,18	-52,10	7,45	-30,45
1427	10.08.20 19:41:46	14,95	0,20	-52,28	7,56	-30,15
1428	10.08.20 19:41:47	14,92	0,18	-52,42	7,59	-29,99
1429	10.08.20 19:41:48	14,95	0,18	-52,49	7,69	-29,82
1430	10.08.20 19:41:49	14,95	0,20	-52,57	7,62	-29,81
1431	10.08.20 19:41:50	14,95	0,20	-52,21	7,65	-30,15
1432	10.08.20 19:41:51	14,95	0,20	-52,49	7,48	-30,03
1433	10.08.20 19:41:52	14,95	0,20	-52,04	7,44	-30,52
1434	10.08.20 19:41:53	14,95	0,20	-51,30	7,43	-31,27
1435	10.08.20 19:41:54	14,95	0,20	-53,18	7,14	-29,67
1436	10.08.20 19:41:55	14,95	0,18	-53,16	7,57	-29,27
1437	10.08.20 19:41:56	14,98	0,20	-50,35	9,27	-30,38
1438	10.08.20 19:41:57	14,98	0,20	-51,35	7,15	-31,50
1439	10.08.20 19:41:58	14,98	0,20	-51,84	7,55	-30,61
1440	10.08.20 19:41:59	14,98	0,20	-53,24	7,10	-29,65
1441	10.08.20 19:42:00	14,98	0,20	-57,37	8,08	-24,55
1442	10.08.20 19:42:01	15,01	0,20	-52,05	6,07	-31,88
1443	10.08.20 19:42:02	15,01	0,20	-52,26	6,76	-30,98
1444	10.08.20 19:42:03	15,01	0,18	-52,08	6,82	-31,10
1445	10.08.20 19:42:04	15,01	0,20	-51,73	7,46	-30,80
1446	10.08.20 19:42:05	15,04	0,20	-47,42	8,84	-33,74
1447	10.08.20 19:42:06	15,04	0,18	-54,68	6,63	-28,69
1448	10.08.20 19:42:07	15,07	0,18	-52,87	5,71	-31,42
1449	10.08.20 19:42:08	15,07	0,20	-51,43	7,10	-31,47
1450	10.08.20 19:42:09	15,10	0,20	-52,72	7,45	-29,84
1451	10.08.20 19:42:10	15,10	0,18	-6,18	1,71	-82,11
1452	10.08.20 19:42:11	15,13	0,18	-6,24	2,50	-81,26
1453	10.08.20 19:42:12	15,13	0,20	-6,25	2,74	-81,00
1454	10.08.20 19:42:13	15,13	0,18	-6,72	1,02	-82,26
1455	10.08.20 19:42:14	15,13	0,20	-7,13	1,41	-81,46
1456	10.08.20 19:42:15	15,13	0,20	-5,95	3,34	-80,71
1457	10.08.20 19:42:16	15,16	0,20	-6,25	1,44	-82,31
1458	10.08.20 19:42:17	15,16	0,18	-6,79	1,15	-82,06
1459	10.08.20 19:42:18	15,16	0,18	-5,83	2,46	-81,71
1460	10.08.20 19:42:19	15,16	0,18	-6,19	1,88	-81,94
1461	10.08.20 19:42:20	15,16	0,18	-6,72	1,27	-82,01
1462	10.08.20 19:42:21	15,16	0,18	-6,38	2,59	-81,04
1463	10.08.20 19:42:22	15,19	0,18	-6,17	1,77	-82,06
1464	10.08.20 19:42:23	15,22	0,18	-6,80	1,50	-81,71
1465	10.08.20 19:42:24	15,22	0,18	-7,11	2,15	-80,74
1466	10.08.20 19:42:25	15,22	0,20	-5,98	1,66	-82,36
1467	10.08.20 19:42:26	15,22	0,18	-6,96	1,80	-81,24
1468	10.08.20 19:42:27	15,22	0,18	-6,49	1,98	-81,53
1469	10.08.20 19:42:28	15,22	0,18	-6,15	1,84	-82,02
1470	10.08.20 19:42:29	15,22	0,20	-6,78	1,27	-81,94
1471	10.08.20 19:42:30	15,22	0,18	-6,46	1,59	-81,95
1472	10.08.20 19:42:31	15,22	0,20	-6,73	2,61	-80,65
1473	10.08.20 19:42:32	15,25	0,18	-6,34	1,65	-82,01
1474	10.08.20 19:42:33	15,28	0,18	-7,06	0,89	-82,05
1475	10.08.20 19:42:34	15,32	0,20	-6,48	2,28	-81,24
1476	10.08.20 19:42:35	15,32	0,18	-5,72	2,05	-82,24
1477	10.08.20 19:42:36	15,32	0,18	-6,82	1,70	-81,48
1478	10.08.20 19:42:37	15,32	0,18	-6,05	1,71	-82,24
1479	10.08.20 19:42:38	15,32	0,18	-6,68	1,61	-81,71
1480	10.08.20 19:42:39	15,32	0,18	-6,52	1,78	-81,70
1481	10.08.20 19:42:40	15,32	0,20	-6,26	2,35	-81,39
1482	10.08.20 19:42:41	15,32	0,18	-6,88	1,89	-81,23
1483	10.08.20 19:42:42	15,35	0,18	-6,32	1,08	-82,60
1484	10.08.20 19:42:43	15,35	0,18	-6,17	1,98	-81,85
1485	10.08.20 19:42:44	15,38	0,18	-6,34	2,43	-81,23
1486	10.08.20 19:42:45	15,41	0,18	-5,84	1,23	-82,94
1487	10.08.20 19:42:46	15,41	0,18	-6,74	1,72	-81,54
1488	10.08.20 19:42:47	15,41	0,18	-6,47	1,64	-81,90
1489	10.08.20 19:42:48	15,41	0,18	-6,06	2,16	-81,79
1490	10.08.20 19:42:49	15,41	0,20	-6,79	1,96	-81,25
1491	10.08.20 19:42:50	15,41	0,20	-6,72	1,44	-81,84
1492	10.08.20 19:42:51	15,41	0,20	-6,01	1,44	-82,55
1493	10.08.20 19:42:52	15,41	0,18	-7,11	2,23	-80,66
1494	10.08.20 19:42:53	15,44	0,18	-5,87	1,92	-82,22
1495	10.08.20 19:42:54	15,44	0,18	-6,47	0,48	-83,04
1496	10.08.20 19:42:55	15,44	0,18	-14,71	6,31	-68,98
1497	10.08.20 19:42:56	15,47	0,18	-17,39	8,88	-63,73
1498	10.08.20 19:42:57	15,47	0,18	-17,51	8,23	-64,25
1499	10.08.20 19:42:58	15,47	0,20	-17,73	8,25	-64,02
1500	10.08.20 19:42:59	15,47	0,20	-17,43	8,47	-64,10
1501	10.08.20 19:43:00	15,50	0,20	-17,41	9,28	-63,31
1502	10.08.20 19:43:01	15,50	0,18	-17,48	7,96	-64,56
1503	10.08.20 19:43:02	15,50	0,18	-17,87	8,01	-64,13
1504	10.08.20 19:43:03	15,50	0,18	-17,34	9,49	-63,17
1505	10.08.20 19:43:04	15,50	0,18	-20,79	2,99	-66,22
1506	10.08.20 19:43:05	15,50	0,15	-16,30	-29,51	-44,19
1507	10.08.20 19:43:06	15,53	0,20	-4,57	-35,00	-50,42
1508	10.08.20 19:43:07	15,53	0,18	42,89	8,10	-39,01
1509	10.08.20 19:43:08	15,56	0,18	36,55	30,71	-22,73
1510	10.08.20 19:43:09	15,56	0,15	25,63	50,11	-14,26
1511	10.08.20 19:43:10	15,56	0,15	22,23	52,66	15,11
1512	10.08.20 19:43:11	15,56	0,18	33,33	55,73	0,93
1513	10.08.20 19:43:12	15,56	0,18	34,00	55,19	0,80
1514	10.08.20 19:43:13	15,56	0,15	33,99	55,81	0,20
1515	10.08.20 19:43:14	15,56	0,18	34,03	54,16	1,80
1516	10.08.20 19:43:15	15,56	0,20	34,01	55,30	0,68
1517	10.08.20 19:43:16	15,56	0,15	34,16	55,44	0,40
1518	10.08.20 19:43:17	15,56	0,15	33,89	54,71	1,40
1519	10.08.20 19:43:18	15,56	0,15	34,57	55,06	0,37
1520	10.08.20 19:43:19	15,59	0,18	33,98	55,30	0,72
1521	10.08.20 19:43:20	15,59	0,18	33,93	55,26	0,81
1522	10.08.20 19:43:21	15,59	0,18	34,43	54,88	0,69
1523	10.08.20 19:43:22	15,59	0,18	34,05	55,35	0,60
1524	10.08.20 19:43:23	15,59	0,18	34,14	54,78	1,08
1525	10.08.20 19:43:24	15,59	0,18	34,22	55,11	0,66
1526	10.08.20 19:43:25	15,59	0,18	33,84	55,18	0,98
1527	10.08.20 19:43:26	15,59	0,15	34,19	55,26	0,55
1528	10.08.20 19:43:27	15,59	0,18	34,10	54,86	1,04
1529	10.08.20 19:43:28	15,59	0,18	34,54	54,88	0,58
1530	10.08.20 19:43:29	15,62	0,18	33,83	55,45	0,72
1531	10.08.20 19:43:30	15,62	0,20	34,04	55,53	0,43
1532	10.08.20 19:43:31	15,62	0,18	34,33	54,89	0,78
1533	10.08.20 19:43:32	15,62	0,15	34,53	54,63	0,84
1534	10.08.20 19:43:33	15,62	0,20	33,80	55,46	0,75
1535	10.08.20 19:43:34	15,62	0,18	33,84	55,21	0,95
1536	10.08.20 19:43:35	15,62	0,18	34,33	54,75	0,92
1537	10.08.20 19:43:36	15,65	0,18	34,02	54,82	1,16
1538	10.08.20 19:43:37	15,65	0,15	34,34	55,43	0,23
1539	10.08.20 19:43:38	15,65	0,15	33,74	55,51	0,75
1540	10.08.20 19:43:39	15,65	0,18	34,71	54,94	0,35
1541	10.08.20 19:43:40	15,65	0,18	34,76	54,78	0,46
1542	10.08.20 19:43:41	15,68	0,18	33,71	55,56	0,72
1543	10.08.20 19:43:42	15,68	0,18	34,01	55,48	0,52
1544	10.08.20 19:43:43	15,68	0,15	34,88	54,63	0,49
1545	10.08.20 19:43:44	15,68	0,20	34,14	54,61	1,25
1546	10.08.20 19:43:45	15,68	0,15	33,63	55,30	1,07
1547	10.08.20 19:43:46	15,68	0,15	33,94	55,57	0,49
1548	10.08.20 19:43:47	15,71	0,20	34,63	54,94	0,43
1549	10.08.20 19:43:48	15,71	0,18	34,59	54,60	0,81
1550	10.08.20 19:43:49	15,71	0,15	33,65	55,78	0,58
1551	10.08.20 19:43:50	15,71	0,18	34,47	54,98	0,55
1552	10.08.20 19:43:51	15,74	0,20	34,35	54,89	0,76
1553	10.08.20 19:43:52	15,74	0,18	34,34	55,00	0,66
1554	10.08.20 19:43:53	15,74	0,18	33,65	55,43	0,92
1555	10.08.20 19:43:54	15,74	0,18	33,98	55,21	0,81
1556	10.08.20 19:43:55	15,74	0,15	34,85	54,49	0,67
1557	10.08.20 19:43:56	15,74	0,15	34,11	54,94	0,95
1558	10.08.20 19:43:57	15,77	0,18	33,84	55,96	0,20
1559	10.08.20 19:43:58	15,77	0,15	34,43	54,58	0,99
1560	10.08.20 19:43:59	15,77	0,18	34,56	54,89	0,55
1561	10.08.20 19:44:00	15,77	0,15	33,66	55,70	0,63
1562	10.08.20 19:44:01	15,77	0,15	34,29	54,90	0,81
1563	10.08.20 19:44:02	15,80	0,18	34,96	54,37	0,66
1564	10.08.20 19:44:03	15,80	0,18	33,61	55,95	0,43
1565	10.08.20 19:44:04	15,80	0,15	33,69	55,27	1,04
1566	10.08.20 19:44:05	15,80	0,18	35,36	54,15	0,49
1567	10.08.20 19:44:06	15,80	0,15	33,40	55,76	0,84
1568	10.08.20 19:44:07	15,83	0,15	34,27	55,07	0,67
1569	10.08.20 19:44:08	15,83	0,18	34,92	54,47	0,60
1570	10.08.20 19:44:09	15,83	0,18	33,45	55,88	0,67
1571	10.08.20 19:44:10	15,83	0,15	34,54	54,65	0,81
1572	10.08.20 19:44:11	15,83	0,18	34,60	54,94	0,46
1573	10.08.20 19:44:12	15,86	0,15	33,67	55,66	0,67
1574	10.08.20 19:44:13	15,86	0,18	34,61	54,72	0,66
1575	10.08.20 19:44:14	15,86	0,15	34,27	55,10	0,63
1576	10.08.20 19:44:15	15,86	0,15	34,07	55,14	0,78
1577	10.08.20 19:44:16	15,86	0,18	34,21	55,19	0,61
1578	10.08.20 19:44:17	15,89	0,15	33,96	55,01	1,03
1579	10.08.20 19:44:18	15,89	0,15	34,58	54,62	0,81
1580	10.08.20 19:44:19	15,89	0,18	33,96	55,44	0,61
1581	10.08.20 19:44:20	15,89	0,15	33,77	55,48	0,75
1582	10.08.20 19:44:21	15,89	0,15	35,07	54,35	0,58
1583	10.08.20 19:44:22	15,93	0,18	33,95	55,41	0,64
1584	10.08.20 19:44:23	15,93	0,18	34,25	55,70	0,06
1585	10.08.20 19:44:24	15,93	0,18	34,55	54,89	0,55
1586	10.08.20 19:44:25	15,93	0,13	34,33	55,01	0,67
1587	10.08.20 19:44:26	15,93	0,15	34,08	55,15	0,77
1588	10.08.20 19:44:27	15,96	0,18	34,00	55,33	0,67
1589	10.08.20 19:44:28	15,96	0,15	34,29	55,15	0,55
1590	10.08.20 19:44:29	15,96	0,15	34,70	54,47	0,84
1591	10.08.20 19:44:30	15,96	0,15	34,20	55,29	0,52
1592	10.08.20 19:44:31	15,96	0,15	33,35	56,10	0,55
1593	10.08.20 19:44:32	15,99	0,18	35,18	53,92	0,90
1594	10.08.20 19:44:33	15,99	0,13	34,80	54,95	0,26
1595	10.08.20 19:44:34	15,99	0,18	33,39	56,26	0,35
1596	10.08.20 19:44:35	15,99	0,18	34,32	54,92	0,76
1597	10.08.20 19:44:36	15,99	0,15	34,96	54,40	0,63
1598	10.08.20 19:44:37	15,99	0,18	33,96	55,14	0,89
1599	10.08.20 19:44:38	16,02	0,15	33,81	55,59	0,61
1600	10.08.20 19:44:39	16,02	0,15	33,93	55,44	0,63
1601	10.08.20 19:44:40	16,02	0,18	35,10	54,24	0,67
1602	10.08.20 19:44:41	16,02	0,18	33,95	55,47	0,58
1603	10.08.20 19:44:42	16,02	0,18	33,86	55,70	0,43
1604	10.08.20 19:44:43	16,05	0,15	34,96	54,60	0,43
1605	10.08.20 19:44:44	16,05	0,15	33,93	55,46	0,61
1606	10.08.20 19:44:45	16,05	0,15	34,02	55,34	0,64
1607	10.08.20 19:44:46	16,05	0,15	34,60	54,37	1,03
1608	10.08.20 19:44:47	16,05	0,18	33,96	55,44	0,61
1609	10.08.20 19:44:48	16,08	0,15	34,12	55,38	0,49
1610	10.08.20 19:44:49	16,08	0,15	34,65	54,77	0,58
1611	10.08.20 19:44:50	16,08	0,18	34,27	55,06	0,66
1612	10.08.20 19:44:51	16,08	0,15	34,27	55,67	0,06
1613	10.08.20 19:44:52	16,08	0,15	34,52	54,95	0,52
1614	10.08.20 19:44:53	16,11	0,15	34,09	55,48	0,43
1615	10.08.20 19:44:54	16,11	0,15	34,47	54,86	0,67
1616	10.08.20 19:44:55	16,11	0,15	34,01	55,06	0,93
1617	10.08.20 19:44:56	16,11	0,15	34,06	55,39	0,55
1618	10.08.20 19:44:57	16,11	0,15	34,52	54,61	0,87
1619	10.08.20 19:44:58	16,14	0,18	34,25	55,31	0,43
1620	10.08.20 19:44:59	16,14	0,18	34,03	55,77	0,20
1621	10.08.20 19:45:00	16,14	0,18	34,58	54,75	0,67
1622	10.08.20 19:45:01	16,14	0,20	34,48	55,14	0,37
1623	10.08.20 19:45:02	16,17	0,18	34,39	55,35	0,26
1624	10.08.20 19:45:03	16,17	0,20	33,89	55,41	0,70
1625	10.08.20 19:45:04	16,17	0,18	34,57	54,74	0,69
1626	10.08.20 19:45:05	16,17	0,20	34,21	55,30	0,49
1627	10.08.20 19:45:06	16,17	0,20	34,31	55,11	0,58
1628	10.08.20 19:45:07	16,20	0,18	34,33	54,86	0,81
1629	10.08.20 19:45:08	16,20	0,18	34,21	55,68	0,11
1630	10.08.20 19:45:09	16,20	0,20	34,37	55,14	0,50
1631	10.08.20 19:45:10	16,20	0,20	34,25	54,77	0,99
1632	10.08.20 19:45:11	16,23	0,18	34,54	55,38	0,09
1633	10.08.20 19:45:12	16,23	0,18	34,24	55,06	0,70
1634	10.08.20 19:45:13	16,23	0,20	33,93	55,37	0,70
1635	10.08.20 19:45:14	16,23	0,22	34,91	54,78	0,32
1636	10.08.20 19:45:15	16,23	0,20	33,75	55,36	0,89
1637	10.08.20 19:45:16	16,26	0,18	34,23	55,40	0,38
1638	10.08.20 19:45:17	16,26	0,20	35,09	54,71	0,20
1639	10.08.20 19:45:18	16,26	0,20	33,46	55,27	1,27
1640	10.08.20 19:45:19	16,26	0,20	34,05	55,78	-0,17
1641	10.08.20 19:45:20	16,29	0,20	34,86	53,98	1,16
1642	10.08.20 19:45:21	16,29	0,20	34,23	55,27	0,50
1643	10.08.20 19:45:22	16,29	0,18	33,90	55,58	0,52
1644	10.08.20 19:45:23	16,29	0,20	34,12	54,98	0,90
1645	10.08.20 19:45:24	16,29	0,20	34,87	55,08	0,06
1646	10.08.20 19:45:25	16,29	0,18	34,35	55,13	0,52
1647	10.08.20 19:45:26	16,32	0,18	33,82	55,57	0,61
1648	10.08.20 19:45:27	16,32	0,20	34,68	55,23	0,09
1649	10.08.20 19:45:28	16,32	0,18	34,42	54,74	0,84
1650	10.08.20 19:45:29	16,32	0,18	34,35	55,08	0,58
1651	10.08.20 19:45:30	16,35	0,18	33,97	55,74	0,29
1652	10.08.20 19:45:31	16,35	0,18	33,84	55,46	0,70
1653	10.08.20 19:45:32	16,35	0,18	35,57	53,59	0,84
1654	10.08.20 19:45:33	16,35	0,18	34,04	55,70	0,26
1655	10.08.20 19:45:34	16,35	0,20	33,23	56,10	0,66
1656	10.08.20 19:45:35	16,38	0,20	34,86	54,79	0,35
1657	10.08.20 19:45:36	16,38	0,18	35,04	54,21	0,75
1658	10.08.20 19:45:37	16,38	0,20	33,82	55,69	0,49
1659	10.08.20 19:45:38	16,38	0,20	34,05	55,83	0,12
1660	10.08.20 19:45:39	16,41	0,20	34,51	54,88	0,61
1661	10.08.20 19:45:40	16,41	0,20	34,87	54,32	0,81
1662	10.08.20 19:45:41	16,41	0,18	63,65	5,55	20,80
1663	10.08.20 19:45:42	16,41	0,18	52,46	1,59	35,95
1664	10.08.20 19:45:43	16,44	0,20	46,62	-10,33	33,05
1665	10.08.20 19:45:44	16,44	0,18	19,52	11,05	59,43
1666	10.08.20 19:45:45	16,47	0,18	-63,03	-17,17	9,80
1667	10.08.20 19:45:46	16,56	0,18	-51,58	-3,02	35,40
1668	10.08.20 19:45:47	16,74	0,24	-7,70	29,64	52,66
1669	10.08.20 19:45:48	16,95	0,35	-25,36	13,98	50,65
1670	10.08.20 19:45:49	17,16	0,37	-42,71	22,63	24,67
1671	10.08.20 19:45:50	17,28	0,35	-48,91	20,92	20,17
1672	10.08.20 19:45:51	17,40	0,35	-53,92	18,65	17,43
1673	10.08.20 19:45:52	17,49	0,33	-57,35	23,26	9,39
1674	10.08.20 19:45:53	17,58	0,30	-23,37	29,18	37,46
1675	10.08.20 19:45:54	17,64	0,33	-42,16	11,30	36,54
1676	10.08.20 19:45:55	17,70	0,33	0,21	75,29	14,50
1677	10.08.20 19:45:56	17,79	0,33	17,41	49,58	23,02
1678	10.08.20 19:45:57	17,85	0,30	-37,81	31,93	20,27
1679	10.08.20 19:45:58	17,91	0,33	-41,68	22,80	25,51
1680	10.08.20 19:45:59	17,91	0,33	-51,91	17,29	20,79
1681	10.08.20 19:46:00	17,88	0,33	-22,87	34,19	32,94
1682	10.08.20 19:46:01	17,85	0,35	-9,23	35,95	44,81
1683	10.08.20 19:46:02	17,82	0,33	46,35	-39,33	-4,32
1684	10.08.20 19:46:03	17,79	0,35	48,38	-39,73	1,89
1685	10.08.20 19:46:04	17,73	0,35	67,57	-16,96	-5,46
1686	10.08.20 19:46:05	17,70	0,35	70,78	-18,17	-1,05
1687	10.08.20 19:46:06	17,70	0,35	14,40	-70,75	4,85
1688	10.08.20 19:46:07	17,76	0,35	-33,09	-51,61	5,29
1689	10.08.20 19:46:08	17,88	0,33	-25,95	-1,04	-63,01
1690	10.08.20 19:46:09	18,00	0,33	-1,86	-82,56	5,58
1691	10.08.20 19:46:10	18,09	0,35	-9,68	-66,73	-13,60
1692	10.08.20 19:46:11	18,15	0,33	35,05	-30,00	-24,95
1693	10.08.20 19:46:12	18,21	0,30	-20,16	-40,13	-29,70
1694	10.08.20 19:46:13	18,27	0,33	56,65	-12,32	21,03
1695	10.08.20 19:46:14	18,30	0,35	-36,21	-49,91	-3,87
1696	10.08.20 19:46:15	18,42	0,33	-7,26	-23,37	59,37
1697	10.08.20 19:46:16	18,63	0,28	-5,18	18,24	66,58
1698	10.08.20 19:46:17	18,92	0,28	-15,86	-44,84	29,30
1699	10.08.20 19:46:18	19,22	0,30	-13,72	-53,18	-23,09
1700	10.08.20 19:46:19	19,49	0,28	-85,40	-3,52	1,08
