#0	Date-time:	11/08/2020 8:47:40 AM
#1	Recorder:	16H1067
#2	File type:	1
#3	Columns:	7
#4	Channels:	5
#5	Field separation:	0
#6	Decimal point:	0
#7	Date def.:	0	0
#8	Time def.:	0
#9	Channel 1:	Temperature(°C)	Temp(°C)	2	1
#10	Channel 2:	Pressure(Bar)	Press(Bar)	2	1
#11	Reconvertion:	0
#14	Channel 3:	Tilt-X(°)	Tilt-X(°)	2	1
#18	Channel 4:	Tilt-Y(°)	Tilt-Y(°)	2	1
#19	Line color:	1	2	3	4
#22	Channel 5:	Tilt-Z(°)	Tilt-Z(°)	2	1
#30	Trend Type Number:	3
#33	Limit Temp. Corr. OTCR:	1
1	11.08.20 08:15:00	24,74	0,24	-3,26	4,19	82,54
2	11.08.20 08:15:01	24,72	0,24	-3,20	4,28	82,51
3	11.08.20 08:15:02	24,72	0,22	-5,38	4,39	80,23
4	11.08.20 08:15:03	24,72	0,22	-2,55	5,60	81,84
5	11.08.20 08:15:04	24,72	0,26	-6,35	2,26	81,39
6	11.08.20 08:15:05	24,72	0,22	-2,40	6,30	81,30
7	11.08.20 08:15:06	24,69	0,22	-5,30	4,58	80,12
8	11.08.20 08:15:07	24,69	0,24	-4,56	3,50	81,94
9	11.08.20 08:15:08	24,69	0,24	-2,84	5,82	81,34
10	11.08.20 08:15:09	24,66	0,24	-6,08	3,58	80,34
11	11.08.20 08:15:10	24,66	0,22	-2,14	3,23	84,63
12	11.08.20 08:15:11	24,66	0,24	-0,49	4,22	85,30
13	11.08.20 08:15:12	24,66	0,24	-1,95	4,16	83,89
14	11.08.20 08:15:13	24,66	0,22	-2,17	5,77	82,06
15	11.08.20 08:15:14	24,63	0,22	-4,26	4,06	81,67
16	11.08.20 08:15:15	24,63	0,22	7,74	61,38	20,88
17	11.08.20 08:15:16	24,63	0,24	-8,54	59,54	-21,91
18	11.08.20 08:15:17	24,63	0,24	-69,15	-6,38	-14,47
19	11.08.20 08:15:18	24,60	0,24	-60,85	0,87	-28,28
20	11.08.20 08:15:19	24,60	0,24	-55,03	-1,31	-33,66
21	11.08.20 08:15:20	24,60	0,22	-50,27	-3,62	-36,11
22	11.08.20 08:15:21	24,60	0,22	-51,64	1,57	-36,79
23	11.08.20 08:15:22	24,60	0,22	-34,72	-14,31	-40,97
24	11.08.20 08:15:23	24,57	0,24	-43,21	-15,21	-31,57
25	11.08.20 08:15:24	24,57	0,24	-20,29	-36,16	-33,55
26	11.08.20 08:15:25	24,57	0,24	-25,20	-29,40	-35,40
27	11.08.20 08:15:26	24,57	0,24	-41,25	-31,31	-17,44
28	11.08.20 08:15:27	24,57	0,24	-43,06	-28,79	-18,15
29	11.08.20 08:15:28	24,57	0,24	-29,36	-30,63	-30,01
30	11.08.20 08:15:29	24,57	0,24	-48,05	-38,02	3,93
31	11.08.20 08:15:30	24,54	0,24	3,48	-37,48	-49,04
32	11.08.20 08:15:31	24,54	0,22	-42,49	-32,77	-14,74
33	11.08.20 08:15:32	24,54	0,24	-31,92	-49,25	-8,84
34	11.08.20 08:15:33	24,54	0,24	-38,43	-33,71	-17,86
35	11.08.20 08:15:34	24,54	0,22	-19,39	-50,86	-19,75
36	11.08.20 08:15:35	24,51	0,24	-17,82	-64,69	-7,50
37	11.08.20 08:15:36	24,51	0,22	-15,18	-69,16	-5,66
38	11.08.20 08:15:37	24,51	0,24	-8,46	-42,20	-39,34
39	11.08.20 08:15:38	24,51	0,24	-20,60	-68,05	-1,36
40	11.08.20 08:15:39	24,51	0,22	7,56	-29,08	-53,37
41	11.08.20 08:15:40	24,51	0,24	-55,22	-30,30	-4,48
42	11.08.20 08:15:41	24,48	0,22	-59,35	-14,23	-16,42
43	11.08.20 08:15:42	24,48	0,24	-46,79	10,00	-33,21
44	11.08.20 08:15:43	24,48	0,22	-33,09	-49,49	7,42
45	11.08.20 08:15:44	24,48	0,24	-24,92	-46,39	18,69
46	11.08.20 08:15:45	24,48	0,22	-29,29	-40,48	20,23
47	11.08.20 08:15:46	24,48	0,24	-33,53	-37,01	19,45
48	11.08.20 08:15:47	24,45	0,22	-31,62	-28,37	30,01
49	11.08.20 08:15:48	24,45	0,24	-30,95	-24,74	34,31
50	11.08.20 08:15:49	24,45	0,22	2,97	-65,19	-21,84
51	11.08.20 08:15:50	24,45	0,24	14,20	-8,76	-67,03
52	11.08.20 08:15:51	24,42	0,22	-54,71	1,28	-34,02
53	11.08.20 08:15:52	24,42	0,22	-64,80	-4,10	-21,09
54	11.08.20 08:15:53	24,42	0,22	-56,85	-0,62	-32,52
55	11.08.20 08:15:54	24,42	0,24	-55,60	5,18	-29,22
56	11.08.20 08:15:55	24,42	0,22	-59,03	1,95	-29,02
57	11.08.20 08:15:56	24,40	0,24	-59,17	1,21	-29,63
58	11.08.20 08:15:57	24,40	0,22	-60,87	1,98	-27,14
59	11.08.20 08:15:58	24,40	0,24	-58,69	3,31	-28,00
60	11.08.20 08:15:59	24,37	0,22	-55,72	-3,48	-30,81
61	11.08.20 08:16:00	24,37	0,22	17,05	58,68	14,26
62	11.08.20 08:16:01	24,37	0,22	6,03	36,54	47,43
63	11.08.20 08:16:02	24,37	0,22	0,65	15,16	74,19
64	11.08.20 08:16:03	24,37	0,24	-58,10	29,36	-2,54
65	11.08.20 08:16:04	24,37	0,22	-58,10	-1,11	-30,79
66	11.08.20 08:16:05	24,37	0,22	-55,00	-4,35	-30,64
67	11.08.20 08:16:06	24,34	0,22	-52,62	-4,51	-32,87
68	11.08.20 08:16:07	24,34	0,22	-56,74	-3,26	-30,00
69	11.08.20 08:16:08	24,34	0,22	-56,55	-3,45	-29,99
70	11.08.20 08:16:09	24,34	0,22	-58,15	-2,79	-29,07
71	11.08.20 08:16:10	24,31	0,24	-60,57	-9,76	-19,67
72	11.08.20 08:16:11	24,31	0,24	-8,65	-39,51	41,84
73	11.08.20 08:16:12	24,31	0,24	-9,32	-46,18	34,50
74	11.08.20 08:16:13	24,31	0,24	-9,96	-45,77	34,26
75	11.08.20 08:16:14	24,31	0,24	32,77	-0,37	56,86
76	11.08.20 08:16:15	24,28	0,24	-7,03	-6,54	76,43
77	11.08.20 08:16:16	24,28	0,24	-7,43	-8,48	74,10
78	11.08.20 08:16:17	24,28	0,24	-8,09	-6,10	75,81
79	11.08.20 08:16:18	24,28	0,24	-7,02	-3,04	79,94
80	11.08.20 08:16:19	24,28	0,24	-8,61	-2,67	78,72
81	11.08.20 08:16:20	24,28	0,22	-11,73	-4,73	73,54
82	11.08.20 08:16:21	24,28	0,24	-23,02	-6,41	60,57
83	11.08.20 08:16:22	24,28	0,24	-12,65	-6,13	71,22
84	11.08.20 08:16:23	24,28	0,22	-10,07	-6,87	73,06
85	11.08.20 08:16:24	24,25	0,22	-21,55	8,42	60,02
86	11.08.20 08:16:25	24,25	0,24	-12,61	-0,86	76,54
87	11.08.20 08:16:26	24,25	0,24	-13,93	2,15	73,93
88	11.08.20 08:16:27	24,25	0,26	-13,24	7,14	69,62
89	11.08.20 08:16:28	24,25	0,24	-11,90	5,42	72,68
90	11.08.20 08:16:29	24,25	0,22	-15,31	-0,10	74,59
91	11.08.20 08:16:30	24,22	0,24	-12,65	3,62	73,73
92	11.08.20 08:16:31	24,22	0,24	-12,27	7,14	70,59
93	11.08.20 08:16:32	24,22	0,22	-10,64	7,91	71,45
94	11.08.20 08:16:33	24,22	0,22	-13,51	-7,21	69,28
95	11.08.20 08:16:34	24,22	0,22	-11,81	-10,20	68,00
96	11.08.20 08:16:35	24,22	0,24	-9,31	3,04	77,65
97	11.08.20 08:16:36	24,22	0,24	-11,82	-7,64	70,54
98	11.08.20 08:16:37	24,19	0,24	-11,37	-3,14	75,49
99	11.08.20 08:16:38	24,19	0,22	-12,49	-2,23	75,28
100	11.08.20 08:16:39	24,19	0,24	-11,47	-1,48	77,05
101	11.08.20 08:16:40	24,19	0,24	-9,77	-1,78	78,44
102	11.08.20 08:16:41	24,19	0,24	-12,11	-0,09	77,80
103	11.08.20 08:16:42	24,19	0,22	-15,15	-3,18	71,67
104	11.08.20 08:16:43	24,19	0,22	34,26	53,06	2,68
105	11.08.20 08:16:44	24,19	0,22	30,28	52,15	-7,57
106	11.08.20 08:16:45	24,16	0,24	55,89	27,13	6,98
107	11.08.20 08:16:46	24,16	0,24	55,74	27,56	6,71
108	11.08.20 08:16:47	24,16	0,24	55,29	28,16	6,55
109	11.08.20 08:16:48	24,16	0,24	54,43	30,02	5,55
110	11.08.20 08:16:49	24,16	0,24	58,49	25,79	5,72
111	11.08.20 08:16:50	24,16	0,22	56,42	27,22	6,36
112	11.08.20 08:16:51	24,16	0,24	50,63	34,05	5,32
113	11.08.20 08:16:52	24,16	0,24	61,56	17,42	-11,02
114	11.08.20 08:16:53	24,13	0,24	50,61	35,14	4,24
115	11.08.20 08:16:54	24,13	0,24	51,37	38,08	0,56
116	11.08.20 08:16:55	24,13	0,24	54,61	28,71	6,69
117	11.08.20 08:16:56	24,13	0,22	58,71	30,66	-0,62
118	11.08.20 08:16:57	24,13	0,24	52,77	33,47	3,76
119	11.08.20 08:16:58	24,13	0,24	53,91	32,12	3,97
120	11.08.20 08:16:59	24,13	0,24	58,31	25,65	6,05
121	11.08.20 08:17:00	24,13	0,22	57,04	27,19	5,77
122	11.08.20 08:17:01	24,13	0,24	57,99	27,06	4,96
123	11.08.20 08:17:02	24,13	0,24	56,95	26,41	6,64
124	11.08.20 08:17:03	24,11	0,24	56,50	27,06	6,45
125	11.08.20 08:17:04	24,11	0,22	56,76	26,68	6,55
126	11.08.20 08:17:05	24,11	0,24	55,13	28,51	6,35
127	11.08.20 08:17:06	24,11	0,24	62,80	26,84	0,36
128	11.08.20 08:17:07	24,11	0,24	64,29	23,49	2,22
129	11.08.20 08:17:08	24,11	0,22	58,45	27,71	3,84
130	11.08.20 08:17:09	24,11	0,22	56,80	27,50	5,70
131	11.08.20 08:17:10	24,11	0,22	54,20	25,77	10,03
132	11.08.20 08:17:11	24,11	0,22	56,37	27,11	6,51
133	11.08.20 08:17:12	24,11	0,24	58,07	22,68	9,24
134	11.08.20 08:17:13	24,08	0,24	56,19	27,21	6,60
135	11.08.20 08:17:14	24,08	0,24	61,04	19,92	9,04
136	11.08.20 08:17:15	24,08	0,22	56,80	22,25	10,95
137	11.08.20 08:17:16	24,08	0,22	53,39	27,68	8,93
138	11.08.20 08:17:17	24,08	0,22	63,78	19,40	6,81
139	11.08.20 08:17:18	24,08	0,24	58,00	19,40	12,60
140	11.08.20 08:17:19	24,08	0,24	56,05	22,31	11,64
141	11.08.20 08:17:20	24,08	0,22	58,81	24,44	6,75
142	11.08.20 08:17:21	24,08	0,24	58,76	23,15	8,08
143	11.08.20 08:17:22	24,08	0,24	60,71	19,05	10,23
144	11.08.20 08:17:23	24,08	0,22	55,21	25,44	9,35
145	11.08.20 08:17:24	24,08	0,24	56,92	27,34	5,74
146	11.08.20 08:17:25	24,08	0,24	58,19	22,96	8,85
147	11.08.20 08:17:26	24,05	0,22	49,02	27,98	13,00
148	11.08.20 08:17:27	24,05	0,24	51,64	25,60	12,76
149	11.08.20 08:17:28	24,05	0,24	56,37	25,52	8,10
150	11.08.20 08:17:29	24,05	0,26	57,99	24,85	7,16
151	11.08.20 08:17:30	24,05	0,22	54,36	26,38	9,26
152	11.08.20 08:17:31	24,05	0,24	57,00	27,20	5,80
153	11.08.20 08:17:32	24,05	0,24	55,36	18,39	16,25
154	11.08.20 08:17:33	24,05	0,24	53,07	26,55	10,38
155	11.08.20 08:17:34	24,05	0,24	56,09	23,97	9,95
156	11.08.20 08:17:35	24,05	0,22	58,94	25,69	5,37
157	11.08.20 08:17:36	24,05	0,24	61,12	23,71	5,16
158	11.08.20 08:17:37	24,05	0,22	48,66	23,51	17,83
159	11.08.20 08:17:38	24,05	0,22	53,11	29,37	7,53
160	11.08.20 08:17:39	24,05	0,22	54,82	23,41	11,77
161	11.08.20 08:17:40	24,02	0,22	62,81	20,16	7,02
162	11.08.20 08:17:41	24,02	0,22	55,50	29,86	4,64
163	11.08.20 08:17:42	24,02	0,24	59,35	24,17	6,49
164	11.08.20 08:17:43	24,02	0,22	52,52	20,94	16,55
165	11.08.20 08:17:44	24,02	0,24	55,23	27,40	7,37
166	11.08.20 08:17:45	24,02	0,24	50,95	27,15	11,90
167	11.08.20 08:17:46	24,02	0,22	52,71	28,47	8,82
168	11.08.20 08:17:47	24,02	0,24	59,51	18,97	11,53
169	11.08.20 08:17:48	24,02	0,24	56,78	20,31	12,91
170	11.08.20 08:17:49	24,02	0,24	52,12	30,24	7,64
171	11.08.20 08:17:50	24,02	0,24	61,14	22,61	6,25
172	11.08.20 08:17:51	24,02	0,24	58,05	22,14	9,82
173	11.08.20 08:17:52	24,02	0,22	52,45	28,05	9,50
174	11.08.20 08:17:53	24,02	0,24	59,00	25,43	5,57
175	11.08.20 08:17:54	24,02	0,24	52,43	26,32	11,26
176	11.08.20 08:17:55	24,02	0,24	56,21	27,83	5,95
177	11.08.20 08:17:56	24,02	0,24	59,26	20,28	10,46
178	11.08.20 08:17:57	24,02	0,24	61,19	24,49	4,32
179	11.08.20 08:17:58	24,02	0,24	57,06	28,17	4,78
180	11.08.20 08:17:59	23,99	0,24	59,53	24,86	5,61
181	11.08.20 08:18:00	23,99	0,24	56,50	27,74	5,76
182	11.08.20 08:18:01	23,99	0,22	57,25	27,54	5,21
183	11.08.20 08:18:02	23,99	0,26	60,04	26,27	3,69
184	11.08.20 08:18:03	23,99	0,24	57,43	29,91	2,66
185	11.08.20 08:18:04	23,99	0,24	57,31	26,27	6,42
186	11.08.20 08:18:05	23,99	0,24	57,09	26,13	6,78
187	11.08.20 08:18:06	23,99	0,24	58,15	25,42	6,43
188	11.08.20 08:18:07	23,99	0,24	57,61	26,80	5,59
189	11.08.20 08:18:08	23,99	0,24	58,17	25,75	6,07
190	11.08.20 08:18:09	23,99	0,22	57,07	26,83	6,10
191	11.08.20 08:18:10	23,99	0,22	56,85	26,57	6,59
192	11.08.20 08:18:11	23,99	0,24	58,55	25,65	5,80
193	11.08.20 08:18:12	23,99	0,24	57,59	25,67	6,73
194	11.08.20 08:18:13	23,99	0,22	57,75	26,59	5,66
195	11.08.20 08:18:14	23,96	0,22	57,32	27,47	5,21
196	11.08.20 08:18:15	23,96	0,24	57,47	26,63	5,90
197	11.08.20 08:18:16	23,96	0,24	57,62	26,13	6,25
198	11.08.20 08:18:17	23,96	0,24	56,98	26,81	6,21
199	11.08.20 08:18:18	23,96	0,24	57,05	27,14	5,82
200	11.08.20 08:18:19	23,96	0,24	58,08	26,56	5,36
201	11.08.20 08:18:20	23,96	0,24	58,03	25,39	6,59
202	11.08.20 08:18:21	23,96	0,24	56,32	27,26	6,42
203	11.08.20 08:18:22	23,96	0,22	58,69	26,51	4,81
204	11.08.20 08:18:23	23,96	0,24	57,58	26,46	5,96
205	11.08.20 08:18:24	23,96	0,24	57,32	28,25	4,43
206	11.08.20 08:18:25	23,96	0,24	57,19	26,02	6,79
207	11.08.20 08:18:26	23,96	0,24	57,06	26,59	6,34
208	11.08.20 08:18:27	23,96	0,24	56,88	26,49	6,63
209	11.08.20 08:18:28	23,96	0,24	60,55	26,88	2,57
210	11.08.20 08:18:29	23,96	0,22	57,07	25,10	7,83
211	11.08.20 08:18:30	23,93	0,22	55,93	25,08	8,99
212	11.08.20 08:18:31	23,93	0,22	61,42	22,25	6,33
213	11.08.20 08:18:32	23,93	0,22	56,57	27,64	5,79
214	11.08.20 08:18:33	23,93	0,24	59,30	24,82	5,88
215	11.08.20 08:18:34	23,93	0,24	55,76	24,94	9,30
216	11.08.20 08:18:35	23,93	0,24	61,31	23,46	5,23
217	11.08.20 08:18:36	23,93	0,24	57,09	27,30	5,61
218	11.08.20 08:18:37	23,93	0,24	56,60	26,43	6,97
219	11.08.20 08:18:38	23,93	0,24	61,63	23,43	4,94
220	11.08.20 08:18:39	23,93	0,22	56,75	25,35	7,90
221	11.08.20 08:18:40	23,93	0,24	53,47	25,45	11,07
222	11.08.20 08:18:41	23,93	0,24	60,33	21,03	8,65
223	11.08.20 08:18:42	23,93	0,22	60,97	24,29	4,74
224	11.08.20 08:18:43	23,93	0,22	54,07	25,49	10,44
225	11.08.20 08:18:44	23,90	0,22	58,54	24,02	7,44
226	11.08.20 08:18:45	23,90	0,24	59,07	23,40	7,53
227	11.08.20 08:18:46	23,90	0,24	58,31	24,94	6,74
228	11.08.20 08:18:47	23,90	0,22	53,56	25,59	10,85
229	11.08.20 08:18:48	23,90	0,24	58,16	24,16	7,68
230	11.08.20 08:18:49	23,90	0,24	61,21	23,97	4,82
231	11.08.20 08:18:50	23,90	0,24	56,30	27,23	6,47
232	11.08.20 08:18:51	23,90	0,24	59,81	25,46	4,72
233	11.08.20 08:18:52	23,90	0,22	63,48	26,49	-0,03
234	11.08.20 08:18:53	23,90	0,24	57,81	27,11	5,08
235	11.08.20 08:18:54	23,90	0,22	62,25	25,63	-2,13
236	11.08.20 08:18:55	23,90	0,24	60,36	28,55	1,09
237	11.08.20 08:18:56	23,90	0,26	56,98	27,72	5,30
238	11.08.20 08:18:57	23,90	0,22	58,49	29,26	-2,25
239	11.08.20 08:18:58	23,90	0,24	56,73	31,94	1,33
240	11.08.20 08:18:59	23,87	0,22	59,39	28,35	2,26
241	11.08.20 08:19:00	23,87	0,24	59,09	26,88	4,03
242	11.08.20 08:19:01	23,87	0,22	57,58	27,00	5,42
243	11.08.20 08:19:02	23,87	0,24	57,92	27,00	5,08
244	11.08.20 08:19:03	23,87	0,24	53,49	34,12	2,39
245	11.08.20 08:19:04	23,87	0,24	53,86	33,97	2,17
246	11.08.20 08:19:05	23,87	0,22	56,80	31,11	2,08
247	11.08.20 08:19:06	23,87	0,24	58,79	27,55	3,66
248	11.08.20 08:19:07	23,87	0,24	53,34	27,15	9,51
249	11.08.20 08:19:08	23,87	0,24	58,54	26,95	4,51
250	11.08.20 08:19:09	23,87	0,22	58,16	30,25	-1,59
251	11.08.20 08:19:10	23,87	0,22	54,07	30,01	5,92
252	11.08.20 08:19:11	23,87	0,22	59,60	26,82	3,59
253	11.08.20 08:19:12	23,87	0,24	57,11	25,67	7,22
254	11.08.20 08:19:13	23,84	0,24	54,80	33,75	1,45
255	11.08.20 08:19:14	23,84	0,24	52,92	31,34	5,74
256	11.08.20 08:19:15	23,84	0,22	61,67	24,39	3,94
257	11.08.20 08:19:16	23,84	0,22	55,96	29,13	4,90
258	11.08.20 08:19:17	23,84	0,22	56,86	30,78	2,36
259	11.08.20 08:19:18	23,84	0,24	51,99	34,41	3,59
260	11.08.20 08:19:19	23,84	0,24	65,94	23,47	0,58
261	11.08.20 08:19:20	23,84	0,22	58,59	29,84	1,57
262	11.08.20 08:19:21	23,84	0,22	56,48	28,50	5,02
263	11.08.20 08:19:22	23,84	0,24	61,73	27,19	1,08
264	11.08.20 08:19:23	23,84	0,24	55,87	32,83	1,30
265	11.08.20 08:19:24	23,84	0,26	54,41	31,32	4,26
266	11.08.20 08:19:25	23,84	0,22	58,62	29,44	1,94
267	11.08.20 08:19:26	23,84	0,22	57,50	28,12	4,38
268	11.08.20 08:19:27	23,81	0,22	53,70	34,00	2,31
269	11.08.20 08:19:28	23,81	0,22	59,07	28,52	2,41
270	11.08.20 08:19:29	23,81	0,24	57,38	25,01	7,61
271	11.08.20 08:19:30	23,81	0,22	55,38	28,30	6,32
272	11.08.20 08:19:31	23,81	0,24	56,28	28,02	5,70
273	11.08.20 08:19:32	23,81	0,24	55,78	28,06	6,15
274	11.08.20 08:19:33	23,81	0,22	56,46	27,35	6,20
275	11.08.20 08:19:34	23,81	0,24	56,76	26,87	6,36
276	11.08.20 08:19:35	23,81	0,24	54,38	30,23	5,39
277	11.08.20 08:19:36	23,81	0,22	57,98	25,87	6,15
278	11.08.20 08:19:37	23,81	0,22	57,42	26,36	6,22
279	11.08.20 08:19:38	23,79	0,22	51,80	34,60	3,60
280	11.08.20 08:19:39	23,79	0,22	56,78	27,15	6,07
281	11.08.20 08:19:40	23,79	0,22	31,54	11,18	47,28
282	11.08.20 08:19:41	23,79	0,22	-1,69	27,08	61,23
283	11.08.20 08:19:42	23,79	0,24	35,68	41,61	-12,72
284	11.08.20 08:19:43	23,79	0,24	53,49	28,96	7,55
285	11.08.20 08:19:44	23,79	0,24	46,25	25,34	18,41
286	11.08.20 08:19:45	22,85	0,39	27,56	26,17	36,28
287	11.08.20 08:19:46	22,07	0,39	17,54	-3,06	69,40
288	11.08.20 08:19:47	21,66	0,45	34,63	-6,67	48,70
289	11.08.20 08:19:48	21,43	0,41	30,25	7,31	52,44
290	11.08.20 08:19:49	21,31	0,41	24,88	17,01	48,11
291	11.08.20 08:19:50	21,22	0,39	21,48	17,51	51,01
292	11.08.20 08:19:51	21,16	0,37	10,36	47,38	32,27
293	11.08.20 08:19:52	21,02	0,41	14,45	67,65	7,91
294	11.08.20 08:19:53	20,90	0,39	28,40	41,87	19,73
295	11.08.20 08:19:54	20,78	0,45	36,33	25,17	28,50
296	11.08.20 08:19:55	20,63	0,45	23,72	24,89	41,39
297	11.08.20 08:19:56	20,52	0,45	22,55	18,85	48,59
298	11.08.20 08:19:57	20,46	0,43	27,04	23,97	38,99
299	11.08.20 08:19:58	20,40	0,41	23,75	23,56	42,69
300	11.08.20 08:19:59	20,34	0,45	27,82	12,47	49,71
301	11.08.20 08:20:00	20,22	0,50	34,08	10,00	45,91
302	11.08.20 08:20:01	20,13	0,45	36,73	14,06	39,21
303	11.08.20 08:20:02	20,08	0,45	34,18	10,90	44,92
304	11.08.20 08:20:03	20,08	0,50	35,11	6,75	48,14
305	11.08.20 08:20:04	20,05	0,48	37,01	2,80	50,20
306	11.08.20 08:20:05	20,02	0,43	31,65	4,10	54,26
307	11.08.20 08:20:06	19,96	0,45	26,19	12,66	51,16
308	11.08.20 08:20:07	19,96	0,45	42,08	3,51	44,41
309	11.08.20 08:20:08	19,96	0,48	39,13	8,87	42,00
310	11.08.20 08:20:09	19,90	0,48	33,06	-5,62	51,32
311	11.08.20 08:20:10	19,84	0,45	27,99	7,34	54,67
312	11.08.20 08:20:11	19,81	0,45	20,23	10,53	59,25
313	11.08.20 08:20:12	19,75	0,48	28,72	11,59	49,69
314	11.08.20 08:20:13	19,72	0,50	31,12	8,36	50,52
315	11.08.20 08:20:14	19,72	0,52	36,09	10,72	43,19
316	11.08.20 08:20:15	19,72	0,48	22,12	11,25	56,62
317	11.08.20 08:20:16	19,72	0,50	21,50	15,01	53,49
318	11.08.20 08:20:17	19,66	0,52	28,46	9,94	51,60
319	11.08.20 08:20:18	19,63	0,52	36,55	2,12	51,33
320	11.08.20 08:20:19	19,60	0,52	28,80	3,68	57,53
321	11.08.20 08:20:20	19,57	0,50	32,21	-4,74	53,06
322	11.08.20 08:20:21	19,49	0,55	45,19	-8,61	36,20
323	11.08.20 08:20:22	19,43	0,61	47,96	-8,58	33,46
324	11.08.20 08:20:23	19,43	0,59	30,50	19,79	39,71
325	11.08.20 08:20:24	19,40	0,61	41,45	14,83	33,72
326	11.08.20 08:20:25	19,40	0,57	29,24	19,71	41,05
327	11.08.20 08:20:26	19,37	0,59	26,07	16,90	47,02
328	11.08.20 08:20:27	19,34	0,59	21,58	21,28	47,14
329	11.08.20 08:20:28	19,34	0,61	34,07	22,41	33,52
330	11.08.20 08:20:29	19,34	0,59	24,86	24,70	40,44
331	11.08.20 08:20:30	19,31	0,61	36,46	11,61	41,93
332	11.08.20 08:20:31	19,31	0,61	35,28	14,47	40,26
333	11.08.20 08:20:32	19,28	0,61	35,25	20,15	34,60
334	11.08.20 08:20:33	19,28	0,59	29,85	22,57	37,58
335	11.08.20 08:20:34	19,28	0,59	29,97	19,01	41,02
336	11.08.20 08:20:35	19,25	0,57	27,06	21,45	41,49
337	11.08.20 08:20:36	19,25	0,59	34,56	18,54	36,90
338	11.08.20 08:20:37	19,25	0,61	36,23	18,98	34,79
339	11.08.20 08:20:38	19,22	0,63	34,35	16,79	38,86
340	11.08.20 08:20:39	19,19	0,61	27,65	18,72	43,63
341	11.08.20 08:20:40	19,16	0,61	33,49	17,24	39,28
342	11.08.20 08:20:41	19,16	0,63	36,76	16,58	36,66
343	11.08.20 08:20:42	19,16	0,66	34,30	19,95	35,75
344	11.08.20 08:20:43	19,16	0,66	35,49	19,09	35,42
345	11.08.20 08:20:44	19,13	0,68	36,16	16,20	37,64
346	11.08.20 08:20:45	19,10	0,68	40,98	14,25	34,77
347	11.08.20 08:20:46	19,07	0,70	43,57	14,22	32,21
348	11.08.20 08:20:47	19,07	0,70	40,32	16,06	33,61
349	11.08.20 08:20:48	19,07	0,72	40,62	14,87	34,51
350	11.08.20 08:20:49	19,10	0,72	45,53	12,74	31,73
351	11.08.20 08:20:50	19,10	0,76	53,19	11,53	25,28
352	11.08.20 08:20:51	19,10	0,78	55,10	8,81	26,09
353	11.08.20 08:20:52	19,10	0,80	54,03	7,36	28,61
354	11.08.20 08:20:53	19,13	0,83	55,80	13,21	20,99
355	11.08.20 08:20:54	19,07	0,85	55,76	13,96	20,28
356	11.08.20 08:20:55	18,95	0,82	57,18	8,62	24,20
357	11.08.20 08:20:56	18,89	0,85	56,60	10,16	23,24
358	11.08.20 08:20:57	18,86	0,89	52,46	17,39	20,16
359	11.08.20 08:20:58	18,81	0,95	53,88	15,43	20,69
360	11.08.20 08:20:59	18,72	0,95	55,11	11,72	23,17
361	11.08.20 08:21:00	18,72	0,97	51,27	17,80	20,92
362	11.08.20 08:21:01	18,72	0,99	53,83	17,63	18,54
363	11.08.20 08:21:02	18,69	0,99	52,10	18,90	19,00
364	11.08.20 08:21:03	18,69	0,99	52,29	17,76	19,94
365	11.08.20 08:21:04	18,66	1,04	52,01	20,43	17,56
366	11.08.20 08:21:05	18,66	1,04	50,93	19,10	19,97
367	11.08.20 08:21:06	18,63	1,06	52,12	20,00	17,88
368	11.08.20 08:21:07	18,63	1,12	55,63	17,47	16,91
369	11.08.20 08:21:08	18,60	1,10	46,73	16,18	27,09
370	11.08.20 08:21:09	18,57	1,10	50,61	20,16	19,22
371	11.08.20 08:21:10	18,57	1,14	52,86	19,30	17,84
372	11.08.20 08:21:11	18,54	1,14	53,45	16,20	20,35
373	11.08.20 08:21:12	18,51	1,14	50,87	18,43	20,71
374	11.08.20 08:21:13	18,48	1,16	51,48	19,77	18,75
375	11.08.20 08:21:14	18,48	1,18	51,06	18,79	20,15
376	11.08.20 08:21:15	18,48	1,20	49,97	20,22	19,80
377	11.08.20 08:21:16	18,48	1,25	53,12	17,61	19,27
378	11.08.20 08:21:17	18,42	1,25	50,05	16,45	23,50
379	11.08.20 08:21:18	18,39	1,27	49,75	17,14	23,11
380	11.08.20 08:21:19	18,39	1,25	53,40	17,22	19,38
381	11.08.20 08:21:20	18,39	1,31	53,96	17,48	18,55
382	11.08.20 08:21:21	18,42	1,31	51,30	16,13	22,57
383	11.08.20 08:21:22	18,39	1,31	50,53	15,54	23,93
384	11.08.20 08:21:23	18,39	1,33	54,28	16,48	19,24
385	11.08.20 08:21:24	18,36	1,35	54,47	13,87	21,66
386	11.08.20 08:21:25	18,36	1,37	57,98	12,02	20,00
387	11.08.20 08:21:26	18,36	1,40	58,77	8,75	22,49
388	11.08.20 08:21:27	18,39	1,42	55,43	8,04	26,53
389	11.08.20 08:21:28	18,39	1,44	58,82	8,80	22,39
390	11.08.20 08:21:29	18,39	1,44	63,17	9,03	17,80
391	11.08.20 08:21:30	18,39	1,46	60,81	7,09	22,10
392	11.08.20 08:21:31	18,42	1,48	49,78	6,33	33,89
393	11.08.20 08:21:32	18,39	1,48	56,39	5,04	28,57
394	11.08.20 08:21:33	18,36	1,52	63,41	4,48	22,11
395	11.08.20 08:21:34	18,33	1,52	66,59	2,89	20,52
396	11.08.20 08:21:35	18,30	1,54	63,04	1,88	25,09
397	11.08.20 08:21:36	18,27	1,54	60,16	1,59	28,25
398	11.08.20 08:21:37	18,21	1,59	64,40	0,97	24,63
399	11.08.20 08:21:38	18,18	1,61	68,10	-1,42	20,47
400	11.08.20 08:21:39	18,18	1,63	62,95	-5,58	21,47
401	11.08.20 08:21:40	18,15	1,63	56,96	-8,13	24,92
402	11.08.20 08:21:41	18,09	1,63	61,05	-7,75	21,20
403	11.08.20 08:21:42	18,06	1,69	67,18	-5,39	17,43
404	11.08.20 08:21:43	18,03	1,69	64,24	-5,12	20,64
405	11.08.20 08:21:44	18,03	1,71	67,96	-2,81	19,23
406	11.08.20 08:21:45	18,03	1,76	70,04	-1,52	18,43
407	11.08.20 08:21:46	18,03	1,76	63,99	-2,24	23,77
408	11.08.20 08:21:47	18,00	1,78	66,14	-4,55	19,32
409	11.08.20 08:21:48	18,00	1,80	64,55	-7,90	17,54
410	11.08.20 08:21:49	17,97	1,78	54,05	-9,60	26,35
411	11.08.20 08:21:50	17,94	1,82	49,84	-10,16	30,00
412	11.08.20 08:21:51	17,88	1,82	53,00	-10,35	26,64
413	11.08.20 08:21:52	17,82	1,80	55,54	-8,35	26,10
414	11.08.20 08:21:53	17,79	1,84	55,46	-6,78	27,76
415	11.08.20 08:21:54	17,79	1,84	56,71	-5,35	27,94
416	11.08.20 08:21:55	17,76	1,84	59,46	-3,47	27,07
417	11.08.20 08:21:56	17,76	1,84	58,39	-4,41	27,20
418	11.08.20 08:21:57	17,73	1,88	57,27	-3,67	29,05
419	11.08.20 08:21:58	17,73	1,86	61,11	-1,15	27,75
420	11.08.20 08:21:59	17,73	1,90	61,85	1,19	26,96
421	11.08.20 08:22:00	17,73	1,88	58,59	0,91	30,50
422	11.08.20 08:22:01	17,70	1,90	62,74	0,51	26,76
423	11.08.20 08:22:02	17,67	1,92	63,37	1,91	24,72
424	11.08.20 08:22:03	17,61	1,90	58,57	2,25	29,18
425	11.08.20 08:22:04	17,58	1,90	56,71	0,83	32,46
426	11.08.20 08:22:05	17,52	1,90	55,43	-1,11	33,46
427	11.08.20 08:22:06	17,43	1,90	54,27	-2,38	33,35
428	11.08.20 08:22:07	17,31	1,90	50,33	-1,47	38,20
429	11.08.20 08:22:08	17,19	1,88	44,17	0,30	45,53
430	11.08.20 08:22:09	17,13	1,90	31,63	6,83	51,54
431	11.08.20 08:22:10	16,92	1,83	37,25	11,01	41,74
432	11.08.20 08:22:11	16,71	1,87	44,20	2,19	43,61
433	11.08.20 08:22:12	16,59	1,81	26,06	13,47	50,47
434	11.08.20 08:22:13	16,47	1,76	24,17	14,90	50,93
435	11.08.20 08:22:14	16,32	1,74	25,30	14,58	50,12
436	11.08.20 08:22:15	16,26	1,72	28,58	13,19	48,23
437	11.08.20 08:22:16	16,20	1,70	19,28	16,46	54,27
438	11.08.20 08:22:17	16,17	1,67	34,29	11,99	43,72
439	11.08.20 08:22:18	16,14	1,69	35,70	15,03	39,27
440	11.08.20 08:22:19	16,14	1,69	38,56	4,66	46,78
441	11.08.20 08:22:20	16,11	1,67	37,31	4,60	48,09
442	11.08.20 08:22:21	16,08	1,69	38,32	8,34	43,34
443	11.08.20 08:22:22	16,05	1,72	41,85	14,31	33,85
444	11.08.20 08:22:23	16,05	1,72	44,64	6,96	38,40
445	11.08.20 08:22:24	16,02	1,72	43,49	7,34	39,17
446	11.08.20 08:22:25	15,99	1,69	44,58	2,69	42,74
447	11.08.20 08:22:26	15,99	1,69	44,45	2,23	43,32
448	11.08.20 08:22:27	15,99	1,69	40,53	4,51	44,96
449	11.08.20 08:22:28	15,99	1,69	40,24	3,35	46,41
450	11.08.20 08:22:29	15,99	1,65	38,63	0,52	50,85
451	11.08.20 08:22:30	15,99	1,67	38,87	4,21	46,91
452	11.08.20 08:22:31	15,99	1,65	37,91	1,51	50,58
453	11.08.20 08:22:32	15,99	1,65	39,35	-0,67	49,99
454	11.08.20 08:22:33	15,99	1,67	38,46	-2,39	49,15
455	11.08.20 08:22:34	15,96	1,69	42,26	0,70	47,04
456	11.08.20 08:22:35	15,93	1,69	42,86	-2,70	44,44
457	11.08.20 08:22:36	15,93	1,67	42,15	-4,81	43,04
458	11.08.20 08:22:37	15,93	1,69	42,16	-2,72	45,12
459	11.08.20 08:22:38	15,89	1,71	39,01	-2,04	48,95
460	11.08.20 08:22:39	15,89	1,69	39,72	-3,27	47,02
461	11.08.20 08:22:40	15,86	1,71	41,55	-6,22	42,22
462	11.08.20 08:22:41	15,86	1,71	31,46	-9,34	49,20
463	11.08.20 08:22:42	15,83	1,73	30,76	-9,29	49,95
464	11.08.20 08:22:43	15,80	1,71	34,26	-6,01	49,73
465	11.08.20 08:22:44	15,77	1,69	32,24	-5,13	52,63
466	11.08.20 08:22:45	15,77	1,69	39,83	-2,71	47,46
467	11.08.20 08:22:46	15,74	1,71	26,12	-11,36	52,53
468	11.08.20 08:22:47	15,74	1,71	21,51	-14,50	53,99
469	11.08.20 08:22:48	15,71	1,71	33,68	-15,02	41,30
470	11.08.20 08:22:49	15,68	1,78	35,54	-4,39	50,07
471	11.08.20 08:22:50	15,65	1,75	30,17	-6,86	52,97
472	11.08.20 08:22:51	15,62	1,78	27,16	-12,55	50,29
473	11.08.20 08:22:52	15,59	1,78	22,91	-14,50	52,59
474	11.08.20 08:22:53	15,59	1,80	23,71	-12,52	53,77
475	11.08.20 08:22:54	15,56	1,77	22,33	-13,63	54,04
476	11.08.20 08:22:55	15,56	1,82	25,80	-13,02	51,18
477	11.08.20 08:22:56	15,53	1,82	19,86	-14,35	55,80
478	11.08.20 08:22:57	15,50	1,84	20,11	-13,20	56,69
479	11.08.20 08:22:58	15,47	1,84	19,76	-13,85	56,39
480	11.08.20 08:22:59	15,41	1,86	23,86	-12,63	53,51
481	11.08.20 08:23:00	15,32	1,90	20,96	-13,44	55,60
482	11.08.20 08:23:01	15,28	1,90	21,04	-14,05	54,91
483	11.08.20 08:23:02	15,25	1,90	21,63	-11,97	56,40
484	11.08.20 08:23:03	15,19	1,94	22,72	-14,89	52,39
485	11.08.20 08:23:04	15,16	1,92	24,76	-12,98	52,26
486	11.08.20 08:23:05	15,13	1,96	23,96	-14,36	51,68
487	11.08.20 08:23:06	15,10	1,98	23,11	-15,73	51,16
488	11.08.20 08:23:07	15,10	1,96	20,62	-15,85	53,53
489	11.08.20 08:23:08	15,10	1,98	21,54	-14,93	53,53
490	11.08.20 08:23:09	15,10	2,01	19,99	-14,70	55,31
491	11.08.20 08:23:10	15,10	2,03	18,89	-16,31	54,80
492	11.08.20 08:23:11	15,10	2,05	22,58	-15,77	51,64
493	11.08.20 08:23:12	15,07	2,05	23,35	-15,16	51,49
494	11.08.20 08:23:13	15,07	2,05	16,87	-14,36	58,78
495	11.08.20 08:23:14	15,04	2,11	16,36	-17,73	55,91
496	11.08.20 08:23:15	14,95	2,13	31,17	-7,46	51,37
497	11.08.20 08:23:16	14,85	2,15	23,43	-12,59	53,98
498	11.08.20 08:23:17	14,82	2,17	15,27	-16,46	58,27
499	11.08.20 08:23:18	14,82	2,20	16,99	-17,33	55,69
500	11.08.20 08:23:19	14,76	2,19	26,00	-8,02	55,98
501	11.08.20 08:23:20	14,73	2,24	17,94	-13,91	58,16
502	11.08.20 08:23:21	14,64	2,26	17,63	-15,97	56,40
503	11.08.20 08:23:22	14,49	2,34	16,23	-15,55	58,22
504	11.08.20 08:23:23	14,27	2,32	16,97	-16,02	57,02
505	11.08.20 08:23:24	14,14	2,34	25,78	-8,55	55,67
506	11.08.20 08:23:25	14,05	2,34	14,30	-16,77	58,92
507	11.08.20 08:23:26	13,99	2,38	15,32	-15,92	58,76
508	11.08.20 08:23:27	13,86	2,42	16,63	-16,65	56,73
509	11.08.20 08:23:28	13,74	2,42	17,43	-15,67	56,90
510	11.08.20 08:23:29	13,62	2,44	14,90	-15,06	60,04
511	11.08.20 08:23:30	13,46	2,46	15,21	-16,46	58,33
512	11.08.20 08:23:31	13,37	2,46	14,77	-16,65	58,58
513	11.08.20 08:23:32	13,27	2,48	16,88	-16,99	56,13
514	11.08.20 08:23:33	13,15	2,54	17,03	-17,23	55,74
515	11.08.20 08:23:34	13,08	2,58	15,99	-17,66	56,35
516	11.08.20 08:23:35	13,08	2,65	19,33	-12,73	57,94
517	11.08.20 08:23:36	12,86	2,65	32,93	-1,70	55,36
518	11.08.20 08:23:37	12,80	2,65	23,85	-12,52	53,63
519	11.08.20 08:23:38	12,77	2,69	18,80	-20,17	51,03
520	11.08.20 08:23:39	12,77	2,71	19,10	-23,15	47,75
521	11.08.20 08:23:40	12,74	2,71	28,56	-12,33	49,11
522	11.08.20 08:23:41	12,70	2,75	30,82	-15,49	43,69
523	11.08.20 08:23:42	12,67	2,82	35,36	-11,09	43,55
524	11.08.20 08:23:43	12,58	2,84	31,94	-12,63	45,43
525	11.08.20 08:23:44	12,58	2,84	32,77	-16,33	40,90
526	11.08.20 08:23:45	12,55	2,88	25,49	-17,80	46,71
527	11.08.20 08:23:46	12,51	2,90	29,63	-12,09	48,29
528	11.08.20 08:23:47	12,45	2,94	28,19	-13,95	47,86
529	11.08.20 08:23:48	12,29	2,98	25,06	-14,93	50,01
530	11.08.20 08:23:49	12,07	3,07	27,65	-11,80	50,55
531	11.08.20 08:23:50	11,94	3,04	21,00	-12,95	56,05
532	11.08.20 08:23:51	11,85	3,06	18,48	-17,05	54,47
533	11.08.20 08:23:52	11,85	3,15	21,22	-15,60	53,18
534	11.08.20 08:23:53	11,78	3,11	17,94	-16,40	55,66
535	11.08.20 08:23:54	11,72	3,11	15,21	-14,48	60,31
536	11.08.20 08:23:55	11,69	3,13	15,02	-17,44	57,55
537	11.08.20 08:23:56	11,49	3,19	15,48	-13,36	61,17
538	11.08.20 08:23:57	11,27	3,19	12,86	-16,25	60,89
539	11.08.20 08:23:58	11,04	3,25	17,29	-12,77	59,94
540	11.08.20 08:23:59	10,81	3,27	15,32	-10,93	63,75
541	11.08.20 08:24:00	10,65	3,31	15,20	-13,38	61,42
542	11.08.20 08:24:01	10,49	3,35	15,11	-14,07	60,82
543	11.08.20 08:24:02	10,26	3,39	13,30	-16,68	60,02
544	11.08.20 08:24:03	10,06	3,41	14,77	-14,32	60,91
545	11.08.20 08:24:04	9,93	3,39	13,69	-16,85	59,46
546	11.08.20 08:24:05	9,80	3,41	15,75	-16,42	57,83
547	11.08.20 08:24:06	9,70	3,47	17,53	-13,76	58,72
548	11.08.20 08:24:07	9,56	3,53	16,87	-13,17	59,96
549	11.08.20 08:24:08	9,36	3,51	14,63	-15,49	59,88
550	11.08.20 08:24:09	9,16	3,51	21,50	-11,69	56,81
551	11.08.20 08:24:10	9,13	3,51	25,35	-7,77	56,88
552	11.08.20 08:24:11	9,20	3,55	13,31	-16,08	60,61
553	11.08.20 08:24:12	9,16	3,62	14,00	-16,05	59,95
554	11.08.20 08:24:13	9,06	3,64	16,77	-14,13	59,10
555	11.08.20 08:24:14	8,93	3,74	14,56	-16,12	59,32
556	11.08.20 08:24:15	8,83	3,68	12,81	-14,59	62,60
557	11.08.20 08:24:16	8,73	3,74	12,63	-14,69	62,68
558	11.08.20 08:24:17	8,52	3,78	15,35	-13,72	60,93
559	11.08.20 08:24:18	8,25	3,80	17,52	-11,98	60,50
560	11.08.20 08:24:19	8,05	3,84	11,07	-12,64	66,29
561	11.08.20 08:24:20	7,88	3,82	17,48	-11,00	61,52
562	11.08.20 08:24:21	7,77	3,86	16,72	-11,98	61,29
563	11.08.20 08:24:22	7,74	3,86	15,04	-13,06	61,90
564	11.08.20 08:24:23	7,67	3,88	14,60	-11,33	64,07
565	11.08.20 08:24:24	7,50	3,90	15,43	-10,48	64,09
566	11.08.20 08:24:25	7,40	3,94	10,27	-14,80	64,93
567	11.08.20 08:24:26	7,33	3,98	20,82	-13,66	55,52
568	11.08.20 08:24:27	7,33	4,03	27,55	-13,95	48,50
569	11.08.20 08:24:28	7,36	4,05	24,73	-22,07	43,20
570	11.08.20 08:24:29	7,33	4,09	16,11	-27,69	46,20
571	11.08.20 08:24:30	7,33	4,13	28,40	-21,32	40,28
572	11.08.20 08:24:31	7,22	4,11	21,44	-23,89	44,66
573	11.08.20 08:24:32	7,08	4,15	17,00	-20,05	52,94
574	11.08.20 08:24:33	6,94	4,17	24,77	-13,58	51,64
575	11.08.20 08:24:34	6,87	4,15	29,37	-13,78	46,85
576	11.08.20 08:24:35	6,91	4,15	24,46	-13,49	52,05
577	11.08.20 08:24:36	6,98	4,17	30,93	-10,11	48,97
578	11.08.20 08:24:37	7,05	4,19	33,41	-11,79	44,80
579	11.08.20 08:24:38	7,08	4,17	32,84	-10,96	46,20
580	11.08.20 08:24:39	7,12	4,19	34,15	-11,06	44,78
581	11.08.20 08:24:40	7,15	4,22	43,93	-4,25	41,81
582	11.08.20 08:24:41	7,19	4,24	42,96	-8,92	38,12
583	11.08.20 08:24:42	7,15	4,22	37,13	-8,24	44,64
584	11.08.20 08:24:43	7,15	4,24	44,71	-5,90	39,39
585	11.08.20 08:24:44	7,19	4,30	49,69	-8,44	31,87
586	11.08.20 08:24:45	7,15	4,32	42,16	-8,32	39,52
587	11.08.20 08:24:46	7,15	4,30	43,15	-6,42	40,42
588	11.08.20 08:24:47	7,15	4,37	54,13	-7,40	28,47
589	11.08.20 08:24:48	7,08	4,37	50,65	-7,07	32,29
590	11.08.20 08:24:49	7,01	4,36	45,84	-7,12	37,04
591	11.08.20 08:24:50	7,01	4,41	53,89	-7,26	28,84
592	11.08.20 08:24:51	7,01	4,43	55,75	-6,40	27,84
593	11.08.20 08:24:52	7,01	4,45	50,05	-6,70	33,25
594	11.08.20 08:24:53	7,01	4,47	51,00	-7,36	31,63
595	11.08.20 08:24:54	7,01	4,47	54,52	-6,02	29,46
596	11.08.20 08:24:55	7,01	4,51	55,42	-8,28	26,30
597	11.08.20 08:24:56	7,01	4,54	54,49	-6,11	29,39
598	11.08.20 08:24:57	7,01	4,56	51,00	-5,97	33,03
599	11.08.20 08:24:58	7,01	4,58	52,67	-7,46	29,87
600	11.08.20 08:24:59	7,01	4,60	56,54	-9,06	24,40
601	11.08.20 08:25:00	7,01	4,62	54,42	-9,08	26,50
602	11.08.20 08:25:01	7,01	4,64	46,70	-7,00	36,29
603	11.08.20 08:25:02	7,01	4,69	48,03	-8,50	33,47
604	11.08.20 08:25:03	6,98	4,73	54,70	-9,42	25,88
605	11.08.20 08:25:04	6,91	4,75	51,84	-10,76	27,40
606	11.08.20 08:25:05	6,87	4,75	44,36	-8,77	36,86
607	11.08.20 08:25:06	6,84	4,77	48,12	-9,31	32,57
608	11.08.20 08:25:07	6,87	4,81	57,26	-8,63	24,11
609	11.08.20 08:25:08	6,87	4,83	54,79	-5,61	29,60
610	11.08.20 08:25:09	6,87	4,86	46,72	-9,46	33,81
611	11.08.20 08:25:10	6,87	4,88	53,99	-7,52	28,49
612	11.08.20 08:25:11	6,91	4,90	29,15	-15,16	45,68
613	11.08.20 08:25:12	6,87	4,94	21,24	-14,34	54,42
614	11.08.20 08:25:13	6,77	4,96	-4,09	-14,81	71,10
615	11.08.20 08:25:14	6,73	4,94	1,35	-0,72	87,93
616	11.08.20 08:25:15	6,70	5,11	-11,07	2,17	76,76
617	11.08.20 08:25:16	6,63	4,94	6,47	-1,14	82,39
618	11.08.20 08:25:17	6,56	4,92	0,43	-5,76	83,81
619	11.08.20 08:25:18	6,38	4,98	12,87	-10,95	66,18
620	11.08.20 08:25:19	6,24	4,96	8,09	-8,98	72,93
621	11.08.20 08:25:20	6,14	4,91	-1,70	-9,53	78,77
622	11.08.20 08:25:21	6,03	4,95	7,83	15,12	67,05
623	11.08.20 08:25:22	5,96	4,95	-0,41	2,41	87,18
624	11.08.20 08:25:23	5,89	4,95	-4,69	-18,06	67,25
625	11.08.20 08:25:24	5,85	4,97	14,69	-2,26	73,05
626	11.08.20 08:25:25	5,78	4,97	-4,07	-6,86	79,07
627	11.08.20 08:25:26	5,74	4,95	23,86	9,43	56,71
628	11.08.20 08:25:27	5,71	4,95	8,98	1,02	79,99
629	11.08.20 08:25:28	5,64	4,95	5,93	-19,00	65,07
630	11.08.20 08:25:29	5,64	4,95	-4,04	7,39	78,56
631	11.08.20 08:25:30	5,60	4,93	-20,03	2,08	67,89
632	11.08.20 08:25:31	5,64	4,93	5,43	-6,84	77,73
633	11.08.20 08:25:32	5,64	4,95	14,54	-7,79	67,67
634	11.08.20 08:25:33	5,64	4,95	-9,07	-7,35	73,58
635	11.08.20 08:25:34	5,60	4,95	11,65	-6,71	71,64
636	11.08.20 08:25:35	5,56	4,91	25,98	1,21	62,81
637	11.08.20 08:25:36	5,53	4,88	-0,32	-16,90	72,78
638	11.08.20 08:25:37	5,42	4,93	5,55	1,87	82,58
639	11.08.20 08:25:38	5,38	4,93	13,30	-9,06	67,63
640	11.08.20 08:25:39	5,38	4,93	20,00	-20,13	49,87
641	11.08.20 08:25:40	5,31	4,95	12,23	15,87	61,91
642	11.08.20 08:25:41	5,24	4,92	10,36	-0,19	79,45
643	11.08.20 08:25:42	5,20	4,90	6,02	-6,83	77,15
644	11.08.20 08:25:43	5,17	4,92	5,15	8,50	76,36
645	11.08.20 08:25:44	5,13	4,94	2,17	-8,21	79,62
646	11.08.20 08:25:45	5,10	4,94	6,40	-3,19	80,40
647	11.08.20 08:25:46	5,06	4,94	19,59	6,86	63,56
648	11.08.20 08:25:47	5,06	4,92	15,85	-5,31	68,84
649	11.08.20 08:25:48	5,02	4,94	-5,97	-2,58	81,45
650	11.08.20 08:25:49	4,99	4,92	5,07	10,22	74,71
651	11.08.20 08:25:50	4,99	4,92	-1,29	10,16	78,55
652	11.08.20 08:25:51	4,99	4,90	1,44	-9,23	79,33
653	11.08.20 08:25:52	4,99	4,90	11,08	6,34	72,59
654	11.08.20 08:25:53	4,99	4,92	-11,04	0,61	78,35
655	11.08.20 08:25:54	4,95	4,90	-13,96	3,47	72,57
656	11.08.20 08:25:55	4,95	4,90	-20,50	3,25	66,26
657	11.08.20 08:25:56	4,95	4,92	4,31	0,08	85,61
658	11.08.20 08:25:57	4,95	4,92	-5,06	-4,48	80,46
659	11.08.20 08:25:58	4,95	4,92	6,62	-8,72	74,66
660	11.08.20 08:25:59	4,95	4,90	-7,31	-0,99	81,70
661	11.08.20 08:26:00	4,95	4,92	-13,38	2,78	73,84
662	11.08.20 08:26:01	4,88	4,92	-4,67	-4,71	80,63
663	11.08.20 08:26:02	4,84	4,94	19,81	-0,25	69,93
664	11.08.20 08:26:03	4,84	4,92	15,69	-5,96	68,34
665	11.08.20 08:26:04	4,80	4,94	5,20	-16,54	68,26
666	11.08.20 08:26:05	4,77	4,92	-6,83	-12,12	71,04
667	11.08.20 08:26:06	4,70	4,94	-4,32	-9,99	75,70
668	11.08.20 08:26:07	4,62	4,90	0,67	-5,78	83,55
669	11.08.20 08:26:08	4,62	4,90	16,53	-8,57	64,91
670	11.08.20 08:26:09	4,59	4,89	-5,58	-10,77	73,65
671	11.08.20 08:26:10	4,59	4,87	2,20	-19,29	68,51
672	11.08.20 08:26:11	4,55	4,85	13,15	-16,07	60,78
673	11.08.20 08:26:12	4,51	4,83	-23,58	-7,78	58,64
674	11.08.20 08:26:13	4,51	4,83	-6,24	2,76	81,00
675	11.08.20 08:26:14	4,48	4,85	1,49	-5,88	82,63
676	11.08.20 08:26:15	4,48	4,83	-12,45	-7,54	70,01
677	11.08.20 08:26:16	4,48	4,85	8,84	-5,37	75,79
678	11.08.20 08:26:17	4,48	4,85	-7,69	-2,84	79,47
679	11.08.20 08:26:18	4,48	4,83	-15,48	1,84	72,67
680	11.08.20 08:26:19	4,48	4,85	3,66	-0,67	85,67
681	11.08.20 08:26:20	4,44	4,83	0,65	0,34	89,00
682	11.08.20 08:26:21	4,40	4,83	-11,23	-10,36	68,41
683	11.08.20 08:26:22	4,40	4,87	-1,53	1,52	86,95
684	11.08.20 08:26:23	4,40	4,85	-3,87	3,90	82,23
685	11.08.20 08:26:24	4,40	4,85	0,41	-1,69	87,90
686	11.08.20 08:26:25	4,37	4,83	-6,95	-0,29	82,76
687	11.08.20 08:26:26	4,33	4,85	-3,27	-3,14	83,58
688	11.08.20 08:26:27	4,29	4,85	-2,19	2,59	85,22
689	11.08.20 08:26:28	4,25	4,87	6,93	7,87	75,20
690	11.08.20 08:26:29	4,25	4,83	12,28	-11,47	66,25
691	11.08.20 08:26:30	4,22	4,85	-4,27	-14,85	70,88
692	11.08.20 08:26:31	4,18	4,85	8,74	-17,57	63,69
693	11.08.20 08:26:32	4,14	4,83	-11,99	-1,83	76,18
694	11.08.20 08:26:33	4,14	4,83	-7,17	-3,07	79,77
695	11.08.20 08:26:34	4,11	4,80	8,46	11,46	70,08
696	11.08.20 08:26:35	4,11	4,83	-5,27	-13,21	71,52
697	11.08.20 08:26:36	4,11	4,80	2,81	-4,39	82,80
698	11.08.20 08:26:37	4,11	4,80	-4,32	-3,31	82,37
699	11.08.20 08:26:38	4,11	4,80	-13,46	-0,98	75,56
700	11.08.20 08:26:39	4,11	4,80	1,54	-1,50	86,96
701	11.08.20 08:26:40	4,11	4,80	-1,14	-6,93	81,93
702	11.08.20 08:26:41	4,11	4,80	-0,74	-18,43	70,84
703	11.08.20 08:26:42	4,07	4,80	-1,01	1,00	87,99
704	11.08.20 08:26:43	4,07	4,80	-3,37	-1,94	84,69
705	11.08.20 08:26:44	4,07	4,85	-10,86	-14,21	64,94
706	11.08.20 08:26:45	4,03	4,82	0,28	-12,80	76,92
707	11.08.20 08:26:46	4,03	4,85	-2,66	-13,56	73,78
708	11.08.20 08:26:47	4,03	4,82	14,45	-5,59	69,96
709	11.08.20 08:26:48	4,00	4,85	10,82	-6,36	72,81
710	11.08.20 08:26:49	4,00	4,82	15,52	-12,56	61,92
711	11.08.20 08:26:50	4,00	4,82	7,59	-7,16	75,26
712	11.08.20 08:26:51	3,96	4,85	-12,65	-11,13	66,22
713	11.08.20 08:26:52	3,96	4,85	5,99	8,46	75,55
714	11.08.20 08:26:53	3,96	4,82	-6,27	-2,06	81,67
715	11.08.20 08:26:54	3,92	4,82	-4,30	-0,12	85,58
716	11.08.20 08:26:55	3,92	4,82	-1,52	-21,07	67,41
717	11.08.20 08:26:56	3,92	4,84	-7,68	-9,35	72,97
718	11.08.20 08:26:57	3,92	4,84	-1,56	-8,09	80,35
719	11.08.20 08:26:58	3,88	4,84	-4,77	2,35	82,88
720	11.08.20 08:26:59	3,88	4,84	-10,76	-9,46	69,78
721	11.08.20 08:27:00	3,85	4,84	2,22	3,58	84,20
722	11.08.20 08:27:01	3,81	4,84	-5,45	-10,58	73,97
723	11.08.20 08:27:02	3,81	4,84	7,78	-5,61	76,62
724	11.08.20 08:27:03	3,81	4,84	11,69	-9,19	69,12
725	11.08.20 08:27:04	3,81	4,86	17,11	-6,06	66,84
726	11.08.20 08:27:05	3,77	4,80	25,06	-5,63	59,32
727	11.08.20 08:27:06	3,73	4,84	-0,94	8,97	80,09
728	11.08.20 08:27:07	3,70	4,84	5,44	12,33	72,22
729	11.08.20 08:27:08	3,66	4,82	-11,42	0,89	77,69
730	11.08.20 08:27:09	3,66	4,82	1,41	-5,32	83,26
731	11.08.20 08:27:10	3,66	4,88	-13,32	2,27	74,41
732	11.08.20 08:27:11	3,66	4,82	-4,05	1,04	84,91
733	11.08.20 08:27:12	3,66	4,80	-4,32	-3,39	82,28
734	11.08.20 08:27:13	3,66	4,82	4,47	-10,01	75,52
735	11.08.20 08:27:14	3,66	4,80	2,06	-1,42	86,53
736	11.08.20 08:27:15	3,66	4,80	-6,13	1,39	82,48
737	11.08.20 08:27:16	3,62	4,80	4,16	-5,17	80,67
738	11.08.20 08:27:17	3,62	4,80	-0,18	-10,41	79,41
739	11.08.20 08:27:18	3,62	4,78	-12,62	-4,90	72,47
740	11.08.20 08:27:19	3,62	4,80	-9,17	-4,44	76,39
741	11.08.20 08:27:20	3,62	4,78	-2,35	-2,02	85,63
742	11.08.20 08:27:21	3,59	4,78	-2,45	3,31	84,23
743	11.08.20 08:27:22	3,55	4,78	2,91	-0,39	86,70
744	11.08.20 08:27:23	3,55	4,78	-4,42	-6,55	79,03
745	11.08.20 08:27:24	3,55	4,75	-6,15	-4,46	79,39
746	11.08.20 08:27:25	3,55	4,78	9,76	-6,40	73,85
747	11.08.20 08:27:26	3,55	4,75	5,31	10,91	73,78
748	11.08.20 08:27:27	3,55	4,78	0,74	4,42	84,84
749	11.08.20 08:27:28	3,55	4,75	-10,13	-8,14	71,73
750	11.08.20 08:27:29	3,55	4,75	-0,25	5,86	83,89
751	11.08.20 08:27:30	3,51	4,80	6,83	-10,59	72,58
752	11.08.20 08:27:31	3,51	4,75	8,07	-11,42	70,51
753	11.08.20 08:27:32	3,51	4,75	2,30	-10,00	77,70
754	11.08.20 08:27:33	3,51	4,75	1,42	-14,09	74,49
755	11.08.20 08:27:34	3,51	4,78	8,67	-11,48	69,86
756	11.08.20 08:27:35	3,47	4,82	2,27	-7,33	80,40
757	11.08.20 08:27:36	3,47	4,78	2,06	-5,30	82,64
758	11.08.20 08:27:37	3,47	4,78	3,69	-7,61	78,71
759	11.08.20 08:27:38	3,47	4,78	9,58	-0,65	79,76
760	11.08.20 08:27:39	3,44	4,77	4,74	2,30	82,96
761	11.08.20 08:27:40	3,44	4,77	8,20	0,00	81,80
762	11.08.20 08:27:41	3,40	4,80	-3,19	17,08	69,73
763	11.08.20 08:27:42	3,40	4,82	6,39	4,42	79,19
764	11.08.20 08:27:43	3,40	4,77	-14,65	-3,69	71,67
765	11.08.20 08:27:44	3,40	4,77	5,83	5,84	78,33
766	11.08.20 08:27:45	3,40	4,77	1,83	-12,73	75,44
767	11.08.20 08:27:46	3,40	4,77	11,15	-1,58	77,27
768	11.08.20 08:27:47	3,40	4,73	-3,72	-0,14	86,13
769	11.08.20 08:27:48	3,40	4,77	18,02	3,22	68,76
770	11.08.20 08:27:49	3,40	4,77	1,81	-5,23	82,96
771	11.08.20 08:27:50	3,36	4,77	-7,28	-9,51	73,21
772	11.08.20 08:27:51	3,36	4,80	16,24	5,27	68,49
773	11.08.20 08:27:52	3,32	4,82	-9,59	-4,00	76,41
774	11.08.20 08:27:53	3,32	4,80	2,84	-10,80	76,37
775	11.08.20 08:27:54	3,32	4,82	1,15	-1,37	87,49
776	11.08.20 08:27:55	3,32	4,82	0,99	0,27	88,74
777	11.08.20 08:27:56	3,32	4,84	-17,58	11,87	60,55
778	11.08.20 08:27:57	3,32	4,82	7,86	-6,49	75,66
779	11.08.20 08:27:58	3,28	4,79	-2,97	-19,48	67,55
780	11.08.20 08:27:59	3,28	4,82	5,74	-1,33	82,93
781	11.08.20 08:28:00	3,28	4,82	34,69	0,71	54,60
782	11.08.20 08:28:01	3,28	4,79	7,55	-3,74	78,71
783	11.08.20 08:28:02	3,25	4,77	2,98	-3,92	83,11
784	11.08.20 08:28:03	3,25	4,77	0,94	1,55	87,51
785	11.08.20 08:28:04	3,25	4,79	-0,09	6,66	83,25
786	11.08.20 08:28:05	3,25	4,82	2,33	4,42	83,25
787	11.08.20 08:28:06	3,25	4,79	0,07	-2,91	87,02
788	11.08.20 08:28:07	3,25	4,75	-1,31	4,25	84,43
789	11.08.20 08:28:08	3,25	4,82	-2,97	0,61	86,42
790	11.08.20 08:28:09	3,25	4,79	5,40	6,16	78,44
791	11.08.20 08:28:10	3,21	4,77	-7,96	-1,68	80,36
792	11.08.20 08:28:11	3,21	4,77	-8,10	-1,15	80,75
793	11.08.20 08:28:12	3,21	4,79	-0,51	-2,51	86,98
794	11.08.20 08:28:13	3,21	4,79	12,21	0,21	77,58
795	11.08.20 08:28:14	3,17	4,75	2,70	-4,82	82,49
796	11.08.20 08:28:15	3,17	4,75	-1,44	-8,54	80,02
797	11.08.20 08:28:16	3,17	4,73	9,45	-11,72	68,83
798	11.08.20 08:28:17	3,17	4,73	8,02	-20,71	61,27
799	11.08.20 08:28:18	3,17	4,75	-1,51	-7,75	80,74
800	11.08.20 08:28:19	3,17	4,73	-4,81	-13,93	71,26
801	11.08.20 08:28:20	3,17	4,75	-9,24	-3,48	77,28
802	11.08.20 08:28:21	3,17	4,73	0,37	6,16	83,47
803	11.08.20 08:28:22	3,17	4,77	1,12	-2,29	86,59
804	11.08.20 08:28:23	3,17	4,75	-17,14	-2,82	70,05
805	11.08.20 08:28:24	3,17	4,75	-3,97	-0,26	85,77
806	11.08.20 08:28:25	3,17	4,77	1,81	-4,77	83,42
807	11.08.20 08:28:26	3,13	4,79	9,64	1,11	79,25
808	11.08.20 08:28:27	3,13	4,77	4,49	-5,67	79,83
809	11.08.20 08:28:28	3,13	4,75	3,73	-15,41	70,86
810	11.08.20 08:28:29	3,13	4,77	-6,86	6,91	76,22
811	11.08.20 08:28:30	3,13	4,75	-7,31	6,73	75,96
812	11.08.20 08:28:31	3,13	4,77	-1,48	-16,06	72,47
813	11.08.20 08:28:32	3,10	4,75	-9,89	2,10	78,01
814	11.08.20 08:28:33	3,10	4,73	11,46	-6,68	71,86
815	11.08.20 08:28:34	3,10	4,75	1,29	5,65	83,06
816	11.08.20 08:28:35	3,06	4,75	7,79	-15,62	66,59
817	11.08.20 08:28:36	3,06	4,77	-10,81	-2,79	76,40
818	11.08.20 08:28:37	3,02	4,75	3,13	-1,81	85,07
819	11.08.20 08:28:38	3,02	4,75	4,76	-13,14	72,09
820	11.08.20 08:28:39	3,02	4,73	5,57	-6,09	78,33
821	11.08.20 08:28:40	3,02	4,75	9,41	13,42	67,17
822	11.08.20 08:28:41	3,02	4,75	-3,18	-6,29	80,53
823	11.08.20 08:28:42	3,02	4,77	22,91	0,51	66,59
824	11.08.20 08:28:43	3,02	4,77	-6,64	3,26	80,09
825	11.08.20 08:28:44	2,98	4,77	5,84	1,13	83,03
826	11.08.20 08:28:45	2,98	4,77	-4,37	1,87	83,76
827	11.08.20 08:28:46	2,98	4,75	9,29	-0,08	80,63
828	11.08.20 08:28:47	2,98	4,83	3,15	-5,94	80,91
829	11.08.20 08:28:48	2,98	4,77	-12,22	-3,94	73,84
830	11.08.20 08:28:49	2,98	4,81	6,62	5,34	78,05
831	11.08.20 08:28:50	2,98	4,77	-1,04	-9,93	79,02
832	11.08.20 08:28:51	2,98	4,75	1,19	-0,67	88,14
833	11.08.20 08:28:52	2,98	4,77	5,78	1,09	83,12
834	11.08.20 08:28:53	2,98	4,75	3,59	0,69	85,72
835	11.08.20 08:28:54	2,98	4,77	-6,74	4,49	78,77
836	11.08.20 08:28:55	2,98	4,77	-3,96	-7,13	78,90
837	11.08.20 08:28:56	2,98	4,75	16,22	-5,04	68,74
838	11.08.20 08:28:57	2,98	4,75	18,78	-2,63	68,59
839	11.08.20 08:28:58	2,98	4,75	-11,79	-3,10	75,11
840	11.08.20 08:28:59	2,94	4,75	8,37	0,88	80,76
841	11.08.20 08:29:00	2,94	4,77	3,75	-4,67	81,59
842	11.08.20 08:29:01	2,94	4,77	-28,15	14,38	47,47
843	11.08.20 08:29:02	2,94	4,77	2,04	14,42	73,54
844	11.08.20 08:29:03	2,94	4,77	-0,50	18,14	71,35
845	11.08.20 08:29:04	2,94	4,75	-4,50	11,32	74,18
846	11.08.20 08:29:05	2,91	4,77	-3,42	7,78	78,80
847	11.08.20 08:29:06	2,91	4,75	2,35	6,75	80,89
848	11.08.20 08:29:07	2,91	4,75	-12,10	-2,52	75,38
849	11.08.20 08:29:08	2,91	4,75	2,87	-4,72	82,41
850	11.08.20 08:29:09	2,91	4,75	-17,41	-1,38	71,21
851	11.08.20 08:29:10	2,91	4,77	2,80	-2,77	84,43
852	11.08.20 08:29:11	2,91	4,77	16,99	9,98	63,03
853	11.08.20 08:29:12	2,91	4,79	-3,84	-3,67	82,49
854	11.08.20 08:29:13	2,87	4,79	-17,03	11,96	61,01
855	11.08.20 08:29:14	2,87	4,83	-0,51	3,89	85,60
856	11.08.20 08:29:15	2,87	4,81	4,62	-5,46	79,92
857	11.08.20 08:29:16	2,87	4,79	3,18	0,03	86,79
858	11.08.20 08:29:17	2,87	4,81	24,01	-35,39	30,60
859	11.08.20 08:29:18	2,87	4,81	-5,41	-10,07	74,52
860	11.08.20 08:29:19	2,87	4,81	10,44	-4,54	75,03
861	11.08.20 08:29:20	2,87	4,79	-17,41	-0,52	72,07
862	11.08.20 08:29:21	2,87	4,79	-22,03	-4,07	63,90
863	11.08.20 08:29:22	2,87	4,81	-4,87	-12,51	72,63
864	11.08.20 08:29:23	2,87	4,81	-5,22	-5,73	79,05
865	11.08.20 08:29:24	2,87	4,83	33,75	-29,87	26,38
866	11.08.20 08:29:25	2,83	4,79	21,66	-18,66	49,68
867	11.08.20 08:29:26	2,83	4,81	-5,88	-11,92	72,20
868	11.08.20 08:29:27	2,83	4,79	-10,12	-6,79	73,09
869	11.08.20 08:29:28	2,83	4,85	-1,86	1,42	86,72
870	11.08.20 08:29:29	2,79	4,83	-11,49	5,53	72,99
871	11.08.20 08:29:30	2,79	4,83	-12,19	4,24	73,57
872	11.08.20 08:29:31	2,83	4,83	-10,42	2,68	76,90
873	11.08.20 08:29:32	2,83	4,81	-5,21	-2,24	82,55
874	11.08.20 08:29:33	2,83	4,85	3,87	-6,04	80,09
875	11.08.20 08:29:34	2,83	4,90	21,96	11,52	56,52
876	11.08.20 08:29:35	2,83	4,77	-0,91	2,76	86,34
877	11.08.20 08:29:36	2,79	4,81	-2,03	0,71	87,26
878	11.08.20 08:29:37	2,79	4,77	1,70	3,48	84,82
879	11.08.20 08:29:38	2,79	4,77	3,98	-4,80	81,22
880	11.08.20 08:29:39	2,79	4,79	13,04	-23,96	53,00
881	11.08.20 08:29:40	2,79	4,75	10,74	-3,06	76,20
882	11.08.20 08:29:41	2,79	4,79	-6,52	-4,17	79,30
883	11.08.20 08:29:42	2,79	4,79	5,94	-4,65	79,41
884	11.08.20 08:29:43	2,79	4,77	13,65	-0,35	75,99
885	11.08.20 08:29:44	2,79	4,81	11,80	29,36	48,84
886	11.08.20 08:29:45	2,79	4,77	-6,94	-3,24	79,82
887	11.08.20 08:29:46	2,75	4,79	-1,64	-0,24	88,12
888	11.08.20 08:29:47	2,75	4,75	-15,95	-11,00	63,05
889	11.08.20 08:29:48	2,75	4,81	-1,60	-9,10	79,31
890	11.08.20 08:29:49	2,75	4,81	3,66	-12,18	74,15
891	11.08.20 08:29:50	2,75	4,79	5,65	-7,87	76,48
892	11.08.20 08:29:51	2,75	4,79	-10,97	-8,23	70,80
893	11.08.20 08:29:52	2,75	4,79	-36,45	5,57	47,97
894	11.08.20 08:29:53	2,75	4,81	-1,19	-11,64	77,17
895	11.08.20 08:29:54	2,75	4,79	2,75	-0,35	86,89
896	11.08.20 08:29:55	2,75	4,79	-7,81	-12,99	69,20
897	11.08.20 08:29:56	2,75	4,83	0,36	-6,11	83,53
898	11.08.20 08:29:57	2,75	4,83	24,12	-8,80	57,07
899	11.08.20 08:29:58	2,75	4,81	10,67	6,35	72,98
900	11.08.20 08:29:59	2,75	4,81	10,81	-2,69	76,50
901	11.08.20 08:30:00	2,75	4,81	-1,41	-7,03	81,56
902	11.08.20 08:30:01	2,75	4,81	9,43	-8,75	71,83
903	11.08.20 08:30:02	2,75	4,81	-7,08	0,15	82,78
904	11.08.20 08:30:03	2,75	4,81	-5,20	4,27	80,53
905	11.08.20 08:30:04	2,75	4,83	-9,85	-2,64	77,51
906	11.08.20 08:30:05	2,75	4,81	9,67	-5,00	75,32
907	11.08.20 08:30:06	2,72	4,81	-5,08	-0,79	84,13
908	11.08.20 08:30:07	2,72	4,81	-0,05	-4,31	85,64
909	11.08.20 08:30:08	2,72	4,83	-2,22	-8,60	79,18
910	11.08.20 08:30:09	2,72	4,81	7,48	3,97	78,55
911	11.08.20 08:30:10	2,72	4,81	5,35	-5,77	78,88
912	11.08.20 08:30:11	2,72	4,81	4,72	-0,76	84,52
913	11.08.20 08:30:12	2,72	4,81	4,26	-5,49	80,24
914	11.08.20 08:30:13	2,72	4,81	10,40	-4,88	74,72
915	11.08.20 08:30:14	2,72	4,81	1,71	-15,85	72,44
916	11.08.20 08:30:15	2,72	4,81	1,45	1,17	87,39
917	11.08.20 08:30:16	2,72	4,81	6,49	-1,78	81,73
918	11.08.20 08:30:17	2,72	4,79	6,90	4,91	78,19
919	11.08.20 08:30:18	2,72	4,81	-1,42	-9,37	79,22
920	11.08.20 08:30:19	2,72	4,77	-2,55	-12,14	75,31
921	11.08.20 08:30:20	2,72	4,81	12,38	1,31	76,31
922	11.08.20 08:30:21	2,68	4,79	3,13	0,63	86,24
923	11.08.20 08:30:22	2,68	4,77	-2,27	-7,99	79,74
924	11.08.20 08:30:23	2,68	4,81	36,42	5,96	47,62
925	11.08.20 08:30:24	2,68	4,79	4,41	-4,18	81,41
926	11.08.20 08:30:25	2,68	4,79	12,55	-8,72	68,73
927	11.08.20 08:30:26	2,68	4,77	12,42	-0,35	77,23
928	11.08.20 08:30:27	2,68	4,77	12,43	6,44	71,13
929	11.08.20 08:30:28	2,68	4,77	-9,86	-2,93	77,22
930	11.08.20 08:30:29	2,68	4,79	14,96	10,17	64,87
931	11.08.20 08:30:30	2,68	4,77	-0,07	-15,87	74,06
932	11.08.20 08:30:31	2,68	4,74	13,97	-1,51	74,52
933	11.08.20 08:30:32	2,68	4,74	0,72	-14,52	74,76
934	11.08.20 08:30:33	2,68	4,77	-17,38	-8,15	64,47
935	11.08.20 08:30:34	2,68	4,77	-3,02	-10,20	76,79
936	11.08.20 08:30:35	2,68	4,74	37,53	8,48	43,98
937	11.08.20 08:30:36	2,68	4,77	-0,21	0,88	88,91
938	11.08.20 08:30:37	2,68	4,74	-9,80	-4,95	75,26
939	11.08.20 08:30:38	2,68	4,74	9,69	-11,34	68,97
940	11.08.20 08:30:39	2,64	4,72	-4,30	8,92	76,78
941	11.08.20 08:30:40	2,68	4,77	3,38	-1,06	85,56
942	11.08.20 08:30:41	2,68	4,77	11,59	-4,15	74,26
943	11.08.20 08:30:42	2,64	4,77	-5,57	-11,59	72,84
944	11.08.20 08:30:43	2,64	4,74	-5,57	-1,98	82,45
945	11.08.20 08:30:44	2,64	4,74	-5,23	-3,87	80,90
946	11.08.20 08:30:45	2,64	4,77	-4,30	1,03	84,67
947	11.08.20 08:30:46	2,68	4,77	13,89	14,72	61,39
948	11.08.20 08:30:47	2,64	4,77	29,56	12,11	48,33
949	11.08.20 08:30:48	2,64	4,72	8,44	1,64	79,93
950	11.08.20 08:30:49	2,64	4,74	-7,85	-3,13	79,03
951	11.08.20 08:30:50	2,64	4,72	-5,80	-3,59	80,61
952	11.08.20 08:30:51	2,64	4,74	-0,49	3,02	86,50
953	11.08.20 08:30:52	2,64	4,87	20,88	-1,06	68,06
954	11.08.20 08:30:53	2,64	4,74	-4,57	7,03	78,39
955	11.08.20 08:30:54	2,64	4,77	-5,91	7,45	76,64
956	11.08.20 08:30:55	2,64	4,77	-3,44	10,18	76,39
957	11.08.20 08:30:56	2,64	4,77	9,57	11,00	69,43
958	11.08.20 08:30:57	2,64	4,77	9,42	0,29	80,29
959	11.08.20 08:30:58	2,64	4,74	2,15	1,03	86,82
960	11.08.20 08:30:59	2,64	4,79	1,22	-9,80	78,98
961	11.08.20 08:31:00	2,64	4,74	3,51	-6,92	79,57
962	11.08.20 08:31:01	2,64	4,74	7,70	-1,90	80,40
963	11.08.20 08:31:02	2,64	4,74	6,82	2,06	81,12
964	11.08.20 08:31:03	2,64	4,72	-1,09	-9,34	79,58
965	11.08.20 08:31:04	2,64	4,72	9,35	-19,07	61,58
966	11.08.20 08:31:05	2,64	4,74	2,20	4,08	83,73
967	11.08.20 08:31:06	2,64	4,70	-10,51	-6,91	72,58
968	11.08.20 08:31:07	2,64	4,79	2,40	-12,41	75,19
969	11.08.20 08:31:08	2,64	4,77	6,37	16,82	66,81
970	11.08.20 08:31:09	2,64	4,72	-0,36	-3,23	86,41
971	11.08.20 08:31:10	2,64	4,77	27,73	-3,55	58,72
972	11.08.20 08:31:11	2,64	4,83	-4,65	-5,88	79,47
973	11.08.20 08:31:12	2,64	4,74	-8,17	0,56	81,26
974	11.08.20 08:31:13	2,64	4,77	19,75	2,37	67,87
975	11.08.20 08:31:14	2,64	4,72	-8,77	0,93	80,30
976	11.08.20 08:31:15	2,64	4,74	-0,70	-7,72	81,59
977	11.08.20 08:31:16	2,64	4,77	12,09	-2,20	75,71
978	11.08.20 08:31:17	2,64	4,74	-10,18	2,64	77,18
979	11.08.20 08:31:18	2,60	4,77	-0,84	1,68	87,48
980	11.08.20 08:31:19	2,64	4,77	-0,32	4,09	85,59
981	11.08.20 08:31:20	2,64	4,72	4,01	1,71	84,28
982	11.08.20 08:31:21	2,64	4,74	-8,70	-2,70	78,60
983	11.08.20 08:31:22	2,64	4,74	-3,01	2,26	84,73
984	11.08.20 08:31:23	2,60	4,72	-2,24	-2,18	85,58
985	11.08.20 08:31:24	2,64	4,72	-3,08	-2,33	84,59
986	11.08.20 08:31:25	2,64	4,74	5,82	2,56	81,61
987	11.08.20 08:31:26	2,64	4,74	-8,26	7,20	74,54
988	11.08.20 08:31:27	2,64	4,74	-6,35	4,18	79,47
989	11.08.20 08:31:28	2,64	4,77	-0,81	-12,99	76,20
990	11.08.20 08:31:29	2,60	4,77	14,39	-4,55	71,07
991	11.08.20 08:31:30	2,60	4,74	3,77	16,46	69,77
992	11.08.20 08:31:31	2,64	4,74	-0,49	11,20	78,31
993	11.08.20 08:31:32	2,60	4,74	5,98	6,77	77,24
994	11.08.20 08:31:33	2,60	4,72	4,30	3,35	82,34
995	11.08.20 08:31:34	2,60	4,74	0,86	7,48	81,66
996	11.08.20 08:31:35	2,60	4,72	6,47	12,72	70,81
997	11.08.20 08:31:36	2,60	4,72	3,26	-2,11	84,63
998	11.08.20 08:31:37	2,60	4,72	-4,45	16,97	68,57
999	11.08.20 08:31:38	2,60	4,70	12,99	10,58	66,43
1000	11.08.20 08:31:39	2,60	4,72	28,96	18,63	42,41
1001	11.08.20 08:31:40	2,60	4,68	32,86	12,19	44,95
1002	11.08.20 08:31:41	2,60	4,68	34,24	10,67	45,09
1003	11.08.20 08:31:42	2,60	4,64	35,77	9,37	44,85
1004	11.08.20 08:31:43	2,60	4,59	36,50	10,74	42,76
1005	11.08.20 08:31:44	2,60	4,57	32,10	10,71	47,19
1006	11.08.20 08:31:45	2,60	4,51	24,51	13,03	52,46
1007	11.08.20 08:31:46	2,60	4,49	27,27	14,54	48,18
1008	11.08.20 08:31:47	2,60	4,44	24,83	16,48	48,70
1009	11.08.20 08:31:48	2,60	4,36	18,71	17,88	53,41
1010	11.08.20 08:31:49	2,60	4,29	20,94	19,15	49,91
1011	11.08.20 08:31:50	2,60	4,25	21,16	19,43	49,42
1012	11.08.20 08:31:51	2,60	4,19	19,55	21,42	49,03
1013	11.08.20 08:31:52	2,60	4,12	17,19	22,31	50,50
1014	11.08.20 08:31:53	2,60	4,06	16,13	23,34	50,53
1015	11.08.20 08:31:54	2,64	4,00	12,81	22,92	54,27
1016	11.08.20 08:31:55	2,64	3,97	17,77	23,59	48,64
1017	11.08.20 08:31:56	2,64	3,89	15,03	25,27	49,69
1018	11.08.20 08:31:57	2,64	3,82	12,27	24,16	53,57
1019	11.08.20 08:31:58	2,68	3,76	16,51	24,10	49,39
1020	11.08.20 08:31:59	2,68	3,70	14,78	23,26	51,96
1021	11.08.20 08:32:00	2,68	3,65	11,35	24,87	53,79
1022	11.08.20 08:32:01	2,72	3,59	11,80	23,38	54,82
1023	11.08.20 08:32:02	2,75	3,55	13,31	22,32	54,38
1024	11.08.20 08:32:03	2,75	3,46	13,88	20,68	55,44
1025	11.08.20 08:32:04	2,79	3,42	14,89	20,71	54,40
1026	11.08.20 08:32:05	2,83	3,31	15,76	20,29	53,95
1027	11.08.20 08:32:06	2,87	3,27	18,47	15,33	56,20
1028	11.08.20 08:32:07	2,98	3,23	19,50	16,38	54,12
1029	11.08.20 08:32:08	3,06	3,19	21,02	15,58	53,40
1030	11.08.20 08:32:09	3,13	3,08	19,34	15,40	55,26
1031	11.08.20 08:32:10	3,40	3,02	21,52	10,93	57,55
1032	11.08.20 08:32:11	3,66	2,98	34,53	6,80	48,67
1033	11.08.20 08:32:12	3,77	2,96	45,64	-3,69	40,67
1034	11.08.20 08:32:13	3,88	2,90	40,30	-3,99	45,71
1035	11.08.20 08:32:14	4,00	2,83	40,21	-8,52	41,27
1036	11.08.20 08:32:15	4,11	2,88	66,51	-3,72	19,77
1037	11.08.20 08:32:16	4,22	2,88	66,44	-2,38	21,18
1038	11.08.20 08:32:17	4,33	2,86	57,50	-2,02	30,48
1039	11.08.20 08:32:18	4,37	2,88	55,39	4,00	30,62
1040	11.08.20 08:32:19	4,40	2,88	52,27	9,10	28,64
1041	11.08.20 08:32:20	4,40	2,88	47,09	9,56	33,36
1042	11.08.20 08:32:21	4,40	2,84	51,60	9,85	28,55
1043	11.08.20 08:32:22	4,40	2,86	50,89	13,01	26,10
1044	11.08.20 08:32:23	4,40	2,82	49,17	13,11	27,72
1045	11.08.20 08:32:24	4,40	2,82	49,51	13,34	27,15
1046	11.08.20 08:32:25	4,40	2,84	53,03	16,52	20,45
1047	11.08.20 08:32:26	4,40	2,84	53,76	14,26	21,98
1048	11.08.20 08:32:27	4,40	2,80	46,65	13,74	29,61
1049	11.08.20 08:32:28	4,40	2,77	49,62	13,56	26,81
1050	11.08.20 08:32:29	4,40	2,80	54,82	15,30	19,88
1051	11.08.20 08:32:30	4,40	2,80	55,01	14,09	20,91
1052	11.08.20 08:32:31	4,40	2,80	49,94	12,26	27,80
1053	11.08.20 08:32:32	4,40	2,77	51,19	13,03	25,78
1054	11.08.20 08:32:33	4,40	2,80	56,73	14,74	18,54
1055	11.08.20 08:32:34	4,40	2,82	54,86	12,98	22,17
1056	11.08.20 08:32:35	4,40	2,80	51,79	12,21	26,00
1057	11.08.20 08:32:36	4,40	2,80	55,10	13,12	21,78
1058	11.08.20 08:32:37	4,40	2,80	55,64	11,96	22,40
1059	11.08.20 08:32:38	4,40	2,77	49,15	10,66	30,19
1060	11.08.20 08:32:39	4,40	2,71	46,56	9,51	33,93
1061	11.08.20 08:32:40	4,40	2,71	47,63	8,29	34,07
1062	11.08.20 08:32:41	4,40	2,65	43,35	6,78	39,87
1063	11.08.20 08:32:42	4,51	2,58	42,12	3,43	44,45
1064	11.08.20 08:32:43	4,73	2,50	45,78	1,42	42,80
1065	11.08.20 08:32:44	4,84	2,48	41,46	2,09	46,45
1066	11.08.20 08:32:45	4,88	2,44	43,63	3,54	42,83
1067	11.08.20 08:32:46	4,91	2,40	41,51	4,55	43,95
1068	11.08.20 08:32:47	4,95	2,42	43,68	5,47	40,85
1069	11.08.20 08:32:48	4,99	2,35	43,20	4,17	42,62
1070	11.08.20 08:32:49	5,02	2,27	39,75	3,68	46,57
1071	11.08.20 08:32:50	5,06	2,25	39,12	2,22	48,65
1072	11.08.20 08:32:51	5,17	2,16	34,43	3,03	52,54
1073	11.08.20 08:32:52	5,24	2,10	35,42	-1,35	53,23
1074	11.08.20 08:32:53	5,31	2,04	26,67	1,83	61,50
1075	11.08.20 08:32:54	5,49	1,87	27,32	-0,42	62,26
1076	11.08.20 08:32:55	5,99	1,92	25,71	1,23	63,06
1077	11.08.20 08:32:56	6,21	1,87	26,88	3,19	59,93
1078	11.08.20 08:32:57	6,59	1,77	26,00	5,04	58,96
1079	11.08.20 08:32:58	6,91	1,75	34,68	0,31	55,01
1080	11.08.20 08:32:59	7,08	1,78	41,25	4,72	44,03
1081	11.08.20 08:33:00	7,15	1,71	38,75	6,66	44,59
1082	11.08.20 08:33:01	7,19	1,61	30,01	6,27	53,72
1083	11.08.20 08:33:02	7,26	1,59	36,78	4,89	48,33
1084	11.08.20 08:33:03	7,50	1,59	36,82	5,80	47,39
1085	11.08.20 08:33:04	7,57	1,52	32,44	4,87	52,69
1086	11.08.20 08:33:05	7,71	1,50	29,24	3,11	57,65
1087	11.08.20 08:33:06	7,91	1,46	27,74	1,14	61,12
1088	11.08.20 08:33:07	8,25	1,42	35,66	0,86	53,47
1089	11.08.20 08:33:08	8,56	1,41	30,15	1,53	58,32
1090	11.08.20 08:33:09	8,66	1,34	25,45	-0,85	63,70
1091	11.08.20 08:33:10	8,69	1,32	33,76	-1,13	55,11
1092	11.08.20 08:33:11	8,76	1,30	36,48	-4,15	49,37
1093	11.08.20 08:33:12	8,83	1,24	27,11	-7,24	55,65
1094	11.08.20 08:33:13	8,83	1,22	30,39	-10,44	49,17
1095	11.08.20 08:33:14	8,83	1,22	37,74	-9,49	42,77
1096	11.08.20 08:33:15	8,83	1,22	34,82	-8,29	46,89
1097	11.08.20 08:33:16	8,83	1,17	29,14	-8,28	52,57
1098	11.08.20 08:33:17	8,83	1,15	32,06	-9,75	48,19
1099	11.08.20 08:33:18	8,79	1,17	39,34	-8,82	41,84
1100	11.08.20 08:33:19	8,79	1,17	39,30	-5,77	44,92
1101	11.08.20 08:33:20	8,86	1,17	34,57	-8,11	47,32
1102	11.08.20 08:33:21	8,90	1,22	47,16	-8,90	33,93
1103	11.08.20 08:33:22	8,93	1,32	65,45	-2,47	22,07
1104	11.08.20 08:33:23	9,06	1,37	54,35	-0,30	35,35
1105	11.08.20 08:33:24	9,16	1,39	60,75	0,80	28,45
1106	11.08.20 08:33:25	9,20	1,43	69,99	3,00	17,00
1107	11.08.20 08:33:26	9,26	1,41	69,40	4,09	16,50
1108	11.08.20 08:33:27	9,46	1,44	64,41	1,65	23,95
1109	11.08.20 08:33:28	9,56	1,42	61,43	0,41	28,16
1110	11.08.20 08:33:29	9,60	1,46	68,48	4,05	17,47
1111	11.08.20 08:33:30	9,56	1,52	74,41	7,08	8,51
1112	11.08.20 08:33:31	9,56	1,57	69,08	7,95	12,97
1113	11.08.20 08:33:32	9,56	1,61	67,18	7,96	14,86
1114	11.08.20 08:33:33	9,56	1,63	73,80	10,31	5,90
1115	11.08.20 08:33:34	9,66	1,65	73,76	10,20	6,05
1116	11.08.20 08:33:35	9,76	1,70	65,18	11,38	13,44
1117	11.08.20 08:33:36	9,76	1,72	70,67	12,23	7,09
1118	11.08.20 08:33:37	9,76	1,78	70,45	12,00	7,55
1119	11.08.20 08:33:38	9,83	1,78	67,26	11,88	10,86
1120	11.08.20 08:33:39	9,86	1,83	70,27	10,77	8,96
1121	11.08.20 08:33:40	9,86	1,87	71,89	9,62	8,49
1122	11.08.20 08:33:41	9,83	1,91	69,39	8,59	12,02
1123	11.08.20 08:33:42	9,80	1,93	69,53	7,76	12,71
1124	11.08.20 08:33:43	9,80	1,95	69,97	8,53	11,50
1125	11.08.20 08:33:44	9,83	2,00	69,57	8,35	12,08
1126	11.08.20 08:33:45	9,83	2,06	68,07	9,39	12,53
1127	11.08.20 08:33:46	9,83	2,08	68,64	10,76	10,60
1128	11.08.20 08:33:47	9,80	2,12	67,48	12,43	10,09
1129	11.08.20 08:33:48	9,76	2,17	66,03	13,44	10,53
1130	11.08.20 08:33:49	9,73	2,21	65,12	14,30	10,58
1131	11.08.20 08:33:50	9,70	2,23	62,35	13,84	13,82
1132	11.08.20 08:33:51	9,70	2,27	59,15	14,21	16,64
1133	11.08.20 08:33:52	9,66	2,32	59,77	13,44	16,79
1134	11.08.20 08:33:53	9,60	2,38	60,73	12,07	17,20
1135	11.08.20 08:33:54	9,50	2,42	59,32	10,69	19,98
1136	11.08.20 08:33:55	9,36	2,48	60,61	9,69	19,70
1137	11.08.20 08:33:56	9,26	2,53	61,95	6,94	21,11
1138	11.08.20 08:33:57	9,10	2,57	59,90	6,51	23,60
1139	11.08.20 08:33:58	8,96	2,59	60,48	5,49	24,03
1140	11.08.20 08:33:59	8,83	2,65	63,45	5,10	21,45
1141	11.08.20 08:34:00	8,76	2,67	64,26	4,18	21,56
1142	11.08.20 08:34:01	8,66	2,71	63,54	3,35	23,12
1143	11.08.20 08:34:02	8,56	2,73	62,89	2,97	24,14
1144	11.08.20 08:34:03	8,52	2,75	64,71	4,18	21,11
1145	11.08.20 08:34:04	8,49	2,80	66,57	5,86	17,57
1146	11.08.20 08:34:05	8,42	2,84	62,23	6,35	21,42
1147	11.08.20 08:34:06	8,39	2,86	60,22	8,82	20,96
1148	11.08.20 08:34:07	8,35	2,90	60,59	10,90	18,51
1149	11.08.20 08:34:08	8,32	2,92	57,65	10,85	21,50
1150	11.08.20 08:34:09	8,29	2,92	57,08	14,40	18,51
1151	11.08.20 08:34:10	8,25	2,99	62,98	17,23	9,78
1152	11.08.20 08:34:11	8,25	2,99	57,89	16,80	15,31
1153	11.08.20 08:34:12	8,25	3,03	56,94	17,58	15,48
1154	11.08.20 08:34:13	8,18	3,05	55,77	19,64	14,59
1155	11.08.20 08:34:14	8,05	3,11	56,55	19,06	14,39
1156	11.08.20 08:34:15	7,91	3,09	55,65	17,47	16,88
1157	11.08.20 08:34:16	7,84	3,09	55,40	15,79	18,80
1158	11.08.20 08:34:17	7,81	3,09	54,44	15,78	19,77
1159	11.08.20 08:34:18	7,77	3,09	56,24	16,45	17,31
1160	11.08.20 08:34:19	7,77	3,11	57,06	14,43	18,51
1161	11.08.20 08:34:20	7,71	3,11	55,73	10,83	23,44
1162	11.08.20 08:34:21	7,67	3,11	56,73	13,18	20,09
1163	11.08.20 08:34:22	7,64	3,11	60,17	13,77	16,06
1164	11.08.20 08:34:23	7,64	3,11	56,53	9,31	24,16
1165	11.08.20 08:34:24	7,71	3,09	55,17	9,69	25,14
1166	11.08.20 08:34:25	7,71	3,13	60,10	12,75	17,15
1167	11.08.20 08:34:26	7,74	3,11	58,80	11,24	19,96
1168	11.08.20 08:34:27	7,74	3,09	55,25	8,83	25,92
1169	11.08.20 08:34:28	7,74	3,11	57,83	12,53	19,64
1170	11.08.20 08:34:29	7,74	3,13	59,98	13,94	16,08
1171	11.08.20 08:34:30	7,71	3,13	61,70	7,52	20,78
1172	11.08.20 08:34:31	7,71	3,09	58,98	1,49	29,53
1173	11.08.20 08:34:32	7,74	3,11	67,96	3,23	18,81
1174	11.08.20 08:34:33	7,74	3,15	69,32	2,77	17,91
1175	11.08.20 08:34:34	7,74	3,09	62,36	-0,16	27,48
1176	11.08.20 08:34:35	7,77	3,09	65,50	0,33	24,18
1177	11.08.20 08:34:36	7,77	3,13	73,25	4,97	11,78
1178	11.08.20 08:34:37	7,74	3,15	65,30	3,70	21,00
1179	11.08.20 08:34:38	7,74	3,13	64,08	-1,62	24,31
1180	11.08.20 08:34:39	7,74	3,13	69,93	0,19	19,88
1181	11.08.20 08:34:40	7,74	3,15	73,23	3,72	13,04
1182	11.08.20 08:34:41	7,74	3,17	70,67	2,31	17,02
1183	11.08.20 08:34:42	7,71	3,13	63,31	-4,08	22,61
1184	11.08.20 08:34:43	7,71	3,13	65,20	-3,86	20,94
1185	11.08.20 08:34:44	7,67	3,13	65,46	-3,90	20,64
1186	11.08.20 08:34:45	7,67	3,07	55,17	-5,60	29,23
1187	11.08.20 08:34:46	7,67	3,00	52,13	-6,29	31,58
1188	11.08.20 08:34:47	7,64	2,94	47,28	-5,54	37,19
1189	11.08.20 08:34:48	7,64	2,85	42,54	-9,89	37,57
1190	11.08.20 08:34:49	7,67	2,81	45,36	-8,01	36,64
1191	11.08.20 08:34:50	7,67	2,75	46,00	-5,78	38,22
1192	11.08.20 08:34:51	7,67	2,66	37,30	-8,66	44,04
1193	11.08.20 08:34:52	7,67	2,57	35,97	-5,11	48,92
1194	11.08.20 08:34:53	7,71	2,51	38,18	-5,99	45,83
1195	11.08.20 08:34:54	7,77	2,45	41,46	-5,99	42,55
1196	11.08.20 08:34:55	7,77	2,38	39,59	-4,35	46,06
1197	11.08.20 08:34:56	7,77	2,32	42,20	-1,89	45,91
1198	11.08.20 08:34:57	7,81	2,28	39,20	-2,45	48,35
1199	11.08.20 08:34:58	7,81	2,21	36,70	-4,92	48,38
1200	11.08.20 08:34:59	7,88	2,15	42,84	-4,79	42,36
1201	11.08.20 08:35:00	8,01	2,09	38,04	-5,28	46,68
1202	11.08.20 08:35:01	8,12	2,00	33,90	-5,30	50,80
1203	11.08.20 08:35:02	8,25	2,00	40,39	-8,19	41,42
1204	11.08.20 08:35:03	8,35	1,96	42,55	-5,43	42,02
1205	11.08.20 08:35:04	8,56	1,86	33,66	-5,59	50,75
1206	11.08.20 08:35:05	8,66	1,77	38,12	-2,58	49,30
1207	11.08.20 08:35:06	8,73	1,77	45,60	-2,96	41,44
1208	11.08.20 08:35:07	8,79	1,73	39,76	-2,51	47,73
1209	11.08.20 08:35:08	8,83	1,62	25,75	-5,56	58,69
1210	11.08.20 08:35:09	8,86	1,56	34,33	-0,92	54,76
1211	11.08.20 08:35:10	9,00	1,56	40,11	-2,47	47,43
1212	11.08.20 08:35:11	9,10	1,48	40,07	-1,62	48,31
1213	11.08.20 08:35:12	9,20	1,43	32,66	-6,92	50,42
1214	11.08.20 08:35:13	9,30	1,39	34,15	-4,39	51,47
1215	11.08.20 08:35:14	9,36	1,35	31,52	-7,48	50,99
1216	11.08.20 08:35:15	9,43	1,31	29,63	-11,01	49,36
1217	11.08.20 08:35:16	9,50	1,24	30,40	-7,98	51,62
1218	11.08.20 08:35:17	9,60	1,25	27,06	-11,20	51,73
1219	11.08.20 08:35:18	9,73	1,18	30,29	-6,05	53,66
1220	11.08.20 08:35:19	9,86	1,14	36,47	-4,71	48,81
1221	11.08.20 08:35:20	9,96	1,10	34,94	-2,75	52,31
1222	11.08.20 08:35:21	10,03	1,08	32,84	-1,11	56,05
1223	11.08.20 08:35:22	10,06	1,06	39,87	-1,08	49,05
1224	11.08.20 08:35:23	10,13	1,04	39,28	-0,76	49,96
1225	11.08.20 08:35:24	10,16	1,04	35,15	-2,60	52,25
1226	11.08.20 08:35:25	10,32	0,95	31,45	-6,29	52,26
1227	11.08.20 08:35:26	10,55	0,89	31,19	-4,12	54,69
1228	11.08.20 08:35:27	10,85	0,87	31,87	-2,18	55,95
1229	11.08.20 08:35:28	11,04	0,83	34,04	-3,74	52,21
1230	11.08.20 08:35:29	11,23	0,81	34,63	-0,18	55,19
1231	11.08.20 08:35:30	11,36	0,77	34,86	-1,57	53,57
1232	11.08.20 08:35:31	11,43	0,77	39,76	-1,24	48,99
1233	11.08.20 08:35:32	11,46	0,75	38,99	-1,69	49,32
1234	11.08.20 08:35:33	11,49	0,67	32,40	-4,75	52,86
1235	11.08.20 08:35:34	11,56	0,67	38,69	-3,65	47,66
1236	11.08.20 08:35:35	11,59	0,67	36,31	-6,94	46,75
1237	11.08.20 08:35:36	11,65	0,60	36,82	-4,85	48,33
1238	11.08.20 08:35:37	11,72	0,58	31,80	-2,82	55,39
1239	11.08.20 08:35:38	11,78	0,54	31,58	-0,80	57,63
1240	11.08.20 08:35:39	11,88	0,56	34,60	1,78	53,61
1241	11.08.20 08:35:40	12,01	0,52	21,78	1,99	66,23
1242	11.08.20 08:35:41	12,26	0,43	15,67	8,70	65,64
1243	11.08.20 08:35:42	12,55	0,45	26,77	5,58	57,65
1244	11.08.20 08:35:43	12,70	0,48	26,17	6,06	57,77
1245	11.08.20 08:35:44	12,93	0,43	19,19	11,27	59,54
1246	11.08.20 08:35:45	13,05	0,41	27,27	-4,66	58,07
1247	11.08.20 08:35:46	13,11	0,45	40,55	-7,80	41,65
1248	11.08.20 08:35:47	13,15	0,43	31,19	-10,78	48,02
1249	11.08.20 08:35:48	13,21	0,39	15,92	-14,49	59,59
1250	11.08.20 08:35:49	13,27	0,39	24,46	-14,62	50,92
1251	11.08.20 08:35:50	13,30	0,39	29,68	-8,85	51,47
1252	11.08.20 08:35:51	13,33	0,37	29,32	-4,21	56,47
1253	11.08.20 08:35:52	13,37	0,39	31,56	-0,32	58,12
1254	11.08.20 08:35:53	13,37	0,41	35,44	3,52	51,05
1255	11.08.20 08:35:54	13,33	0,41	22,73	5,65	61,62
1256	11.08.20 08:35:55	13,33	0,39	31,11	6,59	52,30
1257	11.08.20 08:35:56	13,37	0,39	40,78	13,47	35,75
1258	11.08.20 08:35:57	13,37	0,37	20,21	16,45	53,34
1259	11.08.20 08:35:58	13,46	0,37	16,64	11,79	61,56
1260	11.08.20 08:35:59	13,58	0,37	21,81	1,93	66,26
1261	11.08.20 08:36:00	13,74	0,37	20,44	3,53	66,03
1262	11.08.20 08:36:01	13,83	0,33	20,37	-1,63	68,00
1263	11.08.20 08:36:02	13,93	0,37	36,36	-5,03	48,61
1264	11.08.20 08:36:03	13,93	0,39	36,92	-1,99	51,09
1265	11.08.20 08:36:04	13,93	0,37	21,51	-13,95	54,54
1266	11.08.20 08:36:05	13,93	0,33	18,65	-8,74	62,61
1267	11.08.20 08:36:06	13,96	0,37	32,37	2,15	55,48
1268	11.08.20 08:36:07	13,99	0,37	22,59	5,07	62,35
1269	11.08.20 08:36:08	14,02	0,35	15,63	-2,83	71,54
1270	11.08.20 08:36:09	14,08	0,35	21,82	-1,58	66,60
1271	11.08.20 08:36:10	14,11	0,35	15,38	-1,54	73,08
1272	11.08.20 08:36:11	14,18	0,35	22,04	-2,54	65,42
1273	11.08.20 08:36:12	14,30	0,35	20,03	2,00	67,97
1274	11.08.20 08:36:13	14,36	0,33	11,20	-1,31	77,49
1275	11.08.20 08:36:14	14,39	0,33	18,48	-3,21	68,31
1276	11.08.20 08:36:15	14,45	0,35	16,67	1,90	71,43
1277	11.08.20 08:36:16	14,52	0,35	14,62	-1,63	73,75
1278	11.08.20 08:36:17	14,52	0,35	17,39	-9,57	63,04
1279	11.08.20 08:36:18	14,55	0,35	17,88	-1,20	70,93
1280	11.08.20 08:36:19	14,55	0,35	12,46	-1,90	75,64
1281	11.08.20 08:36:20	14,55	0,37	26,10	5,98	57,92
1282	11.08.20 08:36:21	14,58	0,35	21,84	7,69	60,47
1283	11.08.20 08:36:22	14,64	0,33	13,23	3,13	73,64
1284	11.08.20 08:36:23	14,67	0,33	21,37	9,29	59,34
1285	11.08.20 08:36:24	14,73	0,33	26,42	16,15	47,43
1286	11.08.20 08:36:25	14,76	0,30	23,29	14,06	52,65
1287	11.08.20 08:36:26	14,79	0,30	11,05	2,76	76,19
1288	11.08.20 08:36:27	14,79	0,33	24,88	13,00	52,12
1289	11.08.20 08:36:28	14,82	0,28	25,69	1,33	62,97
1290	11.08.20 08:36:29	14,82	0,24	15,77	-7,41	66,82
1291	11.08.20 08:36:30	14,85	0,24	5,98	-8,23	75,79
1292	11.08.20 08:36:31	14,89	0,26	21,27	11,45	57,28
1293	11.08.20 08:36:32	14,89	0,26	9,77	3,46	76,77
1294	11.08.20 08:36:33	14,89	0,28	31,74	3,72	54,53
1295	11.08.20 08:36:34	14,95	0,26	18,73	6,83	64,44
1296	11.08.20 08:36:35	14,98	0,26	22,82	8,87	58,31
1297	11.08.20 08:36:36	15,01	0,26	20,95	3,95	65,10
1298	11.08.20 08:36:37	15,04	0,24	14,64	6,04	69,32
1299	11.08.20 08:36:38	15,07	0,24	19,77	5,15	65,09
1300	11.08.20 08:36:39	15,13	0,24	12,78	0,54	76,69
1301	11.08.20 08:36:40	15,13	0,22	16,40	17,02	56,58
1302	11.08.20 08:36:41	15,16	0,26	20,33	2,25	67,42
1303	11.08.20 08:36:42	15,16	0,24	10,99	-5,29	73,72
1304	11.08.20 08:36:43	15,19	0,24	9,51	6,61	73,88
1305	11.08.20 08:36:44	15,19	0,24	21,99	10,54	57,47
1306	11.08.20 08:36:45	15,19	0,22	16,92	-1,81	71,27
1307	11.08.20 08:36:46	15,22	0,22	9,74	-13,75	66,51
1308	11.08.20 08:36:47	15,22	0,28	38,52	2,33	49,15
1309	11.08.20 08:36:48	15,22	0,26	28,45	5,93	55,62
1310	11.08.20 08:36:49	15,25	0,24	17,43	-2,61	69,96
1311	11.08.20 08:36:50	15,25	0,22	21,40	4,67	63,93
1312	11.08.20 08:36:51	15,28	0,26	20,86	14,88	54,26
1313	11.08.20 08:36:52	15,32	0,24	22,86	1,93	65,21
1314	11.08.20 08:36:53	15,35	0,24	16,92	-0,38	72,70
1315	11.08.20 08:36:54	15,38	0,20	21,75	14,01	54,24
1316	11.08.20 08:36:55	15,38	0,24	19,01	5,22	65,78
1317	11.08.20 08:36:56	15,41	0,24	22,57	6,30	61,13
1318	11.08.20 08:36:57	15,44	0,20	18,37	-1,54	70,09
1319	11.08.20 08:36:58	15,47	0,20	15,52	4,63	69,85
1320	11.08.20 08:36:59	15,50	0,24	14,90	-1,39	73,71
1321	11.08.20 08:37:00	15,50	0,20	19,96	-6,28	63,76
1322	11.08.20 08:37:01	15,53	0,18	17,66	-6,06	66,29
1323	11.08.20 08:37:02	15,53	0,18	5,73	3,53	80,74
1324	11.08.20 08:37:03	15,53	0,24	25,64	13,85	50,51
1325	11.08.20 08:37:04	15,56	0,26	30,21	-27,02	32,77
1326	11.08.20 08:37:05	15,59	0,26	26,13	-15,78	48,08
1327	11.08.20 08:37:06	15,62	0,22	27,42	-15,73	46,85
1328	11.08.20 08:37:07	15,62	0,20	21,05	19,74	49,21
1329	11.08.20 08:37:08	15,65	0,18	24,80	0,60	64,60
1330	11.08.20 08:37:09	15,65	0,13	8,63	7,43	73,94
1331	11.08.20 08:37:10	15,65	0,15	49,42	-8,46	32,11
1332	11.08.20 08:37:11	15,65	0,20	53,72	25,74	10,54
1333	11.08.20 08:37:12	15,68	0,18	59,88	26,66	3,47
1334	11.08.20 08:37:13	15,68	0,15	67,82	15,28	6,90
1335	11.08.20 08:37:14	15,68	0,18	80,07	1,89	8,04
1336	11.08.20 08:37:15	15,62	0,20	72,82	11,56	5,62
1337	11.08.20 08:37:16	15,59	0,20	65,74	17,43	6,83
1338	11.08.20 08:37:17	15,53	0,20	66,42	17,38	6,21
1339	11.08.20 08:37:18	15,50	0,18	66,79	14,49	8,72
1340	11.08.20 08:37:19	15,44	0,20	74,80	6,39	8,81
1341	11.08.20 08:37:20	15,41	0,20	78,53	-2,68	8,79
1342	11.08.20 08:37:21	15,38	0,18	81,60	-0,31	8,08
1343	11.08.20 08:37:22	15,32	0,20	57,17	-19,29	13,54
1344	11.08.20 08:37:23	15,28	0,20	9,53	-60,60	19,87
1345	11.08.20 08:37:24	15,25	0,22	55,49	-25,43	9,08
1346	11.08.20 08:37:25	15,22	0,22	48,93	-27,94	13,13
1347	11.08.20 08:37:26	15,19	0,20	41,22	-30,94	17,84
1348	11.08.20 08:37:27	15,16	0,22	36,55	-40,73	12,72
1349	11.08.20 08:37:28	15,13	0,22	26,45	-47,84	15,71
1350	11.08.20 08:37:29	15,13	0,20	56,84	-29,63	3,53
1351	11.08.20 08:37:30	15,10	0,20	67,50	-11,79	10,71
1352	11.08.20 08:37:31	15,07	0,20	66,60	-9,51	13,90
1353	11.08.20 08:37:32	15,07	0,20	58,87	-17,48	13,65
1354	11.08.20 08:37:33	15,04	0,20	65,83	-12,57	11,60
1355	11.08.20 08:37:34	15,04	0,22	68,32	10,53	11,15
1356	11.08.20 08:37:35	15,01	0,22	54,44	27,11	8,45
1357	11.08.20 08:37:36	15,01	0,22	56,55	27,50	5,95
1358	11.08.20 08:37:37	15,01	0,20	76,86	2,32	10,82
1359	11.08.20 08:37:38	14,98	0,22	69,69	8,53	11,79
1360	11.08.20 08:37:39	14,98	0,22	69,11	10,34	10,55
1361	11.08.20 08:37:40	14,95	0,20	68,84	10,88	10,28
1362	11.08.20 08:37:41	14,95	0,22	3,42	8,18	78,40
1363	11.08.20 08:37:42	14,95	0,24	-7,62	2,97	79,41
1364	11.08.20 08:37:43	14,92	0,22	-11,28	4,11	74,61
1365	11.08.20 08:37:44	14,92	0,20	-15,98	5,71	68,32
1366	11.08.20 08:37:45	14,92	0,22	-19,09	0,24	70,67
1367	11.08.20 08:37:46	14,89	0,20	-7,89	9,00	73,10
1368	11.08.20 08:37:47	14,89	0,22	-16,36	7,97	65,66
1369	11.08.20 08:37:48	14,89	0,22	-14,58	3,18	72,24
1370	11.08.20 08:37:49	14,89	0,22	-14,18	5,00	70,82
1371	11.08.20 08:37:50	14,85	0,22	-14,50	6,11	69,39
1372	11.08.20 08:37:51	14,85	0,22	-13,89	-1,53	74,59
1373	11.08.20 08:37:52	14,85	0,22	-15,11	2,54	72,34
1374	11.08.20 08:37:53	14,85	0,22	-12,16	3,69	74,15
1375	11.08.20 08:37:54	14,85	0,24	-12,03	-3,85	74,12
1376	11.08.20 08:37:55	14,82	0,24	-57,74	2,71	-29,55
1377	11.08.20 08:37:56	14,85	0,22	-38,91	36,44	-14,65
1378	11.08.20 08:37:57	14,85	0,22	-41,31	-44,03	4,66
1379	11.08.20 08:37:58	14,85	0,22	-88,76	-0,84	-0,40
1380	11.08.20 08:37:59	14,85	0,22	-60,62	-1,53	-27,85
1381	11.08.20 08:38:00	14,89	0,22	-57,54	2,60	-29,86
1382	11.08.20 08:38:01	14,89	0,22	-61,28	3,38	-25,33
1383	11.08.20 08:38:02	14,89	0,22	-56,27	3,87	-29,86
1384	11.08.20 08:38:03	14,89	0,22	-59,31	3,26	-27,43
1385	11.08.20 08:38:04	14,89	0,22	-55,25	5,19	-29,56
1386	11.08.20 08:38:05	14,89	0,22	-60,91	0,15	-28,93
1387	11.08.20 08:38:06	14,89	0,20	-61,44	0,62	-27,95
1388	11.08.20 08:38:07	14,89	0,22	-77,18	-12,08	-0,74
1389	11.08.20 08:38:08	14,89	0,22	-73,94	-12,07	-3,99
1390	11.08.20 08:38:09	14,89	0,22	-79,36	-5,17	-5,47
1391	11.08.20 08:38:10	14,89	0,22	-82,28	-5,76	-1,96
1392	11.08.20 08:38:11	14,89	0,22	-80,16	-8,04	-1,80
1393	11.08.20 08:38:12	14,85	0,22	-77,22	-7,92	-4,86
1394	11.08.20 08:38:13	14,85	0,22	-78,71	-6,34	-4,95
1395	11.08.20 08:38:14	14,85	0,22	-80,95	-6,35	-2,70
1396	11.08.20 08:38:15	14,85	0,22	-80,21	-7,36	-2,43
1397	11.08.20 08:38:16	14,85	0,22	-79,65	-7,26	-3,09
1398	11.08.20 08:38:17	14,85	0,22	-77,78	-7,45	-4,77
1399	11.08.20 08:38:18	14,85	0,22	-79,49	-6,53	-3,98
1400	11.08.20 08:38:19	14,85	0,22	-81,44	-6,64	-1,92
1401	11.08.20 08:38:20	14,85	0,24	-79,50	-6,98	-3,52
1402	11.08.20 08:38:21	14,85	0,22	-78,70	-7,00	-4,30
1403	11.08.20 08:38:22	14,85	0,22	-78,72	-8,31	-2,98
1404	11.08.20 08:38:23	14,85	0,22	-81,57	-6,14	-2,29
1405	11.08.20 08:38:24	14,85	0,22	-81,14	-5,23	-3,62
1406	11.08.20 08:38:25	14,85	0,22	-76,72	-8,87	-4,42
1407	11.08.20 08:38:26	14,85	0,22	-78,54	-8,66	-2,80
1408	11.08.20 08:38:27	14,85	0,24	-82,54	-4,89	-2,57
1409	11.08.20 08:38:28	14,85	0,24	-80,26	-5,81	-3,93
1410	11.08.20 08:38:29	14,85	0,22	-77,09	-9,17	-3,74
1411	11.08.20 08:38:30	14,85	0,22	-78,53	-7,99	-3,48
1412	11.08.20 08:38:31	14,85	0,24	-79,73	-5,92	-4,34
1413	11.08.20 08:38:32	14,85	0,24	-82,32	-5,56	-2,12
1414	11.08.20 08:38:33	14,85	0,22	-79,27	-8,22	-2,51
1415	11.08.20 08:38:34	14,85	0,24	-77,56	-8,72	-3,71
1416	11.08.20 08:38:35	14,85	0,22	-80,94	-5,46	-3,60
1417	11.08.20 08:38:36	14,85	0,24	-81,93	-5,03	-3,03
1418	11.08.20 08:38:37	14,89	0,24	-78,77	-9,04	-2,19
1419	11.08.20 08:38:38	14,89	0,22	-78,02	-8,27	-3,70
1420	11.08.20 08:38:39	14,89	0,22	-80,01	-5,58	-4,41
1421	11.08.20 08:38:40	14,89	0,22	-82,10	-5,38	-2,52
1422	11.08.20 08:38:41	14,89	0,22	-79,06	-8,19	-2,75
1423	11.08.20 08:38:42	14,89	0,22	-76,99	-9,09	-3,91
1424	11.08.20 08:38:43	14,89	0,22	-81,70	-4,88	-3,42
1425	11.08.20 08:38:44	14,89	0,24	-81,15	-5,84	-3,00
1426	11.08.20 08:38:45	14,89	0,24	-79,41	-8,63	-1,96
1427	11.08.20 08:38:46	14,89	0,24	-80,11	-7,31	-2,59
1428	11.08.20 08:38:47	14,89	0,22	-80,07	-5,69	-4,24
1429	11.08.20 08:38:48	14,89	0,22	-78,71	-7,38	-3,91
1430	11.08.20 08:38:49	14,89	0,22	-80,41	-8,10	-1,49
1431	11.08.20 08:38:50	14,89	0,24	-82,07	-5,99	-1,94
1432	11.08.20 08:38:51	14,89	0,22	-79,13	-6,32	-4,55
1433	11.08.20 08:38:52	14,89	0,22	-78,33	-8,08	-3,60
1434	11.08.20 08:38:53	14,92	0,20	-80,79	-7,45	-1,77
1435	11.08.20 08:38:54	14,92	0,24	-81,70	-5,49	-2,81
1436	11.08.20 08:38:55	14,92	0,20	-79,18	-7,08	-3,74
1437	11.08.20 08:38:56	14,92	0,22	-78,63	-8,22	-3,15
1438	11.08.20 08:38:57	14,92	0,24	-79,92	-6,92	-3,16
1439	11.08.20 08:38:58	14,92	0,22	-81,04	-5,64	-3,32
1440	11.08.20 08:38:59	14,92	0,24	-80,04	-6,82	-3,14
1441	11.08.20 08:39:00	14,92	0,24	-78,26	-9,32	-2,42
1442	11.08.20 08:39:01	14,92	0,22	-83,00	-5,95	-1,04
1443	11.08.20 08:39:02	14,95	0,22	-80,43	-4,68	-4,89
1444	11.08.20 08:39:03	14,95	0,22	-77,04	-8,05	-4,90
1445	11.08.20 08:39:04	14,95	0,24	-79,99	-9,81	-0,19
1446	11.08.20 08:39:05	14,95	0,24	-49,01	-11,61	-29,38
1447	11.08.20 08:39:06	14,95	0,22	-57,01	-4,94	-28,05
1448	11.08.20 08:39:07	14,95	0,22	-58,89	-5,85	-25,26
1449	11.08.20 08:39:08	14,98	0,22	-57,57	-7,04	-25,40
1450	11.08.20 08:39:09	14,98	0,22	-56,07	-5,96	-27,97
1451	11.08.20 08:39:10	14,98	0,22	-55,03	-7,06	-27,91
1452	11.08.20 08:39:11	15,01	0,22	-54,61	-6,69	-28,70
1453	11.08.20 08:39:12	15,01	0,24	-53,51	-5,62	-30,87
1454	11.08.20 08:39:13	15,01	0,24	-55,82	-6,68	-27,50
1455	11.08.20 08:39:14	15,04	0,22	-52,48	-9,57	-27,95
1456	11.08.20 08:39:15	15,04	0,22	-53,73	-6,36	-29,91
1457	11.08.20 08:39:16	15,04	0,22	-52,14	-7,13	-30,72
1458	11.08.20 08:39:17	15,04	0,24	-55,72	-4,86	-29,42
1459	11.08.20 08:39:18	15,04	0,24	-60,29	0,46	-29,25
1460	11.08.20 08:39:19	15,04	0,22	-1,52	-85,45	-3,02
1461	11.08.20 08:39:20	15,04	0,22	-1,49	-87,96	-0,55
1462	11.08.20 08:39:21	15,04	0,22	-0,80	-88,43	0,77
1463	11.08.20 08:39:22	15,07	0,22	-0,03	-87,66	2,31
1464	11.08.20 08:39:23	15,07	0,22	-0,65	-89,26	0,09
1465	11.08.20 08:39:24	15,07	0,24	-0,77	-87,03	-2,20
1466	11.08.20 08:39:25	15,07	0,24	-0,09	-88,71	-1,20
1467	11.08.20 08:39:26	15,07	0,22	-1,39	-87,48	1,12
1468	11.08.20 08:39:27	15,07	0,22	-1,51	-87,03	1,46
1469	11.08.20 08:39:28	15,07	0,20	1,36	-87,45	-1,19
1470	11.08.20 08:39:29	15,10	0,22	-0,25	-88,32	-1,43
1471	11.08.20 08:39:30	15,10	0,22	-2,98	-86,43	0,59
1472	11.08.20 08:39:31	15,10	0,22	-0,71	-88,43	0,86
1473	11.08.20 08:39:32	15,10	0,22	1,56	-88,04	0,40
1474	11.08.20 08:39:33	15,10	0,24	-1,12	-88,67	0,20
1475	11.08.20 08:39:34	15,10	0,22	-1,77	-87,40	-0,82
1476	11.08.20 08:39:35	15,10	0,22	-0,46	-88,40	-1,14
1477	11.08.20 08:39:36	15,13	0,22	-0,12	-89,09	-0,79
1478	11.08.20 08:39:37	15,13	0,22	-0,73	-87,95	1,32
1479	11.08.20 08:39:38	15,13	0,22	-0,48	-87,47	2,04
1480	11.08.20 08:39:39	15,13	0,22	-0,97	-87,83	-1,20
1481	11.08.20 08:39:40	15,13	0,22	-0,72	-88,12	-1,16
1482	11.08.20 08:39:41	15,13	0,22	-0,65	-89,27	0,08
1483	11.08.20 08:39:42	15,13	0,22	-0,36	-89,01	0,63
1484	11.08.20 08:39:43	15,13	0,22	-0,86	-88,29	0,86
1485	11.08.20 08:39:44	15,16	0,22	-0,56	-87,73	-1,71
1486	11.08.20 08:39:45	15,16	0,24	-0,42	-88,30	-1,29
1487	11.08.20 08:39:46	15,16	0,24	-1,10	-88,22	0,67
1488	11.08.20 08:39:47	15,16	0,20	-0,87	-87,75	1,38
1489	11.08.20 08:39:48	15,16	0,22	-0,34	-89,42	0,24
1490	11.08.20 08:39:49	15,16	0,20	0,28	-89,18	-0,54
1491	11.08.20 08:39:50	15,16	0,22	-1,28	-88,29	-0,43
1492	11.08.20 08:39:51	15,16	0,22	-1,60	-88,37	-0,03
1493	11.08.20 08:39:52	15,19	0,22	-0,03	-89,30	0,67
1494	11.08.20 08:39:53	15,19	0,22	0,12	-89,19	0,69
1495	11.08.20 08:39:54	15,19	0,22	-0,83	-88,04	-1,13
1496	11.08.20 08:39:55	15,19	0,22	-0,93	-88,57	-0,49
1497	11.08.20 08:39:56	15,19	0,22	-0,90	-88,76	0,34
1498	11.08.20 08:39:57	15,19	0,20	-1,53	-87,03	1,44
1499	11.08.20 08:39:58	15,19	0,20	0,71	-88,58	0,71
1500	11.08.20 08:39:59	15,19	0,22	1,33	-86,75	-1,91
1501	11.08.20 08:40:00	15,22	0,20	-3,23	-86,19	-0,58
1502	11.08.20 08:40:01	15,22	0,22	-2,73	-86,90	0,38
1503	11.08.20 08:40:02	15,22	0,22	2,65	-86,09	1,26
1504	11.08.20 08:40:03	15,22	0,22	0,67	-88,92	0,40
1505	11.08.20 08:40:04	15,22	0,22	-2,66	-85,66	-1,67
1506	11.08.20 08:40:05	15,22	0,22	-2,48	-87,30	-0,22
1507	11.08.20 08:40:06	15,25	0,22	0,73	-87,76	1,52
1508	11.08.20 08:40:07	15,25	0,20	1,41	-88,56	0,03
1509	11.08.20 08:40:08	15,25	0,22	-2,02	-87,60	-0,37
1510	11.08.20 08:40:09	15,25	0,22	-2,04	-87,79	-0,17
1511	11.08.20 08:40:10	15,25	0,22	0,12	-89,76	0,12
1512	11.08.20 08:40:11	15,25	0,22	0,50	-89,02	0,48
1513	11.08.20 08:40:12	15,25	0,22	-1,43	-88,54	-0,03
1514	11.08.20 08:40:13	15,25	0,22	-1,41	-87,54	-1,05
1515	11.08.20 08:40:14	15,25	0,22	0,52	-88,24	1,24
1516	11.08.20 08:40:15	15,28	0,20	-0,61	-88,45	0,94
1517	11.08.20 08:40:16	15,28	0,20	-1,41	-86,99	-1,59
1518	11.08.20 08:40:17	15,28	0,20	-1,21	-88,48	0,31
1519	11.08.20 08:40:18	15,28	0,20	0,18	-88,96	0,86
1520	11.08.20 08:40:19	15,28	0,20	0,61	-89,24	-0,15
1521	11.08.20 08:40:20	15,32	0,22	-1,83	-87,89	0,28
1522	11.08.20 08:40:21	15,32	0,22	-2,07	-87,01	-0,92
1523	11.08.20 08:40:22	15,32	0,22	0,50	-89,26	0,24
1524	11.08.20 08:40:23	15,32	0,20	1,36	-87,70	0,94
1525	11.08.20 08:40:24	15,32	0,22	-1,91	-87,29	0,79
1526	11.08.20 08:40:25	15,32	0,22	-2,71	-86,98	-0,31
1527	11.08.20 08:40:26	15,32	0,22	0,49	-88,68	-0,83
1528	11.08.20 08:40:27	15,32	0,22	1,02	-87,18	1,80
1529	11.08.20 08:40:28	15,35	0,22	-1,01	-88,69	-0,30
1530	11.08.20 08:40:29	15,35	0,20	-2,18	-86,23	-1,58
1531	11.08.20 08:40:30	15,35	0,20	-1,35	-88,48	-0,17
1532	11.08.20 08:40:31	15,35	0,22	1,41	-87,06	1,53
1533	11.08.20 08:40:32	15,35	0,22	0,29	-89,62	-0,09
1534	11.08.20 08:40:33	15,35	0,20	-2,60	-87,37	0,03
1535	11.08.20 08:40:34	15,35	0,20	-1,36	-88,61	-0,03
1536	11.08.20 08:40:35	15,38	0,22	1,46	-88,20	-0,34
1537	11.08.20 08:40:36	15,38	0,22	-0,77	-88,12	1,11
1538	11.08.20 08:40:37	15,38	0,20	-2,14	-87,58	0,28
1539	11.08.20 08:40:38	15,38	0,22	-0,40	-88,58	-1,01
1540	11.08.20 08:40:39	15,38	0,20	0,90	-88,92	0,18
1541	11.08.20 08:40:40	15,38	0,20	-0,69	-88,65	0,66
1542	11.08.20 08:40:41	15,38	0,20	-2,33	-87,14	0,53
1543	11.08.20 08:40:42	15,38	0,22	-0,37	-88,69	-0,94
1544	11.08.20 08:40:43	15,41	0,22	1,36	-88,39	-0,24
1545	11.08.20 08:40:44	15,41	0,22	-1,46	-87,97	0,56
1546	11.08.20 08:40:45	15,41	0,22	-1,66	-88,28	-0,06
1547	11.08.20 08:40:46	15,41	0,22	-0,15	-89,64	0,20
1548	11.08.20 08:40:47	15,41	0,22	-0,54	-88,74	0,72
1549	11.08.20 08:40:48	15,41	0,20	0,16	-89,18	-0,66
1550	11.08.20 08:40:49	15,41	0,20	-0,69	-88,67	-0,64
1551	11.08.20 08:40:50	15,44	0,22	-1,60	-87,40	0,99
1552	11.08.20 08:40:51	15,44	0,22	-0,76	-89,06	-0,18
1553	11.08.20 08:40:52	15,44	0,22	0,44	-88,38	-1,18
1554	11.08.20 08:40:53	15,44	0,22	-0,62	-88,48	0,91
1555	11.08.20 08:40:54	15,44	0,20	-1,23	-87,49	1,27
1556	11.08.20 08:40:55	15,44	0,22	-0,71	-89,14	0,15
1557	11.08.20 08:40:56	15,44	0,22	-0,49	-87,30	-2,21
1558	11.08.20 08:40:57	15,47	0,24	-0,46	-88,29	1,25
1559	11.08.20 08:40:58	15,47	0,20	-0,21	-88,67	1,11
1560	11.08.20 08:40:59	15,47	0,22	-0,26	-87,94	-1,81
1561	11.08.20 08:41:00	15,47	0,22	-1,83	-87,90	-0,28
1562	11.08.20 08:41:01	15,47	0,22	-1,08	-88,73	-0,20
1563	11.08.20 08:41:02	15,47	0,22	0,88	-88,75	-0,36
1564	11.08.20 08:41:03	15,50	0,22	-0,60	-88,07	1,33
1565	11.08.20 08:41:04	15,50	0,22	-1,95	-87,05	1,01
1566	11.08.20 08:41:05	15,50	0,20	-0,19	-89,09	-0,72
1567	11.08.20 08:41:06	15,50	0,20	0,66	-86,94	-2,40
1568	11.08.20 08:41:07	15,50	0,20	-1,65	-87,46	0,89
1569	11.08.20 08:41:08	15,50	0,20	-1,64	-85,29	3,07
1570	11.08.20 08:41:09	15,50	0,22	1,35	-88,17	-0,49
1571	11.08.20 08:41:10	15,50	0,22	0,23	-86,55	-3,22
1572	11.08.20 08:41:11	15,50	0,20	-3,16	-86,28	-0,57
1573	11.08.20 08:41:12	15,53	0,20	-1,75	-85,66	2,59
1574	11.08.20 08:41:13	15,53	0,22	3,46	-86,54	0,00
1575	11.08.20 08:41:14	15,53	0,22	-0,32	-87,03	-2,64
1576	11.08.20 08:41:15	15,53	0,20	-4,48	-85,27	-0,25
1577	11.08.20 08:41:16	15,53	0,20	-1,69	-87,34	0,97
1578	11.08.20 08:41:17	15,53	0,22	4,28	-85,10	-0,61
1579	11.08.20 08:41:18	15,53	0,20	-0,49	-89,36	-0,15
1580	11.08.20 08:41:19	15,53	0,22	-4,89	-84,55	0,56
1581	11.08.20 08:41:20	15,53	0,24	-1,18	-88,70	0,12
1582	11.08.20 08:41:21	15,56	0,22	4,20	-85,21	-0,60
1583	11.08.20 08:41:22	15,56	0,22	-1,62	-87,49	0,89
1584	11.08.20 08:41:23	15,56	0,22	-3,62	-85,85	0,53
1585	11.08.20 08:41:24	15,56	0,22	-0,13	-89,29	-0,58
1586	11.08.20 08:41:25	15,56	0,20	1,57	-87,85	-0,58
1587	11.08.20 08:41:26	15,56	0,22	-0,64	-88,47	0,89
1588	11.08.20 08:41:27	15,56	0,20	-2,07	-86,05	1,88
1589	11.08.20 08:41:28	15,56	0,22	-0,70	-88,62	-0,68
1590	11.08.20 08:41:29	15,59	0,20	0,96	-86,40	-2,63
1591	11.08.20 08:41:30	15,59	0,22	-1,46	-87,39	1,15
1592	11.08.20 08:41:31	15,59	0,20	-1,46	-85,48	3,06
1593	11.08.20 08:41:32	15,59	0,22	1,11	-88,42	-0,47
1594	11.08.20 08:41:33	15,59	0,20	-0,98	-85,95	-3,06
1595	11.08.20 08:41:34	15,59	0,22	-1,74	-86,92	-1,34
1596	11.08.20 08:41:35	15,62	0,22	-0,28	-87,05	2,67
1597	11.08.20 08:41:36	15,62	0,20	0,38	-87,31	2,31
1598	11.08.20 08:41:37	15,62	0,20	-0,37	-86,99	-2,64
1599	11.08.20 08:41:38	15,62	0,22	-2,24	-84,12	-3,65
1600	11.08.20 08:41:39	15,62	0,22	-1,12	-88,46	0,42
1601	11.08.20 08:41:40	15,62	0,20	1,72	-86,20	2,07
1602	11.08.20 08:41:41	15,62	0,22	-0,33	-89,23	-0,44
1603	11.08.20 08:41:42	15,62	0,20	-2,16	-85,93	-1,91
1604	11.08.20 08:41:43	15,65	0,20	-1,70	-87,04	-1,26
1605	11.08.20 08:41:44	15,65	0,22	1,15	-88,67	0,18
1606	11.08.20 08:41:45	15,65	0,20	0,22	-88,16	1,62
1607	11.08.20 08:41:46	15,65	0,22	-1,69	-87,07	-1,24
1608	11.08.20 08:41:47	15,65	0,20	-1,76	-86,60	-1,64
1609	11.08.20 08:41:48	15,65	0,20	0,18	-89,62	0,20
1610	11.08.20 08:41:49	15,65	0,22	0,89	-87,51	1,60
1611	11.08.20 08:41:50	15,68	0,22	-1,42	-87,74	-0,83
1612	11.08.20 08:41:51	15,68	0,22	-2,36	-87,17	0,47
1613	11.08.20 08:41:52	15,68	0,22	0,61	-88,81	-0,58
1614	11.08.20 08:41:53	15,68	0,22	0,65	-89,05	0,30
1615	11.08.20 08:41:54	15,68	0,22	-1,68	-87,52	0,80
1616	11.08.20 08:41:55	15,68	0,22	-1,75	-87,15	-1,10
1617	11.08.20 08:41:56	15,68	0,20	0,80	-87,56	-1,63
1618	11.08.20 08:41:57	15,71	0,22	-0,06	-89,15	0,79
1619	11.08.20 08:41:58	15,71	0,22	-1,96	-87,00	1,04
1620	11.08.20 08:41:59	15,71	0,22	-0,54	-88,34	-1,12
1621	11.08.20 08:42:00	15,71	0,20	0,15	-88,97	-0,88
1622	11.08.20 08:42:01	15,71	0,20	-0,38	-89,00	0,62
1623	11.08.20 08:42:02	15,71	0,20	-1,07	-88,90	-0,03
1624	11.08.20 08:42:03	15,74	0,20	-0,74	-88,55	-0,71
1625	11.08.20 08:42:04	15,74	0,22	-0,18	-89,54	-0,29
1626	11.08.20 08:42:05	15,74	0,22	-0,66	-89,17	0,17
1627	11.08.20 08:42:06	15,74	0,22	-0,74	-88,32	-0,95
1628	11.08.20 08:42:07	15,74	0,22	-0,09	-89,76	0,15
1629	11.08.20 08:42:08	15,74	0,20	-0,99	-87,97	1,04
1630	11.08.20 08:42:09	15,74	0,20	-0,80	-88,93	-0,27
1631	11.08.20 08:42:10	15,74	0,20	-0,31	-88,88	-0,81
1632	11.08.20 08:42:11	15,74	0,22	0,48	-88,44	-1,08
1633	11.08.20 08:42:12	15,77	0,22	-1,50	-88,08	0,42
1634	11.08.20 08:42:13	15,77	0,22	-1,63	-87,83	0,54
1635	11.08.20 08:42:14	15,77	0,20	0,38	-89,38	-0,24
1636	11.08.20 08:42:15	15,77	0,22	0,59	-89,26	-0,15
1637	11.08.20 08:42:16	15,77	0,22	-21,26	-31,33	-37,40
1638	11.08.20 08:42:17	15,77	0,20	-60,18	6,01	-23,81
1639	11.08.20 08:42:18	15,77	0,22	-59,20	5,51	-25,28
1640	11.08.20 08:42:19	15,80	0,20	-55,56	6,67	-27,77
1641	11.08.20 08:42:20	15,80	0,20	-55,28	8,84	-25,88
1642	11.08.20 08:42:21	15,80	0,20	-30,11	9,90	-50,00
1643	11.08.20 08:42:22	15,83	0,20	-55,94	6,80	-27,26
1644	11.08.20 08:42:23	15,83	0,20	-55,71	5,94	-28,35
1645	11.08.20 08:42:24	15,83	0,20	-55,39	6,88	-27,74
1646	11.08.20 08:42:25	15,83	0,20	-55,56	6,28	-28,16
1647	11.08.20 08:42:26	15,83	0,20	-53,73	6,55	-29,72
1648	11.08.20 08:42:27	15,83	0,18	-51,26	6,98	-31,76
1649	11.08.20 08:42:28	15,86	0,20	-52,83	7,06	-30,12
1650	11.08.20 08:42:29	15,86	0,20	-56,27	5,92	-27,82
1651	11.08.20 08:42:30	15,86	0,20	-54,92	7,12	-27,95
1652	11.08.20 08:42:31	15,86	0,22	-55,91	6,83	-27,27
1653	11.08.20 08:42:32	15,86	0,20	-53,14	6,64	-30,22
1654	11.08.20 08:42:33	15,89	0,20	-53,61	6,51	-29,88
1655	11.08.20 08:42:34	15,89	0,20	-59,77	5,24	-25,00
1656	11.08.20 08:42:35	15,93	0,18	-54,06	5,88	-30,06
1657	11.08.20 08:42:36	15,93	0,20	-53,89	7,25	-28,86
1658	11.08.20 08:42:37	15,93	0,20	-51,64	8,03	-30,33
1659	11.08.20 08:42:38	15,93	0,20	-51,98	5,92	-32,10
1660	11.08.20 08:42:39	15,96	0,20	-51,42	6,58	-32,00
1661	11.08.20 08:42:40	15,96	0,20	-54,37	6,51	-29,12
1662	11.08.20 08:42:41	15,96	0,20	-53,57	6,44	-30,00
1663	11.08.20 08:42:42	15,99	0,22	-56,32	5,39	-28,29
1664	11.08.20 08:42:43	15,99	0,20	-55,48	5,30	-29,22
1665	11.08.20 08:42:44	15,99	0,18	-53,21	7,00	-29,79
1666	11.08.20 08:42:45	15,99	0,20	-53,80	7,37	-28,82
1667	11.08.20 08:42:46	16,02	0,20	-53,32	6,92	-29,76
1668	11.08.20 08:42:47	16,02	0,20	-59,24	7,46	-23,30
1669	11.08.20 08:42:48	16,02	0,20	-51,87	5,97	-32,16
1670	11.08.20 08:42:49	16,05	0,18	-52,34	6,78	-30,88
1671	11.08.20 08:42:50	16,05	0,20	-56,31	6,79	-26,90
1672	11.08.20 08:42:51	16,08	0,18	-54,76	6,28	-28,96
1673	11.08.20 08:42:52	16,08	0,20	-57,91	4,02	-28,08
1674	11.08.20 08:42:53	16,08	0,20	-58,41	2,05	-29,54
1675	11.08.20 08:42:54	16,11	0,20	-56,54	4,29	-29,16
1676	11.08.20 08:42:55	16,11	0,20	-60,00	2,92	-27,08
1677	11.08.20 08:42:56	16,11	0,18	-2,29	-41,99	45,72
1678	11.08.20 08:42:57	16,11	0,18	31,14	-5,55	53,31
1679	11.08.20 08:42:58	16,14	0,22	24,96	-4,77	60,27
1680	11.08.20 08:42:59	16,14	0,22	25,21	-6,27	58,52
1681	11.08.20 08:43:00	16,14	0,22	28,00	-8,28	53,72
1682	11.08.20 08:43:01	16,14	0,22	29,11	-6,46	54,43
1683	11.08.20 08:43:02	16,11	0,20	26,92	-4,57	58,51
1684	11.08.20 08:43:03	16,11	0,18	25,76	-5,72	58,53
1685	11.08.20 08:43:04	16,14	0,22	27,38	-6,25	56,38
1686	11.08.20 08:43:05	16,14	0,20	28,11	-6,92	54,97
1687	11.08.20 08:43:06	16,14	0,22	27,79	-6,97	55,24
1688	11.08.20 08:43:07	16,14	0,20	26,04	-5,05	58,90
1689	11.08.20 08:43:08	16,14	0,20	25,88	-5,44	58,67
1690	11.08.20 08:43:09	16,14	0,22	28,89	-7,10	54,02
1691	11.08.20 08:43:10	16,14	0,22	27,67	-7,39	54,94
1692	11.08.20 08:43:11	16,14	0,22	26,83	-5,88	57,29
1693	11.08.20 08:43:12	16,14	0,22	25,86	-4,14	60,00
1694	11.08.20 08:43:13	16,14	0,22	27,56	-5,36	57,08
1695	11.08.20 08:43:14	16,14	0,22	30,12	-7,71	52,17
1696	11.08.20 08:43:15	16,14	0,22	26,08	-6,50	57,43
1697	11.08.20 08:43:16	16,17	0,22	24,49	-5,25	60,26
1698	11.08.20 08:43:17	16,17	0,22	29,92	-5,13	54,95
1699	11.08.20 08:43:18	16,17	0,22	28,55	-6,69	54,76
1700	11.08.20 08:43:19	16,17	0,20	24,89	-6,95	58,16
1701	11.08.20 08:43:20	16,17	0,22	26,87	-6,18	56,95
1702	11.08.20 08:43:21	16,17	0,22	28,58	-4,33	57,09
1703	11.08.20 08:43:22	16,17	0,22	28,60	-4,95	56,45
1704	11.08.20 08:43:23	16,17	0,22	26,58	-8,01	55,41
1705	11.08.20 08:43:24	16,17	0,22	25,29	-4,94	59,76
1706	11.08.20 08:43:25	16,17	0,22	28,35	-0,12	61,53
1707	11.08.20 08:43:26	16,20	0,22	32,19	2,18	55,62
1708	11.08.20 08:43:27	16,20	0,22	31,94	0,68	57,38
1709	11.08.20 08:43:28	16,20	0,22	30,51	-1,98	57,52
1710	11.08.20 08:43:29	16,23	0,22	31,97	0,09	57,94
1711	11.08.20 08:43:30	16,23	0,20	31,23	-0,32	58,45
1712	11.08.20 08:43:31	16,23	0,20	28,60	-6,19	55,21
1713	11.08.20 08:43:32	16,23	0,22	27,08	-8,32	54,61
1714	11.08.20 08:43:33	16,23	0,22	27,94	-5,96	56,11
1715	11.08.20 08:43:34	16,26	0,22	28,63	-5,99	55,38
1716	11.08.20 08:43:35	16,26	0,22	27,25	-7,54	55,21
1717	11.08.20 08:43:36	16,26	0,22	26,93	-7,78	55,29
1718	11.08.20 08:43:37	16,26	0,22	28,78	-6,99	54,23
1719	11.08.20 08:43:38	16,26	0,22	27,87	-7,30	54,83
1720	11.08.20 08:43:39	16,29	0,20	26,17	-7,65	56,17
1721	11.08.20 08:43:40	16,29	0,22	27,79	-8,59	53,63
1722	11.08.20 08:43:41	16,29	0,20	28,83	-8,76	52,42
1723	11.08.20 08:43:42	16,29	0,22	27,43	-7,31	55,26
1724	11.08.20 08:43:43	16,29	0,22	26,22	-8,37	55,41
1725	11.08.20 08:43:44	16,29	0,24	27,11	-9,98	52,91
1726	11.08.20 08:43:45	16,29	0,20	27,87	-8,86	53,26
1727	11.08.20 08:43:46	16,29	0,20	27,58	-8,40	54,02
1728	11.08.20 08:43:47	16,32	0,20	27,09	-8,20	54,71
1729	11.08.20 08:43:48	16,32	0,22	26,74	-8,91	54,35
1730	11.08.20 08:43:49	16,32	0,22	26,19	-10,15	53,66
1731	11.08.20 08:43:50	16,32	0,22	28,53	-9,06	52,41
1732	11.08.20 08:43:51	16,32	0,24	29,09	-6,18	54,73
1733	11.08.20 08:43:52	16,32	0,22	26,28	-7,25	56,47
1734	11.08.20 08:43:53	16,32	0,22	25,96	-10,62	53,42
1735	11.08.20 08:43:54	16,32	0,22	28,38	-9,13	52,49
1736	11.08.20 08:43:55	16,35	0,22	28,21	-7,90	53,89
1737	11.08.20 08:43:56	16,35	0,20	25,26	-9,78	54,96
1738	11.08.20 08:43:57	16,35	0,22	26,12	-9,84	54,04
1739	11.08.20 08:43:58	16,35	0,22	27,65	-9,09	53,26
1740	11.08.20 08:43:59	16,35	0,18	28,91	-9,23	51,86
1741	11.08.20 08:44:00	16,35	0,22	25,88	-8,69	55,43
1742	11.08.20 08:44:01	16,35	0,20	24,13	-9,89	55,98
1743	11.08.20 08:44:02	16,35	0,24	30,15	-8,39	51,46
1744	11.08.20 08:44:03	16,35	0,20	30,07	-6,45	53,47
1745	11.08.20 08:44:04	16,38	0,20	25,91	-7,41	56,68
1746	11.08.20 08:44:05	16,38	0,20	25,59	-10,22	54,19
1747	11.08.20 08:44:06	16,38	0,22	26,97	-10,82	52,21
1748	11.08.20 08:44:07	16,38	0,22	27,73	-9,93	52,34
1749	11.08.20 08:44:08	16,38	0,22	26,63	-8,39	54,98
1750	11.08.20 08:44:09	16,38	0,20	26,83	-7,60	55,57
1751	11.08.20 08:44:10	16,38	0,20	27,12	-9,83	53,05
1752	11.08.20 08:44:11	16,41	0,22	26,38	-11,71	51,90
1753	11.08.20 08:44:12	16,41	0,22	26,99	-9,21	53,80
1754	11.08.20 08:44:13	16,41	0,22	28,73	-5,41	55,85
1755	11.08.20 08:44:14	16,41	0,20	27,38	-7,61	55,00
1756	11.08.20 08:44:15	16,41	0,20	24,87	-11,71	53,42
1757	11.08.20 08:44:16	16,41	0,20	27,93	-10,61	51,45
1758	11.08.20 08:44:17	16,41	0,22	28,52	-8,55	52,93
1759	11.08.20 08:44:18	16,41	0,20	25,07	-8,60	56,33
1760	11.08.20 08:44:19	16,44	0,20	24,19	-11,16	54,65
1761	11.08.20 08:44:20	16,44	0,22	27,09	-11,59	51,32
1762	11.08.20 08:44:21	16,44	0,22	28,40	-9,90	51,70
1763	11.08.20 08:44:22	16,44	0,22	27,16	-8,68	54,16
1764	11.08.20 08:44:23	16,44	0,22	25,34	-7,85	56,82
1765	11.08.20 08:44:24	16,44	0,22	26,50	-8,79	54,71
1766	11.08.20 08:44:25	16,44	0,20	28,27	-10,30	51,43
1767	11.08.20 08:44:26	16,47	0,22	28,34	-9,14	52,52
1768	11.08.20 08:44:27	16,47	0,20	26,54	-8,10	55,36
1769	11.08.20 08:44:28	16,47	0,22	24,57	-9,99	55,44
1770	11.08.20 08:44:29	16,47	0,20	26,43	-10,50	53,07
1771	11.08.20 08:44:30	16,47	0,20	28,13	-10,10	51,77
1772	11.08.20 08:44:31	16,47	0,20	27,63	-9,22	53,15
1773	11.08.20 08:44:32	16,47	0,20	25,79	-8,44	55,77
1774	11.08.20 08:44:33	16,47	0,20	25,63	-9,49	54,89
1775	11.08.20 08:44:34	16,50	0,20	27,47	-10,30	52,23
1776	11.08.20 08:44:35	16,50	0,22	28,28	-8,58	53,14
1777	11.08.20 08:44:36	16,50	0,22	26,95	-8,60	54,45
1778	11.08.20 08:44:37	16,50	0,20	25,68	-9,45	54,87
1779	11.08.20 08:44:38	16,50	0,20	26,56	-10,15	53,30
1780	11.08.20 08:44:39	16,50	0,20	27,58	-10,20	52,22
1781	11.08.20 08:44:40	16,50	0,22	27,00	-9,18	53,83
1782	11.08.20 08:44:41	16,53	0,22	27,06	-10,27	52,66
1783	11.08.20 08:44:42	16,53	0,20	28,61	-10,10	51,29
1784	11.08.20 08:44:43	16,53	0,22	27,93	-10,49	51,59
1785	11.08.20 08:44:44	16,53	0,20	25,76	-10,03	54,21
1786	11.08.20 08:44:45	16,53	0,20	25,83	-9,52	54,65
1787	11.08.20 08:44:46	16,56	0,20	29,46	-10,35	50,19
1788	11.08.20 08:44:47	16,56	0,20	28,89	-11,05	50,06
1789	11.08.20 08:44:48	16,56	0,22	25,46	-8,94	55,60
1790	11.08.20 08:44:49	16,56	0,20	26,29	-8,00	55,71
1791	11.08.20 08:44:50	16,56	0,22	31,52	-10,37	48,11
1792	11.08.20 08:44:51	16,56	0,18	26,97	-10,45	52,58
1793	11.08.20 08:44:52	16,59	0,22	23,26	-10,05	56,69
1794	11.08.20 08:44:53	16,59	0,22	26,62	-12,35	51,04
1795	11.08.20 08:44:54	16,59	0,22	28,41	-13,51	48,08
1796	11.08.20 08:44:55	16,59	0,20	24,26	-11,89	53,86
1797	11.08.20 08:44:56	16,59	0,22	23,93	-12,23	53,85
1798	11.08.20 08:44:57	16,59	0,20	25,88	-14,57	49,55
1799	11.08.20 08:44:58	16,59	0,22	24,41	-14,73	50,86
1800	11.08.20 08:44:59	16,62	0,20	24,83	-14,03	51,14
1801	11.08.20 08:45:00	16,62	0,20	26,10	-13,86	50,04
1802	11.08.20 08:45:01	16,62	0,20	22,80	-12,18	55,02
1803	11.08.20 08:45:02	16,62	0,22	24,52	-15,85	49,63
1804	11.08.20 08:45:03	16,62	0,22	26,81	-15,66	47,53
1805	11.08.20 08:45:04	16,62	0,22	22,81	-12,83	54,35
1806	11.08.20 08:45:05	16,65	0,20	25,07	-13,71	51,22
1807	11.08.20 08:45:06	16,65	0,20	25,13	-17,41	47,46
1808	11.08.20 08:45:07	16,65	0,20	22,82	-10,37	56,80
1809	11.08.20 08:45:08	16,65	0,22	28,08	-11,68	50,25
1810	11.08.20 08:45:09	16,65	0,20	27,21	-14,67	48,12
1811	11.08.20 08:45:10	16,65	0,22	22,74	-9,72	57,54
1812	11.08.20 08:45:11	16,68	0,22	26,84	-9,19	53,97
1813	11.08.20 08:45:12	16,68	0,20	29,50	-10,28	50,23
1814	11.08.20 08:45:13	16,68	0,22	25,62	-13,87	50,51
1815	11.08.20 08:45:14	16,68	0,22	22,72	-10,42	56,86
1816	11.08.20 08:45:15	16,68	0,22	27,96	-8,32	53,73
1817	11.08.20 08:45:16	16,71	0,22	29,18	-13,29	47,52
1818	11.08.20 08:45:17	16,71	0,22	21,50	-11,61	56,89
1819	11.08.20 08:45:18	16,71	0,22	23,61	-8,19	58,20
1820	11.08.20 08:45:19	16,71	0,22	31,59	-16,23	42,18
1821	11.08.20 08:45:20	16,71	0,22	21,08	-10,39	58,53
1822	11.08.20 08:45:21	16,71	0,22	22,32	-12,43	55,25
1823	11.08.20 08:45:22	16,74	0,24	27,23	-14,01	48,76
1824	11.08.20 08:45:23	16,74	0,22	24,11	-11,76	54,14
1825	11.08.20 08:45:24	16,74	0,22	22,74	-13,69	53,57
1826	11.08.20 08:45:25	16,74	0,20	25,62	-12,27	52,11
1827	11.08.20 08:45:26	16,74	0,20	24,34	-12,15	53,51
1828	11.08.20 08:45:27	16,74	0,22	23,32	-11,52	55,17
1829	11.08.20 08:45:28	16,77	0,22	25,65	-13,92	50,43
1830	11.08.20 08:45:29	16,77	0,22	24,02	-11,10	54,89
1831	11.08.20 08:45:30	16,77	0,20	21,59	-11,61	56,80
1832	11.08.20 08:45:31	16,77	0,22	26,89	-14,93	48,18
1833	11.08.20 08:45:32	16,77	0,22	23,93	-12,30	53,77
1834	11.08.20 08:45:33	16,77	0,20	22,06	-13,82	54,12
1835	11.08.20 08:45:34	16,80	0,22	23,17	-11,50	55,33
1836	11.08.20 08:45:35	16,80	0,24	27,86	-13,14	49,01
1837	11.08.20 08:45:36	16,80	0,24	23,84	-10,03	56,13
1838	11.08.20 08:45:37	16,80	0,22	22,92	-11,02	56,07
1839	11.08.20 08:45:38	16,80	0,20	25,79	-9,30	54,91
1840	11.08.20 08:45:39	16,80	0,22	26,93	-11,44	51,62
1841	11.08.20 08:45:40	16,83	0,22	22,25	-9,55	58,20
1842	11.08.20 08:45:41	16,83	0,20	23,88	-8,84	57,27
1843	11.08.20 08:45:42	16,83	0,22	27,14	-13,23	49,63
1844	11.08.20 08:45:43	16,83	0,20	23,44	-10,43	56,13
1845	11.08.20 08:45:44	16,83	0,20	22,43	-11,66	55,91
1846	11.08.20 08:45:45	16,83	0,20	26,01	-9,51	54,48
1847	11.08.20 08:45:46	16,86	0,22	26,42	-14,12	49,46
1848	11.08.20 08:45:47	16,86	0,20	23,55	-10,66	55,80
1849	11.08.20 08:45:48	16,86	0,20	24,18	-10,07	55,74
1850	11.08.20 08:45:49	16,86	0,20	32,54	-18,23	39,24
1851	11.08.20 08:45:50	16,89	0,22	-10,57	-29,63	49,80
1852	11.08.20 08:45:51	16,89	0,20	-38,40	15,07	36,53
1853	11.08.20 08:45:52	16,95	0,20	-43,17	13,74	33,10
1854	11.08.20 08:45:53	16,98	0,20	-39,96	4,17	45,87
1855	11.08.20 08:45:54	17,04	0,20	-74,31	-13,34	2,35
1856	11.08.20 08:45:55	17,13	0,20	-79,61	-1,79	8,60
1857	11.08.20 08:45:56	17,31	0,15	10,79	54,16	25,05
1858	11.08.20 08:45:57	17,49	0,33	-19,78	29,27	40,95
1859	11.08.20 08:45:58	17,70	0,35	-27,82	18,48	43,70
1860	11.08.20 08:45:59	17,82	0,35	11,17	31,44	47,38
1861	11.08.20 08:46:00	17,82	0,35	-11,44	45,51	33,06
1862	11.08.20 08:46:01	17,79	0,35	-16,90	45,49	27,61
1863	11.08.20 08:46:02	17,76	0,37	-15,25	51,35	23,39
1864	11.08.20 08:46:03	17,76	0,37	0,73	25,89	63,37
1865	11.08.20 08:46:04	17,73	0,39	7,36	53,56	29,09
1866	11.08.20 08:46:05	17,70	0,37	15,17	23,49	51,34
1867	11.08.20 08:46:06	17,70	0,37	-12,82	42,21	34,97
1868	11.08.20 08:46:07	17,67	0,39	-13,13	-50,16	26,70
1869	11.08.20 08:46:08	17,67	0,37	50,94	-32,90	-6,17
1870	11.08.20 08:46:09	17,67	0,37	45,84	-33,06	-11,09
1871	11.08.20 08:46:10	17,64	0,39	50,37	-34,75	-4,88
1872	11.08.20 08:46:11	17,70	0,35	31,98	-55,17	2,86
1873	11.08.20 08:46:12	18,00	0,35	47,74	-39,19	3,07
1874	11.08.20 08:46:13	18,24	0,30	-40,98	-33,73	-15,29
1875	11.08.20 08:46:14	18,54	0,37	-25,32	-48,60	-16,08
1876	11.08.20 08:46:15	18,72	0,35	13,50	-60,20	16,30
1877	11.08.20 08:46:16	18,81	0,33	9,39	-54,89	-25,72
1878	11.08.20 08:46:17	19,10	0,26	2,58	-47,63	-39,79
1879	11.08.20 08:46:18	19,43	0,26	1,89	-51,42	-36,69
1880	11.08.20 08:46:19	19,72	0,26	21,75	-31,80	-36,45
1881	11.08.20 08:46:20	20,05	0,22	26,66	-39,28	-24,06
1882	11.08.20 08:46:21	20,28	0,22	17,04	-14,58	-58,38
1883	11.08.20 08:46:22	20,52	0,24	-1,53	30,92	-57,55
1884	11.08.20 08:46:23	20,60	0,26	-22,89	30,91	-36,19
1885	11.08.20 08:46:24	20,63	0,28	-3,69	42,89	-43,42
1886	11.08.20 08:46:25	20,63	0,28	-27,37	13,60	-49,03
1887	11.08.20 08:46:26	20,63	0,28	30,87	6,92	-52,21
1888	11.08.20 08:46:27	20,66	0,33	31,84	-26,77	-31,39
1889	11.08.20 08:46:28	20,75	0,33	24,12	-42,78	-23,11
1890	11.08.20 08:46:29	20,90	0,30	-5,58	0,51	-83,91
1891	11.08.20 08:46:30	21,07	0,30	-16,23	16,57	-57,20
1892	11.08.20 08:46:31	21,16	0,30	-7,10	17,09	-65,81
1893	11.08.20 08:46:32	21,16	0,30	30,38	28,08	-31,53
1894	11.08.20 08:46:33	21,16	0,37	5,14	49,85	-35,01
1895	11.08.20 08:46:34	21,19	0,30	-7,15	60,73	-22,12
1896	11.08.20 08:46:35	21,31	0,28	-8,36	50,34	-31,30
1897	11.08.20 08:46:36	21,43	0,28	-22,46	37,55	-30,00
1898	11.08.20 08:46:37	21,60	0,28	-29,30	48,84	-11,85
1899	11.08.20 08:46:38	21,69	0,30	-76,73	8,76	4,52
