#0	Date-time:	01/08/2020 6:02:17 AM
#1	Recorder:	96H0950
#2	File type:	1
#3	Columns:	7
#4	Channels:	5
#5	Field separation:	0
#6	Decimal point:	0
#7	Date def.:	0	0
#8	Time def.:	0
#9	Channel 1:	Temperature(°C)	Temp(°C)	2	1
#10	Channel 2:	Pressure(Bar)	Press(Bar)	2	1
#11	Reconvertion:	0
#14	Channel 3:	Tilt-X(°)	Tilt-X(°)	2	1
#18	Channel 4:	Tilt-Y(°)	Tilt-Y(°)	2	1
#19	Line color:	1	2	3	4
#22	Channel 5:	Tilt-Z(°)	Tilt-Z(°)	2	1
#30	Trend Type Number:	3
#33	Limit Temp. Corr. OTCR:	1
1	01.08.20 05:37:00	23,60	0,34	-10,05	2,35	77,60
2	01.08.20 05:37:01	23,57	0,32	-10,21	1,42	78,37
3	01.08.20 05:37:02	23,57	0,32	-10,38	0,51	79,11
4	01.08.20 05:37:03	23,57	0,34	-10,66	0,76	78,58
5	01.08.20 05:37:04	23,57	0,34	-11,33	2,29	76,37
6	01.08.20 05:37:05	23,57	0,32	-10,09	2,73	77,18
7	01.08.20 05:37:06	23,57	0,32	-9,15	2,96	77,89
8	01.08.20 05:37:07	23,57	0,32	-6,75	3,95	79,30
9	01.08.20 05:37:08	23,57	0,34	-11,16	-1,92	76,92
10	01.08.20 05:37:09	23,57	0,34	-10,66	-1,09	78,25
11	01.08.20 05:37:10	23,57	0,32	-8,84	-0,37	80,79
12	01.08.20 05:37:11	23,57	0,34	-7,99	0,93	81,09
13	01.08.20 05:37:12	23,57	0,32	-8,33	1,69	79,98
14	01.08.20 05:37:13	23,57	0,34	-8,45	1,13	80,42
15	01.08.20 05:37:14	23,57	0,32	-8,14	1,06	80,80
16	01.08.20 05:37:15	23,54	0,34	-8,68	1,45	79,87
17	01.08.20 05:37:16	23,54	0,32	-9,55	0,41	80,04
18	01.08.20 05:37:17	23,54	0,32	-9,39	-0,61	80,00
19	01.08.20 05:37:18	23,54	0,32	-10,27	-1,86	77,87
20	01.08.20 05:37:19	23,54	0,34	-9,83	-1,43	78,74
21	01.08.20 05:37:20	23,54	0,34	-9,23	-0,79	79,98
22	01.08.20 05:37:21	23,54	0,32	-8,62	0,53	80,86
23	01.08.20 05:37:22	23,54	0,34	-8,49	2,07	79,44
24	01.08.20 05:37:23	23,54	0,32	-9,08	2,46	78,46
25	01.08.20 05:37:24	23,54	0,34	-8,94	2,09	78,97
26	01.08.20 05:37:25	23,54	0,34	-8,99	1,53	79,48
27	01.08.20 05:37:26	23,51	0,32	-9,30	1,01	79,69
28	01.08.20 05:37:27	23,51	0,32	-9,41	0,56	80,03
29	01.08.20 05:37:28	23,51	0,29	-9,51	0,91	79,58
30	01.08.20 05:37:29	23,51	0,32	-9,58	1,08	79,34
31	01.08.20 05:37:30	23,51	0,32	-9,86	0,15	79,99
32	01.08.20 05:37:31	23,51	0,29	-10,17	-0,62	79,20
33	01.08.20 05:37:32	23,51	0,32	-9,88	-1,20	78,92
34	01.08.20 05:37:33	23,51	0,29	-9,93	-1,57	78,49
35	01.08.20 05:37:34	23,51	0,29	-9,88	-0,67	79,45
36	01.08.20 05:37:35	23,51	0,32	-10,13	-0,18	79,69
37	01.08.20 05:37:36	23,51	0,32	-9,53	0,00	80,47
38	01.08.20 05:37:37	23,48	0,32	-9,64	0,55	79,81
39	01.08.20 05:37:38	23,48	0,32	-9,46	0,38	80,16
40	01.08.20 05:37:39	23,48	0,32	-9,11	1,53	79,36
41	01.08.20 05:37:40	23,48	0,34	-8,56	2,45	79,00
42	01.08.20 05:37:41	23,48	0,32	-8,91	3,54	77,56
43	01.08.20 05:37:42	23,48	0,32	-9,24	2,39	78,37
44	01.08.20 05:37:43	23,48	0,32	-9,64	1,25	79,11
45	01.08.20 05:37:44	23,48	0,29	-10,42	-0,36	79,22
46	01.08.20 05:37:45	23,48	0,32	-10,51	-1,13	78,37
47	01.08.20 05:37:46	23,48	0,32	-10,57	-1,41	78,03
48	01.08.20 05:37:47	23,48	0,32	-10,38	-0,65	78,97
49	01.08.20 05:37:48	23,48	0,32	-9,54	0,18	80,28
50	01.08.20 05:37:49	23,45	0,32	-8,83	1,81	79,37
51	01.08.20 05:37:50	23,45	0,34	-8,60	2,76	78,64
52	01.08.20 05:37:51	23,45	0,32	-8,98	3,73	77,29
53	01.08.20 05:37:52	23,45	0,32	-8,29	3,63	78,08
54	01.08.20 05:37:53	23,45	0,32	-8,85	3,13	78,03
55	01.08.20 05:37:54	23,45	0,34	-9,57	2,16	78,27
56	01.08.20 05:37:55	23,45	0,32	-9,48	0,95	79,56
57	01.08.20 05:37:56	23,45	0,32	-9,65	0,23	80,12
58	01.08.20 05:37:57	23,45	0,32	-10,47	-0,95	78,58
59	01.08.20 05:37:58	23,45	0,32	-10,72	-1,87	77,40
60	01.08.20 05:37:59	23,45	0,32	-10,60	-2,28	77,12
61	01.08.20 05:38:00	23,45	0,32	-10,54	-1,37	78,09
62	01.08.20 05:38:01	23,45	0,32	-10,16	-0,62	79,22
63	01.08.20 05:38:02	23,43	0,32	-9,48	1,08	79,44
64	01.08.20 05:38:03	23,43	0,32	-9,16	1,92	78,92
65	01.08.20 05:38:04	23,43	0,32	-9,50	1,40	79,10
66	01.08.20 05:38:05	23,43	0,29	-10,01	-0,18	79,81
67	01.08.20 05:38:06	23,43	0,32	-10,11	-1,16	78,73
68	01.08.20 05:38:07	23,43	0,32	-10,95	-2,00	77,06
69	01.08.20 05:38:08	23,43	0,32	-10,83	-1,82	77,34
70	01.08.20 05:38:09	23,43	0,32	-9,73	-0,12	80,16
71	01.08.20 05:38:10	23,43	0,32	-9,37	1,14	79,49
72	01.08.20 05:38:11	23,43	0,32	-8,66	3,16	78,18
73	01.08.20 05:38:12	23,43	0,32	-8,19	4,50	77,30
74	01.08.20 05:38:13	23,43	0,32	-8,48	5,03	76,49
75	01.08.20 05:38:14	23,40	0,32	-9,18	3,60	77,21
76	01.08.20 05:38:15	23,40	0,32	-9,66	2,16	78,19
77	01.08.20 05:38:16	23,40	0,32	-10,08	-0,03	79,89
78	01.08.20 05:38:17	23,40	0,32	-11,25	-1,59	77,16
79	01.08.20 05:38:18	23,40	0,32	-11,44	-2,74	75,82
80	01.08.20 05:38:19	23,40	0,32	-10,60	-2,06	77,34
81	01.08.20 05:38:20	23,40	0,32	-10,67	-0,82	78,52
82	01.08.20 05:38:21	23,40	0,32	-9,58	0,46	79,95
83	01.08.20 05:38:22	23,40	0,32	-8,70	2,37	78,92
84	01.08.20 05:38:23	23,40	0,34	-8,32	3,38	78,30
85	01.08.20 05:38:24	23,40	0,34	-9,17	3,18	77,65
86	01.08.20 05:38:25	23,40	0,32	-9,61	1,62	78,77
87	01.08.20 05:38:26	23,40	0,34	-10,10	0,06	79,84
88	01.08.20 05:38:27	23,40	0,34	-10,08	-0,52	79,40
89	01.08.20 05:38:28	23,40	0,34	-10,00	0,27	79,73
90	01.08.20 05:38:29	23,37	0,34	-9,43	1,11	79,46
91	01.08.20 05:38:30	23,37	0,32	-9,07	1,68	79,25
92	01.08.20 05:38:31	23,37	0,32	-9,40	1,39	79,21
93	01.08.20 05:38:32	23,37	0,34	-10,36	0,36	79,29
94	01.08.20 05:38:33	23,37	0,34	-11,10	-0,18	78,72
95	01.08.20 05:38:34	23,37	0,36	-10,54	-1,68	77,78
96	01.08.20 05:38:35	23,37	0,34	-10,84	-2,08	77,08
97	01.08.20 05:38:36	23,37	0,32	-10,41	-1,37	78,22
98	01.08.20 05:38:37	23,37	0,34	-9,61	0,18	80,21
99	01.08.20 05:38:38	23,37	0,34	-8,67	2,50	78,83
100	01.08.20 05:38:39	23,37	0,32	-8,02	4,45	77,52
101	01.08.20 05:38:40	23,37	0,34	-8,41	5,53	76,07
102	01.08.20 05:38:41	23,37	0,34	-8,46	4,75	76,79
103	01.08.20 05:38:42	23,34	0,34	-8,94	3,11	77,96
104	01.08.20 05:38:43	23,37	0,32	-9,54	1,47	78,99
105	01.08.20 05:38:44	23,34	0,34	-10,24	-0,59	79,17
106	01.08.20 05:38:45	23,34	0,32	-10,47	-2,09	77,44
107	01.08.20 05:38:46	23,34	0,34	-11,27	-3,48	75,24
108	01.08.20 05:38:47	23,34	0,34	-11,06	-3,79	75,15
109	01.08.20 05:38:48	23,34	0,34	-10,85	-2,30	76,86
110	01.08.20 05:38:49	23,34	0,32	-10,60	-0,06	79,34
111	01.08.20 05:38:50	23,34	0,34	-9,53	2,09	78,39
112	01.08.20 05:38:51	23,34	0,34	-8,41	3,02	78,57
113	01.08.20 05:38:52	23,34	0,34	-8,03	3,94	78,03
114	01.08.20 05:38:53	23,34	0,32	-8,25	4,03	77,72
115	01.08.20 05:38:54	23,34	0,32	-8,47	3,91	77,63
116	01.08.20 05:38:55	23,34	0,34	-8,35	4,26	77,38
117	01.08.20 05:38:56	23,34	0,34	-8,30	4,47	77,23
118	01.08.20 05:38:57	23,34	0,34	-8,72	3,96	77,32
119	01.08.20 05:38:58	23,34	0,32	-9,29	3,13	77,58
120	01.08.20 05:38:59	23,34	0,34	-9,59	1,68	78,73
121	01.08.20 05:39:00	23,34	0,32	-9,96	0,12	79,93
122	01.08.20 05:39:01	23,34	0,34	-10,59	-0,73	78,68
123	01.08.20 05:39:02	23,34	0,34	-10,59	-0,87	78,54
124	01.08.20 05:39:03	23,31	0,34	-11,48	-2,60	75,92
125	01.08.20 05:39:04	23,31	0,34	-11,46	-3,21	75,33
126	01.08.20 05:39:05	23,31	0,34	-10,86	-3,02	76,12
127	01.08.20 05:39:06	23,31	0,34	-10,74	-2,13	77,13
128	01.08.20 05:39:07	23,31	0,34	-10,35	-0,77	78,87
129	01.08.20 05:39:08	23,31	0,34	-9,47	1,09	79,44
130	01.08.20 05:39:09	23,31	0,34	-8,68	2,29	79,03
131	01.08.20 05:39:10	23,31	0,32	-8,64	3,03	78,33
132	01.08.20 05:39:11	23,31	0,34	-8,73	4,04	77,23
133	01.08.20 05:39:12	23,31	0,34	-8,73	4,93	76,34
134	01.08.20 05:39:13	23,31	0,34	-8,61	4,64	76,76
135	01.08.20 05:39:14	23,31	0,34	-9,06	4,38	76,56
136	01.08.20 05:39:15	23,31	0,34	-8,60	3,54	77,86
137	01.08.20 05:39:16	23,31	0,34	-8,78	2,67	78,55
138	01.08.20 05:39:17	23,28	0,32	-9,73	1,19	79,08
139	01.08.20 05:39:18	23,28	0,32	-9,92	0,67	79,41
140	01.08.20 05:39:19	23,28	0,32	-10,16	0,00	79,84
141	01.08.20 05:39:20	23,28	0,32	-10,18	0,24	79,59
142	01.08.20 05:39:21	23,28	0,32	-10,02	0,58	79,40
143	01.08.20 05:39:22	23,28	0,32	-9,71	1,13	79,17
144	01.08.20 05:39:23	23,28	0,32	-9,88	0,65	79,46
145	01.08.20 05:39:24	23,28	0,32	-10,03	-0,35	79,61
146	01.08.20 05:39:25	23,28	0,32	-10,34	-1,13	78,53
147	01.08.20 05:39:26	23,28	0,32	-10,32	-1,57	78,10
148	01.08.20 05:39:27	23,28	0,32	-10,02	-1,10	78,88
149	01.08.20 05:39:28	23,28	0,32	-10,33	-0,06	79,61
150	01.08.20 05:39:29	23,28	0,32	-10,25	0,26	79,48
151	01.08.20 05:39:30	23,28	0,32	-9,98	0,32	79,71
152	01.08.20 05:39:31	23,25	0,32	-9,63	0,84	79,52
153	01.08.20 05:39:32	23,25	0,29	-9,92	1,43	78,65
154	01.08.20 05:39:33	23,25	0,32	-9,63	1,19	79,18
155	01.08.20 05:39:34	23,25	0,32	-9,02	2,30	78,68
156	01.08.20 05:39:35	23,25	0,29	-9,18	2,15	78,67
157	01.08.20 05:39:36	23,25	0,32	-9,88	2,13	77,99
158	01.08.20 05:39:37	23,25	0,32	-10,70	1,17	78,13
159	01.08.20 05:39:38	23,25	0,32	-10,50	-0,18	79,32
160	01.08.20 05:39:39	23,25	0,32	-9,86	-0,12	80,02
161	01.08.20 05:39:40	23,25	0,32	-9,56	0,89	79,55
162	01.08.20 05:39:41	23,25	0,32	-9,28	1,70	79,02
163	01.08.20 05:39:42	23,25	0,32	-9,40	2,13	78,46
164	01.08.20 05:39:43	23,25	0,32	-9,15	1,94	78,91
165	01.08.20 05:39:44	23,25	0,32	-9,66	1,74	78,60
166	01.08.20 05:39:45	23,22	0,32	-9,80	1,28	78,92
167	01.08.20 05:39:46	23,22	0,32	-9,02	1,72	79,25
168	01.08.20 05:39:47	23,22	0,32	-8,62	3,18	78,19
169	01.08.20 05:39:48	23,22	0,32	-8,30	4,30	77,41
170	01.08.20 05:39:49	23,22	0,32	-8,27	4,96	76,77
171	01.08.20 05:39:50	23,22	0,32	-8,81	3,87	77,32
172	01.08.20 05:39:51	23,22	0,32	-9,95	2,04	78,01
173	01.08.20 05:39:52	23,22	0,32	-10,53	-0,59	78,88
174	01.08.20 05:39:53	23,22	0,32	-10,36	-2,20	77,44
175	01.08.20 05:39:54	23,22	0,32	-10,63	-2,68	76,68
176	01.08.20 05:39:55	23,22	0,32	-10,95	-2,04	77,01
177	01.08.20 05:39:56	23,22	0,32	-10,96	-1,36	77,67
178	01.08.20 05:39:57	23,22	0,32	-10,11	-0,81	79,08
179	01.08.20 05:39:58	23,22	0,32	-10,03	0,47	79,50
180	01.08.20 05:39:59	23,22	0,32	-10,14	0,97	78,89
181	01.08.20 05:40:00	23,19	0,32	-9,17	1,65	79,18
182	01.08.20 05:40:01	23,19	0,32	-8,51	2,99	78,50
183	01.08.20 05:40:02	23,19	0,29	-8,64	3,14	78,23
184	01.08.20 05:40:03	23,19	0,32	-8,51	3,57	77,92
185	01.08.20 05:40:04	23,19	0,32	-8,96	3,08	77,96
186	01.08.20 05:40:05	23,19	0,32	-9,60	2,18	78,23
187	01.08.20 05:40:06	23,19	0,34	-9,73	1,29	78,98
188	01.08.20 05:40:07	23,19	0,34	-10,06	0,80	79,15
189	01.08.20 05:40:08	23,19	0,32	-9,95	0,55	79,50
190	01.08.20 05:40:09	23,19	0,32	-9,62	1,73	78,65
191	01.08.20 05:40:10	23,19	0,32	-8,95	2,50	78,55
192	01.08.20 05:40:11	23,19	0,32	-9,05	2,70	78,25
193	01.08.20 05:40:12	23,19	0,34	-9,47	2,80	77,73
194	01.08.20 05:40:13	23,19	0,34	-9,92	1,11	78,97
195	01.08.20 05:40:14	23,16	0,34	-11,19	-0,48	78,33
196	01.08.20 05:40:15	23,16	0,34	-11,15	-2,45	76,40
197	01.08.20 05:40:16	23,16	0,34	-10,74	-3,02	76,23
198	01.08.20 05:40:17	23,16	0,34	-10,55	-2,48	76,96
199	01.08.20 05:40:18	23,16	0,32	-9,96	-1,35	78,69
200	01.08.20 05:40:19	23,16	0,32	-9,24	1,39	79,37
201	01.08.20 05:40:20	23,16	0,34	-8,71	3,39	77,90
202	01.08.20 05:40:21	23,16	0,32	-8,81	3,76	77,43
203	01.08.20 05:40:22	23,16	0,32	-8,90	2,55	78,55
204	01.08.20 05:40:23	23,16	0,32	-9,17	1,78	79,06
205	01.08.20 05:40:24	23,16	0,32	-9,35	1,11	79,54
206	01.08.20 05:40:25	23,16	0,34	-9,60	1,16	79,24
207	01.08.20 05:40:26	23,16	0,34	-9,56	1,51	78,93
208	01.08.20 05:40:27	23,16	0,34	-10,19	0,79	79,02
209	01.08.20 05:40:28	23,13	0,32	-10,12	-0,15	79,73
210	01.08.20 05:40:29	23,13	0,34	-10,31	0,00	79,69
211	01.08.20 05:40:30	23,13	0,34	-10,18	0,15	79,67
212	01.08.20 05:40:31	23,13	0,34	-9,92	0,90	79,18
213	01.08.20 05:40:32	23,13	0,32	-9,22	1,19	79,59
214	01.08.20 05:40:33	23,13	0,34	-8,45	2,65	78,91
215	01.08.20 05:40:34	23,13	0,32	-8,44	3,61	77,96
216	01.08.20 05:40:35	23,13	0,34	-8,13	3,99	77,88
217	01.08.20 05:40:36	23,13	0,32	-8,92	3,32	77,75
218	01.08.20 05:40:37	23,13	0,34	-9,98	1,22	78,79
219	01.08.20 05:40:38	23,13	0,32	-10,90	-1,22	77,87
220	01.08.20 05:40:39	23,13	0,34	-10,70	-2,72	76,58
221	01.08.20 05:40:40	23,13	0,32	-10,54	-2,71	76,75
222	01.08.20 05:40:41	23,11	0,34	-9,48	-0,98	79,54
223	01.08.20 05:40:42	23,11	0,34	-8,60	1,24	80,16
224	01.08.20 05:40:43	23,11	0,34	-8,35	2,77	78,88
225	01.08.20 05:40:44	23,11	0,34	-8,72	4,04	77,24
226	01.08.20 05:40:45	23,11	0,32	-8,85	3,54	77,61
227	01.08.20 05:40:46	23,11	0,34	-9,26	2,82	77,92
228	01.08.20 05:40:47	23,11	0,34	-10,17	1,31	78,52
229	01.08.20 05:40:48	23,11	0,34	-10,70	-0,44	78,86
230	01.08.20 05:40:49	23,11	0,34	-10,70	-1,66	77,64
231	01.08.20 05:40:50	23,11	0,34	-10,52	-2,02	77,46
232	01.08.20 05:40:51	23,11	0,34	-10,09	-1,39	78,52
233	01.08.20 05:40:52	23,11	0,34	-9,14	0,15	80,72
234	01.08.20 05:40:53	23,11	0,34	-8,74	1,92	79,35
235	01.08.20 05:40:54	23,11	0,34	-8,66	2,87	78,47
236	01.08.20 05:40:55	23,11	0,34	-8,66	3,61	77,74
237	01.08.20 05:40:56	23,11	0,34	-9,26	2,44	78,30
238	01.08.20 05:40:57	23,08	0,32	-9,90	0,77	79,33
239	01.08.20 05:40:58	23,08	0,34	-10,29	0,32	79,39
240	01.08.20 05:40:59	23,08	0,34	-10,85	-0,36	78,79
241	01.08.20 05:41:00	23,08	0,34	-10,29	-1,03	78,68
242	01.08.20 05:41:01	23,08	0,34	-9,73	-0,87	79,40
243	01.08.20 05:41:02	23,08	0,34	-9,07	0,95	79,98
244	01.08.20 05:41:03	23,08	0,32	-8,81	2,60	78,59
245	01.08.20 05:41:04	23,08	0,34	-8,73	4,43	76,84
246	01.08.20 05:41:05	23,08	0,34	-8,09	6,34	75,57
247	01.08.20 05:41:06	23,08	0,34	-8,41	5,87	75,73
248	01.08.20 05:41:07	23,08	0,34	-9,07	3,82	77,10
249	01.08.20 05:41:08	23,08	0,34	-9,69	0,86	79,45
250	01.08.20 05:41:09	23,08	0,34	-10,78	-1,01	78,22
251	01.08.20 05:41:10	23,05	0,32	-10,62	-2,59	76,79
252	01.08.20 05:41:11	23,05	0,32	-10,81	-2,44	76,74
253	01.08.20 05:41:12	23,05	0,32	-10,68	-2,32	77,00
254	01.08.20 05:41:13	23,05	0,32	-10,17	-2,08	77,76
255	01.08.20 05:41:14	23,05	0,32	-10,26	0,00	79,74
256	01.08.20 05:41:15	23,05	0,32	-9,08	1,44	79,48
257	01.08.20 05:41:16	23,05	0,32	-9,40	1,23	79,37
258	01.08.20 05:41:17	23,05	0,29	-9,49	1,45	79,06
259	01.08.20 05:41:18	23,05	0,32	-9,55	1,64	78,81
260	01.08.20 05:41:19	23,05	0,32	-9,63	1,68	78,70
261	01.08.20 05:41:20	23,05	0,32	-9,67	1,78	78,55
262	01.08.20 05:41:21	23,05	0,32	-9,72	1,83	78,45
263	01.08.20 05:41:22	23,05	0,32	-10,05	2,07	77,88
264	01.08.20 05:41:23	23,05	0,32	-10,07	1,45	78,48
265	01.08.20 05:41:24	23,05	0,32	-9,53	1,75	78,72
266	01.08.20 05:41:25	23,02	0,32	-9,43	2,12	78,45
267	01.08.20 05:41:26	23,02	0,32	-8,81	2,27	78,91
268	01.08.20 05:41:27	23,02	0,32	-9,27	2,03	78,70
269	01.08.20 05:41:28	23,02	0,32	-8,90	1,40	79,70
270	01.08.20 05:41:29	23,02	0,32	-9,54	1,36	79,10
271	01.08.20 05:41:30	23,02	0,32	-9,67	0,75	79,58
272	01.08.20 05:41:31	23,02	0,32	-9,76	0,61	79,63
273	01.08.20 05:41:32	23,02	0,34	-10,14	0,74	79,12
274	01.08.20 05:41:33	23,02	0,32	-10,00	0,49	79,51
275	01.08.20 05:41:34	23,02	0,32	-9,75	0,64	79,60
276	01.08.20 05:41:35	23,02	0,32	-9,47	2,06	78,47
277	01.08.20 05:41:36	23,02	0,32	-9,22	2,64	78,14
278	01.08.20 05:41:37	23,02	0,32	-8,89	2,65	78,46
279	01.08.20 05:41:38	22,99	0,32	-8,78	2,85	78,37
280	01.08.20 05:41:39	22,99	0,32	-8,24	3,82	77,94
281	01.08.20 05:41:40	22,99	0,32	-8,36	3,53	78,11
282	01.08.20 05:41:41	22,99	0,32	-8,49	3,10	78,40
283	01.08.20 05:41:42	22,99	0,32	-9,49	2,43	78,08
284	01.08.20 05:41:43	22,99	0,32	-10,07	0,80	79,14
285	01.08.20 05:41:44	22,99	0,32	-9,89	-0,49	79,61
286	01.08.20 05:41:45	22,99	0,32	-10,12	-0,70	79,17
287	01.08.20 05:41:46	22,99	0,32	-10,45	-1,19	78,36
288	01.08.20 05:41:47	22,99	0,32	-10,67	-2,30	77,03
289	01.08.20 05:41:48	22,99	0,32	-10,67	-3,05	76,28
290	01.08.20 05:41:49	22,99	0,32	-10,86	-2,46	76,67
291	01.08.20 05:41:50	22,99	0,32	-10,63	-1,02	78,35
292	01.08.20 05:41:51	22,99	0,34	-9,49	1,31	79,20
293	01.08.20 05:41:52	22,99	0,34	-7,50	5,35	77,14
294	01.08.20 05:41:53	22,96	0,29	-6,68	8,93	74,38
295	01.08.20 05:41:54	22,96	0,34	-6,09	10,28	73,63
296	01.08.20 05:41:55	22,96	0,34	-6,59	10,83	72,58
297	01.08.20 05:41:56	22,96	0,32	-8,04	7,42	74,54
298	01.08.20 05:41:57	22,96	0,32	-9,86	2,38	77,76
299	01.08.20 05:41:58	22,96	0,32	-11,33	-1,98	76,69
300	01.08.20 05:41:59	22,96	0,32	-11,48	-4,86	73,65
301	01.08.20 05:42:00	22,96	0,32	-11,45	-5,37	73,18
302	01.08.20 05:42:01	22,96	0,34	-10,63	-3,93	75,44
303	01.08.20 05:42:02	22,96	0,34	-9,61	-1,26	79,13
304	01.08.20 05:42:03	22,96	0,32	-9,00	1,39	79,62
305	01.08.20 05:42:04	22,96	0,34	-8,37	3,71	77,92
306	01.08.20 05:42:05	22,93	0,34	-8,62	5,07	76,31
307	01.08.20 05:42:06	22,93	0,34	-8,54	5,13	76,33
308	01.08.20 05:42:07	22,93	0,32	-8,48	4,58	76,95
309	01.08.20 05:42:08	22,93	0,32	-8,34	4,63	77,04
310	01.08.20 05:42:09	22,93	0,34	-8,85	4,10	77,05
311	01.08.20 05:42:10	22,93	0,34	-9,39	3,04	77,58
312	01.08.20 05:42:11	22,93	0,34	-9,77	2,50	77,73
313	01.08.20 05:42:12	22,93	0,32	-9,42	2,31	78,26
314	01.08.20 05:42:13	22,93	0,32	-9,16	3,19	77,64
315	01.08.20 05:42:14	22,93	0,34	-8,83	3,74	77,43
316	01.08.20 05:42:15	22,93	0,32	-8,98	4,73	76,29
317	01.08.20 05:42:16	22,93	0,34	-9,46	3,90	76,65
318	01.08.20 05:42:17	22,93	0,34	-9,91	1,88	78,22
319	01.08.20 05:42:18	22,93	0,34	-10,57	-0,35	79,07
320	01.08.20 05:42:19	22,93	0,34	-10,80	-2,13	77,07
321	01.08.20 05:42:20	22,93	0,34	-11,01	-3,23	75,77
322	01.08.20 05:42:21	22,90	0,34	-10,43	-3,13	76,44
323	01.08.20 05:42:22	22,90	0,34	-10,03	-1,96	78,00
324	01.08.20 05:42:23	22,90	0,34	-10,12	-0,93	78,95
325	01.08.20 05:42:24	22,90	0,32	-9,65	-0,32	80,03
326	01.08.20 05:42:25	22,90	0,34	-9,38	1,18	79,44
327	01.08.20 05:42:26	22,90	0,34	-9,64	0,96	79,40
328	01.08.20 05:42:27	22,90	0,32	-9,25	1,42	79,33
329	01.08.20 05:42:28	22,90	0,32	-9,16	1,64	79,20
330	01.08.20 05:42:29	22,90	0,34	-9,35	2,06	78,60
331	01.08.20 05:42:30	22,90	0,34	-10,04	1,05	78,91
332	01.08.20 05:42:31	22,90	0,32	-9,79	0,32	79,90
333	01.08.20 05:42:32	22,90	0,34	-9,90	0,67	79,43
334	01.08.20 05:42:33	22,90	0,34	-9,81	0,91	79,28
335	01.08.20 05:42:34	22,90	0,34	-9,77	0,87	79,36
336	01.08.20 05:42:35	22,90	0,32	-9,96	1,29	78,75
337	01.08.20 05:42:36	22,87	0,34	-10,48	1,38	78,14
338	01.08.20 05:42:37	22,87	0,34	-10,40	0,09	79,51
339	01.08.20 05:42:38	22,87	0,34	-10,20	-0,30	79,50
340	01.08.20 05:42:39	22,87	0,34	-10,01	0,62	79,37
341	01.08.20 05:42:40	22,87	0,32	-9,17	1,17	79,67
342	01.08.20 05:42:41	22,87	0,34	-8,39	1,85	79,76
343	01.08.20 05:42:42	22,87	0,34	-8,51	2,25	79,24
344	01.08.20 05:42:43	22,87	0,34	-9,08	2,43	78,49
345	01.08.20 05:42:44	22,87	0,34	-9,98	2,11	77,91
346	01.08.20 05:42:45	22,87	0,34	-10,65	0,47	78,88
347	01.08.20 05:42:46	22,87	0,34	-10,89	-0,73	78,38
348	01.08.20 05:42:47	22,87	0,34	-10,52	-1,39	78,08
349	01.08.20 05:42:48	22,87	0,32	-10,49	-1,88	77,63
350	01.08.20 05:42:49	22,87	0,34	-10,28	-1,92	77,80
351	01.08.20 05:42:50	22,87	0,34	-9,91	-0,87	79,22
352	01.08.20 05:42:51	22,87	0,34	-9,27	0,21	80,52
353	01.08.20 05:42:52	22,87	0,34	-9,28	1,66	79,07
354	01.08.20 05:42:53	22,84	0,34	-8,63	2,85	78,52
355	01.08.20 05:42:54	22,84	0,32	-9,32	3,13	77,54
356	01.08.20 05:42:55	22,84	0,32	-9,63	2,61	77,76
357	01.08.20 05:42:56	22,84	0,32	-9,61	1,92	78,46
358	01.08.20 05:42:57	22,84	0,32	-10,04	0,84	79,12
359	01.08.20 05:42:58	22,84	0,32	-10,15	0,41	79,44
360	01.08.20 05:42:59	22,84	0,32	-9,57	1,02	79,41
361	01.08.20 05:43:00	22,84	0,32	-8,98	2,08	78,95
362	01.08.20 05:43:01	22,84	0,34	-8,62	3,27	78,11
363	01.08.20 05:43:02	22,84	0,32	-8,43	3,34	78,24
364	01.08.20 05:43:03	22,84	0,32	-8,79	3,19	78,02
365	01.08.20 05:43:04	22,84	0,32	-9,51	1,75	78,74
366	01.08.20 05:43:05	22,84	0,32	-10,45	0,12	79,44
367	01.08.20 05:43:06	22,84	0,34	-10,43	-1,29	78,28
368	01.08.20 05:43:07	22,84	0,32	-10,22	-1,20	78,57
369	01.08.20 05:43:08	22,81	0,32	-9,82	0,03	80,16
370	01.08.20 05:43:09	22,81	0,34	-9,19	1,45	79,35
371	01.08.20 05:43:10	22,81	0,32	-8,92	2,83	78,25
372	01.08.20 05:43:11	22,81	0,32	-9,13	3,58	77,29
373	01.08.20 05:43:12	22,81	0,34	-9,67	2,95	77,38
374	01.08.20 05:43:13	22,81	0,32	-10,28	1,72	78,00
375	01.08.20 05:43:14	22,81	0,29	-10,84	-0,12	79,04
376	01.08.20 05:43:15	22,81	0,32	-10,97	-1,25	77,78
377	01.08.20 05:43:16	22,81	0,32	-10,84	-2,03	77,13
378	01.08.20 05:43:17	22,81	0,34	-11,23	-1,85	76,92
379	01.08.20 05:43:18	22,81	0,34	-11,23	-0,61	78,16
380	01.08.20 05:43:19	22,81	0,32	-10,11	0,98	78,91
381	01.08.20 05:43:20	22,81	0,32	-9,85	2,24	77,91
382	01.08.20 05:43:21	22,81	0,34	-10,12	2,27	77,61
383	01.08.20 05:43:22	22,78	0,34	-10,00	2,17	77,83
384	01.08.20 05:43:23	22,78	0,32	-9,76	1,10	79,14
385	01.08.20 05:43:24	22,78	0,32	1,77	32,94	55,29
386	01.08.20 05:43:25	22,78	0,34	41,69	38,55	-9,76
387	01.08.20 05:43:26	22,78	0,34	40,15	49,64	0,21
388	01.08.20 05:43:27	22,78	0,34	39,75	47,80	2,45
389	01.08.20 05:43:28	22,78	0,32	26,67	60,67	-2,66
390	01.08.20 05:43:29	22,78	0,34	29,91	58,28	-1,82
391	01.08.20 05:43:30	22,78	0,34	62,97	25,40	-1,63
392	01.08.20 05:43:31	22,78	0,34	64,64	18,80	6,56
393	01.08.20 05:43:32	22,78	0,34	57,23	22,42	10,35
394	01.08.20 05:43:33	22,78	0,34	57,42	22,91	9,66
395	01.08.20 05:43:34	22,76	0,34	56,04	25,30	8,66
396	01.08.20 05:43:35	22,76	0,34	55,71	26,57	7,72
397	01.08.20 05:43:36	22,76	0,34	54,73	26,72	8,55
398	01.08.20 05:43:37	22,76	0,34	53,62	26,78	9,60
399	01.08.20 05:43:38	22,76	0,34	48,01	33,54	8,46
400	01.08.20 05:43:39	22,76	0,34	51,82	28,47	9,71
401	01.08.20 05:43:40	22,76	0,32	63,72	22,87	-3,41
402	01.08.20 05:43:41	22,76	0,32	53,54	29,22	7,24
403	01.08.20 05:43:42	22,76	0,34	53,14	31,65	-5,21
404	01.08.20 05:43:43	22,76	0,34	51,63	37,19	1,17
405	01.08.20 05:43:44	22,76	0,34	64,33	24,62	1,05
406	01.08.20 05:43:45	22,76	0,32	57,18	29,80	3,02
407	01.08.20 05:43:46	22,76	0,34	72,81	12,13	5,05
408	01.08.20 05:43:47	22,76	0,34	59,64	-23,95	6,41
409	01.08.20 05:43:48	22,76	0,34	83,26	-6,24	0,50
410	01.08.20 05:43:49	22,73	0,34	83,38	5,18	-1,43
411	01.08.20 05:43:50	22,73	0,34	78,54	9,34	-2,13
412	01.08.20 05:43:51	22,73	0,34	69,32	19,52	-1,16
413	01.08.20 05:43:52	22,73	0,34	51,60	-15,83	22,57
414	01.08.20 05:43:53	22,73	0,34	-8,58	-1,39	80,02
415	01.08.20 05:43:54	22,73	0,32	-1,80	12,39	75,82
416	01.08.20 05:43:55	22,73	0,32	0,23	16,93	72,84
417	01.08.20 05:43:56	22,73	0,34	-1,43	5,95	82,62
418	01.08.20 05:43:57	22,73	0,34	0,38	6,43	83,18
419	01.08.20 05:43:58	22,73	0,32	-44,39	-11,07	-34,53
420	01.08.20 05:43:59	22,73	0,34	-51,80	16,93	-21,27
421	01.08.20 05:44:00	22,73	0,34	-54,31	-3,15	-32,54
422	01.08.20 05:44:01	22,73	0,32	-51,58	3,86	-34,56
423	01.08.20 05:44:02	22,73	0,34	-42,35	4,22	-43,43
424	01.08.20 05:44:03	22,70	0,22	-22,46	-30,80	-36,74
425	01.08.20 05:44:04	22,41	0,48	-26,33	-12,83	-50,84
426	01.08.20 05:44:05	22,23	0,51	-28,37	5,29	-56,34
427	01.08.20 05:44:06	22,11	0,52	-33,48	10,55	-45,97
428	01.08.20 05:44:07	22,03	0,49	-24,37	26,59	-39,04
429	01.08.20 05:44:08	21,97	0,51	-35,97	38,42	-15,61
430	01.08.20 05:44:09	21,94	0,53	-31,62	28,54	-29,84
431	01.08.20 05:44:10	21,91	0,52	-28,15	22,87	-38,98
432	01.08.20 05:44:11	21,91	0,52	-26,34	22,74	-40,92
433	01.08.20 05:44:12	21,88	0,44	-29,32	28,62	-32,05
434	01.08.20 05:44:13	21,85	0,46	-28,52	34,68	-26,80
435	01.08.20 05:44:14	21,82	0,46	-24,95	29,81	-35,24
436	01.08.20 05:44:15	21,79	0,49	-23,13	25,23	-41,64
437	01.08.20 05:44:16	21,76	0,53	-31,80	29,96	-28,24
438	01.08.20 05:44:17	21,76	0,51	-28,23	30,08	-31,69
439	01.08.20 05:44:18	21,73	0,51	-25,18	27,12	-37,69
440	01.08.20 05:44:19	21,71	0,46	-27,09	35,82	-27,09
441	01.08.20 05:44:20	21,68	0,46	-24,21	36,79	-29,00
442	01.08.20 05:44:21	21,68	0,50	-24,01	35,02	-30,97
443	01.08.20 05:44:22	21,65	0,46	-24,38	37,19	-28,42
444	01.08.20 05:44:23	21,65	0,52	-26,13	37,47	-26,40
445	01.08.20 05:44:24	21,62	0,49	-27,77	34,01	-28,22
446	01.08.20 05:44:25	21,62	0,49	-25,01	30,46	-34,53
447	01.08.20 05:44:26	21,59	0,51	-24,13	29,02	-36,85
448	01.08.20 05:44:27	21,59	0,51	-24,73	28,26	-37,00
449	01.08.20 05:44:28	21,56	0,49	-22,18	28,15	-39,67
450	01.08.20 05:44:29	21,56	0,49	-26,00	27,72	-36,28
451	01.08.20 05:44:30	21,53	0,49	-25,84	25,55	-38,61
452	01.08.20 05:44:31	21,50	0,51	-24,58	21,04	-44,37
453	01.08.20 05:44:32	21,50	0,51	-26,05	19,56	-44,39
454	01.08.20 05:44:33	21,50	0,51	-25,57	18,34	-46,09
455	01.08.20 05:44:34	21,47	0,50	-25,04	18,89	-46,07
456	01.08.20 05:44:35	21,47	0,46	-24,61	18,04	-47,34
457	01.08.20 05:44:36	21,47	0,50	-26,07	13,21	-50,72
458	01.08.20 05:44:37	21,44	0,50	-24,68	12,37	-52,95
459	01.08.20 05:44:38	21,41	0,50	-27,79	16,53	-45,68
460	01.08.20 05:44:39	21,41	0,52	-28,47	14,53	-46,99
461	01.08.20 05:44:40	21,41	0,52	-30,80	14,48	-44,72
462	01.08.20 05:44:41	21,38	0,54	-32,73	12,22	-45,05
463	01.08.20 05:44:42	21,38	0,52	-31,56	13,14	-45,30
464	01.08.20 05:44:43	21,38	0,54	-31,14	12,35	-46,51
465	01.08.20 05:44:44	21,35	0,54	-29,23	15,41	-45,36
466	01.08.20 05:44:45	21,35	0,54	-30,11	16,42	-43,46
467	01.08.20 05:44:46	21,35	0,51	-32,52	20,57	-36,91
468	01.08.20 05:44:47	21,33	0,51	-35,77	21,57	-32,67
469	01.08.20 05:44:48	21,33	0,53	-38,56	21,89	-29,55
470	01.08.20 05:44:49	21,33	0,51	-38,56	24,28	-27,16
471	01.08.20 05:44:50	21,30	0,51	-42,53	29,45	-18,02
472	01.08.20 05:44:51	21,30	0,48	-42,75	27,74	-19,51
473	01.08.20 05:44:52	21,30	0,51	-41,26	29,10	-19,64
474	01.08.20 05:44:53	21,27	0,53	-39,93	29,63	-20,44
475	01.08.20 05:44:54	21,27	0,55	-47,84	26,99	-15,17
476	01.08.20 05:44:55	21,27	0,55	-48,53	26,17	-15,30
477	01.08.20 05:44:56	21,27	0,57	-43,61	25,52	-20,87
478	01.08.20 05:44:57	21,27	0,57	-39,53	23,49	-26,98
479	01.08.20 05:44:58	21,24	0,60	-39,42	20,22	-30,36
480	01.08.20 05:44:59	21,24	0,60	-40,22	20,11	-29,67
481	01.08.20 05:45:00	21,24	0,60	-42,14	22,69	-25,18
482	01.08.20 05:45:01	21,24	0,62	-43,74	20,22	-26,05
483	01.08.20 05:45:02	21,21	0,62	-41,29	20,14	-28,57
484	01.08.20 05:45:03	21,21	0,62	-43,96	20,32	-25,72
485	01.08.20 05:45:04	21,21	0,62	-46,43	22,37	-21,20
486	01.08.20 05:45:05	21,21	0,62	-49,15	21,09	-19,76
487	01.08.20 05:45:06	21,18	0,61	-48,68	21,18	-20,14
488	01.08.20 05:45:07	21,18	0,61	-44,99	21,80	-23,21
489	01.08.20 05:45:08	21,18	0,64	-45,66	22,05	-22,29
490	01.08.20 05:45:09	21,18	0,64	-46,73	23,75	-19,52
491	01.08.20 05:45:10	21,18	0,66	-43,32	28,27	-18,41
492	01.08.20 05:45:11	21,15	0,66	-43,11	26,95	-19,94
493	01.08.20 05:45:12	21,15	0,68	-40,46	25,55	-24,00
494	01.08.20 05:45:13	21,15	0,70	-43,57	24,26	-22,17
495	01.08.20 05:45:14	21,15	0,70	-48,47	24,46	-17,07
496	01.08.20 05:45:15	21,15	0,68	-52,40	24,26	-13,34
497	01.08.20 05:45:16	21,15	0,70	-48,91	22,63	-18,46
498	01.08.20 05:45:17	21,12	0,70	-45,48	22,27	-22,25
499	01.08.20 05:45:18	21,12	0,72	-50,69	22,43	-16,88
500	01.08.20 05:45:19	21,12	0,75	-53,62	21,23	-15,15
501	01.08.20 05:45:20	21,12	0,75	-49,91	22,14	-17,95
502	01.08.20 05:45:21	21,12	0,75	-50,65	21,33	-18,02
503	01.08.20 05:45:22	21,12	0,75	-51,98	20,11	-17,90
504	01.08.20 05:45:23	21,09	0,77	-51,46	20,09	-18,45
505	01.08.20 05:45:24	21,09	0,77	-52,68	19,90	-17,42
506	01.08.20 05:45:25	21,09	0,79	-54,58	20,39	-15,03
507	01.08.20 05:45:26	21,09	0,81	-54,17	21,00	-14,82
508	01.08.20 05:45:27	21,09	0,84	-52,46	20,95	-16,59
509	01.08.20 05:45:28	21,09	0,86	-52,85	20,81	-16,34
510	01.08.20 05:45:29	21,06	0,86	-54,19	21,28	-14,54
511	01.08.20 05:45:30	21,06	0,88	-54,71	21,66	-13,63
512	01.08.20 05:45:31	21,06	0,91	-54,06	21,96	-13,98
513	01.08.20 05:45:32	21,03	0,93	-54,41	21,79	-13,81
514	01.08.20 05:45:33	21,03	0,95	-55,02	21,78	-13,20
515	01.08.20 05:45:34	21,00	0,95	-53,82	23,15	-13,03
516	01.08.20 05:45:35	21,00	0,99	-54,26	23,48	-12,27
517	01.08.20 05:45:36	20,97	1,01	-55,37	23,44	-11,20
518	01.08.20 05:45:37	20,94	1,01	-56,09	22,96	-10,95
519	01.08.20 05:45:38	20,94	1,01	-53,92	24,83	-11,25
520	01.08.20 05:45:39	20,92	1,08	-51,36	26,24	-12,41
521	01.08.20 05:45:40	20,86	1,09	-53,09	25,68	-11,23
522	01.08.20 05:45:41	20,83	1,14	-55,69	25,73	-8,57
523	01.08.20 05:45:42	20,80	1,14	-55,64	26,68	-7,68
524	01.08.20 05:45:43	20,80	1,16	-54,58	26,37	-9,05
525	01.08.20 05:45:44	20,80	1,16	-53,66	26,70	-9,64
526	01.08.20 05:45:45	20,80	1,21	-54,11	26,05	-9,84
527	01.08.20 05:45:46	20,77	1,23	-55,05	24,92	-10,03
528	01.08.20 05:45:47	20,74	1,22	-53,24	24,98	-11,79
529	01.08.20 05:45:48	20,71	1,27	-50,18	25,51	-14,31
530	01.08.20 05:45:49	20,62	1,30	-49,16	26,23	-14,61
531	01.08.20 05:45:50	20,56	1,32	-50,87	24,12	-15,01
532	01.08.20 05:45:51	20,53	1,39	-50,67	23,77	-15,56
533	01.08.20 05:45:52	20,48	1,38	-49,28	23,12	-17,59
534	01.08.20 05:45:53	20,36	1,42	-48,01	24,82	-17,17
535	01.08.20 05:45:54	20,21	1,43	-46,45	26,79	-16,76
536	01.08.20 05:45:55	20,09	1,48	-49,04	24,93	-16,02
537	01.08.20 05:45:56	19,98	1,50	-50,56	23,88	-15,56
538	01.08.20 05:45:57	19,83	1,55	-51,66	23,23	-15,11
539	01.08.20 05:45:58	19,68	1,60	-53,98	22,28	-13,74
540	01.08.20 05:45:59	19,56	1,59	-56,69	21,20	-12,11
541	01.08.20 05:46:00	19,42	1,69	-58,68	20,30	-11,02
542	01.08.20 05:46:01	19,30	1,68	-59,25	20,30	-10,45
543	01.08.20 05:46:02	19,15	1,71	-60,90	19,89	-9,21
544	01.08.20 05:46:03	19,00	1,79	-62,80	18,82	-8,38
545	01.08.20 05:46:04	18,88	1,80	-62,93	19,03	-8,03
546	01.08.20 05:46:05	18,77	1,86	-61,76	20,38	-7,86
547	01.08.20 05:46:06	18,65	1,87	-61,76	19,60	-8,63
548	01.08.20 05:46:07	18,53	1,93	-61,64	20,17	-8,19
549	01.08.20 05:46:08	18,44	1,94	-60,82	20,35	-8,83
550	01.08.20 05:46:09	18,35	2,00	-61,84	19,31	-8,85
551	01.08.20 05:46:10	18,29	2,00	-57,87	22,27	-9,86
552	01.08.20 05:46:11	18,23	2,04	-57,11	22,03	-10,86
553	01.08.20 05:46:12	18,20	2,11	-55,79	23,31	-10,90
554	01.08.20 05:46:13	18,14	2,08	-54,40	24,05	-11,56
555	01.08.20 05:46:14	18,05	2,11	-53,13	25,29	-11,59
556	01.08.20 05:46:15	17,93	2,08	-52,92	26,50	-10,57
557	01.08.20 05:46:16	17,76	2,18	-54,13	26,52	-9,35
558	01.08.20 05:46:17	17,58	2,25	-56,09	24,28	-9,63
559	01.08.20 05:46:18	17,40	2,28	-57,55	22,92	-9,53
560	01.08.20 05:46:19	17,19	2,28	-58,78	22,60	-8,62
561	01.08.20 05:46:20	17,01	2,29	-61,43	21,83	-6,74
562	01.08.20 05:46:21	16,80	2,38	-63,44	19,69	-6,88
563	01.08.20 05:46:22	16,65	2,44	-64,17	18,49	-7,34
564	01.08.20 05:46:23	16,50	2,49	-63,49	19,02	-7,48
565	01.08.20 05:46:24	16,35	2,47	-64,32	19,28	-6,41
566	01.08.20 05:46:25	16,23	2,53	-66,03	17,45	-6,52
567	01.08.20 05:46:26	16,11	2,54	-65,20	17,33	-7,47
568	01.08.20 05:46:27	15,99	2,55	-64,15	17,95	-7,90
569	01.08.20 05:46:28	15,83	2,56	-64,70	17,63	-7,67
570	01.08.20 05:46:29	15,71	2,64	-64,23	17,57	-8,20
571	01.08.20 05:46:30	15,59	2,63	-64,52	18,24	-7,24
572	01.08.20 05:46:31	15,44	2,61	-64,30	20,15	-5,55
573	01.08.20 05:46:32	15,32	2,62	-44,51	8,00	37,49
574	01.08.20 05:46:33	15,17	2,82	-14,79	-10,32	64,89
575	01.08.20 05:46:34	15,01	2,87	-5,20	-3,74	81,07
576	01.08.20 05:46:35	14,86	2,95	8,21	10,21	71,57
577	01.08.20 05:46:36	14,77	2,92	8,28	8,46	73,26
578	01.08.20 05:46:37	14,68	2,93	-6,79	-9,91	73,30
579	01.08.20 05:46:38	14,62	2,88	-10,83	-17,13	62,03
580	01.08.20 05:46:39	14,62	2,83	8,11	-13,02	68,87
581	01.08.20 05:46:40	14,55	2,83	8,26	-5,02	76,72
582	01.08.20 05:46:41	14,52	2,82	-2,59	-12,81	74,60
583	01.08.20 05:46:42	14,46	2,75	-10,82	-18,85	60,33
584	01.08.20 05:46:43	14,43	2,67	-12,99	-22,44	54,57
585	01.08.20 05:46:44	14,43	2,65	-5,42	-24,23	60,35
586	01.08.20 05:46:45	14,40	2,65	4,77	-14,16	71,06
587	01.08.20 05:46:46	14,40	2,60	11,38	-1,86	76,75
588	01.08.20 05:46:47	14,37	2,60	14,67	6,05	69,28
589	01.08.20 05:46:48	14,34	2,57	10,20	9,03	70,77
590	01.08.20 05:46:49	14,31	2,59	10,94	2,93	76,13
591	01.08.20 05:46:50	14,25	2,61	6,11	0,00	83,89
592	01.08.20 05:46:51	14,19	2,60	4,06	-3,75	82,20
593	01.08.20 05:46:52	14,19	2,58	3,58	-3,42	83,00
594	01.08.20 05:46:53	14,15	2,55	2,99	-3,41	83,60
595	01.08.20 05:46:54	14,12	2,55	1,89	-4,40	83,71
596	01.08.20 05:46:55	14,09	2,52	0,74	-6,08	83,18
597	01.08.20 05:46:56	14,06	2,52	-1,31	-6,73	81,96
598	01.08.20 05:46:57	14,06	2,52	-2,23	-7,54	80,23
599	01.08.20 05:46:58	14,03	2,49	-4,96	-7,73	77,31
600	01.08.20 05:46:59	14,00	2,51	-6,21	-12,13	71,66
601	01.08.20 05:47:00	14,00	2,39	-7,58	-12,68	69,75
602	01.08.20 05:47:01	13,97	2,41	-10,28	-13,43	66,29
603	01.08.20 05:47:02	13,94	2,44	-9,87	-16,32	63,81
604	01.08.20 05:47:03	13,88	2,41	-11,27	-17,75	60,98
605	01.08.20 05:47:04	13,81	2,42	-12,40	-18,13	59,47
606	01.08.20 05:47:05	13,78	2,47	-12,38	-18,63	58,99
607	01.08.20 05:47:06	13,75	2,44	-11,70	-19,39	58,91
608	01.08.20 05:47:07	13,72	2,44	-11,97	-19,59	58,44
609	01.08.20 05:47:08	13,66	2,43	-12,85	-20,45	56,70
610	01.08.20 05:47:09	13,63	2,43	-14,28	-20,45	55,27
611	01.08.20 05:47:10	13,60	2,42	-13,44	-22,00	54,56
612	01.08.20 05:47:11	13,54	2,42	-13,42	-21,20	55,38
613	01.08.20 05:47:12	13,50	2,46	-13,00	-20,45	56,56
614	01.08.20 05:47:13	13,47	2,46	-11,98	-21,02	56,99
615	01.08.20 05:47:14	13,44	2,45	-13,54	-21,77	54,69
616	01.08.20 05:47:15	13,41	2,43	-14,01	-21,81	54,18
617	01.08.20 05:47:16	13,38	2,45	-14,06	-21,75	54,19
618	01.08.20 05:47:17	13,35	2,47	-15,79	-20,85	53,36
619	01.08.20 05:47:18	13,29	2,46	-15,45	-21,26	53,29
620	01.08.20 05:47:19	13,26	2,48	-15,09	-22,21	52,69
621	01.08.20 05:47:20	13,19	2,50	-16,41	-20,32	53,27
622	01.08.20 05:47:21	13,16	2,47	-17,16	-20,12	52,72
623	01.08.20 05:47:22	13,13	2,47	-17,22	-20,54	52,24
624	01.08.20 05:47:23	13,07	2,56	-16,29	-21,33	52,38
625	01.08.20 05:47:24	13,01	2,55	-16,50	-20,62	52,88
626	01.08.20 05:47:25	12,91	2,56	-14,59	-20,29	55,13
627	01.08.20 05:47:26	12,85	2,53	-16,35	-19,68	53,97
628	01.08.20 05:47:27	12,82	2,55	-16,39	-18,92	54,69
629	01.08.20 05:47:28	12,76	2,62	-14,26	-21,98	53,76
630	01.08.20 05:47:29	12,66	2,61	-14,85	-21,43	53,72
631	01.08.20 05:47:30	12,60	2,62	-14,93	-21,71	53,36
632	01.08.20 05:47:31	12,51	2,68	-15,11	-21,67	53,22
633	01.08.20 05:47:32	12,44	2,65	-15,86	-22,06	52,08
634	01.08.20 05:47:33	12,41	2,67	-17,22	-21,37	51,41
635	01.08.20 05:47:34	12,35	2,67	-17,57	-21,92	50,52
636	01.08.20 05:47:35	12,29	2,71	-17,81	-21,52	50,67
637	01.08.20 05:47:36	12,22	2,73	-20,15	-21,98	47,87
638	01.08.20 05:47:37	12,16	2,72	-20,67	-21,61	47,73
639	01.08.20 05:47:38	12,13	2,74	-21,51	-21,18	47,31
640	01.08.20 05:47:39	12,03	2,75	-22,03	-21,22	46,75
641	01.08.20 05:47:40	11,94	2,81	-21,78	-21,02	47,20
642	01.08.20 05:47:41	11,87	2,78	-22,32	-22,49	45,19
643	01.08.20 05:47:42	11,78	2,80	-22,02	-24,94	43,03
644	01.08.20 05:47:43	11,72	2,81	-22,90	-25,53	41,57
645	01.08.20 05:47:44	11,68	2,83	-23,85	-25,06	41,10
646	01.08.20 05:47:45	11,65	2,85	-24,13	-25,99	39,88
647	01.08.20 05:47:46	11,62	2,85	-25,42	-25,81	38,77
648	01.08.20 05:47:47	11,59	2,89	-25,33	-26,90	37,77
649	01.08.20 05:47:48	11,56	2,91	-25,10	-27,99	36,90
650	01.08.20 05:47:49	11,52	2,93	-25,99	-28,04	35,98
651	01.08.20 05:47:50	11,43	2,97	-21,27	-34,04	34,69
652	01.08.20 05:47:51	11,33	2,96	-9,46	-45,85	34,69
653	01.08.20 05:47:52	11,27	3,02	-9,45	-46,85	33,70
654	01.08.20 05:47:53	11,21	3,04	-9,49	-47,92	32,60
655	01.08.20 05:47:54	11,17	3,06	-7,56	-49,52	32,92
656	01.08.20 05:47:55	11,14	3,08	-8,13	-49,46	32,41
657	01.08.20 05:47:56	11,11	3,10	-7,71	-50,74	31,55
658	01.08.20 05:47:57	11,08	3,07	-8,14	-50,95	30,91
659	01.08.20 05:47:58	11,05	3,07	-7,00	-53,52	29,48
660	01.08.20 05:47:59	10,95	3,13	-6,21	-54,60	29,19
661	01.08.20 05:48:00	10,85	3,12	-7,26	-54,60	28,14
662	01.08.20 05:48:01	10,76	3,18	-8,28	-54,26	27,45
663	01.08.20 05:48:02	10,66	3,24	-7,03	-55,85	27,12
664	01.08.20 05:48:03	10,56	3,28	-7,62	-56,44	25,94
665	01.08.20 05:48:04	10,50	3,30	-8,13	-56,97	24,90
666	01.08.20 05:48:05	10,43	3,31	-6,34	-59,20	24,46
667	01.08.20 05:48:06	10,37	3,35	-8,39	-57,90	23,71
668	01.08.20 05:48:07	10,30	3,35	-7,35	-59,58	23,07
669	01.08.20 05:48:08	10,21	3,38	-7,13	-60,50	22,37
670	01.08.20 05:48:09	10,17	3,40	-4,42	-61,53	24,05
671	01.08.20 05:48:10	10,14	3,42	2,31	-64,63	23,06
672	01.08.20 05:48:11	10,04	3,46	5,53	-54,53	29,94
673	01.08.20 05:48:12	9,95	3,52	6,93	-45,44	37,63
674	01.08.20 05:48:13	9,88	3,54	6,68	-42,49	40,83
675	01.08.20 05:48:14	9,81	3,53	6,59	-39,61	43,80
676	01.08.20 05:48:15	9,75	3,52	7,18	-38,09	44,73
677	01.08.20 05:48:16	9,65	3,54	5,30	-35,99	48,71
678	01.08.20 05:48:17	9,62	3,58	2,86	-33,67	53,47
679	01.08.20 05:48:18	9,55	3,60	2,06	-31,74	56,20
680	01.08.20 05:48:19	9,52	3,59	0,23	-30,41	59,36
681	01.08.20 05:48:20	9,49	3,59	-2,20	-27,72	60,08
682	01.08.20 05:48:21	9,42	3,58	-1,83	-26,74	61,43
683	01.08.20 05:48:22	9,42	3,63	-4,33	-25,72	59,95
684	01.08.20 05:48:23	9,42	3,63	-4,91	-23,86	61,23
685	01.08.20 05:48:24	9,39	3,60	-4,51	-23,76	61,73
686	01.08.20 05:48:25	9,36	3,64	-5,87	-23,00	61,13
687	01.08.20 05:48:26	9,32	3,64	-6,51	-22,17	61,33
688	01.08.20 05:48:27	9,32	3,66	-7,77	-21,33	60,89
689	01.08.20 05:48:28	9,29	3,71	-8,85	-20,62	60,53
690	01.08.20 05:48:29	9,29	3,71	-9,17	-19,21	61,62
691	01.08.20 05:48:30	9,29	3,71	-7,85	-19,07	63,07
692	01.08.20 05:48:31	9,29	3,71	-9,47	-19,09	61,45
693	01.08.20 05:48:32	9,26	3,73	-11,18	-18,05	60,77
694	01.08.20 05:48:33	9,26	3,75	-12,15	-16,80	61,05
695	01.08.20 05:48:34	9,22	3,75	-11,18	-17,10	61,72
696	01.08.20 05:48:35	9,19	3,74	-10,74	-17,16	62,10
697	01.08.20 05:48:36	9,16	3,79	-12,06	-17,01	60,93
698	01.08.20 05:48:37	9,16	3,81	-14,52	-15,78	59,70
699	01.08.20 05:48:38	9,16	3,86	-13,89	-15,18	60,94
700	01.08.20 05:48:39	9,09	3,85	-13,15	-15,67	61,18
701	01.08.20 05:48:40	9,02	3,87	-13,70	-15,31	61,00
702	01.08.20 05:48:41	8,99	3,91	-15,42	-15,65	58,94
703	01.08.20 05:48:42	8,96	3,95	-16,95	-14,69	58,36
704	01.08.20 05:48:43	8,96	3,95	-16,82	-14,58	58,60
705	01.08.20 05:48:44	8,96	4,00	-15,70	-14,35	59,95
706	01.08.20 05:48:45	8,96	4,02	-16,50	-14,55	58,95
707	01.08.20 05:48:46	8,96	4,05	-18,05	-14,02	57,93
708	01.08.20 05:48:47	8,96	4,05	-18,01	-13,84	58,15
709	01.08.20 05:48:48	8,96	4,12	-17,96	-14,51	57,53
710	01.08.20 05:48:49	8,96	4,14	-17,61	-13,40	58,99
711	01.08.20 05:48:50	8,93	4,09	-16,84	-13,50	59,66
712	01.08.20 05:48:51	8,89	4,16	-17,09	-13,73	59,18
713	01.08.20 05:48:52	8,83	4,17	-18,20	-13,27	58,53
714	01.08.20 05:48:53	8,73	4,23	-19,24	-12,31	58,44
715	01.08.20 05:48:54	8,66	4,25	-17,80	-12,68	59,52
716	01.08.20 05:48:55	8,59	4,29	-15,60	-12,39	62,01
717	01.08.20 05:48:56	8,53	4,35	-17,19	-12,73	60,08
718	01.08.20 05:48:57	8,49	4,35	-20,91	-11,72	57,37
719	01.08.20 05:48:58	8,46	4,39	-20,24	-11,44	58,32
720	01.08.20 05:48:59	8,39	4,39	-16,18	-12,46	61,36
721	01.08.20 05:49:00	8,36	4,45	-14,73	-12,50	62,77
722	01.08.20 05:49:01	8,32	4,47	-18,82	-12,11	59,07
723	01.08.20 05:49:02	8,29	4,54	-20,14	-11,59	58,27
724	01.08.20 05:49:03	8,26	4,54	-18,10	-12,22	59,68
725	01.08.20 05:49:04	8,16	4,55	-15,38	-12,85	61,77
726	01.08.20 05:49:05	8,12	4,57	-16,25	-12,72	61,03
727	01.08.20 05:49:06	8,09	4,59	-19,38	-12,74	57,88
728	01.08.20 05:49:07	8,02	4,63	-19,96	-12,72	57,32
729	01.08.20 05:49:08	7,95	4,69	-17,41	-12,87	59,72
730	01.08.20 05:49:09	7,89	4,71	-16,39	-12,89	60,72
731	01.08.20 05:49:10	7,85	4,75	-18,13	-13,13	58,73
732	01.08.20 05:49:11	7,82	4,77	-19,50	-12,81	57,69
733	01.08.20 05:49:12	7,75	4,81	-17,73	-13,05	59,21
734	01.08.20 05:49:13	7,68	4,83	-17,14	-12,09	60,77
735	01.08.20 05:49:14	7,65	4,85	-18,26	-13,99	57,75
736	01.08.20 05:49:15	7,62	4,89	-17,23	-12,39	60,37
737	01.08.20 05:49:16	7,62	4,89	-15,82	-11,46	62,72
738	01.08.20 05:49:17	7,55	4,91	-15,28	-11,26	63,46
739	01.08.20 05:49:18	7,48	4,95	-16,25	-9,38	64,37
740	01.08.20 05:49:19	7,41	4,94	-14,02	-9,11	66,87
741	01.08.20 05:49:20	7,38	4,96	-12,41	-11,15	66,44
742	01.08.20 05:49:21	7,34	4,96	-8,91	-12,28	68,81
743	01.08.20 05:49:22	7,34	4,96	0,85	-11,25	77,90
744	01.08.20 05:49:23	7,34	4,93	-8,34	-6,64	75,02
745	01.08.20 05:49:24	7,34	4,96	-7,37	-3,45	79,18
746	01.08.20 05:49:25	7,28	4,95	-0,69	-5,06	84,24
747	01.08.20 05:49:26	7,21	4,96	-3,79	-2,53	83,68
748	01.08.20 05:49:27	7,17	4,98	0,46	-1,40	88,14
749	01.08.20 05:49:28	7,14	5,00	0,88	-2,94	86,17
750	01.08.20 05:49:29	7,10	4,98	0,14	0,80	89,06
751	01.08.20 05:49:30	7,10	4,95	-7,13	-5,16	77,71
752	01.08.20 05:49:31	7,07	4,95	0,35	-3,85	85,80
753	01.08.20 05:49:32	7,07	5,00	16,27	2,24	71,49
754	01.08.20 05:49:33	7,04	4,92	-2,50	-0,79	86,71
755	01.08.20 05:49:34	7,00	4,97	-1,60	0,49	87,90
756	01.08.20 05:49:35	7,00	4,94	6,18	0,48	83,34
757	01.08.20 05:49:36	6,97	4,94	2,42	-5,68	81,90
758	01.08.20 05:49:37	6,97	4,94	-6,31	-4,02	79,67
759	01.08.20 05:49:38	6,93	4,89	3,19	-2,80	84,01
760	01.08.20 05:49:39	6,90	4,91	-2,50	8,26	79,23
761	01.08.20 05:49:40	6,86	4,93	-0,88	14,95	74,17
762	01.08.20 05:49:41	6,83	4,90	-32,50	18,01	39,49
763	01.08.20 05:49:42	6,76	4,89	-85,04	1,55	-3,41
764	01.08.20 05:49:43	6,73	4,89	-59,86	-2,96	-27,18
765	01.08.20 05:49:44	6,69	4,91	-41,82	0,39	-47,79
766	01.08.20 05:49:45	6,69	4,89	-35,26	19,38	-35,36
767	01.08.20 05:49:46	6,66	4,88	-6,85	66,60	16,55
768	01.08.20 05:49:47	6,55	4,94	-19,17	-8,20	62,63
769	01.08.20 05:49:48	6,52	4,94	6,86	37,41	-45,73
770	01.08.20 05:49:49	6,41	4,98	1,24	12,93	-75,83
771	01.08.20 05:49:50	6,34	4,97	59,68	-26,62	3,70
772	01.08.20 05:49:51	6,27	4,98	31,04	-17,74	41,23
773	01.08.20 05:49:52	6,24	5,00	18,14	5,25	66,61
774	01.08.20 05:49:53	6,20	4,95	13,17	9,96	66,87
775	01.08.20 05:49:54	6,17	5,00	-0,28	1,50	88,22
776	01.08.20 05:49:55	6,13	4,97	9,60	-1,99	78,40
777	01.08.20 05:49:56	6,13	4,99	10,18	-7,89	71,93
778	01.08.20 05:49:57	6,10	4,94	-2,02	1,37	86,61
779	01.08.20 05:49:58	6,10	4,94	9,71	3,52	76,77
780	01.08.20 05:49:59	6,06	4,99	6,50	-3,57	79,93
781	01.08.20 05:50:00	6,03	4,94	-10,81	4,83	74,36
782	01.08.20 05:50:01	6,03	4,94	5,22	0,92	83,86
783	01.08.20 05:50:02	6,03	4,94	9,60	-2,81	77,59
784	01.08.20 05:50:03	6,03	4,89	-20,11	-6,37	63,52
785	01.08.20 05:50:04	5,99	4,91	4,84	-9,03	76,13
786	01.08.20 05:50:05	5,99	4,96	11,78	4,98	73,24
787	01.08.20 05:50:06	5,92	4,95	5,33	18,14	66,53
788	01.08.20 05:50:07	5,89	4,92	-10,66	10,90	68,45
789	01.08.20 05:50:08	5,85	4,92	11,80	0,28	77,92
790	01.08.20 05:50:09	5,82	4,91	-6,37	7,96	75,66
791	01.08.20 05:50:10	5,75	4,95	3,66	4,79	81,55
792	01.08.20 05:50:11	5,71	4,95	31,87	13,03	45,10
793	01.08.20 05:50:12	5,68	4,95	-4,77	-0,49	84,74
794	01.08.20 05:50:13	5,61	4,94	-4,06	6,54	79,39
795	01.08.20 05:50:14	5,57	4,94	-6,34	22,45	61,21
796	01.08.20 05:50:15	5,57	4,91	-0,72	37,24	52,04
797	01.08.20 05:50:16	5,54	4,91	-3,16	38,52	48,32
798	01.08.20 05:50:17	5,50	4,90	-3,47	38,25	48,28
799	01.08.20 05:50:18	5,47	4,90	-3,47	38,23	48,30
800	01.08.20 05:50:19	5,47	4,90	-0,36	43,37	46,27
801	01.08.20 05:50:20	5,43	4,92	-2,59	45,05	42,37
802	01.08.20 05:50:21	5,43	4,90	-2,56	45,06	42,38
803	01.08.20 05:50:22	5,39	4,89	-0,47	50,81	38,73
804	01.08.20 05:50:23	5,39	4,89	0,15	50,78	39,07
805	01.08.20 05:50:24	5,36	4,89	-0,06	52,42	37,52
806	01.08.20 05:50:25	5,36	4,89	-0,33	52,06	37,61
807	01.08.20 05:50:26	5,32	4,89	0,18	52,29	37,53
808	01.08.20 05:50:27	5,32	4,89	1,38	51,96	36,65
809	01.08.20 05:50:28	5,29	4,88	1,27	52,44	36,29
810	01.08.20 05:50:29	5,29	4,88	1,15	52,83	36,01
811	01.08.20 05:50:30	5,25	4,88	1,12	52,83	36,05
812	01.08.20 05:50:31	5,25	4,86	0,98	53,27	35,75
813	01.08.20 05:50:32	5,22	4,87	0,68	52,76	36,56
814	01.08.20 05:50:33	5,22	4,85	0,48	51,96	37,57
815	01.08.20 05:50:34	5,18	4,85	0,89	52,06	37,06
816	01.08.20 05:50:35	5,18	4,85	1,24	52,19	36,57
817	01.08.20 05:50:36	5,18	4,87	1,09	53,09	35,82
818	01.08.20 05:50:37	5,15	4,84	0,89	53,24	35,87
819	01.08.20 05:50:38	5,11	4,84	1,44	51,04	37,51
820	01.08.20 05:50:39	5,11	4,86	1,38	50,97	37,65
821	01.08.20 05:50:40	5,07	4,86	0,53	53,44	36,03
822	01.08.20 05:50:41	5,04	4,86	0,15	51,64	38,21
823	01.08.20 05:50:42	5,04	4,86	1,06	50,20	38,74
824	01.08.20 05:50:43	5,04	4,83	0,92	51,11	37,98
825	01.08.20 05:50:44	5,00	4,83	0,68	51,32	38,00
826	01.08.20 05:50:45	5,00	4,83	1,27	50,08	38,65
827	01.08.20 05:50:46	5,00	4,85	1,00	50,04	38,96
828	01.08.20 05:50:47	4,97	4,83	0,83	50,47	38,70
829	01.08.20 05:50:48	4,97	4,83	0,86	50,28	38,87
830	01.08.20 05:50:49	4,97	4,83	0,97	49,95	39,07
831	01.08.20 05:50:50	4,93	4,82	1,03	49,40	39,57
832	01.08.20 05:50:51	4,93	4,82	0,97	49,61	39,42
833	01.08.20 05:50:52	4,93	4,80	0,94	49,72	39,33
834	01.08.20 05:50:53	4,90	4,82	1,06	49,11	39,83
835	01.08.20 05:50:54	4,90	4,82	1,03	49,26	39,71
836	01.08.20 05:50:55	4,86	4,79	0,97	49,32	39,71
837	01.08.20 05:50:56	4,86	4,79	1,09	49,08	39,83
838	01.08.20 05:50:57	4,86	4,81	1,09	49,08	39,83
839	01.08.20 05:50:58	4,86	4,79	1,00	49,27	39,73
840	01.08.20 05:50:59	4,86	4,79	1,09	49,01	39,91
841	01.08.20 05:51:00	4,86	4,81	1,09	49,00	39,92
842	01.08.20 05:51:01	4,86	4,79	1,06	48,93	40,01
843	01.08.20 05:51:02	4,82	4,81	1,12	48,78	40,10
844	01.08.20 05:51:03	4,82	4,79	1,23	48,53	40,23
845	01.08.20 05:51:04	4,82	4,79	1,20	48,49	40,31
846	01.08.20 05:51:05	4,82	4,81	1,06	48,55	40,39
847	01.08.20 05:51:06	4,82	4,81	2,35	48,42	39,22
848	01.08.20 05:51:07	4,82	4,79	2,33	47,94	39,73
849	01.08.20 05:51:08	4,82	4,79	2,07	48,14	39,79
850	01.08.20 05:51:09	4,82	4,79	2,74	48,87	38,39
851	01.08.20 05:51:10	4,82	4,79	3,94	48,28	37,78
852	01.08.20 05:51:11	4,79	4,78	3,02	44,64	42,34
853	01.08.20 05:51:12	4,79	4,78	2,91	44,68	42,41
854	01.08.20 05:51:13	4,79	4,76	3,44	45,23	41,33
855	01.08.20 05:51:14	4,79	4,76	3,32	44,76	41,92
856	01.08.20 05:51:15	4,79	4,76	2,93	43,39	43,68
857	01.08.20 05:51:16	4,75	4,76	3,01	43,57	43,42
858	01.08.20 05:51:17	4,75	4,76	3,35	44,35	42,29
859	01.08.20 05:51:18	4,75	4,76	2,96	42,99	44,05
860	01.08.20 05:51:19	4,75	4,78	3,02	43,25	43,73
861	01.08.20 05:51:20	4,75	4,78	3,35	43,51	43,13
862	01.08.20 05:51:21	4,72	4,78	3,04	42,32	44,64
863	01.08.20 05:51:22	4,72	4,78	3,10	42,41	44,49
864	01.08.20 05:51:23	4,72	4,78	3,32	42,81	43,87
865	01.08.20 05:51:24	4,72	4,75	3,04	41,95	45,01
866	01.08.20 05:51:25	4,68	4,77	3,02	42,15	44,83
867	01.08.20 05:51:26	4,68	4,77	3,19	42,64	44,18
868	01.08.20 05:51:27	4,68	4,77	3,04	41,91	45,05
869	01.08.20 05:51:28	4,64	4,77	3,01	41,95	45,04
870	01.08.20 05:51:29	4,64	4,77	3,62	41,92	44,46
871	01.08.20 05:51:30	4,64	4,75	3,59	42,11	44,30
872	01.08.20 05:51:31	4,64	4,75	3,57	42,03	44,41
873	01.08.20 05:51:32	4,64	4,77	3,56	42,03	44,41
874	01.08.20 05:51:33	4,64	4,77	4,30	42,66	43,05
875	01.08.20 05:51:34	4,64	4,77	3,79	41,08	45,13
876	01.08.20 05:51:35	4,61	4,76	3,67	41,06	45,26
877	01.08.20 05:51:36	4,61	4,76	3,73	41,03	45,24
878	01.08.20 05:51:37	4,61	4,74	3,88	41,00	45,13
879	01.08.20 05:51:38	4,61	4,74	3,87	40,78	45,36
880	01.08.20 05:51:39	4,61	4,76	3,84	40,83	45,33
881	01.08.20 05:51:40	4,61	4,76	3,89	40,73	45,38
882	01.08.20 05:51:41	4,61	4,76	3,84	40,75	45,41
883	01.08.20 05:51:42	4,57	4,76	3,86	40,80	45,34
884	01.08.20 05:51:43	4,57	4,76	3,89	40,78	45,32
885	01.08.20 05:51:44	4,54	4,78	3,86	40,78	45,36
886	01.08.20 05:51:45	4,54	4,78	3,92	40,81	45,27
887	01.08.20 05:51:46	4,50	4,75	3,89	40,80	45,31
888	01.08.20 05:51:47	4,50	4,75	3,92	40,75	45,33
889	01.08.20 05:51:48	4,50	4,75	3,89	40,76	45,34
890	01.08.20 05:51:49	4,46	4,77	3,89	40,75	45,36
891	01.08.20 05:51:50	4,46	4,77	3,92	40,75	45,33
892	01.08.20 05:51:51	4,46	4,75	3,89	40,78	45,32
893	01.08.20 05:51:52	4,43	4,77	3,86	40,70	45,43
894	01.08.20 05:51:53	4,43	4,77	3,81	40,67	45,52
895	01.08.20 05:51:54	4,43	4,77	3,81	40,69	45,50
896	01.08.20 05:51:55	4,43	4,77	3,87	40,62	45,51
897	01.08.20 05:51:56	4,43	4,77	3,70	40,47	45,83
898	01.08.20 05:51:57	4,43	4,75	3,45	39,89	46,66
899	01.08.20 05:51:58	4,43	4,75	-1,12	30,67	58,21
900	01.08.20 05:51:59	4,39	4,74	1,94	37,14	50,92
901	01.08.20 05:52:00	4,43	4,77	1,08	35,57	53,35
902	01.08.20 05:52:01	4,39	4,74	-0,06	34,31	55,63
903	01.08.20 05:52:02	4,39	4,77	2,19	38,37	49,45
904	01.08.20 05:52:03	4,39	4,72	2,27	38,09	49,64
905	01.08.20 05:52:04	4,39	4,74	1,31	36,81	51,88
906	01.08.20 05:52:05	4,39	4,72	1,22	36,59	52,18
907	01.08.20 05:52:06	4,39	4,74	1,76	37,39	50,85
908	01.08.20 05:52:07	4,39	4,74	1,54	36,95	51,52
909	01.08.20 05:52:08	4,39	4,74	1,22	36,07	52,71
910	01.08.20 05:52:09	4,39	4,74	0,96	35,63	53,41
911	01.08.20 05:52:10	4,35	4,76	0,85	35,44	53,72
912	01.08.20 05:52:11	4,35	4,74	0,18	34,29	55,54
913	01.08.20 05:52:12	4,35	4,76	0,09	34,05	55,86
914	01.08.20 05:52:13	4,35	4,74	-1,98	26,49	61,54
915	01.08.20 05:52:14	4,35	4,74	-2,15	25,92	61,93
916	01.08.20 05:52:15	4,35	4,74	-2,20	25,35	62,45
917	01.08.20 05:52:16	4,35	4,74	0,55	18,96	70,48
918	01.08.20 05:52:17	4,35	4,74	0,58	18,37	71,05
919	01.08.20 05:52:18	4,32	4,76	0,61	18,25	71,14
920	01.08.20 05:52:19	4,32	4,73	0,61	18,21	71,18
921	01.08.20 05:52:20	4,32	4,73	0,58	18,20	71,22
922	01.08.20 05:52:21	4,32	4,73	0,61	18,26	71,13
923	01.08.20 05:52:22	4,32	4,73	0,58	18,23	71,19
924	01.08.20 05:52:23	4,32	4,76	0,58	18,24	71,18
925	01.08.20 05:52:24	4,32	4,73	0,64	18,12	71,24
926	01.08.20 05:52:25	4,32	4,73	0,81	17,58	71,61
927	01.08.20 05:52:26	4,32	4,71	3,91	15,88	70,22
928	01.08.20 05:52:27	4,32	4,73	4,04	16,33	69,63
929	01.08.20 05:52:28	4,32	4,73	4,17	16,46	69,37
930	01.08.20 05:52:29	4,28	4,73	4,42	16,67	68,90
931	01.08.20 05:52:30	4,28	4,71	4,20	16,43	69,36
932	01.08.20 05:52:31	4,28	4,73	4,01	15,76	70,23
933	01.08.20 05:52:32	4,28	4,73	4,98	17,69	67,32
934	01.08.20 05:52:33	4,28	4,71	4,73	17,62	67,65
935	01.08.20 05:52:34	4,28	4,71	3,74	15,26	71,00
936	01.08.20 05:52:35	4,28	4,73	5,11	16,73	68,16
937	01.08.20 05:52:36	4,28	4,73	5,22	21,20	63,58
938	01.08.20 05:52:37	4,28	4,73	3,14	13,52	73,34
939	01.08.20 05:52:38	4,28	4,71	3,22	13,44	73,35
940	01.08.20 05:52:39	4,28	4,73	3,22	13,39	73,39
941	01.08.20 05:52:40	4,28	4,71	3,22	13,44	73,34
942	01.08.20 05:52:41	4,28	4,71	3,22	13,41	73,37
943	01.08.20 05:52:42	4,28	4,71	4,09	13,56	72,35
944	01.08.20 05:52:43	4,28	4,73	0,45	16,52	73,03
945	01.08.20 05:52:44	4,28	4,73	-2,08	18,09	69,82
946	01.08.20 05:52:45	4,25	4,73	-1,83	17,58	70,59
947	01.08.20 05:52:46	4,25	4,73	-1,83	17,38	70,79
948	01.08.20 05:52:47	4,25	4,73	-3,54	21,89	64,57
949	01.08.20 05:52:48	4,25	4,70	-3,80	22,16	64,04
950	01.08.20 05:52:49	4,25	4,73	-3,69	21,93	64,38
951	01.08.20 05:52:50	4,25	4,70	-3,64	21,78	64,58
952	01.08.20 05:52:51	4,25	4,73	-3,69	21,89	64,42
953	01.08.20 05:52:52	4,25	4,70	-3,43	21,18	65,39
954	01.08.20 05:52:53	4,25	4,70	-4,60	24,90	60,49
955	01.08.20 05:52:54	4,25	4,73	-5,16	25,79	59,05
956	01.08.20 05:52:55	4,25	4,70	-5,16	25,54	59,31
957	01.08.20 05:52:56	4,25	4,73	-5,05	25,51	59,44
958	01.08.20 05:52:57	4,25	4,70	-5,11	25,63	59,27
959	01.08.20 05:52:58	4,21	4,70	-5,07	25,58	59,35
960	01.08.20 05:52:59	4,21	4,72	-4,87	25,16	59,97
961	01.08.20 05:53:00	4,21	4,70	-4,68	24,83	60,49
962	01.08.20 05:53:01	4,21	4,70	-4,89	25,27	59,84
963	01.08.20 05:53:02	4,21	4,72	-4,80	25,08	60,12
964	01.08.20 05:53:03	4,21	4,72	-4,86	25,25	59,90
965	01.08.20 05:53:04	4,21	4,72	-4,95	25,45	59,60
966	01.08.20 05:53:05	4,21	4,72	-5,04	25,56	59,40
967	01.08.20 05:53:06	4,21	4,72	-5,07	25,52	59,42
968	01.08.20 05:53:07	4,21	4,72	-5,24	26,05	58,71
969	01.08.20 05:53:08	4,17	4,70	-5,29	26,30	58,41
970	01.08.20 05:53:09	4,17	4,72	-5,35	26,45	58,19
971	01.08.20 05:53:10	4,17	4,72	-5,60	27,13	57,27
972	01.08.20 05:53:11	4,17	4,72	-5,45	27,41	57,14
973	01.08.20 05:53:12	4,17	4,72	29,46	38,89	21,65
974	01.08.20 05:53:13	4,17	4,74	72,55	13,27	4,19
975	01.08.20 05:53:14	4,14	4,74	64,78	21,22	4,00
976	01.08.20 05:53:15	4,06	4,71	60,07	16,50	13,43
977	01.08.20 05:53:16	4,03	4,66	61,15	6,93	21,92
978	01.08.20 05:53:17	4,03	4,66	60,62	9,09	20,29
979	01.08.20 05:53:18	3,99	4,68	61,06	5,69	23,25
980	01.08.20 05:53:19	3,95	4,65	49,12	-16,23	24,64
981	01.08.20 05:53:20	3,92	4,65	37,61	-14,07	38,32
982	01.08.20 05:53:21	3,81	4,68	73,32	1,35	15,33
983	01.08.20 05:53:22	3,73	4,70	80,61	1,25	8,14
984	01.08.20 05:53:23	3,73	4,70	74,17	8,72	7,10
985	01.08.20 05:53:24	3,70	4,69	64,71	12,68	12,61
986	01.08.20 05:53:25	3,70	4,69	61,25	11,74	17,01
987	01.08.20 05:53:26	3,70	4,69	58,52	6,49	24,99
988	01.08.20 05:53:27	3,66	4,64	59,87	-0,10	30,03
989	01.08.20 05:53:28	3,66	4,64	67,42	9,10	13,47
990	01.08.20 05:53:29	3,66	4,67	59,94	10,53	19,53
991	01.08.20 05:53:30	3,66	4,71	53,46	14,81	21,73
992	01.08.20 05:53:31	3,62	4,66	50,10	-1,95	37,95
993	01.08.20 05:53:32	3,62	4,68	43,72	-26,00	20,28
994	01.08.20 05:53:33	3,59	4,70	54,42	-22,11	13,47
995	01.08.20 05:53:34	3,59	4,68	55,22	-19,19	15,59
996	01.08.20 05:53:35	3,59	4,63	52,83	-18,94	18,23
997	01.08.20 05:53:36	3,59	4,61	51,22	-20,11	18,66
998	01.08.20 05:53:37	3,59	4,59	52,00	-18,99	19,00
999	01.08.20 05:53:38	3,55	4,58	57,43	-16,47	16,10
1000	01.08.20 05:53:39	3,55	4,58	59,04	-15,04	15,92
1001	01.08.20 05:53:40	3,55	4,54	56,86	-15,01	18,13
1002	01.08.20 05:53:41	3,55	4,49	53,16	-15,29	21,55
1003	01.08.20 05:53:42	3,55	4,42	53,45	-16,51	20,04
1004	01.08.20 05:53:43	3,51	4,42	54,04	-15,64	20,32
1005	01.08.20 05:53:44	3,51	4,30	50,06	-16,06	23,89
1006	01.08.20 05:53:45	3,51	4,25	49,60	-16,78	23,62
1007	01.08.20 05:53:46	3,51	4,23	51,48	-17,02	21,50
1008	01.08.20 05:53:47	3,51	4,16	51,38	-16,54	22,08
1009	01.08.20 05:53:48	3,51	4,09	48,93	-16,10	24,97
1010	01.08.20 05:53:49	3,48	3,99	48,08	-17,30	24,63
1011	01.08.20 05:53:50	3,48	3,99	53,09	-14,32	22,59
1012	01.08.20 05:53:51	3,48	3,95	52,81	-15,10	22,10
1013	01.08.20 05:53:52	3,48	3,85	49,89	-15,18	24,93
1014	01.08.20 05:53:53	3,44	3,78	49,85	-14,35	25,80
1015	01.08.20 05:53:54	3,44	3,75	54,16	-13,06	22,78
1016	01.08.20 05:53:55	3,44	3,73	54,96	-12,77	22,27
1017	01.08.20 05:53:56	3,44	3,64	51,71	-13,98	24,31
1018	01.08.20 05:53:57	3,44	3,57	48,85	-14,61	26,54
1019	01.08.20 05:53:58	3,44	3,52	50,89	-12,94	26,17
1020	01.08.20 05:53:59	3,44	3,47	53,24	-11,64	25,12
1021	01.08.20 05:54:00	3,44	3,40	52,62	-10,68	26,70
1022	01.08.20 05:54:01	3,44	3,36	53,30	-7,79	28,90
1023	01.08.20 05:54:02	3,44	3,29	52,28	-8,02	29,70
1024	01.08.20 05:54:03	3,44	3,19	49,69	-7,71	32,60
1025	01.08.20 05:54:04	3,44	3,17	52,05	-6,51	31,44
1026	01.08.20 05:54:05	3,44	3,15	56,00	-6,15	27,85
1027	01.08.20 05:54:06	3,44	3,08	54,32	-7,01	28,67
1028	01.08.20 05:54:07	3,44	3,01	51,06	-7,02	31,92
1029	01.08.20 05:54:08	3,44	2,94	52,50	-5,23	32,27
1030	01.08.20 05:54:09	3,44	2,89	53,65	-2,06	34,30
1031	01.08.20 05:54:10	3,48	2,87	54,47	-1,91	33,62
1032	01.08.20 05:54:11	3,51	2,78	52,68	-3,34	33,98
1033	01.08.20 05:54:12	3,51	2,73	52,30	-3,06	34,64
1034	01.08.20 05:54:13	3,55	2,69	53,85	-3,42	32,73
1035	01.08.20 05:54:14	3,59	2,62	48,85	-5,71	35,44
1036	01.08.20 05:54:15	3,59	2,58	49,42	0,54	40,04
1037	01.08.20 05:54:16	3,62	2,56	43,71	7,40	38,89
1038	01.08.20 05:54:17	3,62	2,54	42,41	8,26	39,33
1039	01.08.20 05:54:18	3,66	2,47	38,99	11,76	39,25
1040	01.08.20 05:54:19	3,70	2,38	37,00	14,70	38,29
1041	01.08.20 05:54:20	3,84	2,32	36,78	16,38	36,84
1042	01.08.20 05:54:21	3,92	2,29	36,30	15,70	38,00
1043	01.08.20 05:54:22	3,99	2,22	35,92	16,17	37,91
1044	01.08.20 05:54:23	4,06	2,18	35,70	15,56	38,74
1045	01.08.20 05:54:24	4,14	2,14	34,32	16,10	39,58
1046	01.08.20 05:54:25	4,21	2,08	37,76	13,87	38,37
1047	01.08.20 05:54:26	4,28	2,04	41,37	12,96	35,67
1048	01.08.20 05:54:27	4,35	1,98	41,06	10,84	38,10
1049	01.08.20 05:54:28	4,43	1,94	43,59	7,13	39,28
1050	01.08.20 05:54:29	4,54	1,95	42,36	7,31	40,32
1051	01.08.20 05:54:30	4,61	1,87	43,15	7,35	39,50
1052	01.08.20 05:54:31	4,64	1,85	42,86	7,80	39,35
1053	01.08.20 05:54:32	4,72	1,85	43,92	6,16	39,93
1054	01.08.20 05:54:33	4,82	1,75	45,73	5,78	38,49
1055	01.08.20 05:54:34	4,93	1,64	46,67	7,58	35,75
1056	01.08.20 05:54:35	5,04	1,63	43,40	7,99	38,61
1057	01.08.20 05:54:36	5,11	1,59	39,27	9,82	40,91
1058	01.08.20 05:54:37	5,15	1,50	39,25	11,05	39,70
1059	01.08.20 05:54:38	5,25	1,51	39,26	12,38	38,36
1060	01.08.20 05:54:39	5,43	1,53	38,80	12,69	38,52
1061	01.08.20 05:54:40	5,71	1,37	29,88	15,42	44,69
1062	01.08.20 05:54:41	5,99	1,19	39,69	8,75	41,56
1063	01.08.20 05:54:42	6,31	1,15	34,28	11,31	44,41
1064	01.08.20 05:54:43	6,59	1,07	35,12	12,84	42,05
1065	01.08.20 05:54:44	6,83	1,09	38,10	11,07	40,83
1066	01.08.20 05:54:45	7,07	0,95	30,56	12,54	46,90
1067	01.08.20 05:54:46	7,28	0,86	28,36	12,52	49,13
1068	01.08.20 05:54:47	7,55	0,81	30,27	16,03	43,70
1069	01.08.20 05:54:48	7,79	0,77	37,53	11,37	41,10
1070	01.08.20 05:54:49	7,99	0,74	31,51	13,42	45,08
1071	01.08.20 05:54:50	8,12	0,73	29,45	12,57	47,98
1072	01.08.20 05:54:51	8,29	0,63	29,60	14,39	46,01
1073	01.08.20 05:54:52	8,46	0,63	37,41	12,14	40,45
1074	01.08.20 05:54:53	8,59	0,64	36,25	15,47	38,28
1075	01.08.20 05:54:54	8,69	0,56	34,58	17,70	37,72
1076	01.08.20 05:54:55	8,86	0,55	32,23	15,17	42,60
1077	01.08.20 05:54:56	9,16	0,41	31,49	13,64	44,86
1078	01.08.20 05:54:57	9,45	0,32	36,06	11,32	42,62
1079	01.08.20 05:54:58	9,72	0,32	37,11	10,63	42,26
1080	01.08.20 05:54:59	9,98	0,20	40,33	6,15	43,52
1081	01.08.20 05:55:00	10,17	0,18	38,86	4,25	46,89
1082	01.08.20 05:55:01	10,40	0,11	32,18	5,13	52,70
1083	01.08.20 05:55:02	10,66	0,04	33,49	5,54	50,97
1084	01.08.20 05:55:03	10,85	0,06	31,32	7,39	51,28
1085	01.08.20 05:55:04	11,05	0,00	29,56	6,40	54,04
1086	01.08.20 05:55:05	11,30	0,00	29,04	7,13	53,83
1087	01.08.20 05:55:06	11,49	0,00	24,38	9,81	55,80
1088	01.08.20 05:55:07	11,68	0,00	27,62	11,25	51,12
1089	01.08.20 05:55:08	11,78	0,00	25,88	11,64	52,47
1090	01.08.20 05:55:09	11,81	0,00	27,67	11,79	50,54
1091	01.08.20 05:55:10	12,00	0,00	21,83	14,10	54,07
1092	01.08.20 05:55:11	12,13	0,00	19,85	17,05	53,10
1093	01.08.20 05:55:12	12,19	0,00	30,72	6,52	52,76
1094	01.08.20 05:55:13	12,25	0,00	29,71	11,12	49,18
1095	01.08.20 05:55:14	12,32	0,00	24,22	12,01	53,76
1096	01.08.20 05:55:15	12,38	0,00	23,28	11,04	55,68
1097	01.08.20 05:55:16	12,54	0,00	20,30	13,00	56,70
1098	01.08.20 05:55:17	12,66	0,00	25,35	8,34	56,30
1099	01.08.20 05:55:18	12,79	0,00	25,87	5,38	58,74
1100	01.08.20 05:55:19	12,88	0,00	23,97	7,83	58,21
1101	01.08.20 05:55:20	12,98	0,00	26,49	4,45	59,06
1102	01.08.20 05:55:21	13,07	0,00	31,08	2,57	56,35
1103	01.08.20 05:55:22	13,19	0,00	25,84	8,07	56,09
1104	01.08.20 05:55:23	13,32	0,00	25,81	8,89	55,29
1105	01.08.20 05:55:24	13,38	0,00	17,04	23,03	49,93
1106	01.08.20 05:55:25	13,47	0,00	24,95	-4,91	60,15
1107	01.08.20 05:55:26	13,50	0,00	33,28	-2,62	54,10
1108	01.08.20 05:55:27	13,57	0,00	35,30	8,48	46,22
1109	01.08.20 05:55:28	13,63	0,00	35,21	4,89	49,90
1110	01.08.20 05:55:29	13,66	0,00	33,19	6,67	50,14
1111	01.08.20 05:55:30	13,69	0,00	19,79	13,18	57,03
1112	01.08.20 05:55:31	13,72	0,01	16,26	16,27	57,47
1113	01.08.20 05:55:32	13,75	0,01	32,00	3,36	54,64
1114	01.08.20 05:55:33	13,85	0,00	19,98	26,66	43,35
1115	01.08.20 05:55:34	13,88	0,08	34,46	9,85	45,69
1116	01.08.20 05:55:35	13,94	0,00	29,34	10,65	50,02
1117	01.08.20 05:55:36	14,00	0,00	45,07	-10,53	34,40
1118	01.08.20 05:55:37	14,09	0,00	26,73	2,97	60,30
1119	01.08.20 05:55:38	14,15	0,00	26,91	-0,06	63,03
1120	01.08.20 05:55:39	14,25	0,00	11,14	14,46	64,40
1121	01.08.20 05:55:40	14,31	0,00	19,43	6,89	63,68
1122	01.08.20 05:55:41	14,37	0,00	20,48	6,14	63,38
1123	01.08.20 05:55:42	14,46	0,00	20,20	6,59	63,21
1124	01.08.20 05:55:43	14,58	0,00	32,61	-6,96	50,43
1125	01.08.20 05:55:44	14,68	0,00	20,11	-0,06	69,83
1126	01.08.20 05:55:45	14,71	0,00	19,71	5,85	64,43
1127	01.08.20 05:55:46	14,80	0,00	19,86	4,14	66,00
1128	01.08.20 05:55:47	14,83	0,00	21,56	-0,49	67,94
1129	01.08.20 05:55:48	14,86	0,00	18,98	-3,59	67,43
1130	01.08.20 05:55:49	14,95	0,00	13,43	-2,66	73,90
1131	01.08.20 05:55:50	15,04	0,00	22,34	-1,30	66,37
1132	01.08.20 05:55:51	15,13	0,00	28,43	7,25	54,32
1133	01.08.20 05:55:52	15,20	0,00	26,07	1,35	62,58
1134	01.08.20 05:55:53	15,26	0,00	19,15	-3,40	67,45
1135	01.08.20 05:55:54	15,29	0,00	23,41	-6,47	60,12
1136	01.08.20 05:55:55	15,35	0,00	16,31	3,73	69,96
1137	01.08.20 05:55:56	15,38	0,00	25,17	7,67	57,16
1138	01.08.20 05:55:57	15,44	0,00	36,95	-8,02	45,03
1139	01.08.20 05:55:58	15,50	0,00	18,45	-6,66	64,89
1140	01.08.20 05:55:59	15,53	0,00	44,15	1,74	44,11
1141	01.08.20 05:56:00	15,59	0,00	26,58	-2,26	61,16
1142	01.08.20 05:56:01	15,59	0,00	42,13	-12,37	35,50
1143	01.08.20 05:56:02	15,65	0,00	14,72	51,56	23,73
1144	01.08.20 05:56:03	15,65	0,00	27,91	19,02	43,07
1145	01.08.20 05:56:04	15,68	0,01	35,23	8,32	46,44
1146	01.08.20 05:56:05	15,71	0,01	69,24	-3,55	17,21
1147	01.08.20 05:56:06	15,71	0,06	57,19	7,21	25,60
1148	01.08.20 05:56:07	15,74	0,00	62,01	26,25	1,75
1149	01.08.20 05:56:08	15,80	0,00	30,00	3,95	56,05
1150	01.08.20 05:56:09	15,80	0,06	38,67	3,25	48,08
1151	01.08.20 05:56:10	15,83	0,08	55,13	-0,87	34,00
1152	01.08.20 05:56:11	15,83	0,01	85,32	4,05	-0,63
1153	01.08.20 05:56:12	15,83	0,01	56,02	-11,48	22,50
1154	01.08.20 05:56:13	15,83	0,04	75,63	-2,24	12,13
1155	01.08.20 05:56:14	15,89	0,00	87,75	0,57	1,68
1156	01.08.20 05:56:15	15,89	0,06	78,36	-8,10	3,54
1157	01.08.20 05:56:16	15,86	0,06	73,39	-0,06	-16,56
1158	01.08.20 05:56:17	15,80	0,01	54,95	-18,29	-16,76
1159	01.08.20 05:56:18	15,83	0,04	79,08	-7,04	3,88
1160	01.08.20 05:56:19	15,95	0,13	77,60	-4,93	7,48
1161	01.08.20 05:56:20	16,11	0,06	84,01	-2,34	3,65
1162	01.08.20 05:56:21	16,14	0,01	65,01	19,69	5,31
1163	01.08.20 05:56:22	16,11	0,06	62,21	22,17	5,62
1164	01.08.20 05:56:23	16,02	0,08	59,49	14,67	15,84
1165	01.08.20 05:56:24	15,95	0,11	17,73	43,91	28,36
1166	01.08.20 05:56:25	15,86	0,11	8,75	66,88	14,37
1167	01.08.20 05:56:26	15,80	0,13	10,03	61,31	18,67
1168	01.08.20 05:56:27	15,77	0,13	14,11	61,08	14,81
1169	01.08.20 05:56:28	15,71	0,15	21,55	39,49	28,96
1170	01.08.20 05:56:29	15,68	0,18	38,15	7,56	44,30
1171	01.08.20 05:56:30	15,65	0,15	58,49	25,09	6,42
1172	01.08.20 05:56:31	15,62	0,18	55,90	29,60	4,50
1173	01.08.20 05:56:32	15,59	0,18	53,53	28,96	7,51
1174	01.08.20 05:56:33	15,53	0,18	72,94	12,25	4,82
1175	01.08.20 05:56:34	15,50	0,20	75,95	8,64	5,41
1176	01.08.20 05:56:35	15,47	0,22	73,24	12,06	4,70
1177	01.08.20 05:56:36	15,47	0,22	27,10	42,74	20,16
1178	01.08.20 05:56:37	15,44	0,22	-4,80	3,76	81,44
1179	01.08.20 05:56:38	15,41	0,20	-9,90	6,62	73,49
1180	01.08.20 05:56:39	15,38	0,22	-9,19	1,69	79,12
1181	01.08.20 05:56:40	15,38	0,22	-5,06	1,28	83,66
1182	01.08.20 05:56:41	15,38	0,22	-16,88	-1,45	71,67
1183	01.08.20 05:56:42	15,35	0,22	-12,73	-0,64	76,63
1184	01.08.20 05:56:43	15,35	0,25	-9,38	0,73	79,89
1185	01.08.20 05:56:44	15,32	0,22	-8,91	2,04	79,05
1186	01.08.20 05:56:45	15,32	0,25	-6,12	-1,83	82,05
1187	01.08.20 05:56:46	15,32	0,25	-6,31	2,08	81,60
1188	01.08.20 05:56:47	15,29	0,27	-12,45	1,66	75,88
1189	01.08.20 05:56:48	15,29	0,25	-67,20	-8,86	-13,94
1190	01.08.20 05:56:49	15,29	0,27	-67,07	5,98	16,95
1191	01.08.20 05:56:50	15,26	0,27	-61,50	-17,84	10,66
1192	01.08.20 05:56:51	15,26	0,29	-60,48	-23,34	6,17
1193	01.08.20 05:56:52	15,26	0,29	-60,41	-21,60	7,99
1194	01.08.20 05:56:53	15,23	0,29	-60,37	-18,69	10,94
1195	01.08.20 05:56:54	15,23	0,29	-60,26	-18,88	10,86
1196	01.08.20 05:56:55	15,20	0,29	-61,87	-21,70	6,43
1197	01.08.20 05:56:56	15,20	0,29	-61,16	-21,55	7,29
1198	01.08.20 05:56:57	15,17	0,29	-61,05	-18,50	10,45
1199	01.08.20 05:56:58	15,17	0,32	-82,58	0,31	7,11
1200	01.08.20 05:56:59	15,17	0,29	-65,24	-24,01	0,75
1201	01.08.20 05:57:00	15,13	0,29	-69,75	-6,89	13,35
1202	01.08.20 05:57:01	15,13	0,29	-77,03	6,39	-6,57
1203	01.08.20 05:57:02	15,13	0,29	-74,73	12,02	-3,25
1204	01.08.20 05:57:03	15,13	0,32	-50,42	33,99	5,59
1205	01.08.20 05:57:04	15,13	0,29	-42,61	33,80	13,59
1206	01.08.20 05:57:05	15,10	0,32	-47,11	14,98	-27,91
1207	01.08.20 05:57:06	15,10	0,29	-61,67	-4,88	-23,44
1208	01.08.20 05:57:07	15,10	0,32	-57,43	-7,48	-25,09
1209	01.08.20 05:57:08	15,10	0,32	-62,05	-6,39	-21,55
1210	01.08.20 05:57:09	15,10	0,32	-60,82	-6,47	-22,71
1211	01.08.20 05:57:10	15,10	0,29	-58,56	-6,05	-25,40
1212	01.08.20 05:57:11	15,10	0,32	-57,85	-5,95	-26,20
1213	01.08.20 05:57:12	15,10	0,29	-56,44	-6,96	-26,60
1214	01.08.20 05:57:13	15,07	0,32	-56,74	-5,79	-27,47
1215	01.08.20 05:57:14	15,07	0,32	-53,45	-8,39	-28,16
1216	01.08.20 05:57:15	15,07	0,32	-51,07	-5,90	-33,03
1217	01.08.20 05:57:16	15,07	0,32	-54,57	-5,04	-30,39
1218	01.08.20 05:57:17	15,07	0,32	-57,84	-6,59	-25,57
1219	01.08.20 05:57:18	15,07	0,29	-57,50	-5,81	-26,69
1220	01.08.20 05:57:19	15,07	0,32	-58,71	-9,15	-22,15
1221	01.08.20 05:57:20	15,07	0,32	-49,89	-12,84	-27,27
1222	01.08.20 05:57:21	15,07	0,32	-59,59	-6,88	-23,53
1223	01.08.20 05:57:22	15,07	0,32	-56,99	-6,63	-26,38
1224	01.08.20 05:57:23	15,07	0,29	-58,09	-8,10	-23,81
1225	01.08.20 05:57:24	15,07	0,32	-59,39	-6,82	-23,79
1226	01.08.20 05:57:25	15,07	0,32	-55,96	-7,30	-26,74
1227	01.08.20 05:57:26	15,07	0,32	-56,62	-6,84	-26,54
1228	01.08.20 05:57:27	15,07	0,32	-61,30	-5,66	-23,04
1229	01.08.20 05:57:28	15,07	0,34	-58,14	-5,53	-26,32
1230	01.08.20 05:57:29	15,07	0,32	-56,68	-6,45	-26,87
1231	01.08.20 05:57:30	15,07	0,32	-56,55	-7,69	-25,76
1232	01.08.20 05:57:31	15,07	0,34	-55,14	-7,28	-27,59
1233	01.08.20 05:57:32	15,07	0,32	-58,63	-6,63	-24,73
1234	01.08.20 05:57:33	15,07	0,32	-58,28	-6,83	-24,88
1235	01.08.20 05:57:34	15,07	0,32	-57,40	-5,11	-27,49
1236	01.08.20 05:57:35	15,10	0,32	-61,41	-6,28	-22,31
1237	01.08.20 05:57:36	15,10	0,32	-59,25	-4,18	-26,56
1238	01.08.20 05:57:37	15,10	0,32	-41,65	-8,95	-39,40
1239	01.08.20 05:57:38	15,10	0,32	-38,21	14,78	-37,01
1240	01.08.20 05:57:39	15,10	0,32	-66,72	-4,88	-18,39
1241	01.08.20 05:57:40	15,10	0,32	-56,99	-7,05	-25,96
1242	01.08.20 05:57:41	15,10	0,32	-59,56	-5,84	-24,60
1243	01.08.20 05:57:42	15,10	0,32	-57,52	-6,46	-26,02
1244	01.08.20 05:57:43	15,10	0,32	-54,82	-7,49	-27,69
1245	01.08.20 05:57:44	15,10	0,32	-54,91	-9,57	-25,52
1246	01.08.20 05:57:45	15,10	0,32	-43,76	-8,28	-37,96
1247	01.08.20 05:57:46	15,10	0,32	-56,66	-7,07	-26,27
1248	01.08.20 05:57:47	15,10	0,32	-53,17	-13,38	-23,45
1249	01.08.20 05:57:48	15,10	0,32	-54,03	-11,60	-24,36
1250	01.08.20 05:57:49	15,10	0,32	-56,64	-8,14	-25,22
1251	01.08.20 05:57:50	15,13	0,32	-55,63	-7,88	-26,48
1252	01.08.20 05:57:51	15,10	0,32	-56,80	-12,34	-20,86
1253	01.08.20 05:57:52	15,13	0,32	-55,51	-11,51	-22,98
1254	01.08.20 05:57:53	15,13	0,32	-57,51	-10,10	-22,39
1255	01.08.20 05:57:54	15,13	0,32	-54,25	-9,86	-25,89
1256	01.08.20 05:57:55	15,13	0,32	-53,03	-10,81	-26,16
1257	01.08.20 05:57:56	15,13	0,34	-54,75	-8,69	-26,56
1258	01.08.20 05:57:57	15,13	0,32	-60,60	-9,42	-19,98
1259	01.08.20 05:57:58	15,13	0,32	-57,33	-14,45	-18,22
1260	01.08.20 05:57:59	15,13	0,32	-58,44	-19,59	-11,98
1261	01.08.20 05:58:00	15,13	0,29	-56,37	-6,51	-27,12
1262	01.08.20 05:58:01	15,13	0,32	-58,34	-6,47	-25,19
1263	01.08.20 05:58:02	15,13	0,32	-53,75	-8,16	-28,09
1264	01.08.20 05:58:03	15,13	0,32	-51,27	-13,52	-25,20
1265	01.08.20 05:58:04	15,13	0,32	-58,11	-7,27	-24,62
1266	01.08.20 05:58:05	15,17	0,32	-56,84	-7,00	-26,15
1267	01.08.20 05:58:06	15,17	0,32	-50,49	-16,52	-23,00
1268	01.08.20 05:58:07	15,17	0,32	-56,69	-15,19	-18,12
1269	01.08.20 05:58:08	15,17	0,32	-56,48	-9,71	-23,82
1270	01.08.20 05:58:09	15,17	0,32	-56,62	-7,55	-25,83
1271	01.08.20 05:58:10	15,17	0,32	-58,99	-6,03	-24,98
1272	01.08.20 05:58:11	15,17	0,29	-45,42	18,76	-25,83
1273	01.08.20 05:58:12	15,20	0,32	-10,37	53,18	-26,45
1274	01.08.20 05:58:13	15,20	0,32	-11,36	54,51	-24,13
1275	01.08.20 05:58:14	15,20	0,29	-10,73	64,45	-14,82
1276	01.08.20 05:58:15	15,20	0,29	-13,24	60,52	-16,24
1277	01.08.20 05:58:16	15,20	0,32	-13,66	54,01	-22,33
1278	01.08.20 05:58:17	15,20	0,32	-14,58	52,10	-23,32
1279	01.08.20 05:58:18	15,23	0,34	-13,60	60,48	-15,93
1280	01.08.20 05:58:19	15,23	0,34	-12,66	62,55	-14,80
1281	01.08.20 05:58:20	15,23	0,34	-14,23	54,13	-21,65
1282	01.08.20 05:58:21	15,23	0,34	-14,11	53,38	-22,50
1283	01.08.20 05:58:22	15,23	0,34	-13,21	60,38	-16,41
1284	01.08.20 05:58:23	15,23	0,34	-13,86	59,55	-16,59
1285	01.08.20 05:58:24	15,23	0,32	-15,22	54,27	-20,50
1286	01.08.20 05:58:25	15,23	0,32	-12,89	57,14	-19,97
1287	01.08.20 05:58:26	15,23	0,32	-12,61	59,21	-18,18
1288	01.08.20 05:58:27	15,23	0,32	-14,19	56,37	-19,44
1289	01.08.20 05:58:28	15,26	0,32	-14,52	57,10	-18,38
1290	01.08.20 05:58:29	15,26	0,32	-14,18	58,05	-17,77
1291	01.08.20 05:58:30	15,26	0,34	-13,38	57,21	-19,40
1292	01.08.20 05:58:31	15,26	0,32	-14,18	55,25	-20,57
1293	01.08.20 05:58:32	15,26	0,34	-14,95	56,83	-18,22
1294	01.08.20 05:58:33	15,26	0,34	-13,34	60,39	-16,27
1295	01.08.20 05:58:34	15,26	0,32	-13,62	56,14	-20,24
1296	01.08.20 05:58:35	15,29	0,32	-14,84	54,35	-20,81
1297	01.08.20 05:58:36	15,29	0,34	-14,64	57,73	-17,64
1298	01.08.20 05:58:37	15,29	0,32	-13,88	59,04	-17,08
1299	01.08.20 05:58:38	15,29	0,32	-13,62	57,96	-18,42
1300	01.08.20 05:58:39	15,29	0,32	-13,82	54,63	-21,54
1301	01.08.20 05:58:40	15,29	0,32	-15,12	54,85	-20,02
1302	01.08.20 05:58:41	15,29	0,32	-15,32	59,78	-14,90
1303	01.08.20 05:58:42	15,29	0,32	-13,20	58,93	-17,87
1304	01.08.20 05:58:43	15,29	0,34	-12,74	54,88	-22,37
1305	01.08.20 05:58:44	15,32	0,32	-15,00	55,03	-19,97
1306	01.08.20 05:58:45	15,32	0,32	-15,54	58,18	-16,28
1307	01.08.20 05:58:46	15,32	0,34	-13,28	58,99	-17,74
1308	01.08.20 05:58:47	15,32	0,32	-12,26	57,67	-20,07
1309	01.08.20 05:58:48	15,32	0,34	-13,05	58,06	-18,89
1310	01.08.20 05:58:49	15,32	0,34	-13,14	64,11	-12,75
1311	01.08.20 05:58:50	15,32	0,32	-12,45	60,84	-16,70
1312	01.08.20 05:58:51	15,35	0,32	-10,66	59,79	-19,55
1313	01.08.20 05:58:52	15,35	0,32	-8,74	61,89	-19,36
1314	01.08.20 05:58:53	15,35	0,32	-11,57	60,04	-18,39
1315	01.08.20 05:58:54	15,35	0,34	-12,84	59,08	-18,08
1316	01.08.20 05:58:55	15,35	0,32	-10,38	62,92	-16,70
1317	01.08.20 05:58:56	15,35	0,32	-10,58	59,84	-19,58
1318	01.08.20 05:58:57	15,38	0,32	-12,43	57,35	-20,23
1319	01.08.20 05:58:58	15,38	0,32	-12,11	61,51	-16,37
1320	01.08.20 05:58:59	15,38	0,29	-10,81	62,40	-16,80
1321	01.08.20 05:59:00	15,38	0,29	-10,57	58,41	-21,02
1322	01.08.20 05:59:01	15,38	0,32	-12,31	58,61	-19,08
1323	01.08.20 05:59:02	15,38	0,34	-10,50	62,47	-17,03
1324	01.08.20 05:59:03	15,41	0,32	-10,09	60,98	-18,92
1325	01.08.20 05:59:04	15,41	0,29	-11,59	58,96	-19,45
1326	01.08.20 05:59:05	15,41	0,32	-13,18	58,79	-18,03
1327	01.08.20 05:59:06	15,41	0,29	-11,23	61,41	-17,36
1328	01.08.20 05:59:07	15,41	0,29	-10,02	61,36	-18,62
1329	01.08.20 05:59:08	15,41	0,32	-12,41	57,94	-19,65
1330	01.08.20 05:59:09	15,44	0,34	-12,00	60,80	-17,20
1331	01.08.20 05:59:10	15,44	0,34	-11,14	60,49	-18,37
1332	01.08.20 05:59:11	15,44	0,34	-9,76	59,49	-20,75
1333	01.08.20 05:59:12	15,44	0,36	-10,40	61,94	-17,66
1334	01.08.20 05:59:13	15,44	0,32	-12,10	59,66	-18,24
1335	01.08.20 05:59:14	15,47	0,32	-11,22	59,46	-19,32
1336	01.08.20 05:59:15	15,47	0,34	-10,64	60,99	-18,36
1337	01.08.20 05:59:16	15,47	0,32	-10,99	60,15	-18,86
1338	01.08.20 05:59:17	15,47	0,34	-12,25	58,50	-19,25
1339	01.08.20 05:59:18	15,47	0,32	-12,16	60,28	-17,57
1340	01.08.20 05:59:19	15,47	0,32	-10,41	62,18	-17,41
1341	01.08.20 05:59:20	15,50	0,34	-11,13	58,88	-19,99
1342	01.08.20 05:59:21	15,50	0,32	-11,84	58,59	-19,57
1343	01.08.20 05:59:22	15,50	0,32	-10,21	61,17	-18,62
1344	01.08.20 05:59:23	15,50	0,32	-9,65	62,10	-18,25
1345	01.08.20 05:59:24	15,50	0,32	-11,47	60,09	-18,44
1346	01.08.20 05:59:25	15,53	0,29	-12,64	57,92	-19,44
1347	01.08.20 05:59:26	15,53	0,32	-10,73	59,48	-19,79
1348	01.08.20 05:59:27	15,53	0,32	-9,83	62,42	-17,75
1349	01.08.20 05:59:28	15,53	0,32	-11,06	62,17	-16,76
1350	01.08.20 05:59:29	15,53	0,32	-12,99	56,44	-20,57
1351	01.08.20 05:59:30	15,53	0,32	-11,93	56,90	-21,17
1352	01.08.20 05:59:31	15,53	0,32	-8,36	65,17	-16,47
1353	01.08.20 05:59:32	15,53	0,32	-10,38	63,96	-15,66
1354	01.08.20 05:59:33	15,56	0,32	-13,72	53,98	-22,30
1355	01.08.20 05:59:34	15,56	0,32	-11,35	56,62	-22,03
1356	01.08.20 05:59:35	15,56	0,32	-9,51	66,46	-14,02
1357	01.08.20 05:59:36	15,56	0,32	-11,15	60,94	-17,91
1358	01.08.20 05:59:37	15,59	0,32	-12,16	54,58	-23,26
1359	01.08.20 05:59:38	15,59	0,32	-10,55	61,81	-17,64
1360	01.08.20 05:59:39	15,59	0,29	-11,42	62,82	-15,76
1361	01.08.20 05:59:40	15,59	0,32	-12,36	57,48	-20,16
1362	01.08.20 05:59:41	15,59	0,32	-10,07	59,44	-20,48
1363	01.08.20 05:59:42	15,59	0,32	-10,16	62,32	-17,52
1364	01.08.20 05:59:43	15,59	0,32	-13,04	58,82	-18,14
1365	01.08.20 05:59:44	15,62	0,32	-11,82	58,22	-19,96
1366	01.08.20 05:59:45	15,62	0,32	-9,89	61,48	-18,63
1367	01.08.20 05:59:46	15,62	0,29	-11,35	61,61	-17,04
1368	01.08.20 05:59:47	15,62	0,29	-12,79	56,66	-20,55
1369	01.08.20 05:59:48	15,62	0,29	-11,46	59,40	-19,14
1370	01.08.20 05:59:49	15,62	0,32	-10,51	62,74	-16,75
1371	01.08.20 05:59:50	15,62	0,32	-11,43	59,05	-19,51
1372	01.08.20 05:59:51	15,65	0,29	-10,42	59,38	-20,20
1373	01.08.20 05:59:52	15,65	0,32	-11,24	60,17	-18,59
1374	01.08.20 05:59:53	15,65	0,32	-11,93	59,63	-18,44
1375	01.08.20 05:59:54	15,65	0,29	-10,61	60,56	-18,83
1376	01.08.20 05:59:55	15,65	0,32	-10,34	60,37	-19,29
1377	01.08.20 05:59:56	15,65	0,32	-11,95	58,68	-19,37
1378	01.08.20 05:59:57	15,65	0,29	-11,91	59,57	-18,52
1379	01.08.20 05:59:58	15,68	0,32	-10,88	60,84	-18,29
1380	01.08.20 05:59:59	15,68	0,32	-10,89	59,46	-19,65
1381	01.08.20 06:00:00	15,68	0,32	-10,74	60,31	-18,95
1382	01.08.20 06:00:01	15,68	0,32	-11,44	59,82	-18,74
1383	01.08.20 06:00:02	15,68	0,34	-11,16	59,58	-19,26
1384	01.08.20 06:00:03	15,68	0,32	-10,22	60,81	-18,97
1385	01.08.20 06:00:04	15,71	0,34	-11,09	59,58	-19,33
1386	01.08.20 06:00:05	15,71	0,32	-10,51	59,49	-20,00
1387	01.08.20 06:00:06	15,71	0,34	-10,21	62,04	-17,75
1388	01.08.20 06:00:07	15,71	0,32	-12,94	58,66	-18,40
1389	01.08.20 06:00:08	15,71	0,34	-11,54	57,51	-20,95
1390	01.08.20 06:00:09	15,71	0,32	-9,42	62,34	-18,24
1391	01.08.20 06:00:10	15,74	0,34	-10,65	61,65	-17,70
1392	01.08.20 06:00:11	15,74	0,32	-11,86	58,31	-19,82
1393	01.08.20 06:00:12	15,74	0,32	-12,16	57,37	-20,47
1394	01.08.20 06:00:13	15,74	0,32	-10,58	61,33	-18,09
1395	01.08.20 06:00:14	15,74	0,34	-9,40	63,15	-17,45
1396	01.08.20 06:00:15	15,77	0,32	-10,90	58,82	-20,28
1397	01.08.20 06:00:16	15,77	0,32	-12,01	56,49	-21,50
1398	01.08.20 06:00:17	15,77	0,32	-10,16	62,07	-17,77
1399	01.08.20 06:00:18	15,77	0,32	-10,15	62,91	-16,94
1400	01.08.20 06:00:19	15,77	0,32	-11,24	57,84	-20,93
1401	01.08.20 06:00:20	15,77	0,32	-11,09	57,91	-21,00
1402	01.08.20 06:00:21	15,77	0,32	-11,11	61,86	-17,03
1403	01.08.20 06:00:22	15,77	0,34	-10,87	61,27	-17,85
1404	01.08.20 06:00:23	15,80	0,32	-10,44	58,09	-21,46
1405	01.08.20 06:00:24	15,80	0,32	-9,47	59,80	-20,73
1406	01.08.20 06:00:25	15,80	0,34	-9,54	62,70	-17,76
1407	01.08.20 06:00:26	15,80	0,32	-10,94	59,65	-19,41
1408	01.08.20 06:00:27	15,80	0,32	-11,62	57,33	-21,05
1409	01.08.20 06:00:28	15,80	0,34	-10,42	61,81	-17,77
1410	01.08.20 06:00:29	15,80	0,32	-10,66	61,50	-17,84
1411	01.08.20 06:00:30	15,80	0,32	-10,56	57,94	-21,49
1412	01.08.20 06:00:31	15,83	0,32	-10,71	59,18	-20,11
1413	01.08.20 06:00:32	15,83	0,29	-10,27	62,45	-17,28
1414	01.08.20 06:00:33	15,83	0,32	-9,95	60,25	-19,80
1415	01.08.20 06:00:34	15,83	0,32	-10,73	58,15	-21,12
1416	01.08.20 06:00:35	15,83	0,32	-10,74	60,57	-18,69
1417	01.08.20 06:00:36	15,83	0,32	-10,81	62,18	-17,00
1418	01.08.20 06:00:37	15,83	0,32	-11,01	59,24	-19,76
1419	01.08.20 06:00:38	15,86	0,32	-10,22	57,42	-22,35
1420	01.08.20 06:00:39	15,86	0,32	-8,42	62,90	-18,67
1421	01.08.20 06:00:40	15,86	0,32	-11,93	60,99	-17,08
1422	01.08.20 06:00:41	15,86	0,32	-12,29	57,20	-20,51
1423	01.08.20 06:00:42	15,86	0,32	-9,07	60,09	-20,84
1424	01.08.20 06:00:43	15,86	0,32	-9,27	61,87	-18,86
1425	01.08.20 06:00:44	15,89	0,34	-12,39	59,49	-18,11
1426	01.08.20 06:00:45	15,89	0,32	-12,97	58,11	-18,92
1427	01.08.20 06:00:46	15,89	0,32	-11,19	59,12	-19,70
1428	01.08.20 06:00:47	15,89	0,32	-9,78	60,07	-20,16
1429	01.08.20 06:00:48	15,89	0,32	-10,75	61,25	-17,99
1430	01.08.20 06:00:49	15,89	0,34	-12,56	58,81	-18,63
1431	01.08.20 06:00:50	15,89	0,32	-11,15	57,98	-20,88
1432	01.08.20 06:00:51	15,89	0,34	-8,61	61,65	-19,75
1433	01.08.20 06:00:52	15,92	0,32	-8,84	61,60	-19,56
1434	01.08.20 06:00:53	15,92	0,32	-12,40	57,77	-19,83
1435	01.08.20 06:00:54	15,92	0,32	-12,36	59,08	-18,56
1436	01.08.20 06:00:55	15,92	0,34	-9,16	61,51	-19,33
1437	01.08.20 06:00:56	15,92	0,32	-9,87	59,80	-20,34
1438	01.08.20 06:00:57	15,92	0,32	-12,92	57,08	-19,99
1439	01.08.20 06:00:58	15,95	0,32	-12,71	59,39	-17,89
1440	01.08.20 06:00:59	15,95	0,32	-9,63	62,57	-17,80
1441	01.08.20 06:01:00	15,95	0,32	-9,12	59,13	-21,75
1442	01.08.20 06:01:01	15,95	0,32	-12,14	56,70	-21,16
1443	01.08.20 06:01:02	15,95	0,32	-11,76	60,47	-17,77
1444	01.08.20 06:01:03	15,95	0,32	-9,95	61,57	-18,47
1445	01.08.20 06:01:04	15,95	0,32	-10,32	58,72	-20,95
1446	01.08.20 06:01:05	15,99	0,32	-11,85	58,56	-19,58
1447	01.08.20 06:01:06	15,99	0,32	-11,11	60,17	-18,72
1448	01.08.20 06:01:07	15,99	0,32	-10,73	59,64	-19,64
1449	01.08.20 06:01:08	15,99	0,32	-9,82	60,39	-19,79
1450	01.08.20 06:01:09	15,99	0,32	-10,93	59,16	-19,91
1451	01.08.20 06:01:10	15,99	0,32	-12,10	58,23	-19,66
1452	01.08.20 06:01:11	15,99	0,32	-10,24	61,16	-18,59
1453	01.08.20 06:01:12	16,02	0,32	-10,03	59,95	-20,02
1454	01.08.20 06:01:13	16,02	0,32	-11,49	58,89	-19,63
1455	01.08.20 06:01:14	16,02	0,29	-9,95	60,51	-19,54
1456	01.08.20 06:01:15	16,02	0,32	-10,37	60,10	-19,52
1457	01.08.20 06:01:16	16,02	0,32	-73,33	12,38	-4,29
1458	01.08.20 06:01:17	16,02	0,32	-40,47	0,82	48,72
1459	01.08.20 06:01:18	16,05	0,20	-62,74	13,09	14,16
1460	01.08.20 06:01:19	16,20	0,22	-36,89	21,43	31,68
1461	01.08.20 06:01:20	16,32	0,22	9,64	54,81	25,55
1462	01.08.20 06:01:21	16,47	0,41	-29,87	-23,35	36,79
1463	01.08.20 06:01:22	16,65	0,34	-51,99	-14,49	23,52
1464	01.08.20 06:01:23	16,80	0,36	-15,82	40,29	33,88
1465	01.08.20 06:01:24	16,92	0,36	-20,39	39,97	29,64
1466	01.08.20 06:01:25	17,01	0,44	-27,37	27,83	34,80
1467	01.08.20 06:01:26	17,07	0,46	34,21	-43,74	12,05
1468	01.08.20 06:01:27	17,07	0,49	38,63	-49,87	1,50
1469	01.08.20 06:01:28	17,07	0,46	30,33	-39,80	-19,87
1470	01.08.20 06:01:29	17,13	0,41	-19,89	-29,05	41,07
1471	01.08.20 06:01:30	17,28	0,39	-27,95	-45,50	16,55
1472	01.08.20 06:01:31	17,46	0,36	-28,17	53,95	-7,87
1473	01.08.20 06:01:32	17,61	0,25	-9,49	70,69	-9,81
1474	01.08.20 06:01:33	17,82	0,18	-43,59	17,67	28,74
1475	01.08.20 06:01:34	18,05	0,20	-87,20	1,30	1,49
