#0	Date-time:	11/08/2020 7:10:55 AM
#1	Recorder:	15H1067
#2	File type:	1
#3	Columns:	7
#4	Channels:	5
#5	Field separation:	0
#6	Decimal point:	0
#7	Date def.:	0	0
#8	Time def.:	0
#9	Channel 1:	Temperature(°C)	Temp(°C)	2	1
#10	Channel 2:	Pressure(Bar)	Press(Bar)	2	1
#11	Reconvertion:	0
#14	Channel 3:	Tilt-X(°)	Tilt-X(°)	2	1
#18	Channel 4:	Tilt-Y(°)	Tilt-Y(°)	2	1
#19	Line color:	1	2	3	4
#22	Channel 5:	Tilt-Z(°)	Tilt-Z(°)	2	1
#30	Trend Type Number:	3
#33	Limit Temp. Corr. OTCR:	1
1	11.08.20 06:42:00	23,23	0,15	-21,87	2,53	65,60
2	11.08.20 06:42:01	23,23	0,15	-21,26	2,74	66,00
3	11.08.20 06:42:02	23,23	0,15	-21,27	4,18	64,55
4	11.08.20 06:42:03	23,20	0,15	-21,88	3,60	64,53
5	11.08.20 06:42:04	23,20	0,13	-22,10	1,85	66,05
6	11.08.20 06:42:05	23,20	0,15	-21,60	0,72	67,68
7	11.08.20 06:42:06	23,20	0,15	-21,46	2,04	66,50
8	11.08.20 06:42:07	23,20	0,15	-21,46	4,11	64,43
9	11.08.20 06:42:08	23,17	0,15	-21,54	3,29	65,17
10	11.08.20 06:42:09	23,17	0,13	-22,71	1,91	65,39
11	11.08.20 06:42:10	23,17	0,15	-22,50	-0,51	66,99
12	11.08.20 06:42:11	23,17	0,15	-21,53	0,00	68,47
13	11.08.20 06:42:12	23,15	0,15	-22,36	0,29	67,35
14	11.08.20 06:42:13	23,15	0,15	-22,73	0,18	67,09
15	11.08.20 06:42:14	23,15	0,15	-22,42	-0,09	67,49
16	11.08.20 06:42:15	23,15	0,15	-22,18	-0,80	67,02
17	11.08.20 06:42:16	23,15	0,15	-22,83	-1,79	65,38
18	11.08.20 06:42:17	23,12	0,15	-22,77	-2,67	64,55
19	11.08.20 06:42:18	23,12	0,13	-21,97	-1,27	66,76
20	11.08.20 06:42:19	23,12	0,15	-20,75	1,73	67,52
21	11.08.20 06:42:20	23,12	0,15	-20,93	5,48	63,59
22	11.08.20 06:42:21	23,12	0,15	-22,15	5,53	62,32
23	11.08.20 06:42:22	23,09	0,15	-22,59	3,15	64,26
24	11.08.20 06:42:23	23,09	0,18	-22,37	1,93	65,71
25	11.08.20 06:42:24	23,09	0,15	-21,06	1,99	66,95
26	11.08.20 06:42:25	23,09	0,15	-20,33	5,28	64,39
27	11.08.20 06:42:26	23,09	0,15	-21,61	4,90	63,49
28	11.08.20 06:42:27	23,09	0,15	-22,87	2,40	64,73
29	11.08.20 06:42:28	23,06	0,13	-22,60	-0,31	67,10
30	11.08.20 06:42:29	23,06	0,15	-21,58	-2,17	66,25
31	11.08.20 06:42:30	23,06	0,15	-22,57	-0,35	67,08
32	11.08.20 06:42:31	23,06	0,15	-21,89	0,97	67,14
33	11.08.20 06:42:32	23,06	0,13	-21,05	1,31	67,64
34	11.08.20 06:42:33	23,03	0,18	-22,54	2,38	65,08
35	11.08.20 06:42:34	23,03	0,15	-23,17	0,30	66,53
36	11.08.20 06:42:35	23,03	0,15	-22,77	-0,80	66,42
37	11.08.20 06:42:36	23,03	0,15	-22,42	-1,39	66,19
38	11.08.20 06:42:37	23,03	0,15	-22,40	0,95	66,65
39	11.08.20 06:42:38	23,03	0,15	-21,04	3,42	65,54
40	11.08.20 06:42:39	23,00	0,15	-20,78	5,30	63,91
41	11.08.20 06:42:40	23,00	0,15	-21,40	5,52	63,08
42	11.08.20 06:42:41	23,00	0,15	-21,83	2,82	65,35
43	11.08.20 06:42:42	23,00	0,15	-23,54	-0,12	66,34
44	11.08.20 06:42:43	23,00	0,18	-22,10	-1,40	66,50
45	11.08.20 06:42:44	22,97	0,15	-22,12	-1,86	66,02
46	11.08.20 06:42:45	22,97	0,15	-21,71	-0,42	67,87
47	11.08.20 06:42:46	22,97	0,13	-22,26	2,30	65,44
48	11.08.20 06:42:47	22,97	0,18	-21,81	2,30	65,89
49	11.08.20 06:42:48	22,97	0,15	-21,76	3,02	65,22
50	11.08.20 06:42:49	22,97	0,15	-22,12	3,77	64,11
51	11.08.20 06:42:50	22,94	0,15	-22,05	3,36	64,58
52	11.08.20 06:42:51	22,94	0,15	-21,68	3,03	65,28
53	11.08.20 06:42:52	22,94	0,15	-21,96	2,48	65,56
54	11.08.20 06:42:53	22,94	0,15	-21,95	2,54	65,51
55	11.08.20 06:42:54	22,94	0,15	-21,98	2,82	65,20
56	11.08.20 06:42:55	22,94	0,13	-22,39	0,93	66,68
57	11.08.20 06:42:56	22,91	0,15	-22,47	-0,72	66,82
58	11.08.20 06:42:57	22,91	0,15	-22,74	-0,88	66,37
59	11.08.20 06:42:58	22,91	0,15	-21,80	0,00	68,20
60	11.08.20 06:42:59	22,91	0,13	-22,61	0,94	66,45
61	11.08.20 06:43:00	22,91	0,15	-22,57	2,03	65,40
62	11.08.20 06:43:01	22,91	0,13	-22,13	2,46	65,42
63	11.08.20 06:43:02	22,91	0,15	-21,81	2,45	65,75
64	11.08.20 06:43:03	22,88	0,15	-22,63	1,65	65,72
65	11.08.20 06:43:04	22,88	0,15	-22,67	1,40	65,93
66	11.08.20 06:43:05	22,88	0,15	-22,21	0,83	66,96
67	11.08.20 06:43:06	22,88	0,15	-23,32	-0,51	66,17
68	11.08.20 06:43:07	22,88	0,15	-22,50	-1,10	66,40
69	11.08.20 06:43:08	22,85	0,15	-21,39	1,05	67,56
70	11.08.20 06:43:09	22,85	0,15	-21,66	2,94	65,39
71	11.08.20 06:43:10	22,85	0,18	-21,51	4,33	64,17
72	11.08.20 06:43:11	22,85	0,18	-21,55	5,48	62,97
73	11.08.20 06:43:12	22,85	0,18	-22,35	3,95	63,69
74	11.08.20 06:43:13	22,85	0,18	-22,17	3,37	64,46
75	11.08.20 06:43:14	22,85	0,15	-22,54	2,53	64,93
76	11.08.20 06:43:15	22,85	0,15	-22,10	2,76	65,14
77	11.08.20 06:43:16	22,83	0,15	-21,77	1,92	66,31
78	11.08.20 06:43:17	22,83	0,13	-21,97	1,65	66,38
79	11.08.20 06:43:18	22,83	0,15	-22,84	0,15	67,01
80	11.08.20 06:43:19	22,83	0,13	-22,80	-1,81	65,39
81	11.08.20 06:43:20	22,83	0,15	-21,90	-2,90	65,21
82	11.08.20 06:43:21	22,83	0,15	-21,71	-2,55	65,74
83	11.08.20 06:43:22	22,80	0,15	-22,64	-0,35	67,00
84	11.08.20 06:43:23	22,80	0,15	-21,89	2,16	65,95
85	11.08.20 06:43:24	22,80	0,15	-22,30	3,18	64,52
86	11.08.20 06:43:25	22,80	0,13	-22,59	2,18	65,23
87	11.08.20 06:43:26	22,80	0,13	-22,27	2,16	65,57
88	11.08.20 06:43:27	22,80	0,18	-22,12	3,13	64,75
89	11.08.20 06:43:28	22,80	0,15	-22,03	1,54	66,42
90	11.08.20 06:43:29	22,80	0,18	-23,46	0,15	66,39
91	11.08.20 06:43:30	22,77	0,13	-22,55	-0,57	66,88
92	11.08.20 06:43:31	22,77	0,15	-21,53	0,79	67,68
93	11.08.20 06:43:32	22,77	0,13	-22,35	3,55	64,10
94	11.08.20 06:43:33	22,77	0,15	-22,80	1,12	66,09
95	11.08.20 06:43:34	22,77	0,15	-22,46	0,42	67,12
96	11.08.20 06:43:35	22,77	0,15	-21,52	1,03	67,44
97	11.08.20 06:43:36	22,77	0,15	-22,64	1,80	65,55
98	11.08.20 06:43:37	22,74	0,13	-23,58	-0,51	65,92
99	11.08.20 06:43:38	22,74	0,13	-21,65	-3,59	64,76
100	11.08.20 06:43:39	22,74	0,13	-21,50	-3,88	64,62
101	11.08.20 06:43:40	22,74	0,13	-21,53	-1,55	66,93
102	11.08.20 06:43:41	22,74	0,13	-22,41	0,36	67,23
103	11.08.20 06:43:42	22,74	0,11	-22,54	1,16	66,30
104	11.08.20 06:43:43	22,74	0,13	-22,70	1,76	65,54
105	11.08.20 06:43:44	22,71	0,13	-22,27	2,91	64,82
106	11.08.20 06:43:45	22,71	0,13	-22,07	2,68	65,25
107	11.08.20 06:43:46	22,71	0,11	-22,21	2,24	65,55
108	11.08.20 06:43:47	22,71	0,13	-22,50	1,82	65,68
109	11.08.20 06:43:48	22,71	0,13	-22,59	1,44	65,97
110	11.08.20 06:43:49	22,71	0,13	-21,91	1,76	66,34
111	11.08.20 06:43:50	22,71	0,13	-21,93	1,71	66,36
112	11.08.20 06:43:51	22,71	0,11	-21,94	1,52	66,54
113	11.08.20 06:43:52	22,68	0,13	-22,42	1,21	66,37
114	11.08.20 06:43:53	22,68	0,11	-22,45	-0,24	67,31
115	11.08.20 06:43:54	22,68	0,11	-23,55	-0,62	65,82
116	11.08.20 06:43:55	22,68	0,13	-21,43	-1,14	67,43
117	11.08.20 06:43:56	22,68	0,13	-21,90	1,75	66,35
118	11.08.20 06:43:57	22,68	0,13	-22,49	3,36	64,15
119	11.08.20 06:43:58	22,68	0,13	-22,87	0,28	66,85
120	11.08.20 06:43:59	22,68	0,11	-22,56	-0,84	66,60
121	11.08.20 06:44:00	22,65	0,13	-22,43	0,58	66,99
122	11.08.20 06:44:01	22,65	0,11	-22,35	-0,09	67,56
123	11.08.20 06:44:02	22,65	0,13	-23,11	-0,39	66,51
124	11.08.20 06:44:03	22,65	0,11	-22,32	-0,91	66,77
125	11.08.20 06:44:04	22,65	0,13	-21,72	-0,24	68,04
126	11.08.20 06:44:05	22,65	0,13	-22,22	1,12	66,66
127	11.08.20 06:44:06	22,65	0,13	-21,74	2,70	65,55
128	11.08.20 06:44:07	22,65	0,11	-22,36	2,20	65,45
129	11.08.20 06:44:08	22,65	0,13	-22,81	0,58	66,61
130	11.08.20 06:44:09	22,62	0,13	-23,32	-0,63	66,06
131	11.08.20 06:44:10	22,62	0,13	-22,52	-0,80	66,68
132	11.08.20 06:44:11	22,62	0,13	-22,49	0,56	66,95
133	11.08.20 06:44:12	22,62	0,13	-21,91	-0,12	67,97
134	11.08.20 06:44:13	22,62	0,13	-22,13	1,49	66,38
135	11.08.20 06:44:14	22,62	0,15	-23,25	1,00	65,76
136	11.08.20 06:44:15	22,62	0,13	-22,41	-0,18	67,41
137	11.08.20 06:44:16	22,62	0,15	-22,25	1,27	66,48
138	11.08.20 06:44:17	22,62	0,13	-21,78	2,56	65,66
139	11.08.20 06:44:18	22,62	0,13	-21,58	2,77	65,65
140	11.08.20 06:44:19	22,59	0,13	-22,02	3,46	64,52
141	11.08.20 06:44:20	22,59	0,13	-23,65	0,87	65,48
142	11.08.20 06:44:21	22,59	0,13	-22,22	-1,49	66,30
143	11.08.20 06:44:22	22,59	0,15	-22,58	-1,41	66,00
144	11.08.20 06:44:23	22,59	0,13	-21,64	-1,06	67,29
145	11.08.20 06:44:24	22,59	0,13	-22,11	1,16	66,73
146	11.08.20 06:44:25	22,59	0,15	-21,96	2,40	65,63
147	11.08.20 06:44:26	22,59	0,15	-21,98	3,21	64,81
148	11.08.20 06:44:27	22,59	0,13	-21,97	3,48	64,55
149	11.08.20 06:44:28	22,56	0,13	-22,67	2,54	64,80
150	11.08.20 06:44:29	22,56	0,13	-22,52	1,58	65,90
151	11.08.20 06:44:30	22,56	0,11	-22,67	-0,69	66,64
152	11.08.20 06:44:31	22,56	0,13	-21,66	0,18	68,17
153	11.08.20 06:44:32	22,56	0,13	-22,05	0,30	67,66
154	11.08.20 06:44:33	22,56	0,15	-22,45	0,96	66,59
155	11.08.20 06:44:34	22,56	0,15	-22,71	-0,03	67,26
156	11.08.20 06:44:35	22,56	0,15	-22,27	-2,25	65,48
157	11.08.20 06:44:36	22,56	0,13	-22,14	-2,76	65,10
158	11.08.20 06:44:37	22,53	0,13	-22,06	-3,37	64,57
159	11.08.20 06:44:38	22,53	0,13	-22,62	-1,82	65,56
160	11.08.20 06:44:39	22,53	0,13	-21,78	0,45	67,77
161	11.08.20 06:44:40	22,53	0,13	-21,98	2,88	65,14
162	11.08.20 06:44:41	22,53	0,13	-21,97	4,45	63,59
163	11.08.20 06:44:42	22,53	0,13	-21,88	3,86	64,25
164	11.08.20 06:44:43	22,53	0,13	-21,68	4,10	64,23
165	11.08.20 06:44:44	22,53	0,13	-21,25	4,25	64,49
166	11.08.20 06:44:45	22,53	0,13	-21,68	3,67	64,65
167	11.08.20 06:44:46	22,51	0,13	-21,77	3,11	65,13
168	11.08.20 06:44:47	22,51	0,13	-22,49	2,32	65,19
169	11.08.20 06:44:48	22,51	0,15	-22,45	0,24	67,31
170	11.08.20 06:44:49	22,51	0,13	-22,21	-2,07	65,72
171	11.08.20 06:44:50	22,51	0,13	-22,03	-4,45	63,52
172	11.08.20 06:44:51	22,51	0,13	-21,14	-4,44	64,42
173	11.08.20 06:44:52	22,51	0,13	-21,89	-3,17	64,94
174	11.08.20 06:44:53	22,51	0,13	-21,35	-1,94	66,70
175	11.08.20 06:44:54	22,51	0,13	-21,91	1,65	66,44
176	11.08.20 06:44:55	22,48	0,15	-22,59	2,57	64,85
177	11.08.20 06:44:56	22,48	0,11	-21,62	3,09	65,29
178	11.08.20 06:44:57	22,48	0,13	-21,96	3,06	64,98
179	11.08.20 06:44:58	22,48	0,13	-21,78	3,73	64,49
180	11.08.20 06:44:59	22,48	0,13	-21,85	3,70	64,45
181	11.08.20 06:45:00	22,48	0,15	-22,14	2,51	65,35
182	11.08.20 06:45:01	22,48	0,13	-21,94	2,75	65,31
183	11.08.20 06:45:02	22,48	0,13	-21,91	1,97	66,12
184	11.08.20 06:45:03	22,48	0,15	-21,61	0,98	67,41
185	11.08.20 06:45:04	22,45	0,13	-23,33	0,64	66,03
186	11.08.20 06:45:05	22,45	0,15	-22,22	-0,97	66,81
187	11.08.20 06:45:06	22,45	0,13	-21,97	-3,04	64,99
188	11.08.20 06:45:07	22,45	0,13	-21,72	-4,25	64,02
189	11.08.20 06:45:08	22,45	0,13	-22,31	-1,69	66,00
190	11.08.20 06:45:09	22,45	0,13	-21,99	-0,39	67,62
191	11.08.20 06:45:10	22,45	0,13	-22,32	1,39	66,29
192	11.08.20 06:45:11	22,45	0,13	-22,26	2,17	65,56
193	11.08.20 06:45:12	22,45	0,13	-22,47	1,23	66,31
194	11.08.20 06:45:13	22,42	0,13	-22,53	2,64	64,83
195	11.08.20 06:45:14	22,42	0,13	-22,17	2,79	65,04
196	11.08.20 06:45:15	22,42	0,13	-22,66	2,97	64,37
197	11.08.20 06:45:16	22,42	0,13	-20,88	5,76	63,37
198	11.08.20 06:45:17	22,42	0,13	-19,73	9,82	60,45
199	11.08.20 06:45:18	22,42	0,13	-19,49	11,57	58,94
200	11.08.20 06:45:19	22,42	0,13	-20,27	10,82	58,91
201	11.08.20 06:45:20	22,42	0,13	-21,03	8,68	60,29
202	11.08.20 06:45:21	22,42	0,13	-20,55	7,71	61,74
203	11.08.20 06:45:22	22,39	0,13	-19,93	9,03	61,04
204	11.08.20 06:45:23	22,39	0,13	-18,96	11,61	59,43
205	11.08.20 06:45:24	22,39	0,15	-18,50	11,95	59,54
206	11.08.20 06:45:25	22,39	0,13	-19,97	11,17	58,87
207	11.08.20 06:45:26	22,39	0,11	-20,44	9,88	59,68
208	11.08.20 06:45:27	22,39	0,15	-20,05	8,60	61,36
209	11.08.20 06:45:28	22,39	0,13	-19,82	8,37	61,81
210	11.08.20 06:45:29	22,39	0,13	-19,68	9,29	61,03
211	11.08.20 06:45:30	22,39	0,13	-18,99	10,52	60,48
212	11.08.20 06:45:31	22,39	0,15	-18,99	9,48	61,53
213	11.08.20 06:45:32	22,36	0,15	-19,45	8,83	61,72
214	11.08.20 06:45:33	22,36	0,13	-19,82	9,06	61,12
215	11.08.20 06:45:34	22,36	0,13	-20,12	9,54	60,34
216	11.08.20 06:45:35	22,36	0,13	-19,36	10,13	60,51
217	11.08.20 06:45:36	22,36	0,15	-18,18	9,99	61,83
218	11.08.20 06:45:37	22,36	0,13	-19,52	8,16	62,32
219	11.08.20 06:45:38	22,36	0,13	-19,64	7,21	63,15
220	11.08.20 06:45:39	22,36	0,13	-20,61	6,93	62,47
221	11.08.20 06:45:40	22,36	0,15	-20,11	8,53	61,37
222	11.08.20 06:45:41	22,33	0,13	-18,25	11,67	60,08
223	11.08.20 06:45:42	22,33	0,13	-18,37	10,68	60,95
224	11.08.20 06:45:43	22,33	0,15	-20,22	7,41	62,37
225	11.08.20 06:45:44	22,33	0,13	-20,23	6,38	63,39
226	11.08.20 06:45:45	22,33	0,15	-19,89	7,96	62,16
227	11.08.20 06:45:46	22,33	0,13	-19,69	9,24	61,07
228	11.08.20 06:45:47	22,33	0,15	-18,58	8,89	62,53
229	11.08.20 06:45:48	22,33	0,13	-20,51	7,15	62,34
230	11.08.20 06:45:49	22,33	0,13	-19,82	6,41	63,77
231	11.08.20 06:45:50	22,33	0,13	-19,44	7,83	62,73
232	11.08.20 06:45:51	22,33	0,11	-19,77	8,17	62,07
233	11.08.20 06:45:52	22,33	0,13	-20,66	7,67	61,67
234	11.08.20 06:45:53	22,30	0,13	-19,73	7,43	62,85
235	11.08.20 06:45:54	22,30	0,13	-19,63	4,10	66,27
236	11.08.20 06:45:55	22,30	0,13	-22,61	1,66	65,73
237	11.08.20 06:45:56	22,30	0,13	-21,16	-0,53	68,30
238	11.08.20 06:45:57	22,30	0,13	-19,66	-2,16	68,18
239	11.08.20 06:45:58	22,30	0,13	-21,38	-4,02	64,60
240	11.08.20 06:45:59	22,30	0,13	-21,68	-4,17	64,14
241	11.08.20 06:46:00	22,30	0,11	-20,42	-2,17	67,40
242	11.08.20 06:46:01	22,30	0,13	-20,68	0,34	68,97
243	11.08.20 06:46:02	22,30	0,11	-24,79	-0,43	64,78
244	11.08.20 06:46:03	22,27	0,13	-20,21	0,92	68,87
245	11.08.20 06:46:04	22,27	0,13	-19,41	3,35	67,25
246	11.08.20 06:46:05	22,27	0,13	-24,45	1,60	63,94
247	11.08.20 06:46:06	22,27	0,11	-19,31	4,30	66,38
248	11.08.20 06:46:07	22,27	0,11	-20,20	5,89	63,91
249	11.08.20 06:46:08	22,27	0,13	-21,63	4,79	63,58
250	11.08.20 06:46:09	22,27	0,15	-20,51	4,87	64,62
251	11.08.20 06:46:10	22,27	0,11	-20,88	5,18	63,94
252	11.08.20 06:46:11	22,27	0,13	-19,79	6,22	63,99
253	11.08.20 06:46:12	22,27	0,13	-23,72	4,86	61,42
254	11.08.20 06:46:13	22,27	0,13	-17,72	5,23	67,05
255	11.08.20 06:46:14	22,27	0,13	-23,56	2,50	63,94
256	11.08.20 06:46:15	22,24	0,13	-23,37	-0,88	65,75
257	11.08.20 06:46:16	22,24	0,11	-17,18	5,05	67,76
258	11.08.20 06:46:17	22,24	0,13	-22,26	2,87	64,87
259	11.08.20 06:46:18	22,24	0,13	-23,48	-1,01	65,50
260	11.08.20 06:46:19	22,24	0,13	-18,79	2,82	68,39
261	11.08.20 06:46:20	22,24	0,13	-21,33	4,06	64,61
262	11.08.20 06:46:21	22,24	0,15	-22,42	2,74	64,84
263	11.08.20 06:46:22	22,24	0,11	-21,80	3,16	65,04
264	11.08.20 06:46:23	22,24	0,13	-20,87	4,48	64,65
265	11.08.20 06:46:24	22,24	0,13	-18,74	4,85	66,41
266	11.08.20 06:46:25	22,24	0,13	-24,57	1,79	63,64
267	11.08.20 06:46:26	22,24	0,13	-20,71	3,33	65,96
268	11.08.20 06:46:27	22,21	0,13	-19,97	4,12	65,91
269	11.08.20 06:46:28	22,21	0,13	-21,16	2,76	66,07
270	11.08.20 06:46:29	22,21	0,13	-24,14	1,92	63,94
271	11.08.20 06:46:30	22,21	0,13	-20,09	2,96	66,95
272	11.08.20 06:46:31	22,21	0,11	-22,18	3,98	63,84
273	11.08.20 06:46:32	22,21	0,13	-23,54	1,95	64,51
274	11.08.20 06:46:33	22,21	0,13	-23,39	0,66	65,95
275	11.08.20 06:46:34	22,21	0,13	-20,51	3,58	65,91
276	11.08.20 06:46:35	22,21	0,13	-22,32	4,03	63,66
277	11.08.20 06:46:36	22,21	0,13	-24,19	1,48	64,32
278	11.08.20 06:46:37	22,21	0,15	-19,51	2,84	67,65
279	11.08.20 06:46:38	22,21	0,13	-21,24	3,76	64,99
280	11.08.20 06:46:39	22,18	0,13	-24,18	2,65	63,18
281	11.08.20 06:46:40	22,18	0,18	-22,09	2,59	65,32
282	11.08.20 06:46:41	22,18	0,13	-18,05	5,05	66,91
283	11.08.20 06:46:42	22,18	0,13	-22,41	3,45	64,14
284	11.08.20 06:46:43	22,18	0,15	-24,49	0,08	65,43
285	11.08.20 06:46:44	22,18	0,15	-19,59	2,07	68,34
286	11.08.20 06:46:45	22,18	0,13	-20,40	4,85	64,75
287	11.08.20 06:46:46	22,18	0,13	-22,12	4,03	63,85
288	11.08.20 06:46:47	22,18	0,13	-20,15	0,88	68,97
289	11.08.20 06:46:48	22,18	0,13	-16,87	2,56	70,57
290	11.08.20 06:46:49	22,18	0,15	-19,05	3,99	66,96
291	11.08.20 06:46:50	22,16	0,13	-21,67	2,69	65,64
292	11.08.20 06:46:51	22,16	0,13	-18,31	3,60	68,09
293	11.08.20 06:46:52	22,16	0,13	-18,65	5,18	66,17
294	11.08.20 06:46:53	22,16	0,13	-21,11	3,41	65,47
295	11.08.20 06:46:54	22,16	0,13	-21,81	2,05	66,14
296	11.08.20 06:46:55	22,16	0,15	-18,14	4,62	67,24
297	11.08.20 06:46:56	22,16	0,13	-23,16	3,64	63,20
298	11.08.20 06:46:57	22,16	0,11	-20,38	5,19	64,43
299	11.08.20 06:46:58	22,16	0,13	-20,32	2,93	66,76
300	11.08.20 06:46:59	22,16	0,13	-24,12	2,17	63,71
301	11.08.20 06:47:00	22,16	0,13	-22,81	4,03	63,17
302	11.08.20 06:47:01	22,16	0,13	-21,50	2,38	66,12
303	11.08.20 06:47:02	22,16	0,15	-25,44	0,11	64,44
304	11.08.20 06:47:03	22,13	0,13	-21,90	4,81	63,30
305	11.08.20 06:47:04	22,13	0,13	25,53	43,51	20,96
306	11.08.20 06:47:05	22,13	0,13	27,27	59,42	-3,31
307	11.08.20 06:47:06	22,13	0,13	30,45	54,75	4,80
308	11.08.20 06:47:07	22,13	0,13	26,99	55,65	7,36
309	11.08.20 06:47:08	22,13	0,13	28,94	50,72	10,35
310	11.08.20 06:47:09	22,13	0,13	30,67	50,96	8,37
311	11.08.20 06:47:10	22,13	0,13	28,52	54,37	7,10
312	11.08.20 06:47:11	22,13	0,15	28,74	53,92	7,33
313	11.08.20 06:47:12	22,13	0,11	26,17	60,32	-3,51
314	11.08.20 06:47:13	22,13	0,13	18,12	64,17	7,71
315	11.08.20 06:47:14	22,10	0,13	29,32	59,84	0,84
316	11.08.20 06:47:15	22,10	0,13	26,95	58,40	4,64
317	11.08.20 06:47:16	22,10	0,13	23,67	63,02	3,32
318	11.08.20 06:47:17	22,10	0,13	29,99	59,25	0,76
319	11.08.20 06:47:18	22,10	0,15	30,80	52,72	-6,48
320	11.08.20 06:47:19	22,10	0,13	31,19	56,62	2,19
321	11.08.20 06:47:20	22,10	0,13	46,79	42,08	1,13
322	11.08.20 06:47:21	22,10	0,13	81,57	1,03	7,40
323	11.08.20 06:47:22	22,10	0,11	66,38	-16,30	7,33
324	11.08.20 06:47:23	22,10	0,13	56,43	-26,51	7,05
325	11.08.20 06:47:24	22,07	0,13	57,24	-24,83	7,93
326	11.08.20 06:47:25	22,07	0,15	60,61	-18,96	10,43
327	11.08.20 06:47:26	22,07	0,13	15,89	-39,13	34,98
328	11.08.20 06:47:27	22,07	0,13	77,75	-5,72	6,53
329	11.08.20 06:47:28	22,07	0,13	67,76	-13,58	8,66
330	11.08.20 06:47:29	22,07	0,13	74,46	-5,14	10,40
331	11.08.20 06:47:30	22,07	0,13	76,63	-2,46	10,91
332	11.08.20 06:47:31	22,07	0,13	78,66	-1,45	9,89
333	11.08.20 06:47:32	22,07	0,13	78,50	2,56	8,93
334	11.08.20 06:47:33	22,07	0,11	73,06	-6,42	10,52
335	11.08.20 06:47:34	22,04	0,13	73,37	-4,99	11,63
336	11.08.20 06:47:35	22,04	0,13	61,18	26,86	-1,96
337	11.08.20 06:47:36	22,04	0,15	59,78	29,20	-1,02
338	11.08.20 06:47:37	22,04	0,13	55,49	28,02	6,49
339	11.08.20 06:47:38	22,04	0,13	62,28	12,22	-15,49
340	11.08.20 06:47:39	22,04	0,13	48,30	0,24	-41,46
341	11.08.20 06:47:40	22,04	0,11	24,72	34,36	-30,92
342	11.08.20 06:47:41	22,04	0,13	17,32	27,79	-44,89
343	11.08.20 06:47:42	22,04	0,13	22,39	27,19	-40,42
344	11.08.20 06:47:43	22,04	0,13	30,06	33,79	-26,14
345	11.08.20 06:47:44	22,04	0,13	28,00	36,72	-25,28
346	11.08.20 06:47:45	22,01	0,15	28,07	31,09	-30,84
347	11.08.20 06:47:46	22,01	0,13	29,57	25,44	-35,00
348	11.08.20 06:47:47	22,01	0,13	26,78	25,69	-37,52
349	11.08.20 06:47:48	22,01	0,13	53,56	1,20	-35,23
350	11.08.20 06:47:49	22,01	0,13	34,87	9,07	-46,07
351	11.08.20 06:47:50	22,01	0,15	34,68	7,37	-47,96
352	11.08.20 06:47:51	22,01	0,13	36,85	5,01	-48,14
353	11.08.20 06:47:52	22,01	0,11	34,28	4,17	-51,56
354	11.08.20 06:47:53	22,01	0,13	34,79	4,53	-50,68
355	11.08.20 06:47:54	22,01	0,13	17,11	-10,19	-62,70
356	11.08.20 06:47:55	22,01	0,13	17,43	-6,71	-65,86
357	11.08.20 06:47:56	21,98	0,13	17,88	-5,02	-67,10
358	11.08.20 06:47:57	21,98	0,15	17,79	-3,57	-68,63
359	11.08.20 06:47:58	21,98	0,13	21,98	-3,86	-64,15
360	11.08.20 06:47:59	21,98	0,13	13,47	14,44	-62,10
361	11.08.20 06:48:00	21,98	0,13	16,25	-25,72	-48,03
362	11.08.20 06:48:01	21,98	0,13	35,45	-30,20	-24,35
363	11.08.20 06:48:02	21,98	0,13	53,18	-33,99	-2,84
364	11.08.20 06:48:03	21,89	0,18	48,22	-6,14	-35,65
365	11.08.20 06:48:04	21,25	0,33	53,77	-0,09	36,15
366	11.08.20 06:48:05	20,34	0,28	23,58	34,45	31,98
367	11.08.20 06:48:06	20,02	0,33	24,24	30,86	34,90
368	11.08.20 06:48:07	19,87	0,33	44,34	29,88	15,77
369	11.08.20 06:48:08	19,72	0,24	30,42	12,37	47,20
370	11.08.20 06:48:09	19,63	0,24	32,63	13,69	43,68
371	11.08.20 06:48:10	19,55	0,26	24,72	-12,25	53,03
372	11.08.20 06:48:11	19,46	0,30	29,04	-8,10	52,86
373	11.08.20 06:48:12	19,37	0,30	22,19	-21,78	46,03
374	11.08.20 06:48:13	19,34	0,30	19,24	-17,08	53,68
375	11.08.20 06:48:14	19,34	0,37	36,88	-7,58	45,54
376	11.08.20 06:48:15	19,25	0,35	33,28	-9,71	47,01
377	11.08.20 06:48:16	19,22	0,37	25,45	-11,70	52,85
378	11.08.20 06:48:17	19,16	0,39	27,35	-12,06	50,59
379	11.08.20 06:48:18	19,13	0,39	36,06	-7,21	46,74
380	11.08.20 06:48:19	19,07	0,39	26,56	7,98	55,46
381	11.08.20 06:48:20	19,01	0,41	27,50	-12,74	49,77
382	11.08.20 06:48:21	18,98	0,43	43,64	-9,66	36,70
383	11.08.20 06:48:22	18,92	0,43	39,44	-6,31	44,26
384	11.08.20 06:48:23	18,89	0,48	39,15	-12,28	38,56
385	11.08.20 06:48:24	18,89	0,50	41,85	-10,56	37,58
386	11.08.20 06:48:25	18,86	0,55	44,69	-11,61	33,70
387	11.08.20 06:48:26	18,84	0,59	52,21	-12,93	24,86
388	11.08.20 06:48:27	18,81	0,63	57,52	-10,46	22,02
389	11.08.20 06:48:28	18,78	0,65	48,14	-11,23	30,63
390	11.08.20 06:48:29	18,72	0,65	60,82	-8,18	21,00
391	11.08.20 06:48:30	18,72	0,74	67,37	-6,16	16,47
392	11.08.20 06:48:31	18,69	0,74	70,76	-4,03	15,21
393	11.08.20 06:48:32	18,63	0,78	77,35	-1,15	11,50
394	11.08.20 06:48:33	18,60	0,82	71,96	1,98	16,06
395	11.08.20 06:48:34	18,57	0,80	66,39	1,15	22,46
396	11.08.20 06:48:35	18,54	0,78	63,47	-2,62	23,91
397	11.08.20 06:48:36	18,54	0,80	70,17	-1,58	18,25
398	11.08.20 06:48:37	18,57	0,76	60,33	1,47	28,20
399	11.08.20 06:48:38	18,57	0,73	54,79	-3,97	31,24
400	11.08.20 06:48:39	18,57	0,73	60,42	-4,72	24,86
401	11.08.20 06:48:40	18,57	0,71	55,55	-4,47	29,98
402	11.08.20 06:48:41	18,54	0,69	44,90	-3,51	41,59
403	11.08.20 06:48:42	18,48	0,69	54,79	-2,07	33,15
404	11.08.20 06:48:43	18,48	0,67	58,68	1,09	30,23
405	11.08.20 06:48:44	18,48	0,65	48,43	-3,92	37,65
406	11.08.20 06:48:45	18,48	0,65	44,15	-9,97	35,88
407	11.08.20 06:48:46	18,48	0,63	48,81	-7,40	33,79
408	11.08.20 06:48:47	18,48	0,61	51,34	-3,49	35,17
409	11.08.20 06:48:48	18,51	0,56	43,47	3,49	43,04
410	11.08.20 06:48:49	18,51	0,56	48,26	5,16	36,58
411	11.08.20 06:48:50	18,48	0,58	51,48	14,87	23,64
412	11.08.20 06:48:51	18,42	0,48	26,88	14,87	48,25
413	11.08.20 06:48:52	18,36	0,52	40,07	1,17	48,77
414	11.08.20 06:48:53	18,27	0,56	44,40	6,06	39,54
415	11.08.20 06:48:54	18,21	0,48	31,19	8,31	50,50
416	11.08.20 06:48:55	18,18	0,45	42,78	2,11	45,11
417	11.08.20 06:48:56	18,18	0,50	46,55	3,51	39,93
418	11.08.20 06:48:57	18,15	0,48	38,82	12,70	38,48
419	11.08.20 06:48:58	18,12	0,43	32,45	4,96	52,58
420	11.08.20 06:48:59	18,12	0,45	45,46	-0,78	43,76
421	11.08.20 06:49:00	18,09	0,41	30,12	6,16	53,71
422	11.08.20 06:49:01	18,06	0,39	25,08	1,12	63,80
423	11.08.20 06:49:02	18,03	0,43	44,39	1,20	44,41
424	11.08.20 06:49:03	17,94	0,45	41,51	-4,87	43,62
425	11.08.20 06:49:04	17,94	0,43	33,82	-2,39	53,79
426	11.08.20 06:49:05	17,91	0,41	34,96	-5,04	50,00
427	11.08.20 06:49:06	17,91	0,43	43,44	0,97	45,59
428	11.08.20 06:49:07	17,88	0,43	34,84	-2,78	52,38
429	11.08.20 06:49:08	17,88	0,41	27,21	-7,02	55,77
430	11.08.20 06:49:09	17,85	0,45	52,12	-7,61	30,27
431	11.08.20 06:49:10	17,88	0,45	35,96	-10,77	43,26
432	11.08.20 06:49:11	17,85	0,45	34,42	-11,27	44,31
433	11.08.20 06:49:12	17,85	0,48	33,57	-8,16	48,27
434	11.08.20 06:49:13	17,85	0,45	32,67	-2,91	54,42
435	11.08.20 06:49:14	17,85	0,45	28,07	-12,17	49,76
436	11.08.20 06:49:15	17,85	0,48	44,01	-1,49	44,50
437	11.08.20 06:49:16	17,85	0,50	29,19	-12,43	48,38
438	11.08.20 06:49:17	17,82	0,50	39,35	-9,34	41,31
439	11.08.20 06:49:18	17,82	0,56	52,69	-5,81	31,50
440	11.08.20 06:49:19	17,82	0,56	44,10	-7,44	38,46
441	11.08.20 06:49:20	17,82	0,52	42,26	-6,50	41,24
442	11.08.20 06:49:21	17,76	0,56	47,51	-5,20	37,29
443	11.08.20 06:49:22	17,76	0,60	50,10	-3,40	36,50
444	11.08.20 06:49:23	17,70	0,56	39,21	-6,93	43,86
445	11.08.20 06:49:24	17,67	0,58	44,52	-3,68	41,80
446	11.08.20 06:49:25	17,67	0,60	54,25	-2,50	33,26
447	11.08.20 06:49:26	17,67	0,60	55,46	-2,35	32,19
448	11.08.20 06:49:27	17,67	0,58	46,08	-2,89	41,02
449	11.08.20 06:49:28	17,67	0,60	61,91	1,20	26,89
450	11.08.20 06:49:29	17,64	0,66	68,64	-1,04	20,32
451	11.08.20 06:49:30	17,61	0,66	58,21	-1,41	30,38
452	11.08.20 06:49:31	17,61	0,62	53,42	1,83	34,75
453	11.08.20 06:49:32	17,61	0,66	71,51	4,49	14,00
454	11.08.20 06:49:33	17,61	0,70	63,25	6,26	20,49
455	11.08.20 06:49:34	17,64	0,66	59,74	4,76	25,49
456	11.08.20 06:49:35	17,64	0,68	68,11	5,74	16,14
457	11.08.20 06:49:36	17,64	0,75	67,14	9,96	12,90
458	11.08.20 06:49:37	17,61	0,75	60,49	8,37	21,13
459	11.08.20 06:49:38	17,58	0,73	62,64	9,10	18,25
460	11.08.20 06:49:39	17,58	0,75	69,79	11,51	8,70
461	11.08.20 06:49:40	17,58	0,77	61,31	13,71	14,98
462	11.08.20 06:49:41	17,55	0,77	54,94	15,18	19,88
463	11.08.20 06:49:42	17,52	0,79	60,30	17,12	12,58
464	11.08.20 06:49:43	17,49	0,81	60,41	18,30	11,29
465	11.08.20 06:49:44	17,46	0,83	57,11	13,05	19,84
466	11.08.20 06:49:45	17,46	0,81	57,31	17,31	15,38
467	11.08.20 06:49:46	17,46	0,85	63,74	16,31	9,95
468	11.08.20 06:49:47	17,46	0,87	60,02	13,42	16,57
469	11.08.20 06:49:48	17,46	0,87	62,79	13,99	13,22
470	11.08.20 06:49:49	17,46	0,92	66,07	13,84	10,09
471	11.08.20 06:49:50	17,40	0,94	65,17	13,57	11,25
472	11.08.20 06:49:51	17,40	0,96	65,92	13,09	10,99
473	11.08.20 06:49:52	17,37	0,98	67,23	10,73	12,04
474	11.08.20 06:49:53	17,37	1,00	68,09	10,36	11,54
475	11.08.20 06:49:54	17,34	1,02	68,12	9,55	12,32
476	11.08.20 06:49:55	17,28	1,00	59,92	8,05	22,03
477	11.08.20 06:49:56	17,25	1,02	62,28	8,45	19,27
478	11.08.20 06:49:57	17,22	1,02	60,33	8,98	20,69
479	11.08.20 06:49:58	17,22	1,04	70,13	8,54	11,33
480	11.08.20 06:49:59	17,19	1,06	68,96	6,42	14,62
481	11.08.20 06:50:00	17,19	1,09	69,75	7,14	13,11
482	11.08.20 06:50:01	17,16	1,13	64,27	9,82	15,92
483	11.08.20 06:50:02	17,13	1,15	63,45	10,75	15,79
484	11.08.20 06:50:03	17,04	1,21	63,36	11,58	15,06
485	11.08.20 06:50:04	16,98	1,23	65,19	14,12	10,69
486	11.08.20 06:50:05	16,95	1,30	62,00	14,75	13,24
487	11.08.20 06:50:06	16,92	1,27	58,31	14,46	17,23
488	11.08.20 06:50:07	16,92	1,34	66,42	13,90	9,68
489	11.08.20 06:50:08	16,89	1,36	65,92	12,28	11,80
490	11.08.20 06:50:09	16,89	1,40	62,12	10,46	17,43
491	11.08.20 06:50:10	16,86	1,40	65,76	8,75	15,49
492	11.08.20 06:50:11	16,83	1,45	71,61	7,42	10,97
493	11.08.20 06:50:12	16,80	1,49	67,66	6,71	15,63
494	11.08.20 06:50:13	16,77	1,53	63,04	5,47	21,49
495	11.08.20 06:50:14	16,71	1,55	72,87	1,89	15,24
496	11.08.20 06:50:15	16,65	1,59	71,34	-1,62	17,04
497	11.08.20 06:50:16	16,59	1,59	60,72	-3,70	25,58
498	11.08.20 06:50:17	16,59	1,64	58,61	-5,33	26,05
499	11.08.20 06:50:18	16,59	1,64	61,25	-6,74	22,01
500	11.08.20 06:50:19	16,59	1,68	61,42	-7,31	21,27
501	11.08.20 06:50:20	16,59	1,70	55,86	-8,02	26,12
502	11.08.20 06:50:21	16,59	1,72	55,52	-8,04	26,44
503	11.08.20 06:50:22	16,59	1,74	56,74	-8,42	24,85
504	11.08.20 06:50:23	16,59	1,78	56,26	-8,45	25,29
505	11.08.20 06:50:24	16,59	1,81	54,33	-7,87	27,80
506	11.08.20 06:50:25	16,59	1,81	55,30	-6,82	27,88
507	11.08.20 06:50:26	16,62	1,81	51,97	-7,52	30,50
508	11.08.20 06:50:27	16,62	1,83	47,00	-10,07	32,93
509	11.08.20 06:50:28	16,62	1,83	47,79	-9,57	32,65
510	11.08.20 06:50:29	16,53	1,91	45,36	-9,18	35,46
511	11.08.20 06:50:30	16,23	1,89	42,75	-10,72	36,53
512	11.08.20 06:50:31	15,99	1,89	40,76	-8,11	41,13
513	11.08.20 06:50:32	15,80	1,84	38,55	-10,97	40,47
514	11.08.20 06:50:33	15,59	1,84	35,09	-9,64	45,27
515	11.08.20 06:50:34	15,50	1,77	36,01	-4,87	49,12
516	11.08.20 06:50:35	15,44	1,75	38,52	-4,31	47,17
517	11.08.20 06:50:36	15,38	1,75	31,26	-2,87	55,87
518	11.08.20 06:50:37	15,35	1,73	35,86	0,44	53,69
519	11.08.20 06:50:38	15,32	1,71	38,75	-2,76	48,48
520	11.08.20 06:50:39	15,32	1,69	40,18	-1,66	48,17
521	11.08.20 06:50:40	15,35	1,69	34,56	3,10	52,34
522	11.08.20 06:50:41	15,38	1,67	37,12	0,79	52,09
523	11.08.20 06:50:42	15,38	1,67	43,44	-0,96	45,60
524	11.08.20 06:50:43	15,41	1,67	47,86	-3,16	38,98
525	11.08.20 06:50:44	15,44	1,65	42,36	-4,50	43,14
526	11.08.20 06:50:45	15,38	1,67	44,11	-5,42	40,47
527	11.08.20 06:50:46	15,38	1,69	51,88	-1,81	36,31
528	11.08.20 06:50:47	15,35	1,69	43,78	-7,19	39,04
529	11.08.20 06:50:48	15,35	1,69	50,23	-5,54	34,23
530	11.08.20 06:50:49	15,32	1,69	50,48	-7,96	31,56
531	11.08.20 06:50:50	15,32	1,69	45,56	-8,68	35,76
532	11.08.20 06:50:51	15,32	1,69	47,10	-8,52	34,38
533	11.08.20 06:50:52	15,32	1,69	45,72	-8,68	35,60
534	11.08.20 06:50:53	15,25	1,69	44,25	-10,33	35,42
535	11.08.20 06:50:54	15,22	1,69	43,16	-8,59	38,25
536	11.08.20 06:50:55	15,19	1,69	37,68	-9,40	42,92
537	11.08.20 06:50:56	15,19	1,71	44,62	-11,45	33,94
538	11.08.20 06:50:57	15,19	1,71	40,46	-8,70	40,84
539	11.08.20 06:50:58	15,16	1,73	32,50	-14,84	42,66
540	11.08.20 06:50:59	15,13	1,73	39,89	-13,67	36,44
541	11.08.20 06:51:00	15,13	1,73	43,05	-7,85	39,10
542	11.08.20 06:51:01	15,13	1,71	34,34	-12,18	43,48
543	11.08.20 06:51:02	15,13	1,73	40,05	-10,88	39,08
544	11.08.20 06:51:03	15,13	1,75	39,50	-11,33	39,17
545	11.08.20 06:51:04	15,07	1,73	33,27	-10,64	46,10
546	11.08.20 06:51:05	15,01	1,75	37,56	-12,34	40,10
547	11.08.20 06:51:06	15,04	1,77	36,97	-13,50	39,53
548	11.08.20 06:51:07	15,01	1,73	32,69	-8,77	48,54
549	11.08.20 06:51:08	14,95	1,77	35,68	-14,54	39,77
550	11.08.20 06:51:09	14,92	1,77	36,63	-10,20	43,18
551	11.08.20 06:51:10	14,82	1,79	36,66	-9,23	44,12
552	11.08.20 06:51:11	14,76	1,81	28,89	-17,28	43,83
553	11.08.20 06:51:12	14,70	1,81	35,26	-11,04	43,70
554	11.08.20 06:51:13	14,70	1,81	30,54	-14,45	45,01
555	11.08.20 06:51:14	14,67	1,81	32,35	-12,05	45,59
556	11.08.20 06:51:15	14,67	1,81	34,54	-9,79	45,67
557	11.08.20 06:51:16	14,67	1,81	29,52	-17,31	43,17
558	11.08.20 06:51:17	14,67	1,83	31,73	-11,16	47,11
559	11.08.20 06:51:18	14,67	1,81	31,76	-9,53	48,71
560	11.08.20 06:51:19	14,67	1,83	27,81	-17,97	44,22
561	11.08.20 06:51:20	14,67	1,85	31,71	-12,11	46,18
562	11.08.20 06:51:21	14,58	1,87	30,15	-9,00	50,85
563	11.08.20 06:51:22	14,55	1,87	23,94	-17,28	48,77
564	11.08.20 06:51:23	14,55	1,89	37,35	-9,27	43,38
565	11.08.20 06:51:24	14,52	1,91	27,33	-10,44	52,23
566	11.08.20 06:51:25	14,45	1,91	27,74	-16,95	45,30
567	11.08.20 06:51:26	14,45	1,96	32,98	-11,81	45,21
568	11.08.20 06:51:27	14,42	1,91	32,55	-6,96	50,49
569	11.08.20 06:51:28	14,42	1,96	31,44	-15,77	42,79
570	11.08.20 06:51:29	14,42	1,98	35,16	-11,78	43,07
571	11.08.20 06:51:30	14,42	1,98	35,19	-7,64	47,17
572	11.08.20 06:51:31	14,39	2,00	34,04	-16,39	39,57
573	11.08.20 06:51:32	14,39	2,02	35,43	-11,42	43,15
574	11.08.20 06:51:33	14,39	2,04	37,08	-8,71	44,21
575	11.08.20 06:51:34	14,36	2,06	32,52	-14,54	42,94
576	11.08.20 06:51:35	14,30	2,04	38,08	-8,51	43,41
577	11.08.20 06:51:36	14,27	2,08	32,59	-15,94	41,46
578	11.08.20 06:51:37	14,21	2,10	36,15	-7,66	46,19
579	11.08.20 06:51:38	14,18	2,10	28,26	-15,93	45,80
580	11.08.20 06:51:39	14,18	2,15	37,74	-14,10	38,16
581	11.08.20 06:51:40	14,18	2,15	33,83	-11,13	45,04
582	11.08.20 06:51:41	14,14	2,15	35,13	-7,94	46,93
583	11.08.20 06:51:42	14,11	2,19	35,06	-15,75	39,18
584	11.08.20 06:51:43	14,08	2,23	35,92	-13,87	40,22
585	11.08.20 06:51:44	14,05	2,23	30,10	-14,09	45,81
586	11.08.20 06:51:45	14,02	2,25	36,18	-10,87	42,95
587	11.08.20 06:51:46	14,02	2,25	31,22	-18,57	40,21
588	11.08.20 06:51:47	13,99	2,29	34,95	-14,08	40,97
589	11.08.20 06:51:48	13,96	2,32	30,10	-16,38	43,52
590	11.08.20 06:51:49	13,86	2,34	31,73	-14,43	43,84
591	11.08.20 06:51:50	13,80	2,36	36,76	-12,41	40,83
592	11.08.20 06:51:51	13,74	2,38	34,88	-13,86	41,26
593	11.08.20 06:51:52	13,62	2,40	30,86	-16,02	43,12
594	11.08.20 06:51:53	13,49	2,46	33,77	-14,01	42,22
595	11.08.20 06:51:54	13,33	2,48	34,29	-14,15	41,56
596	11.08.20 06:51:55	13,21	2,50	34,82	-15,13	40,04
597	11.08.20 06:51:56	13,05	2,52	30,05	-17,45	42,50
598	11.08.20 06:51:57	12,96	2,50	32,33	-15,65	42,02
599	11.08.20 06:51:58	12,80	2,58	34,37	-15,02	40,61
600	11.08.20 06:51:59	12,67	2,60	31,27	-16,42	42,32
601	11.08.20 06:52:00	12,45	2,64	31,75	-15,32	42,93
602	11.08.20 06:52:01	12,26	2,68	29,54	-17,65	42,80
603	11.08.20 06:52:02	12,13	2,64	33,58	-14,44	41,98
604	11.08.20 06:52:03	11,97	2,70	32,89	-14,56	42,55
605	11.08.20 06:52:04	11,75	2,72	28,83	-15,72	45,45
606	11.08.20 06:52:05	11,56	2,72	31,35	-14,61	44,04
607	11.08.20 06:52:06	11,52	2,74	30,00	-14,02	45,98
608	11.08.20 06:52:07	11,36	2,76	31,94	-11,79	46,28
609	11.08.20 06:52:08	11,27	2,78	23,89	-17,38	48,73
610	11.08.20 06:52:09	11,10	2,80	23,41	-14,00	52,59
611	11.08.20 06:52:10	11,10	2,78	24,96	-15,76	49,27
612	11.08.20 06:52:11	11,14	2,82	25,14	-13,48	51,37
613	11.08.20 06:52:12	11,01	2,86	24,69	-12,44	52,87
614	11.08.20 06:52:13	10,94	2,84	21,58	-16,03	52,39
615	11.08.20 06:52:14	10,94	2,84	16,74	-14,54	58,72
616	11.08.20 06:52:15	10,91	2,91	21,56	-13,09	55,35
617	11.08.20 06:52:16	10,85	2,88	19,08	-14,50	56,43
618	11.08.20 06:52:17	10,85	2,88	14,24	-17,18	58,58
619	11.08.20 06:52:18	10,81	2,93	15,48	-17,03	57,49
620	11.08.20 06:52:19	10,78	2,95	14,43	-16,48	59,08
621	11.08.20 06:52:20	10,75	2,95	14,77	-16,25	58,98
622	11.08.20 06:52:21	10,68	2,97	15,16	-15,58	59,26
623	11.08.20 06:52:22	10,58	2,99	15,12	-15,83	59,05
624	11.08.20 06:52:23	10,45	2,97	14,09	-15,31	60,60
625	11.08.20 06:52:24	10,39	2,99	13,70	-15,91	60,39
626	11.08.20 06:52:25	10,13	3,00	14,01	-15,82	60,18
627	11.08.20 06:52:26	10,03	3,09	17,90	-15,30	56,80
628	11.08.20 06:52:27	9,83	3,11	11,91	-15,55	62,53
629	11.08.20 06:52:28	9,53	3,13	13,22	-14,53	62,25
630	11.08.20 06:52:29	9,33	3,13	20,25	-14,05	55,70
631	11.08.20 06:52:30	9,23	3,17	14,99	-14,21	60,79
632	11.08.20 06:52:31	9,13	3,19	15,91	-13,26	60,83
633	11.08.20 06:52:32	8,93	3,19	16,42	-13,60	59,98
634	11.08.20 06:52:33	8,83	3,23	18,22	-13,76	58,02
635	11.08.20 06:52:34	8,66	3,25	12,47	-14,57	62,95
636	11.08.20 06:52:35	8,59	3,27	17,10	-14,60	58,30
637	11.08.20 06:52:36	8,49	3,27	18,63	-14,06	57,31
638	11.08.20 06:52:37	8,46	3,29	15,22	-15,84	58,94
639	11.08.20 06:52:38	8,39	3,31	16,11	-13,75	60,15
640	11.08.20 06:52:39	8,32	3,35	15,56	-13,92	60,53
641	11.08.20 06:52:40	8,25	3,31	14,85	-13,61	61,54
642	11.08.20 06:52:41	8,18	3,39	17,72	-13,42	58,87
643	11.08.20 06:52:42	8,12	3,39	13,10	-13,20	63,70
644	11.08.20 06:52:43	8,01	3,39	15,60	-12,97	61,43
645	11.08.20 06:52:44	7,95	3,41	14,80	-13,64	61,56
646	11.08.20 06:52:45	7,91	3,43	13,74	-13,40	62,87
647	11.08.20 06:52:46	7,84	3,50	14,93	-12,66	62,41
648	11.08.20 06:52:47	7,74	3,49	16,75	-12,80	60,45
649	11.08.20 06:52:48	7,67	3,52	14,89	-14,01	61,10
650	11.08.20 06:52:49	7,64	3,51	12,90	-13,47	63,63
651	11.08.20 06:52:50	7,57	3,58	19,96	-12,08	57,95
652	11.08.20 06:52:51	7,50	3,58	14,36	-15,39	60,26
653	11.08.20 06:52:52	7,50	3,60	11,03	-13,26	65,72
654	11.08.20 06:52:53	7,43	3,60	26,99	-9,18	53,83
655	11.08.20 06:52:54	7,40	3,64	20,90	-10,00	59,10
656	11.08.20 06:52:55	7,43	3,66	13,13	-12,85	64,03
657	11.08.20 06:52:56	7,40	3,68	17,63	-13,43	58,95
658	11.08.20 06:52:57	7,33	3,73	13,53	-18,06	58,41
659	11.08.20 06:52:58	7,26	3,75	20,58	-17,26	52,16
660	11.08.20 06:52:59	7,29	3,77	27,03	-18,35	44,62
661	11.08.20 06:53:00	7,26	3,83	25,03	-17,68	47,29
662	11.08.20 06:53:01	7,19	3,83	21,69	-19,89	48,42
663	11.08.20 06:53:02	7,19	3,83	26,09	-19,27	44,64
664	11.08.20 06:53:03	7,12	3,85	17,82	-16,87	55,31
665	11.08.20 06:53:04	7,05	3,87	18,35	-15,63	56,01
666	11.08.20 06:53:05	7,01	3,85	19,30	-13,79	56,91
667	11.08.20 06:53:06	7,01	3,85	23,48	-10,35	56,17
668	11.08.20 06:53:07	7,01	3,87	26,28	-7,34	56,37
669	11.08.20 06:53:08	7,01	3,89	30,81	-5,57	53,62
670	11.08.20 06:53:09	7,05	3,89	31,11	-5,33	53,56
671	11.08.20 06:53:10	7,12	3,92	30,79	-7,15	52,06
672	11.08.20 06:53:11	7,12	3,94	35,52	-4,71	49,77
673	11.08.20 06:53:12	7,15	3,96	43,21	-3,46	43,33
674	11.08.20 06:53:13	7,19	3,96	38,75	-4,75	46,50
675	11.08.20 06:53:14	7,19	3,98	40,30	-2,77	46,93
676	11.08.20 06:53:15	7,19	4,00	45,27	-3,81	40,92
677	11.08.20 06:53:16	7,22	4,02	44,92	-2,28	42,79
678	11.08.20 06:53:17	7,22	4,05	48,40	-1,03	40,57
679	11.08.20 06:53:18	7,26	4,05	50,18	-1,19	38,62
680	11.08.20 06:53:19	7,29	4,07	49,36	-1,41	39,23
681	11.08.20 06:53:20	7,29	4,09	51,93	-1,00	37,08
682	11.08.20 06:53:21	7,26	4,13	54,85	-1,45	33,70
683	11.08.20 06:53:22	7,22	4,15	53,00	-1,78	35,22
684	11.08.20 06:53:23	7,22	4,17	54,27	-1,88	33,85
685	11.08.20 06:53:24	7,22	4,20	52,85	-0,76	36,40
686	11.08.20 06:53:25	7,22	4,22	54,74	-1,38	33,87
687	11.08.20 06:53:26	7,22	4,26	59,93	-1,50	28,57
688	11.08.20 06:53:27	7,26	4,28	53,85	-1,08	35,07
689	11.08.20 06:53:28	7,26	4,28	50,97	0,18	38,85
690	11.08.20 06:53:29	7,22	4,32	53,86	-1,35	34,79
691	11.08.20 06:53:30	7,22	4,37	54,65	-2,46	32,89
692	11.08.20 06:53:31	7,26	4,39	57,49	-3,14	29,37
693	11.08.20 06:53:32	7,26	4,43	56,40	-2,25	31,36
694	11.08.20 06:53:33	7,26	4,45	53,69	-1,87	34,43
695	11.08.20 06:53:34	7,26	4,47	60,32	-2,82	26,86
696	11.08.20 06:53:35	7,26	4,50	62,70	-0,71	26,59
697	11.08.20 06:53:36	7,29	4,52	55,72	-0,51	33,77
698	11.08.20 06:53:37	7,29	4,56	57,50	0,12	32,38
699	11.08.20 06:53:38	7,29	4,60	63,68	0,32	26,00
700	11.08.20 06:53:39	7,29	4,62	57,04	0,27	32,69
701	11.08.20 06:53:40	7,29	4,65	42,69	-0,40	46,91
702	11.08.20 06:53:41	7,29	4,67	30,29	6,91	52,80
703	11.08.20 06:53:42	7,26	4,67	24,20	-3,05	62,76
704	11.08.20 06:53:43	7,22	4,67	-2,07	0,68	87,25
705	11.08.20 06:53:44	7,01	4,71	1,40	1,42	87,18
706	11.08.20 06:53:45	6,80	4,73	-2,99	0,55	86,46
707	11.08.20 06:53:46	6,73	4,64	-16,52	-3,22	70,26
708	11.08.20 06:53:47	6,70	4,68	-9,91	0,43	79,66
709	11.08.20 06:53:48	6,66	4,68	-19,74	-7,42	62,84
710	11.08.20 06:53:49	6,66	4,68	4,65	-2,33	83,02
711	11.08.20 06:53:50	6,66	4,68	-20,65	-9,91	59,44
712	11.08.20 06:53:51	6,59	4,68	-6,52	-7,82	75,66
713	11.08.20 06:53:52	6,52	4,83	4,70	-6,23	79,06
714	11.08.20 06:53:53	6,49	4,68	-7,63	-8,91	73,46
715	11.08.20 06:53:54	6,38	4,70	-16,92	-2,53	70,54
716	11.08.20 06:53:55	6,31	4,70	-1,65	0,28	88,07
717	11.08.20 06:53:56	6,28	4,68	-8,93	-2,69	78,38
718	11.08.20 06:53:57	6,28	4,70	-6,02	-2,07	81,90
719	11.08.20 06:53:58	6,28	4,70	18,85	-8,00	63,15
720	11.08.20 06:53:59	6,24	4,68	-8,12	-13,11	68,77
721	11.08.20 06:54:00	6,24	4,70	7,16	-16,83	66,02
722	11.08.20 06:54:01	6,21	4,70	-2,34	2,08	85,59
723	11.08.20 06:54:02	6,21	4,63	-6,22	-5,70	78,08
724	11.08.20 06:54:03	6,17	4,68	7,03	-3,42	79,55
725	11.08.20 06:54:04	6,17	4,68	-4,24	-9,30	76,46
726	11.08.20 06:54:05	6,17	4,66	2,02	-4,73	83,25
727	11.08.20 06:54:06	6,17	4,66	-16,71	-17,70	55,60
728	11.08.20 06:54:07	6,17	4,68	9,69	0,65	79,65
729	11.08.20 06:54:08	6,17	4,66	-11,08	-6,43	72,49
730	11.08.20 06:54:09	6,17	4,66	-10,89	-5,59	73,52
731	11.08.20 06:54:10	6,17	4,63	12,43	-11,63	65,94
732	11.08.20 06:54:11	6,14	4,65	4,88	-14,79	70,33
733	11.08.20 06:54:12	6,14	4,65	-1,28	-6,17	82,55
734	11.08.20 06:54:13	6,17	4,66	-1,07	-10,77	78,16
735	11.08.20 06:54:14	6,17	4,66	13,44	-8,26	68,29
736	11.08.20 06:54:15	6,14	4,65	-5,92	20,70	63,38
737	11.08.20 06:54:16	6,10	4,74	-8,90	-0,03	81,08
738	11.08.20 06:54:17	5,96	4,70	2,21	-10,64	77,15
739	11.08.20 06:54:18	5,89	4,72	-5,76	-5,99	78,25
740	11.08.20 06:54:19	5,81	4,72	7,32	9,26	73,43
741	11.08.20 06:54:20	5,81	4,72	-6,12	4,16	79,72
742	11.08.20 06:54:21	5,78	4,72	20,72	-15,79	53,48
743	11.08.20 06:54:22	5,78	4,69	-6,54	-2,54	80,92
744	11.08.20 06:54:23	5,78	4,69	60,16	4,10	25,74
745	11.08.20 06:54:24	5,71	4,69	-10,30	0,47	79,23
746	11.08.20 06:54:25	5,64	4,65	39,45	-25,99	24,55
747	11.08.20 06:54:26	5,56	4,71	1,91	-14,08	74,01
748	11.08.20 06:54:27	5,53	4,71	0,79	-7,56	81,65
749	11.08.20 06:54:28	5,53	4,73	9,83	11,07	69,10
750	11.08.20 06:54:29	5,53	4,71	-1,34	-17,20	71,46
751	11.08.20 06:54:30	5,49	4,69	6,22	-9,33	74,46
752	11.08.20 06:54:31	5,46	4,69	10,99	-0,57	78,44
753	11.08.20 06:54:32	5,49	4,69	9,18	-3,24	77,59
754	11.08.20 06:54:33	5,46	4,69	7,29	-5,78	76,93
755	11.08.20 06:54:34	5,46	4,71	-11,59	-3,63	74,78
756	11.08.20 06:54:35	5,46	4,71	17,01	-15,16	57,83
757	11.08.20 06:54:36	5,46	4,71	8,73	5,30	75,97
758	11.08.20 06:54:37	5,38	4,69	38,81	-2,21	48,99
759	11.08.20 06:54:38	5,35	4,69	40,82	8,83	40,34
760	11.08.20 06:54:39	5,31	4,69	-9,11	-7,28	73,61
761	11.08.20 06:54:40	5,28	4,67	-2,65	-3,62	83,74
762	11.08.20 06:54:41	5,24	4,67	6,31	-4,07	79,62
763	11.08.20 06:54:42	5,24	4,65	6,42	-0,28	83,30
764	11.08.20 06:54:43	5,28	4,69	-2,32	-13,66	74,02
765	11.08.20 06:54:44	5,28	4,69	3,05	6,58	80,37
766	11.08.20 06:54:45	5,24	4,67	-7,42	2,01	80,57
767	11.08.20 06:54:46	5,24	4,71	11,79	-5,36	72,85
768	11.08.20 06:54:47	5,24	4,62	-4,26	-22,05	63,68
769	11.08.20 06:54:48	5,20	4,71	-16,97	-9,08	63,95
770	11.08.20 06:54:49	5,17	4,69	5,25	-7,38	77,37
771	11.08.20 06:54:50	5,17	4,71	12,00	-4,46	73,54
772	11.08.20 06:54:51	5,17	4,69	3,46	-6,53	80,01
773	11.08.20 06:54:52	5,17	4,67	-0,40	-14,45	75,15
774	11.08.20 06:54:53	5,17	4,69	2,49	-6,92	80,58
775	11.08.20 06:54:54	5,17	4,67	1,28	-5,37	83,35
776	11.08.20 06:54:55	5,17	4,69	6,25	-8,10	75,65
777	11.08.20 06:54:56	5,17	4,69	1,85	-8,78	79,37
778	11.08.20 06:54:57	5,17	4,67	10,27	-0,96	78,77
779	11.08.20 06:54:58	5,17	4,69	2,72	-20,93	66,35
780	11.08.20 06:54:59	5,17	4,67	2,80	15,66	71,54
781	11.08.20 06:55:00	5,17	4,67	-1,37	-9,21	79,42
782	11.08.20 06:55:01	5,17	4,67	-5,91	5,04	79,05
783	11.08.20 06:55:02	5,17	4,64	-13,36	-2,46	74,18
784	11.08.20 06:55:03	5,17	4,67	7,67	-2,87	79,46
785	11.08.20 06:55:04	5,13	4,64	4,39	-6,80	78,81
786	11.08.20 06:55:05	5,13	4,67	1,39	-15,90	72,71
787	11.08.20 06:55:06	5,13	4,67	17,74	1,30	70,96
788	11.08.20 06:55:07	5,10	4,64	-7,03	-2,23	80,74
789	11.08.20 06:55:08	5,10	4,67	14,01	2,55	73,44
790	11.08.20 06:55:09	5,10	4,60	-5,72	-5,59	78,69
791	11.08.20 06:55:10	5,10	4,64	5,20	-12,76	72,05
792	11.08.20 06:55:11	5,10	4,67	-4,37	-13,95	71,68
793	11.08.20 06:55:12	5,10	4,64	2,58	-18,75	68,67
794	11.08.20 06:55:13	5,06	4,62	-17,80	-13,31	58,89
795	11.08.20 06:55:14	5,06	4,64	1,14	-17,23	71,63
796	11.08.20 06:55:15	5,06	4,64	-6,37	-4,28	79,35
797	11.08.20 06:55:16	5,06	4,66	-25,58	15,14	49,28
798	11.08.20 06:55:17	5,02	4,66	5,03	-7,10	77,87
799	11.08.20 06:55:18	4,91	4,66	4,68	-3,58	81,74
800	11.08.20 06:55:19	4,91	4,66	1,93	-3,65	84,42
801	11.08.20 06:55:20	4,88	4,66	6,04	-9,86	74,09
802	11.08.20 06:55:21	4,88	4,62	1,23	-1,69	87,09
803	11.08.20 06:55:22	4,88	4,66	-15,54	0,80	73,67
804	11.08.20 06:55:23	4,88	4,64	0,36	-2,88	86,76
805	11.08.20 06:55:24	4,88	4,66	7,02	-3,70	79,28
806	11.08.20 06:55:25	4,88	4,64	1,21	-4,97	83,82
807	11.08.20 06:55:26	4,84	4,64	3,26	-6,59	80,16
808	11.08.20 06:55:27	4,84	4,66	1,24	0,62	88,14
809	11.08.20 06:55:28	4,80	4,64	-9,88	-2,48	77,64
810	11.08.20 06:55:29	4,80	4,66	8,72	-15,60	65,68
811	11.08.20 06:55:30	4,80	4,66	-4,41	-11,16	74,43
812	11.08.20 06:55:31	4,80	4,62	-13,18	-1,88	74,94
813	11.08.20 06:55:32	4,80	4,64	-7,88	4,53	77,59
814	11.08.20 06:55:33	4,80	4,64	4,38	-9,38	76,24
815	11.08.20 06:55:34	4,80	4,64	-2,26	-13,65	74,09
816	11.08.20 06:55:35	4,80	4,62	-14,15	-0,93	74,92
817	11.08.20 06:55:36	4,80	4,64	-3,89	-2,02	84,09
818	11.08.20 06:55:37	4,80	4,64	-5,54	-0,64	83,82
819	11.08.20 06:55:38	4,80	4,66	-21,50	-5,56	62,94
820	11.08.20 06:55:39	4,80	4,66	-11,81	-8,64	69,56
821	11.08.20 06:55:40	4,80	4,66	0,35	-0,99	88,65
822	11.08.20 06:55:41	4,80	4,66	11,12	7,81	71,06
823	11.08.20 06:55:42	4,77	4,66	31,54	17,43	41,03
824	11.08.20 06:55:43	4,70	4,58	-15,52	-9,05	65,43
825	11.08.20 06:55:44	4,66	4,66	-1,23	-8,13	80,64
826	11.08.20 06:55:45	4,66	4,64	6,91	-9,71	73,38
827	11.08.20 06:55:46	4,62	4,60	5,37	-1,35	83,28
828	11.08.20 06:55:47	4,62	4,62	-21,86	-7,45	60,69
829	11.08.20 06:55:48	4,62	4,62	-7,71	-6,42	75,87
830	11.08.20 06:55:49	4,62	4,64	-17,43	-23,64	48,93
831	11.08.20 06:55:50	4,62	4,68	9,92	-3,23	76,85
832	11.08.20 06:55:51	4,62	4,66	13,28	3,19	73,53
833	11.08.20 06:55:52	4,62	4,64	0,98	9,37	79,65
834	11.08.20 06:55:53	4,59	4,64	-0,79	0,24	88,96
835	11.08.20 06:55:54	4,59	4,66	5,39	-3,65	80,96
836	11.08.20 06:55:55	4,55	4,64	-6,45	-5,09	78,46
837	11.08.20 06:55:56	4,55	4,66	3,38	-6,95	79,67
838	11.08.20 06:55:57	4,55	4,66	-1,88	-4,25	83,87
839	11.08.20 06:55:58	4,51	4,66	4,55	-3,26	82,19
840	11.08.20 06:55:59	4,51	4,62	-13,20	-7,54	69,26
841	11.08.20 06:56:00	4,51	4,66	3,00	-8,78	78,22
842	11.08.20 06:56:01	4,51	4,64	2,80	-9,07	78,13
843	11.08.20 06:56:02	4,48	4,64	6,32	3,26	80,42
844	11.08.20 06:56:03	4,48	4,74	-12,70	-16,09	61,20
845	11.08.20 06:56:04	4,48	4,66	-8,39	-1,27	80,34
846	11.08.20 06:56:05	4,44	4,64	-5,85	10,84	73,31
847	11.08.20 06:56:06	4,44	4,64	6,45	0,38	83,17
848	11.08.20 06:56:07	4,44	4,64	-6,40	5,99	77,61
849	11.08.20 06:56:08	4,44	4,64	1,63	-0,99	87,37
850	11.08.20 06:56:09	4,44	4,64	2,11	-7,31	80,58
851	11.08.20 06:56:10	4,44	4,64	0,66	-12,43	76,91
852	11.08.20 06:56:11	4,44	4,62	-18,53	-9,31	62,16
853	11.08.20 06:56:12	4,44	4,62	11,01	-8,18	70,80
854	11.08.20 06:56:13	4,44	4,64	-6,21	-7,45	76,34
855	11.08.20 06:56:14	4,40	4,64	1,19	-12,40	76,42
856	11.08.20 06:56:15	4,40	4,68	-6,84	-9,45	73,72
857	11.08.20 06:56:16	4,37	4,66	6,32	-7,53	76,15
858	11.08.20 06:56:17	4,37	4,64	-2,36	-13,13	74,51
859	11.08.20 06:56:18	4,37	4,64	0,05	-15,72	74,23
860	11.08.20 06:56:19	4,37	4,55	63,83	-2,06	24,11
861	11.08.20 06:56:20	4,33	4,66	5,78	5,28	78,94
862	11.08.20 06:56:21	4,33	4,64	6,50	9,61	73,88
863	11.08.20 06:56:22	4,29	4,66	2,52	-6,99	80,49
864	11.08.20 06:56:23	4,29	4,63	12,07	-28,55	49,38
865	11.08.20 06:56:24	4,29	4,61	11,17	-7,39	71,43
866	11.08.20 06:56:25	4,29	4,63	-0,91	13,16	75,94
867	11.08.20 06:56:26	4,29	4,63	4,91	5,22	79,87
868	11.08.20 06:56:27	4,29	4,59	12,46	-18,27	59,26
869	11.08.20 06:56:28	4,25	4,61	4,25	-12,06	73,69
870	11.08.20 06:56:29	4,22	4,66	-4,26	0,44	85,30
871	11.08.20 06:56:30	4,22	4,61	-9,58	-11,45	68,97
872	11.08.20 06:56:31	4,22	4,59	-10,00	-15,49	64,51
873	11.08.20 06:56:32	4,22	4,63	-9,04	-5,55	75,41
874	11.08.20 06:56:33	4,22	4,61	2,96	-9,56	77,48
875	11.08.20 06:56:34	4,22	4,61	-12,15	-24,86	52,99
876	11.08.20 06:56:35	4,18	4,61	-0,07	-3,96	85,97
877	11.08.20 06:56:36	4,18	4,63	-20,24	2,01	67,75
878	11.08.20 06:56:37	4,18	4,59	-4,96	-8,79	76,25
879	11.08.20 06:56:38	4,18	4,63	0,96	-5,71	83,33
880	11.08.20 06:56:39	4,18	4,63	6,75	0,80	82,45
881	11.08.20 06:56:40	4,18	4,61	-12,41	-5,33	72,26
882	11.08.20 06:56:41	4,18	4,61	-3,07	-1,75	85,17
883	11.08.20 06:56:42	4,18	4,59	-4,51	1,82	83,67
884	11.08.20 06:56:43	4,14	4,61	-7,36	-5,85	76,80
885	11.08.20 06:56:44	4,14	4,61	-15,28	-10,94	63,79
886	11.08.20 06:56:45	4,14	4,63	-3,82	-4,36	81,82
887	11.08.20 06:56:46	4,14	4,63	-10,15	-5,13	74,73
888	11.08.20 06:56:47	4,14	4,59	-3,19	-1,91	84,90
889	11.08.20 06:56:48	4,14	4,65	0,26	-2,30	87,44
890	11.08.20 06:56:49	4,14	4,61	-13,76	-11,19	65,05
891	11.08.20 06:56:50	4,14	4,61	-14,45	-3,62	71,93
892	11.08.20 06:56:51	4,14	4,72	-11,86	-16,21	61,93
893	11.08.20 06:56:52	4,14	4,61	8,81	-7,97	73,23
894	11.08.20 06:56:53	4,14	4,59	-3,96	-4,97	81,06
895	11.08.20 06:56:54	4,14	4,61	1,10	-9,73	79,17
896	11.08.20 06:56:55	4,14	4,59	-0,31	-8,69	81,01
897	11.08.20 06:56:56	4,14	4,61	-23,86	-2,42	63,72
898	11.08.20 06:56:57	4,14	4,63	-0,49	-7,84	81,67
899	11.08.20 06:56:58	4,11	4,59	-12,37	-4,25	73,39
900	11.08.20 06:56:59	4,11	4,61	4,17	-0,86	84,97
901	11.08.20 06:57:00	4,11	4,61	-10,39	-6,02	73,59
902	11.08.20 06:57:01	4,11	4,61	-3,32	13,67	73,01
903	11.08.20 06:57:02	4,11	4,61	-13,15	7,26	69,59
904	11.08.20 06:57:03	4,11	4,61	-2,80	-4,43	82,76
905	11.08.20 06:57:04	4,11	4,59	-18,02	3,49	68,49
906	11.08.20 06:57:05	4,11	4,59	-5,41	-1,06	83,53
907	11.08.20 06:57:06	4,11	4,59	-0,30	5,19	84,51
908	11.08.20 06:57:07	4,11	4,59	-11,33	-7,08	71,59
909	11.08.20 06:57:08	4,11	4,59	-13,05	-11,17	65,79
910	11.08.20 06:57:09	4,11	4,61	6,66	-4,47	78,87
911	11.08.20 06:57:10	4,07	4,42	-3,70	-8,13	78,17
912	11.08.20 06:57:11	4,07	4,61	0,29	-6,46	83,25
913	11.08.20 06:57:12	4,07	4,61	2,54	-4,72	82,74
914	11.08.20 06:57:13	4,07	4,61	0,84	-7,11	82,05
915	11.08.20 06:57:14	4,03	4,63	0,22	1,87	87,91
916	11.08.20 06:57:15	4,03	4,59	0,46	-1,18	88,36
917	11.08.20 06:57:16	4,03	4,61	7,19	-34,74	48,07
918	11.08.20 06:57:17	4,03	4,59	-3,65	1,62	84,73
919	11.08.20 06:57:18	4,00	4,61	-7,73	-0,30	81,98
920	11.08.20 06:57:19	4,00	4,63	-14,55	-3,32	72,13
921	11.08.20 06:57:20	4,00	4,61	0,76	1,92	87,32
922	11.08.20 06:57:21	4,00	4,59	1,47	1,42	87,11
923	11.08.20 06:57:22	4,00	4,59	5,19	-3,68	81,13
924	11.08.20 06:57:23	4,00	4,61	-12,88	-1,63	75,48
925	11.08.20 06:57:24	4,00	4,59	-3,61	6,50	79,89
926	11.08.20 06:57:25	4,00	4,59	-8,26	1,16	80,57
927	11.08.20 06:57:26	4,00	4,61	-11,69	-7,04	71,26
928	11.08.20 06:57:27	4,00	4,61	-16,15	-1,94	71,91
929	11.08.20 06:57:28	4,00	4,59	-20,66	-3,48	65,86
930	11.08.20 06:57:29	4,00	4,70	24,81	-17,58	47,62
931	11.08.20 06:57:30	4,00	4,61	25,64	-2,38	61,98
932	11.08.20 06:57:31	3,96	4,63	11,05	-3,27	75,68
933	11.08.20 06:57:32	3,92	4,61	-2,06	-5,90	82,04
934	11.08.20 06:57:33	3,92	4,59	-5,26	-4,09	80,65
935	11.08.20 06:57:34	3,92	4,61	-5,96	-9,98	74,07
936	11.08.20 06:57:35	3,92	4,57	-4,67	-4,32	81,01
937	11.08.20 06:57:36	3,92	4,61	-14,16	-0,82	75,02
938	11.08.20 06:57:37	3,92	4,61	13,64	-12,33	64,03
939	11.08.20 06:57:38	3,92	4,59	5,09	-18,87	66,04
940	11.08.20 06:57:39	3,92	4,59	-5,21	-2,20	82,59
941	11.08.20 06:57:40	3,88	4,61	1,44	8,91	79,64
942	11.08.20 06:57:41	3,88	4,59	2,57	-9,80	77,62
943	11.08.20 06:57:42	3,88	4,59	-13,35	2,81	73,84
944	11.08.20 06:57:43	3,88	4,61	-4,69	-6,10	79,21
945	11.08.20 06:57:44	3,92	4,63	0,00	-4,60	85,40
946	11.08.20 06:57:45	3,88	4,63	-3,60	3,03	83,37
947	11.08.20 06:57:46	3,88	4,61	-5,99	-7,32	76,69
948	11.08.20 06:57:47	3,88	4,61	0,89	-1,90	87,21
949	11.08.20 06:57:48	3,88	4,59	3,35	0,92	85,73
950	11.08.20 06:57:49	3,88	4,57	4,47	-3,88	81,65
951	11.08.20 06:57:50	3,88	4,59	-10,01	-6,24	73,74
952	11.08.20 06:57:51	3,88	4,59	-10,29	-9,34	70,38
953	11.08.20 06:57:52	3,88	4,59	0,57	-2,78	86,65
954	11.08.20 06:57:53	3,88	4,61	-3,70	2,33	83,97
955	11.08.20 06:57:54	3,88	4,59	1,44	0,92	87,64
956	11.08.20 06:57:55	3,88	4,57	-6,61	-4,35	79,05
957	11.08.20 06:57:56	3,88	4,59	-10,33	-3,35	76,32
958	11.08.20 06:57:57	3,88	4,57	-4,89	0,00	85,11
959	11.08.20 06:57:58	3,88	4,59	-8,48	-9,32	72,20
960	11.08.20 06:57:59	3,88	4,59	13,16	6,88	69,96
961	11.08.20 06:58:00	3,88	4,61	-4,15	-4,46	81,40
962	11.08.20 06:58:01	3,88	4,61	43,63	-8,44	37,93
963	11.08.20 06:58:02	3,85	4,63	4,78	-9,95	75,27
964	11.08.20 06:58:03	3,85	4,59	-13,15	-2,64	74,21
965	11.08.20 06:58:04	3,85	4,59	-9,11	-7,24	73,65
966	11.08.20 06:58:05	3,81	4,57	-11,06	-3,68	75,26
967	11.08.20 06:58:06	3,81	4,61	2,23	-5,92	81,85
968	11.08.20 06:58:07	3,81	4,61	-1,20	-4,98	83,83
969	11.08.20 06:58:08	3,81	4,59	-1,24	-2,84	85,93
970	11.08.20 06:58:09	3,81	4,57	-10,65	-2,24	77,11
971	11.08.20 06:58:10	3,81	4,59	-6,08	6,74	77,18
972	11.08.20 06:58:11	3,85	4,61	-2,87	-2,32	84,81
973	11.08.20 06:58:12	3,85	4,63	-23,37	-7,42	59,21
974	11.08.20 06:58:13	3,81	4,61	-5,44	-1,04	83,52
975	11.08.20 06:58:14	3,81	4,59	-5,76	-0,03	84,21
976	11.08.20 06:58:15	3,81	4,59	-3,36	10,84	75,80
977	11.08.20 06:58:16	3,81	4,59	-4,40	4,62	80,98
978	11.08.20 06:58:17	3,81	4,59	-13,88	8,09	68,03
979	11.08.20 06:58:18	3,81	4,59	-1,42	-9,63	78,96
980	11.08.20 06:58:19	3,81	4,59	0,75	-1,60	87,66
981	11.08.20 06:58:20	3,81	4,57	-12,12	-2,44	75,44
982	11.08.20 06:58:21	3,81	4,59	-14,74	0,37	74,89
983	11.08.20 06:58:22	3,81	4,57	-6,05	5,74	78,21
984	11.08.20 06:58:23	3,81	4,59	-14,16	7,71	68,13
985	11.08.20 06:58:24	3,81	4,61	-5,41	15,46	69,14
986	11.08.20 06:58:25	3,81	4,61	-2,45	6,88	80,67
987	11.08.20 06:58:26	3,81	4,61	10,05	0,92	79,03
988	11.08.20 06:58:27	3,81	4,63	12,73	-8,22	69,06
989	11.08.20 06:58:28	3,77	4,61	8,29	-4,21	77,50
990	11.08.20 06:58:29	3,77	4,59	16,99	3,95	69,07
991	11.08.20 06:58:30	3,77	4,59	17,39	-2,61	70,00
992	11.08.20 06:58:31	3,77	4,65	24,22	2,08	63,69
993	11.08.20 06:58:32	3,77	4,63	20,49	-0,53	68,98
994	11.08.20 06:58:33	3,77	4,61	0,64	-4,90	84,46
995	11.08.20 06:58:34	3,77	4,61	9,53	-15,03	65,43
996	11.08.20 06:58:35	3,77	4,63	1,83	-3,30	84,87
997	11.08.20 06:58:36	3,77	4,59	3,55	-8,80	77,65
998	11.08.20 06:58:37	3,77	4,61	10,47	-2,90	76,64
999	11.08.20 06:58:38	3,77	4,61	17,07	-7,59	65,35
1000	11.08.20 06:58:39	3,73	4,61	17,13	-9,25	63,62
1001	11.08.20 06:58:40	3,73	4,61	-8,31	-13,71	67,98
1002	11.08.20 06:58:41	3,73	4,61	-2,87	0,50	86,63
1003	11.08.20 06:58:42	3,73	4,61	33,39	-4,02	52,59
1004	11.08.20 06:58:43	3,73	4,61	13,69	-3,87	72,44
1005	11.08.20 06:58:44	3,73	4,61	-1,42	18,31	70,28
1006	11.08.20 06:58:45	3,73	4,59	14,61	-3,89	71,50
1007	11.08.20 06:58:46	3,73	4,56	39,07	10,39	40,55
1008	11.08.20 06:58:47	3,73	4,61	10,43	4,72	74,84
1009	11.08.20 06:58:48	3,73	4,63	-2,55	-4,59	82,86
1010	11.08.20 06:58:49	3,73	4,61	11,37	1,76	76,87
1011	11.08.20 06:58:50	3,73	4,61	-1,47	0,47	88,06
1012	11.08.20 06:58:51	3,70	4,63	4,48	-8,90	76,62
1013	11.08.20 06:58:52	3,70	4,61	2,78	-4,19	83,02
1014	11.08.20 06:58:53	3,73	4,63	6,80	-1,96	81,24
1015	11.08.20 06:58:54	3,70	4,61	46,35	8,00	-35,65
1016	11.08.20 06:58:55	3,70	4,59	-8,24	-6,43	75,34
1017	11.08.20 06:58:56	3,70	4,61	5,69	-4,59	79,72
1018	11.08.20 06:58:57	3,70	4,63	9,57	-4,70	75,73
1019	11.08.20 06:58:58	3,70	4,61	20,16	-10,20	59,64
1020	11.08.20 06:58:59	3,70	4,61	-17,71	-0,07	72,22
1021	11.08.20 06:59:00	3,70	4,63	-0,22	-15,82	73,96
1022	11.08.20 06:59:01	3,70	4,61	18,83	-4,95	66,22
1023	11.08.20 06:59:02	3,70	4,59	28,27	-11,84	49,89
1024	11.08.20 06:59:03	3,70	4,50	-3,25	-1,92	84,82
1025	11.08.20 06:59:04	3,70	4,61	4,33	-13,76	71,91
1026	11.08.20 06:59:05	3,70	4,61	2,11	-1,83	86,07
1027	11.08.20 06:59:06	3,70	4,61	-0,75	-7,59	81,67
1028	11.08.20 06:59:07	3,70	4,61	6,06	-11,19	72,76
1029	11.08.20 06:59:08	3,70	4,61	8,78	-17,05	64,17
1030	11.08.20 06:59:09	3,70	4,61	2,93	4,04	83,03
1031	11.08.20 06:59:10	3,70	4,63	28,72	-21,80	39,48
1032	11.08.20 06:59:11	3,70	4,61	7,90	-7,83	74,27
1033	11.08.20 06:59:12	3,70	4,61	7,22	-4,69	78,10
1034	11.08.20 06:59:13	3,70	4,61	16,55	-10,10	63,35
1035	11.08.20 06:59:14	3,70	4,59	-2,64	-11,01	76,35
1036	11.08.20 06:59:15	3,70	4,59	7,30	-9,61	73,09
1037	11.08.20 06:59:16	3,66	4,63	-3,59	-7,92	78,49
1038	11.08.20 06:59:17	3,66	4,63	0,71	-9,83	79,46
1039	11.08.20 06:59:18	3,66	4,65	-0,70	3,70	85,60
1040	11.08.20 06:59:19	3,66	4,63	-16,55	2,02	71,43
1041	11.08.20 06:59:20	3,66	4,63	-16,42	2,36	71,21
1042	11.08.20 06:59:21	3,66	4,63	-16,84	1,91	71,26
1043	11.08.20 06:59:22	3,66	4,63	-15,98	4,65	69,37
1044	11.08.20 06:59:23	3,70	4,61	-17,29	3,41	69,30
1045	11.08.20 06:59:24	3,70	4,61	-17,31	3,24	69,45
1046	11.08.20 06:59:25	3,70	4,63	-17,30	2,97	69,73
1047	11.08.20 06:59:26	3,70	4,61	-16,90	3,96	69,13
1048	11.08.20 06:59:27	3,70	4,63	-16,75	3,97	69,28
1049	11.08.20 06:59:28	3,70	4,63	-16,77	3,94	69,29
1050	11.08.20 06:59:29	3,70	4,63	-16,74	3,94	69,32
1051	11.08.20 06:59:30	3,70	4,63	-16,75	3,91	69,34
1052	11.08.20 06:59:31	3,70	4,63	-16,76	3,91	69,32
1053	11.08.20 06:59:32	3,70	4,61	-16,75	3,94	69,31
1054	11.08.20 06:59:33	3,70	4,63	-16,76	3,97	69,27
1055	11.08.20 06:59:34	3,70	4,61	-16,73	3,97	69,30
1056	11.08.20 06:59:35	3,70	4,61	-16,74	3,91	69,35
1057	11.08.20 06:59:36	3,70	4,61	-16,69	3,94	69,37
1058	11.08.20 06:59:37	3,70	4,61	-16,76	3,91	69,32
1059	11.08.20 06:59:38	3,70	4,61	-16,77	3,97	69,26
1060	11.08.20 06:59:39	3,70	4,63	-16,73	3,94	69,33
1061	11.08.20 06:59:40	3,70	4,63	-16,74	3,94	69,32
1062	11.08.20 06:59:41	3,70	4,63	-16,76	3,97	69,27
1063	11.08.20 06:59:42	3,70	4,63	-16,75	3,94	69,31
1064	11.08.20 06:59:43	3,70	4,63	-16,71	3,97	69,32
1065	11.08.20 06:59:44	3,70	4,63	-16,76	3,94	69,30
1066	11.08.20 06:59:45	3,70	4,63	-16,75	3,94	69,31
1067	11.08.20 06:59:46	3,70	4,63	-16,76	3,91	69,32
1068	11.08.20 06:59:47	3,70	4,63	-16,75	3,97	69,28
1069	11.08.20 06:59:48	3,70	4,63	-16,74	3,97	69,29
1070	11.08.20 06:59:49	3,70	4,63	-16,78	3,94	69,28
1071	11.08.20 06:59:50	3,70	4,63	-16,74	3,97	69,29
1072	11.08.20 06:59:51	3,70	4,63	-16,73	3,97	69,30
1073	11.08.20 06:59:52	3,70	4,61	-16,74	3,97	69,30
1074	11.08.20 06:59:53	3,70	4,63	-16,79	4,00	69,21
1075	11.08.20 06:59:54	3,70	4,63	-13,80	5,22	70,99
1076	11.08.20 06:59:55	3,70	4,61	-11,59	3,16	75,25
1077	11.08.20 06:59:56	3,70	4,63	-20,17	-1,75	68,08
1078	11.08.20 06:59:57	3,70	4,63	-15,55	8,34	66,11
1079	11.08.20 06:59:58	3,70	4,63	-9,57	-1,22	79,22
1080	11.08.20 06:59:59	3,66	4,63	13,15	-15,46	61,39
1081	11.08.20 07:00:00	3,66	4,63	-26,08	6,96	56,96
1082	11.08.20 07:00:01	3,66	4,61	-5,96	-6,32	77,72
1083	11.08.20 07:00:02	3,66	4,63	33,29	-8,85	47,86
1084	11.08.20 07:00:03	3,66	4,63	1,39	1,43	87,18
1085	11.08.20 07:00:04	3,62	4,63	-21,01	-6,08	62,91
1086	11.08.20 07:00:05	3,62	4,65	5,45	4,05	80,51
1087	11.08.20 07:00:06	3,62	4,61	22,91	15,52	51,57
1088	11.08.20 07:00:07	3,62	4,61	11,67	-23,42	54,91
1089	11.08.20 07:00:08	3,62	4,69	8,85	0,35	80,79
1090	11.08.20 07:00:09	3,62	4,61	33,24	28,22	28,55
1091	11.08.20 07:00:10	3,62	4,61	21,56	-10,22	58,22
1092	11.08.20 07:00:11	3,62	4,56	9,50	-5,27	75,23
1093	11.08.20 07:00:12	3,62	4,58	24,00	11,72	54,28
1094	11.08.20 07:00:13	3,62	4,58	15,91	28,37	45,73
1095	11.08.20 07:00:14	3,62	4,43	36,03	-0,74	53,24
1096	11.08.20 07:00:15	3,62	4,54	31,78	13,86	44,37
1097	11.08.20 07:00:16	3,62	4,54	39,57	13,16	37,27
1098	11.08.20 07:00:17	3,62	4,52	38,69	14,55	36,76
1099	11.08.20 07:00:18	3,62	4,48	31,03	15,58	43,39
1100	11.08.20 07:00:19	3,62	4,43	28,90	17,67	43,43
1101	11.08.20 07:00:20	3,62	4,43	41,74	15,09	33,18
1102	11.08.20 07:00:21	3,62	4,41	35,94	16,98	37,08
1103	11.08.20 07:00:22	3,62	4,35	31,32	15,43	43,25
1104	11.08.20 07:00:23	3,62	4,33	35,80	15,64	38,57
1105	11.08.20 07:00:24	3,62	4,33	39,24	14,83	35,92
1106	11.08.20 07:00:25	3,62	4,29	33,95	14,41	41,64
1107	11.08.20 07:00:26	3,62	4,24	29,33	14,32	46,35
1108	11.08.20 07:00:27	3,62	4,22	32,76	14,02	43,22
1109	11.08.20 07:00:28	3,62	4,18	37,87	13,27	38,85
1110	11.08.20 07:00:29	3,62	4,16	29,55	13,80	46,64
1111	11.08.20 07:00:30	3,62	4,11	25,96	14,25	49,80
1112	11.08.20 07:00:31	3,62	4,09	34,34	13,02	42,64
1113	11.08.20 07:00:32	3,62	4,05	30,23	14,28	45,49
1114	11.08.20 07:00:33	3,62	4,01	25,74	14,03	50,23
1115	11.08.20 07:00:34	3,59	3,96	27,82	14,33	47,85
1116	11.08.20 07:00:35	3,59	3,96	29,93	15,17	44,90
1117	11.08.20 07:00:36	3,59	3,92	28,30	15,11	46,59
1118	11.08.20 07:00:37	3,59	3,88	25,72	14,21	50,07
1119	11.08.20 07:00:38	3,59	3,84	27,11	15,64	47,25
1120	11.08.20 07:00:39	3,59	3,84	34,99	14,90	40,12
1121	11.08.20 07:00:40	3,59	3,81	31,41	15,25	43,34
1122	11.08.20 07:00:41	3,62	3,77	27,24	14,91	47,84
1123	11.08.20 07:00:42	3,62	3,75	38,85	14,49	36,65
1124	11.08.20 07:00:43	3,62	3,79	42,49	14,18	33,33
1125	11.08.20 07:00:44	3,62	3,73	29,05	15,84	45,11
1126	11.08.20 07:00:45	3,62	3,71	31,64	15,72	42,64
1127	11.08.20 07:00:46	3,62	3,71	48,32	14,25	27,44
1128	11.08.20 07:00:47	3,62	3,73	46,02	15,21	28,78
1129	11.08.20 07:00:48	3,62	3,69	32,80	15,84	41,36
1130	11.08.20 07:00:49	3,62	3,64	37,09	15,85	37,06
1131	11.08.20 07:00:50	3,62	3,69	54,77	17,86	17,37
1132	11.08.20 07:00:51	3,66	3,71	49,18	12,18	28,64
1133	11.08.20 07:00:52	3,66	3,64	31,61	14,77	43,61
1134	11.08.20 07:00:53	3,66	3,58	38,52	18,40	33,08
1135	11.08.20 07:00:54	3,66	3,66	52,92	20,83	16,26
1136	11.08.20 07:00:55	3,66	3,66	47,70	13,68	28,62
1137	11.08.20 07:00:56	3,66	3,60	35,88	13,22	40,90
1138	11.08.20 07:00:57	3,70	3,60	43,15	16,63	30,22
1139	11.08.20 07:00:58	3,70	3,64	53,30	16,59	20,11
1140	11.08.20 07:00:59	3,70	3,62	51,28	12,10	26,62
1141	11.08.20 07:01:00	3,70	3,62	52,55	8,16	29,28
1142	11.08.20 07:01:01	3,70	3,58	54,75	9,57	25,68
1143	11.08.20 07:01:02	3,70	3,58	57,37	11,27	21,37
1144	11.08.20 07:01:03	3,70	3,58	58,83	11,45	19,72
1145	11.08.20 07:01:04	3,70	3,58	56,51	7,44	26,05
1146	11.08.20 07:01:05	3,70	3,56	56,84	6,47	26,69
1147	11.08.20 07:01:06	3,70	3,54	58,19	12,24	19,57
1148	11.08.20 07:01:07	3,70	3,54	60,03	10,56	19,41
1149	11.08.20 07:01:08	3,70	3,54	59,72	6,12	24,16
1150	11.08.20 07:01:09	3,70	3,49	60,44	6,99	22,57
1151	11.08.20 07:01:10	3,70	3,52	62,79	9,94	17,27
1152	11.08.20 07:01:11	3,70	3,49	63,68	9,45	16,87
1153	11.08.20 07:01:12	3,70	3,47	63,64	5,17	21,19
1154	11.08.20 07:01:13	3,70	3,43	64,63	3,65	21,72
1155	11.08.20 07:01:14	3,70	3,43	62,95	9,45	17,60
1156	11.08.20 07:01:15	3,70	3,41	65,15	10,20	14,65
1157	11.08.20 07:01:16	3,70	3,41	68,86	5,03	16,11
1158	11.08.20 07:01:17	3,70	3,37	65,68	3,54	20,78
1159	11.08.20 07:01:18	3,70	3,41	57,52	18,87	13,61
1160	11.08.20 07:01:19	3,70	3,45	58,02	18,10	13,88
1161	11.08.20 07:01:20	3,70	3,47	53,31	20,56	16,13
1162	11.08.20 07:01:21	3,70	3,52	50,77	24,02	15,21
1163	11.08.20 07:01:22	3,73	3,49	49,23	24,88	15,89
1164	11.08.20 07:01:23	3,73	3,54	54,05	23,60	12,35
1165	11.08.20 07:01:24	3,73	3,56	54,19	22,08	13,73
1166	11.08.20 07:01:25	3,73	3,56	54,09	22,18	13,73
1167	11.08.20 07:01:26	3,73	3,58	56,09	21,76	12,15
1168	11.08.20 07:01:27	3,73	3,58	54,96	23,88	11,16
1169	11.08.20 07:01:28	3,73	3,60	54,16	22,98	12,86
1170	11.08.20 07:01:29	3,73	3,60	52,93	21,11	15,96
1171	11.08.20 07:01:30	3,73	3,58	51,56	24,71	13,73
1172	11.08.20 07:01:31	3,73	3,62	54,21	26,12	9,67
1173	11.08.20 07:01:32	3,73	3,62	52,19	21,71	16,10
1174	11.08.20 07:01:33	3,73	3,62	50,68	20,92	18,40
1175	11.08.20 07:01:34	3,73	3,60	52,83	24,25	12,91
1176	11.08.20 07:01:35	3,73	3,64	54,76	22,53	12,71
1177	11.08.20 07:01:36	3,73	3,64	50,88	18,95	20,17
1178	11.08.20 07:01:37	3,73	3,60	49,81	18,96	21,23
1179	11.08.20 07:01:38	3,73	3,58	50,58	17,38	22,03
1180	11.08.20 07:01:39	3,73	3,54	46,15	17,09	26,75
1181	11.08.20 07:01:40	3,73	3,47	42,78	16,76	30,46
1182	11.08.20 07:01:41	3,73	3,41	40,34	13,89	35,77
1183	11.08.20 07:01:42	3,73	3,32	38,85	12,41	38,73
1184	11.08.20 07:01:43	3,73	3,24	40,66	12,27	37,07
1185	11.08.20 07:01:44	3,77	3,20	42,83	11,37	35,80
1186	11.08.20 07:01:45	3,77	3,09	39,74	8,28	41,98
1187	11.08.20 07:01:46	3,77	2,96	41,94	7,20	40,86
1188	11.08.20 07:01:47	3,77	2,90	43,70	6,99	39,31
1189	11.08.20 07:01:48	3,77	2,81	41,95	4,42	43,63
1190	11.08.20 07:01:49	3,77	2,73	40,53	2,82	46,66
1191	11.08.20 07:01:50	3,77	2,60	42,45	1,04	46,52
1192	11.08.20 07:01:51	3,85	2,53	39,41	-2,33	48,25
1193	11.08.20 07:01:52	3,92	2,43	37,97	-3,85	48,18
1194	11.08.20 07:01:53	4,00	2,36	34,22	-4,32	51,46
1195	11.08.20 07:01:54	4,03	2,26	34,40	-6,25	49,35
1196	11.08.20 07:01:55	4,14	2,15	33,72	-6,92	49,37
1197	11.08.20 07:01:56	4,40	2,09	31,17	-5,70	53,13
1198	11.08.20 07:01:57	4,95	1,93	33,30	-7,44	49,27
1199	11.08.20 07:01:58	5,38	1,89	29,19	-2,86	57,95
1200	11.08.20 07:01:59	5,60	1,87	34,58	-6,65	48,77
1201	11.08.20 07:02:00	5,78	1,76	34,16	-5,62	50,23
1202	11.08.20 07:02:01	5,96	1,79	40,61	-4,57	44,82
1203	11.08.20 07:02:02	6,03	1,70	34,65	-8,73	46,62
1204	11.08.20 07:02:03	6,28	1,62	28,67	-10,98	50,35
1205	11.08.20 07:02:04	6,56	1,54	36,85	-9,70	43,45
1206	11.08.20 07:02:05	6,73	1,52	35,65	-13,78	40,57
1207	11.08.20 07:02:06	6,84	1,45	24,98	-17,03	47,99
1208	11.08.20 07:02:07	6,91	1,39	25,98	-13,89	50,13
1209	11.08.20 07:02:08	7,15	1,39	33,97	-9,58	46,44
1210	11.08.20 07:02:09	7,36	1,33	27,95	-12,16	49,89
1211	11.08.20 07:02:10	7,81	1,25	23,47	-3,01	63,52
1212	11.08.20 07:02:11	8,29	1,21	28,57	-7,79	53,65
1213	11.08.20 07:02:12	8,73	1,19	27,97	-11,20	50,84
1214	11.08.20 07:02:13	9,00	1,15	27,98	-9,30	52,72
1215	11.08.20 07:02:14	9,30	1,09	27,00	-9,10	53,90
1216	11.08.20 07:02:15	9,53	1,07	24,74	-8,87	56,39
1217	11.08.20 07:02:16	9,73	1,08	28,41	-9,21	52,38
1218	11.08.20 07:02:17	9,89	1,01	26,33	-11,06	52,61
1219	11.08.20 07:02:18	10,06	0,97	21,63	-8,58	59,80
1220	11.08.20 07:02:19	10,19	0,93	25,91	-0,53	63,57
1221	11.08.20 07:02:20	10,29	0,93	27,71	-3,69	58,60
1222	11.08.20 07:02:21	10,39	0,87	20,79	-7,24	61,97
1223	11.08.20 07:02:22	10,52	0,85	23,96	3,11	62,93
1224	11.08.20 07:02:23	10,58	0,85	26,90	-3,22	59,88
1225	11.08.20 07:02:24	10,62	0,81	22,21	-1,01	66,78
1226	11.08.20 07:02:25	10,75	0,77	24,20	-1,09	64,72
1227	11.08.20 07:02:26	10,81	0,74	25,47	0,99	63,55
1228	11.08.20 07:02:27	10,88	0,70	23,87	0,77	65,35
1229	11.08.20 07:02:28	11,01	0,66	26,36	0,09	63,55
1230	11.08.20 07:02:29	11,14	0,62	21,42	1,81	66,77
1231	11.08.20 07:02:30	11,23	0,62	22,58	2,47	64,95
1232	11.08.20 07:02:31	11,33	0,56	28,52	-2,35	59,13
1233	11.08.20 07:02:32	11,43	0,50	20,79	-2,23	66,97
1234	11.08.20 07:02:33	11,49	0,50	29,74	-4,30	55,97
1235	11.08.20 07:02:34	11,59	0,48	27,50	-7,49	55,01
1236	11.08.20 07:02:35	11,65	0,41	20,49	-9,95	59,56
1237	11.08.20 07:02:36	11,69	0,39	20,34	6,10	63,57
1238	11.08.20 07:02:37	11,78	0,41	22,23	6,43	61,34
1239	11.08.20 07:02:38	11,85	0,37	17,42	10,60	61,98
1240	11.08.20 07:02:39	11,91	0,30	20,25	2,50	67,24
1241	11.08.20 07:02:40	11,97	0,30	20,94	1,64	67,41
1242	11.08.20 07:02:41	12,04	0,30	25,45	-0,62	63,93
1243	11.08.20 07:02:42	12,07	0,26	16,42	8,98	64,60
1244	11.08.20 07:02:43	12,07	0,26	19,90	5,87	64,23
1245	11.08.20 07:02:44	12,10	0,28	16,39	8,51	65,10
1246	11.08.20 07:02:45	12,16	0,28	17,87	9,80	62,32
1247	11.08.20 07:02:46	12,20	0,26	17,26	11,09	61,65
1248	11.08.20 07:02:47	12,20	0,26	18,67	15,23	56,11
1249	11.08.20 07:02:48	12,26	0,26	15,90	14,14	59,96
1250	11.08.20 07:02:49	12,23	0,26	25,92	3,80	60,29
1251	11.08.20 07:02:50	12,23	0,24	40,37	-5,21	44,43
1252	11.08.20 07:02:51	12,29	0,22	19,10	3,09	67,81
1253	11.08.20 07:02:52	12,29	0,22	15,42	4,43	70,15
1254	11.08.20 07:02:53	12,39	0,22	44,63	-11,19	34,19
1255	11.08.20 07:02:54	12,42	0,20	17,32	-2,51	70,16
1256	11.08.20 07:02:55	12,45	0,22	20,80	2,59	66,61
1257	11.08.20 07:02:56	12,55	0,22	21,99	5,31	62,70
1258	11.08.20 07:02:57	12,64	0,24	19,24	2,30	68,46
1259	11.08.20 07:02:58	12,64	0,24	18,09	2,85	69,06
1260	11.08.20 07:02:59	12,74	0,22	18,95	3,69	67,37
1261	11.08.20 07:03:00	12,77	0,24	20,41	5,04	64,56
1262	11.08.20 07:03:01	12,80	0,22	22,27	7,45	60,28
1263	11.08.20 07:03:02	12,83	0,20	17,03	6,26	66,72
1264	11.08.20 07:03:03	12,86	0,24	19,78	8,22	62,00
1265	11.08.20 07:03:04	12,89	0,24	27,58	8,33	54,09
1266	11.08.20 07:03:05	12,89	0,22	19,64	-1,02	69,34
1267	11.08.20 07:03:06	12,93	0,22	16,47	4,16	69,37
1268	11.08.20 07:03:07	12,99	0,26	29,59	-0,22	60,20
1269	11.08.20 07:03:08	13,02	0,26	30,72	-8,09	51,19
1270	11.08.20 07:03:09	13,05	0,22	12,30	-0,63	77,07
1271	11.08.20 07:03:10	13,11	0,24	27,27	9,27	53,46
1272	11.08.20 07:03:11	13,18	0,26	47,16	-9,62	33,22
1273	11.08.20 07:03:12	13,18	0,26	18,19	8,88	62,94
1274	11.08.20 07:03:13	13,15	0,22	20,67	13,39	55,94
1275	11.08.20 07:03:14	13,18	0,28	46,59	-7,87	35,54
1276	11.08.20 07:03:15	13,18	0,26	20,98	6,50	62,51
1277	11.08.20 07:03:16	13,18	0,24	15,53	7,81	66,66
1278	11.08.20 07:03:17	13,24	0,22	39,69	-11,73	38,58
1279	11.08.20 07:03:18	13,27	0,22	25,14	-1,84	63,01
1280	11.08.20 07:03:19	13,30	0,22	23,35	-2,61	64,04
1281	11.08.20 07:03:20	13,33	0,20	13,76	4,37	71,87
1282	11.08.20 07:03:21	13,40	0,20	20,97	2,79	66,23
1283	11.08.20 07:03:22	13,43	0,20	19,71	5,57	64,72
1284	11.08.20 07:03:23	13,46	0,18	14,24	-8,18	67,59
1285	11.08.20 07:03:24	13,49	0,20	24,98	-8,44	56,58
1286	11.08.20 07:03:25	13,52	0,18	20,81	4,39	64,80
1287	11.08.20 07:03:26	13,58	0,18	17,34	1,71	70,95
1288	11.08.20 07:03:27	13,58	0,20	17,97	10,80	61,23
1289	11.08.20 07:03:28	13,65	0,18	17,73	12,10	60,17
1290	11.08.20 07:03:29	13,65	0,18	18,75	13,64	57,61
1291	11.08.20 07:03:30	13,65	0,18	16,07	7,39	66,54
1292	11.08.20 07:03:31	13,68	0,18	24,93	0,88	64,19
1293	11.08.20 07:03:32	13,68	0,18	24,97	4,76	60,28
1294	11.08.20 07:03:33	13,71	0,11	13,08	-5,92	71,00
1295	11.08.20 07:03:34	13,74	0,13	17,33	0,72	71,96
1296	11.08.20 07:03:35	13,77	0,13	24,24	-11,20	54,56
1297	11.08.20 07:03:36	13,77	0,13	17,27	-6,43	66,30
1298	11.08.20 07:03:37	13,83	0,13	22,56	-7,81	59,63
1299	11.08.20 07:03:38	13,83	0,09	5,98	-8,89	75,13
1300	11.08.20 07:03:39	13,86	0,13	17,53	-3,26	69,21
1301	11.08.20 07:03:40	13,90	0,13	28,86	1,35	59,79
1302	11.08.20 07:03:41	13,96	0,13	14,49	-9,08	66,43
1303	11.08.20 07:03:42	13,96	0,15	20,10	1,99	67,92
1304	11.08.20 07:03:43	13,99	0,18	24,86	-0,60	64,54
1305	11.08.20 07:03:44	13,99	0,13	21,20	-0,95	67,85
1306	11.08.20 07:03:45	14,02	0,18	14,92	4,01	71,07
1307	11.08.20 07:03:46	14,02	0,18	24,06	-10,11	55,83
1308	11.08.20 07:03:47	14,02	0,18	34,09	-6,68	49,23
1309	11.08.20 07:03:48	14,05	0,13	25,94	1,15	62,91
1310	11.08.20 07:03:49	14,08	0,11	13,67	-2,58	73,74
1311	11.08.20 07:03:50	14,11	0,15	23,49	-6,47	60,04
1312	11.08.20 07:03:51	14,11	0,13	21,43	3,25	65,33
1313	11.08.20 07:03:52	14,14	0,13	13,21	-4,70	72,09
1314	11.08.20 07:03:53	14,18	0,15	12,62	7,68	69,71
1315	11.08.20 07:03:54	14,18	0,15	21,09	15,84	53,07
1316	11.08.20 07:03:55	14,21	0,13	14,44	13,37	62,19
1317	11.08.20 07:03:56	14,21	0,15	23,76	-6,44	59,80
1318	11.08.20 07:03:57	14,24	0,15	33,89	-6,70	49,42
1319	11.08.20 07:03:58	14,27	0,13	29,54	-19,20	41,26
1320	11.08.20 07:03:59	14,27	0,13	19,65	-12,22	58,13
1321	11.08.20 07:04:00	14,30	0,18	40,06	-6,46	43,48
1322	11.08.20 07:04:01	14,30	0,18	31,91	8,56	49,53
1323	11.08.20 07:04:02	14,30	0,09	23,85	-4,73	61,42
1324	11.08.20 07:04:03	14,33	0,11	25,78	2,24	61,98
1325	11.08.20 07:04:04	14,36	0,07	9,41	-14,04	66,55
1326	11.08.20 07:04:05	14,39	0,09	19,84	-1,98	68,18
1327	11.08.20 07:04:06	14,42	0,13	36,51	-5,74	47,74
1328	11.08.20 07:04:07	14,42	0,11	27,07	7,12	55,81
1329	11.08.20 07:04:08	14,45	0,15	45,01	19,06	25,93
1330	11.08.20 07:04:09	14,45	0,15	47,61	14,21	28,17
1331	11.08.20 07:04:10	14,45	0,18	41,13	17,85	31,02
1332	11.08.20 07:04:11	14,45	0,11	47,11	19,28	23,61
1333	11.08.20 07:04:12	14,45	0,15	53,05	1,13	35,81
1334	11.08.20 07:04:13	14,49	0,18	34,31	23,01	32,68
1335	11.08.20 07:04:14	14,49	0,18	53,03	30,84	6,14
1336	11.08.20 07:04:15	14,52	0,15	58,27	16,53	15,20
1337	11.08.20 07:04:16	14,52	0,18	46,45	8,31	35,24
1338	11.08.20 07:04:17	14,55	0,18	45,06	16,86	28,08
1339	11.08.20 07:04:18	14,58	0,18	32,60	35,08	22,32
1340	11.08.20 07:04:19	14,58	0,18	46,46	14,60	28,94
1341	11.08.20 07:04:20	14,61	0,18	48,39	13,30	28,30
1342	11.08.20 07:04:21	14,61	0,18	52,92	15,21	21,87
1343	11.08.20 07:04:22	14,64	0,22	58,97	6,86	24,17
1344	11.08.20 07:04:23	14,64	0,22	61,29	14,39	14,32
1345	11.08.20 07:04:24	14,67	0,20	54,53	10,79	24,68
1346	11.08.20 07:04:25	14,67	0,15	66,00	-2,48	21,52
1347	11.08.20 07:04:26	14,67	0,09	48,37	-15,90	25,73
1348	11.08.20 07:04:27	14,70	0,11	67,16	-11,41	11,43
1349	11.08.20 07:04:28	14,73	0,09	75,23	-5,92	8,85
1350	11.08.20 07:04:29	14,67	0,13	71,30	14,93	3,77
1351	11.08.20 07:04:30	14,61	0,11	59,89	4,94	25,17
1352	11.08.20 07:04:31	14,42	0,13	1,04	19,92	69,03
1353	11.08.20 07:04:32	14,39	0,13	-6,79	-3,20	80,00
1354	11.08.20 07:04:33	14,33	0,15	38,22	15,25	36,53
1355	11.08.20 07:04:34	14,30	0,15	46,23	14,08	29,68
1356	11.08.20 07:04:35	14,27	0,13	42,40	11,94	35,66
1357	11.08.20 07:04:36	14,24	0,15	44,73	9,43	35,84
1358	11.08.20 07:04:37	14,21	0,15	56,70	6,03	27,27
1359	11.08.20 07:04:38	14,14	0,15	21,69	66,27	2,05
1360	11.08.20 07:04:39	14,11	0,13	47,91	35,55	6,54
1361	11.08.20 07:04:40	14,08	0,13	56,99	26,66	6,36
1362	11.08.20 07:04:41	14,08	0,15	68,93	15,55	5,51
1363	11.08.20 07:04:42	14,05	0,15	75,07	7,36	7,57
1364	11.08.20 07:04:43	14,02	0,15	70,71	11,06	8,23
1365	11.08.20 07:04:44	14,02	0,15	31,70	48,89	9,41
1366	11.08.20 07:04:45	13,99	0,15	-17,41	1,99	70,60
1367	11.08.20 07:04:46	13,96	0,13	-17,12	5,07	67,81
1368	11.08.20 07:04:47	13,96	0,13	-20,46	0,78	68,76
1369	11.08.20 07:04:48	13,93	0,13	-19,73	1,29	68,98
1370	11.08.20 07:04:49	13,93	0,11	-5,53	-1,99	82,48
1371	11.08.20 07:04:50	13,90	0,11	-11,33	-1,74	76,93
1372	11.08.20 07:04:51	13,90	0,13	-12,89	-4,05	73,06
1373	11.08.20 07:04:52	13,86	0,11	-15,76	-2,98	71,26
1374	11.08.20 07:04:53	13,86	0,13	-18,55	3,90	67,55
1375	11.08.20 07:04:54	13,83	0,13	-14,33	-1,33	74,34
1376	11.08.20 07:04:55	13,83	0,13	-13,04	0,37	76,59
1377	11.08.20 07:04:56	13,83	0,13	-12,91	1,32	75,77
1378	11.08.20 07:04:57	13,80	0,13	-13,93	-3,02	73,05
1379	11.08.20 07:04:58	13,80	0,13	-14,28	3,12	72,60
1380	11.08.20 07:04:59	13,80	0,13	-14,87	2,02	73,10
1381	11.08.20 07:05:00	13,77	0,15	-84,85	2,68	-2,47
1382	11.08.20 07:05:01	13,77	0,15	-54,25	7,73	-28,02
1383	11.08.20 07:05:02	13,77	0,13	-37,31	15,06	-37,64
1384	11.08.20 07:05:03	13,77	0,13	-0,82	-5,40	-83,77
1385	11.08.20 07:05:04	13,77	0,13	-0,75	-3,58	-85,67
1386	11.08.20 07:05:05	13,77	0,13	-2,36	-7,15	-80,49
1387	11.08.20 07:05:06	13,77	0,13	-1,35	-6,65	-82,00
1388	11.08.20 07:05:07	13,74	0,15	0,58	-4,76	-84,66
1389	11.08.20 07:05:08	13,74	0,13	-2,30	-4,92	-82,77
1390	11.08.20 07:05:09	13,74	0,15	-2,49	-6,39	-81,12
1391	11.08.20 07:05:10	13,74	0,13	0,86	-7,20	-81,93
1392	11.08.20 07:05:11	13,71	0,15	0,53	-4,22	-85,25
1393	11.08.20 07:05:12	13,71	0,13	-2,59	-5,38	-82,02
1394	11.08.20 07:05:13	13,71	0,15	-1,05	-7,27	-81,68
1395	11.08.20 07:05:14	13,71	0,15	-13,11	8,72	-68,17
1396	11.08.20 07:05:15	13,71	0,13	-26,37	-23,85	-39,78
1397	11.08.20 07:05:16	13,71	0,15	-56,42	-7,47	-26,11
1398	11.08.20 07:05:17	13,74	0,15	-58,75	2,17	-29,08
1399	11.08.20 07:05:18	13,74	0,13	-54,96	4,22	-30,82
1400	11.08.20 07:05:19	13,74	0,13	-54,96	9,73	-25,31
1401	11.08.20 07:05:20	13,74	0,13	-7,64	71,89	-10,47
1402	11.08.20 07:05:21	13,74	0,13	-2,37	76,11	-11,51
1403	11.08.20 07:05:22	13,74	0,13	-1,43	77,28	-11,30
1404	11.08.20 07:05:23	13,74	0,13	-1,50	73,07	-15,44
1405	11.08.20 07:05:24	13,74	0,15	-2,66	72,56	-14,78
1406	11.08.20 07:05:25	13,71	0,13	-3,10	75,88	-11,02
1407	11.08.20 07:05:26	13,71	0,13	-1,32	77,12	-11,56
1408	11.08.20 07:05:27	13,71	0,13	-1,54	72,78	-15,68
1409	11.08.20 07:05:28	13,71	0,13	-3,63	72,00	-14,36
1410	11.08.20 07:05:29	13,71	0,15	-1,68	78,22	-10,11
1411	11.08.20 07:05:30	13,71	0,13	-2,47	75,20	-12,34
1412	11.08.20 07:05:31	13,71	0,13	-2,49	71,48	-16,03
1413	11.08.20 07:05:32	13,71	0,13	-1,02	74,84	-14,14
1414	11.08.20 07:05:33	13,71	0,15	-1,52	75,73	-12,75
1415	11.08.20 07:05:34	13,68	0,13	-1,95	74,61	-13,44
1416	11.08.20 07:05:35	13,68	0,13	-1,19	73,02	-15,79
1417	11.08.20 07:05:36	13,68	0,13	-1,13	73,48	-15,39
1418	11.08.20 07:05:37	13,68	0,13	-0,88	76,83	-12,29
1419	11.08.20 07:05:38	13,68	0,15	-1,41	74,31	-14,28
1420	11.08.20 07:05:39	13,68	0,13	-1,61	72,07	-16,32
1421	11.08.20 07:05:40	13,68	0,11	-1,43	75,12	-13,45
1422	11.08.20 07:05:41	13,68	0,15	-1,24	76,15	-12,61
1423	11.08.20 07:05:42	13,68	0,15	-0,91	73,32	-15,78
1424	11.08.20 07:05:43	13,68	0,15	-2,19	73,13	-14,68
1425	11.08.20 07:05:44	13,68	0,13	-1,69	75,76	-12,56
1426	11.08.20 07:05:45	13,68	0,15	-1,42	73,88	-14,71
1427	11.08.20 07:05:46	13,68	0,13	-0,30	73,58	-16,12
1428	11.08.20 07:05:47	13,68	0,13	-1,05	75,32	-13,63
1429	11.08.20 07:05:48	13,68	0,13	-2,66	75,01	-12,33
1430	11.08.20 07:05:49	13,68	0,13	-1,07	73,86	-15,07
1431	11.08.20 07:05:50	13,68	0,13	-0,39	72,49	-17,12
1432	11.08.20 07:05:51	13,68	0,13	-1,98	75,41	-12,61
1433	11.08.20 07:05:52	13,68	0,13	-0,93	78,10	-10,96
1434	11.08.20 07:05:53	13,68	0,13	-3,44	70,67	-15,89
1435	11.08.20 07:05:54	13,68	0,13	-1,99	71,12	-16,89
1436	11.08.20 07:05:55	13,68	0,15	0,16	79,38	-10,46
1437	11.08.20 07:05:56	13,68	0,13	-1,45	76,13	-12,42
1438	11.08.20 07:05:57	13,68	0,15	-3,84	69,05	-17,11
1439	11.08.20 07:05:58	13,68	0,15	-1,15	72,51	-16,34
1440	11.08.20 07:05:59	13,68	0,13	1,98	76,00	-12,02
1441	11.08.20 07:06:00	13,68	0,15	-0,86	74,98	-14,16
1442	11.08.20 07:06:01	13,68	0,13	-3,69	69,33	-16,98
1443	11.08.20 07:06:02	13,68	0,13	-1,17	73,14	-15,69
1444	11.08.20 07:06:03	13,68	0,13	1,14	77,66	-11,20
1445	11.08.20 07:06:04	13,71	0,13	-1,46	74,23	-14,30
1446	11.08.20 07:06:05	13,71	0,13	-3,84	69,55	-16,61
1447	11.08.20 07:06:06	13,71	0,13	-0,86	74,07	-15,07
1448	11.08.20 07:06:07	13,71	0,15	0,91	75,53	-13,56
1449	11.08.20 07:06:08	13,71	0,13	-1,66	73,32	-15,02
1450	11.08.20 07:06:09	13,71	0,13	-3,16	71,72	-15,12
1451	11.08.20 07:06:10	13,71	0,13	-1,07	73,53	-15,40
1452	11.08.20 07:06:11	13,71	0,15	0,30	75,28	-14,41
1453	11.08.20 07:06:12	13,71	0,15	-2,80	74,19	-13,01
1454	11.08.20 07:06:13	13,71	0,13	-3,23	72,57	-14,20
1455	11.08.20 07:06:14	13,71	0,15	-0,81	73,60	-15,59
1456	11.08.20 07:06:15	13,71	0,13	-1,17	74,52	-14,31
1457	11.08.20 07:06:16	13,71	0,13	-2,72	73,85	-13,43
1458	11.08.20 07:06:17	13,71	0,11	-1,74	74,36	-13,90
1459	11.08.20 07:06:18	13,71	0,15	-1,06	73,46	-15,48
1460	11.08.20 07:06:19	13,74	0,15	-1,54	73,60	-14,86
1461	11.08.20 07:06:20	13,74	0,15	-1,91	73,79	-14,31
1462	11.08.20 07:06:21	13,74	0,13	-1,42	75,10	-13,48
1463	11.08.20 07:06:22	13,74	0,15	-1,45	73,77	-14,78
1464	11.08.20 07:06:23	13,74	0,15	-1,28	73,26	-15,46
1465	11.08.20 07:06:24	13,74	0,13	-1,41	74,67	-13,92
1466	11.08.20 07:06:25	13,74	0,13	-1,54	73,53	-14,93
1467	11.08.20 07:06:26	13,74	0,13	-1,63	73,51	-14,86
1468	11.08.20 07:06:27	13,74	0,13	-0,28	75,94	-13,78
1469	11.08.20 07:06:28	13,77	0,15	-1,92	73,95	-14,13
1470	11.08.20 07:06:29	13,77	0,13	-2,69	71,48	-15,83
1471	11.08.20 07:06:30	13,77	0,13	-0,86	74,08	-15,07
1472	11.08.20 07:06:31	13,77	0,15	0,03	77,05	-12,92
1473	11.08.20 07:06:32	13,77	0,13	-2,64	72,98	-14,38
1474	11.08.20 07:06:33	13,77	0,13	-4,68	68,69	-16,63
1475	11.08.20 07:06:34	13,77	0,15	-44,23	-4,90	-40,87
1476	11.08.20 07:06:35	13,80	0,13	-41,14	-2,04	-46,82
1477	11.08.20 07:06:36	13,80	0,15	-50,47	-0,93	-38,61
1478	11.08.20 07:06:37	13,83	0,13	-52,18	0,30	-37,52
1479	11.08.20 07:06:38	13,83	0,13	-50,54	-2,66	-36,81
1480	11.08.20 07:06:39	13,83	0,11	-48,78	-0,46	-40,76
1481	11.08.20 07:06:40	13,86	0,13	-50,79	-1,35	-37,86
1482	11.08.20 07:06:41	13,86	0,11	-46,71	2,93	-40,36
1483	11.08.20 07:06:42	13,86	0,13	-52,65	-0,42	-36,92
1484	11.08.20 07:06:43	13,86	0,13	-52,31	-0,76	-36,94
1485	11.08.20 07:06:44	13,90	0,13	-52,98	-0,38	-36,64
1486	11.08.20 07:06:45	13,90	0,13	-51,37	1,19	-37,45
1487	11.08.20 07:06:46	13,90	0,13	-49,55	4,27	-36,18
1488	11.08.20 07:06:47	13,90	0,13	-56,20	3,57	-30,24
1489	11.08.20 07:06:48	13,90	0,13	-54,74	4,86	-30,40
1490	11.08.20 07:06:49	13,93	0,13	-55,27	4,34	-30,39
1491	11.08.20 07:06:50	13,93	0,15	-55,04	5,32	-29,65
1492	11.08.20 07:06:51	13,93	0,11	-57,07	2,04	-30,89
1493	11.08.20 07:06:52	13,93	0,15	-57,65	1,86	-30,49
1494	11.08.20 07:06:53	13,96	0,13	-56,91	3,97	-29,11
1495	11.08.20 07:06:54	13,96	0,15	-55,46	3,40	-31,14
1496	11.08.20 07:06:55	13,96	0,15	-54,17	-1,79	-34,05
1497	11.08.20 07:06:56	13,96	0,15	-58,80	-0,18	-31,02
1498	11.08.20 07:06:57	13,96	0,15	-56,88	1,91	-31,21
1499	11.08.20 07:06:58	13,96	0,18	-58,24	2,43	-29,33
1500	11.08.20 07:06:59	13,96	0,15	-56,82	3,58	-29,60
1501	11.08.20 07:07:00	13,96	0,13	-55,52	1,03	-33,46
1502	11.08.20 07:07:01	13,96	0,18	-53,62	6,40	-29,98
1503	11.08.20 07:07:02	13,96	0,15	-57,31	2,88	-29,81
1504	11.08.20 07:07:03	13,99	0,15	-57,04	4,00	-28,95
1505	11.08.20 07:07:04	13,99	0,15	-55,91	3,75	-30,34
1506	11.08.20 07:07:05	13,99	0,15	-48,80	7,78	-33,42
1507	11.08.20 07:07:06	14,02	0,15	-45,75	8,05	-36,20
1508	11.08.20 07:07:07	14,02	0,15	-48,82	7,12	-34,06
1509	11.08.20 07:07:08	14,02	0,13	-57,01	4,45	-28,54
1510	11.08.20 07:07:09	14,02	0,15	-56,30	6,53	-27,17
1511	11.08.20 07:07:10	14,05	0,15	-58,70	2,59	-28,71
1512	11.08.20 07:07:11	14,05	0,15	-57,55	2,47	-29,98
1513	11.08.20 07:07:12	14,05	0,13	-56,20	3,67	-30,13
1514	11.08.20 07:07:13	14,08	0,13	-57,05	1,68	-31,27
1515	11.08.20 07:07:14	14,08	0,13	-55,19	3,71	-31,10
1516	11.08.20 07:07:15	14,08	0,15	-56,66	3,20	-30,14
1517	11.08.20 07:07:16	14,11	0,13	-55,53	4,65	-29,82
1518	11.08.20 07:07:17	14,11	0,15	-55,70	4,24	-30,06
1519	11.08.20 07:07:18	14,11	0,15	-54,92	4,59	-30,49
1520	11.08.20 07:07:19	14,11	0,13	-52,92	7,47	-29,61
1521	11.08.20 07:07:20	14,14	0,15	-60,86	2,75	-26,40
1522	11.08.20 07:07:21	14,14	0,15	-56,27	3,87	-29,85
1523	11.08.20 07:07:22	14,18	0,13	-56,02	3,84	-30,14
1524	11.08.20 07:07:23	14,18	0,13	-56,47	5,62	-27,91
1525	11.08.20 07:07:24	14,21	0,13	-55,79	3,74	-30,47
1526	11.08.20 07:07:25	14,21	0,15	-54,26	8,73	-27,01
1527	11.08.20 07:07:26	14,21	0,13	-56,52	4,70	-28,78
1528	11.08.20 07:07:27	14,24	0,15	4,26	12,14	-73,60
1529	11.08.20 07:07:28	14,27	0,13	30,26	17,30	-42,45
1530	11.08.20 07:07:29	14,27	0,15	-7,62	-49,84	32,55
1531	11.08.20 07:07:30	14,27	0,15	23,26	-24,66	42,07
1532	11.08.20 07:07:31	14,30	0,15	23,48	-25,82	40,70
1533	11.08.20 07:07:32	14,30	0,15	21,70	-29,34	38,96
1534	11.08.20 07:07:33	14,30	0,15	27,95	-3,99	58,06
1535	11.08.20 07:07:34	14,30	0,13	27,24	-10,67	52,10
1536	11.08.20 07:07:35	14,30	0,11	25,18	-11,39	53,43
1537	11.08.20 07:07:36	14,30	0,13	23,36	-11,44	55,20
1538	11.08.20 07:07:37	14,30	0,15	25,99	-10,04	53,97
1539	11.08.20 07:07:38	14,30	0,15	28,35	-10,48	51,18
1540	11.08.20 07:07:39	14,30	0,13	25,57	-11,48	52,96
1541	11.08.20 07:07:40	14,33	0,13	23,17	-11,33	55,50
1542	11.08.20 07:07:41	14,36	0,13	26,17	-10,14	53,69
1543	11.08.20 07:07:42	14,36	0,13	28,00	-10,07	51,93
1544	11.08.20 07:07:43	14,36	0,13	25,60	-11,09	53,30
1545	11.08.20 07:07:44	14,36	0,15	23,80	-11,84	54,36
1546	11.08.20 07:07:45	14,36	0,15	25,28	-11,53	53,19
1547	11.08.20 07:07:46	14,36	0,13	27,42	-10,26	52,32
1548	11.08.20 07:07:47	14,36	0,13	26,63	-10,55	52,82
1549	11.08.20 07:07:48	14,36	0,13	24,95	-11,24	53,81
1550	11.08.20 07:07:49	14,36	0,13	24,24	-11,89	53,88
1551	11.08.20 07:07:50	14,36	0,13	25,63	-11,87	52,50
1552	11.08.20 07:07:51	14,39	0,13	27,59	-10,22	52,19
1553	11.08.20 07:07:52	14,42	0,13	26,34	-10,53	53,14
1554	11.08.20 07:07:53	14,42	0,13	23,01	-10,35	56,64
1555	11.08.20 07:07:54	14,42	0,13	25,94	-32,88	31,18
1556	11.08.20 07:07:55	14,42	0,13	27,17	-32,52	30,31
1557	11.08.20 07:07:56	14,42	0,13	26,83	-33,01	30,16
1558	11.08.20 07:07:57	14,42	0,15	25,55	-32,94	31,50
1559	11.08.20 07:07:58	14,42	0,13	25,70	-32,37	31,93
1560	11.08.20 07:07:59	14,42	0,13	20,90	-38,24	30,85
1561	11.08.20 07:08:00	14,45	0,15	26,86	-23,61	39,54
1562	11.08.20 07:08:01	14,45	0,13	26,52	-25,00	38,48
1563	11.08.20 07:08:02	14,45	0,13	27,60	-24,64	37,76
1564	11.08.20 07:08:03	14,45	0,13	28,39	-23,82	37,79
1565	11.08.20 07:08:04	14,45	0,13	27,94	-23,61	38,45
1566	11.08.20 07:08:05	14,49	0,13	27,24	-24,01	38,75
1567	11.08.20 07:08:06	14,49	0,13	26,22	-25,36	38,42
1568	11.08.20 07:08:07	14,49	0,15	28,14	-24,49	37,36
1569	11.08.20 07:08:08	14,49	0,13	29,14	-22,83	38,03
1570	11.08.20 07:08:09	14,49	0,13	27,53	-24,05	38,42
1571	11.08.20 07:08:10	14,49	0,15	26,28	-25,19	38,53
1572	11.08.20 07:08:11	14,49	0,13	26,44	-24,59	38,96
1573	11.08.20 07:08:12	14,49	0,15	28,90	-23,68	37,42
1574	11.08.20 07:08:13	14,52	0,15	29,79	-23,81	36,40
1575	11.08.20 07:08:14	14,52	0,15	26,68	-24,57	38,75
1576	11.08.20 07:08:15	14,52	0,13	25,39	-24,43	40,17
1577	11.08.20 07:08:16	14,52	0,15	27,99	-23,62	38,39
1578	11.08.20 07:08:17	14,52	0,15	29,66	-24,56	35,77
1579	11.08.20 07:08:18	14,52	0,13	28,31	-24,74	36,94
1580	11.08.20 07:08:19	14,52	0,15	25,90	-23,16	40,94
1581	11.08.20 07:08:20	14,52	0,13	26,33	-23,73	39,94
1582	11.08.20 07:08:21	14,52	0,15	29,07	-25,76	35,17
1583	11.08.20 07:08:22	14,52	0,13	28,64	-24,58	36,78
1584	11.08.20 07:08:23	14,52	0,15	27,06	-22,90	40,05
1585	11.08.20 07:08:24	14,52	0,15	26,86	-23,71	39,43
1586	11.08.20 07:08:25	14,52	0,15	27,24	-26,08	36,67
1587	11.08.20 07:08:26	14,52	0,13	27,71	-25,17	37,11
1588	11.08.20 07:08:27	14,52	0,13	28,77	-24,03	37,20
1589	11.08.20 07:08:28	14,52	0,15	27,78	-23,68	38,55
1590	11.08.20 07:08:29	14,52	0,15	26,63	-24,19	39,18
1591	11.08.20 07:08:30	14,52	0,15	26,57	-24,53	38,90
1592	11.08.20 07:08:31	14,52	0,15	28,45	-24,68	36,87
1593	11.08.20 07:08:32	14,52	0,13	28,50	-24,05	37,45
1594	11.08.20 07:08:33	14,55	0,15	27,68	-23,03	39,30
1595	11.08.20 07:08:34	14,55	0,15	26,85	-25,18	37,97
1596	11.08.20 07:08:35	14,55	0,15	26,69	-25,88	37,43
1597	11.08.20 07:08:36	14,55	0,15	28,29	-24,32	37,39
1598	11.08.20 07:08:37	14,55	0,13	28,53	-23,73	37,75
1599	11.08.20 07:08:38	14,55	0,15	27,65	-24,99	37,35
1600	11.08.20 07:08:39	14,58	0,15	26,54	-25,94	37,52
1601	11.08.20 07:08:40	14,58	0,15	26,46	-24,64	38,90
1602	11.08.20 07:08:41	14,58	0,13	28,99	-23,27	37,74
1603	11.08.20 07:08:42	14,58	0,15	28,71	-24,75	36,54
1604	11.08.20 07:08:43	14,58	0,13	25,29	-26,40	38,31
1605	11.08.20 07:08:44	14,58	0,15	26,83	-24,22	38,95
1606	11.08.20 07:08:45	14,58	0,15	29,25	-23,98	36,77
1607	11.08.20 07:08:46	14,61	0,15	28,05	-24,64	37,31
1608	11.08.20 07:08:47	14,61	0,15	26,18	-25,24	38,58
1609	11.08.20 07:08:48	14,61	0,13	26,66	-25,72	37,62
1610	11.08.20 07:08:49	14,61	0,13	28,03	-23,65	38,32
1611	11.08.20 07:08:50	14,61	0,15	29,82	-23,78	36,40
1612	11.08.20 07:08:51	14,61	0,15	26,29	-24,50	39,20
1613	11.08.20 07:08:52	14,64	0,15	24,25	-25,80	39,95
1614	11.08.20 07:08:53	14,64	0,15	29,92	-24,21	35,87
1615	11.08.20 07:08:54	14,64	0,13	30,67	-23,37	35,97
1616	11.08.20 07:08:55	14,64	0,13	24,34	-24,47	41,19
1617	11.08.20 07:08:56	14,64	0,13	25,72	-25,23	39,04
1618	11.08.20 07:08:57	14,64	0,15	30,34	-23,88	35,77
1619	11.08.20 07:08:58	14,67	0,13	28,47	-23,42	38,12
1620	11.08.20 07:08:59	14,67	0,15	25,69	-25,76	38,55
1621	11.08.20 07:09:00	14,67	0,15	26,44	-24,36	39,20
1622	11.08.20 07:09:01	14,67	0,15	29,83	-22,80	37,36
1623	11.08.20 07:09:02	14,70	0,15	28,29	-24,73	36,98
1624	11.08.20 07:09:03	14,70	0,15	24,99	-24,97	40,04
1625	11.08.20 07:09:04	14,70	0,13	27,09	-23,23	39,68
1626	11.08.20 07:09:05	14,70	0,13	31,16	-22,83	36,01
1627	11.08.20 07:09:06	14,70	0,15	27,61	-25,69	36,70
1628	11.08.20 07:09:07	14,70	0,15	23,34	-25,28	41,38
1629	11.08.20 07:09:08	14,70	0,13	28,59	-22,48	38,93
1630	11.08.20 07:09:09	14,73	0,13	32,79	-22,95	34,26
1631	11.08.20 07:09:10	14,73	0,15	25,56	-26,30	38,14
1632	11.08.20 07:09:11	14,73	0,15	24,07	-25,60	40,33
1633	11.08.20 07:09:12	14,73	0,15	28,80	-22,32	38,88
1634	11.08.20 07:09:13	14,73	0,15	30,91	-22,89	36,20
1635	11.08.20 07:09:14	14,76	0,15	27,82	-25,98	36,20
1636	11.08.20 07:09:15	14,76	0,13	24,53	-25,58	39,89
1637	11.08.20 07:09:16	14,76	0,13	26,05	-23,49	40,46
1638	11.08.20 07:09:17	14,76	0,13	44,26	-13,78	31,96
1639	11.08.20 07:09:18	14,79	0,13	21,36	-40,09	28,55
1640	11.08.20 07:09:19	14,82	0,13	-7,65	-59,17	23,18
1641	11.08.20 07:09:20	14,82	0,15	1,71	-61,95	26,34
1642	11.08.20 07:09:21	14,85	0,15	-65,30	-20,94	-3,76
1643	11.08.20 07:09:22	14,85	0,13	-86,87	-1,14	1,99
1644	11.08.20 07:09:23	15,10	0,11	-52,76	14,71	22,53
1645	11.08.20 07:09:24	15,28	0,09	0,00	56,18	33,82
1646	11.08.20 07:09:25	15,44	0,30	-33,29	14,68	42,03
1647	11.08.20 07:09:26	15,56	0,35	-26,56	31,63	31,81
1648	11.08.20 07:09:27	15,65	0,35	-23,35	32,08	34,57
1649	11.08.20 07:09:28	15,71	0,35	-9,64	21,32	59,04
1650	11.08.20 07:09:29	15,71	0,37	16,24	36,87	36,89
1651	11.08.20 07:09:30	15,65	0,37	-5,81	52,71	31,48
1652	11.08.20 07:09:31	15,62	0,37	-5,76	49,70	34,54
1653	11.08.20 07:09:32	15,59	0,37	17,55	1,27	71,17
1654	11.08.20 07:09:33	15,56	0,39	4,34	54,78	30,88
1655	11.08.20 07:09:34	15,56	0,39	-0,20	54,52	35,28
1656	11.08.20 07:09:35	15,56	0,37	16,04	47,02	26,94
1657	11.08.20 07:09:36	15,53	0,39	8,66	12,39	68,94
1658	11.08.20 07:09:37	15,53	0,37	-2,88	50,20	36,92
1659	11.08.20 07:09:38	15,53	0,39	25,77	-61,97	-2,26
1660	11.08.20 07:09:39	15,53	0,39	30,28	-54,33	-5,38
1661	11.08.20 07:09:40	15,53	0,39	53,92	-26,15	-9,93
1662	11.08.20 07:09:41	15,56	0,37	42,50	-45,70	-1,79
1663	11.08.20 07:09:42	15,80	0,37	-42,62	-21,19	26,19
1664	11.08.20 07:09:43	16,02	0,37	-47,45	-30,31	12,24
1665	11.08.20 07:09:44	16,14	0,39	3,23	-45,61	-41,16
1666	11.08.20 07:09:45	16,26	0,35	-5,47	29,49	-55,04
1667	11.08.20 07:09:46	16,59	0,35	23,60	-16,23	-50,17
1668	11.08.20 07:09:47	16,86	0,35	-1,75	-67,47	-20,78
1669	11.08.20 07:09:48	17,01	0,33	-4,64	-61,02	-24,34
1670	11.08.20 07:09:49	17,16	0,37	-57,72	18,30	13,98
1671	11.08.20 07:09:50	17,34	0,33	-23,52	-56,33	10,15
1672	11.08.20 07:09:51	17,43	0,33	-59,64	-20,20	10,16
1673	11.08.20 07:09:52	17,49	0,30	-28,30	22,29	39,41
1674	11.08.20 07:09:53	17,67	0,30	-43,09	12,45	34,47
1675	11.08.20 07:09:54	17,94	0,30	-47,08	2,38	40,54
1676	11.08.20 07:09:55	18,21	0,28	-38,23	29,07	-22,70
1677	11.08.20 07:09:56	18,57	0,33	21,46	34,91	-33,63
1678	11.08.20 07:09:57	18,81	0,30	-5,31	-80,08	4,61
1679	11.08.20 07:09:58	19,04	0,28	7,75	-73,20	-9,05
1680	11.08.20 07:09:59	19,19	0,30	-15,89	29,33	44,77
1681	11.08.20 07:10:00	19,40	0,28	-76,76	-8,79	4,44
