#0	Date-time:	10/08/2020 4:16:42 PM
#1	Recorder:	10H1067
#2	File type:	1
#3	Columns:	7
#4	Channels:	5
#5	Field separation:	0
#6	Decimal point:	0
#7	Date def.:	0	0
#8	Time def.:	0
#9	Channel 1:	Temperature(°C)	Temp(°C)	2	1
#10	Channel 2:	Pressure(Bar)	Press(Bar)	2	1
#11	Reconvertion:	0
#14	Channel 3:	Tilt-X(°)	Tilt-X(°)	2	1
#18	Channel 4:	Tilt-Y(°)	Tilt-Y(°)	2	1
#19	Line color:	1	2	3	4
#22	Channel 5:	Tilt-Z(°)	Tilt-Z(°)	2	1
#30	Trend Type Number:	3
#33	No Temp. Corr. OTCR:	1
1	10.08.20 15:44:00	21,19	0,15	70,04	-13,10	6,86
2	10.08.20 15:44:01	21,19	0,15	74,29	-8,24	7,47
3	10.08.20 15:44:02	21,19	0,15	75,39	-8,95	5,65
4	10.08.20 15:44:03	21,16	0,15	69,39	13,67	6,94
5	10.08.20 15:44:04	21,16	0,15	59,94	22,90	7,16
6	10.08.20 15:44:05	21,16	0,15	57,96	25,89	6,16
7	10.08.20 15:44:06	21,16	0,15	64,64	21,04	4,32
8	10.08.20 15:44:07	21,16	0,15	61,17	21,61	7,22
9	10.08.20 15:44:08	21,16	0,18	61,79	22,98	5,23
10	10.08.20 15:44:09	21,16	0,13	61,16	23,24	5,59
11	10.08.20 15:44:10	21,16	0,18	62,08	21,66	6,26
12	10.08.20 15:44:11	21,16	0,15	61,04	23,62	5,34
13	10.08.20 15:44:12	21,16	0,15	61,99	22,57	5,45
14	10.08.20 15:44:13	21,13	0,15	60,10	23,35	6,54
15	10.08.20 15:44:14	21,13	0,15	62,65	21,84	5,51
16	10.08.20 15:44:15	21,13	0,15	60,03	24,94	5,03
17	10.08.20 15:44:16	21,13	0,15	65,25	20,16	4,59
18	10.08.20 15:44:17	21,13	0,15	59,98	26,90	3,11
19	10.08.20 15:44:18	21,13	0,13	65,63	20,36	4,01
20	10.08.20 15:44:19	21,13	0,15	58,90	26,66	4,44
21	10.08.20 15:44:20	21,13	0,15	64,47	23,31	2,22
22	10.08.20 15:44:21	21,13	0,15	58,98	25,83	5,20
23	10.08.20 15:44:22	21,13	0,15	62,48	24,28	3,24
24	10.08.20 15:44:23	21,10	0,18	62,64	25,19	2,17
25	10.08.20 15:44:24	21,10	0,15	64,28	22,34	3,38
26	10.08.20 15:44:25	21,10	0,18	62,13	24,42	3,45
27	10.08.20 15:44:26	21,10	0,15	61,63	21,70	6,67
28	10.08.20 15:44:27	21,10	0,15	62,17	20,84	6,99
29	10.08.20 15:44:28	21,10	0,18	62,81	20,37	6,82
30	10.08.20 15:44:29	21,10	0,15	60,28	22,86	6,85
31	10.08.20 15:44:30	21,10	0,15	62,34	20,68	6,98
32	10.08.20 15:44:31	21,10	0,15	61,17	23,05	5,78
33	10.08.20 15:44:32	21,10	0,15	61,63	22,18	6,19
34	10.08.20 15:44:33	21,10	0,15	60,53	24,46	5,01
35	10.08.20 15:44:34	21,10	0,15	61,52	24,47	4,01
36	10.08.20 15:44:35	21,07	0,15	60,17	25,06	4,78
37	10.08.20 15:44:36	21,07	0,18	60,59	25,34	4,07
38	10.08.20 15:44:37	21,07	0,15	59,94	25,08	4,98
39	10.08.20 15:44:38	21,07	0,18	62,40	23,99	3,61
40	10.08.20 15:44:39	21,07	0,15	58,87	26,35	4,78
41	10.08.20 15:44:40	21,07	0,15	65,30	20,07	4,63
42	10.08.20 15:44:41	21,07	0,18	58,58	25,68	5,74
43	10.08.20 15:44:42	21,07	0,15	69,13	18,78	2,08
44	10.08.20 15:44:43	21,07	0,15	58,54	25,10	6,35
45	10.08.20 15:44:44	21,07	0,15	65,34	18,51	6,16
46	10.08.20 15:44:45	21,07	0,15	59,28	25,15	5,56
47	10.08.20 15:44:46	21,07	0,15	66,04	18,27	5,69
48	10.08.20 15:44:47	21,07	0,15	59,05	25,66	5,30
49	10.08.20 15:44:48	21,04	0,15	64,70	20,11	5,19
50	10.08.20 15:44:49	21,04	0,18	60,41	25,01	4,58
51	10.08.20 15:44:50	21,04	0,15	63,42	22,02	4,56
52	10.08.20 15:44:51	21,04	0,15	59,08	26,40	4,52
53	10.08.20 15:44:52	21,04	0,13	61,74	23,96	4,31
54	10.08.20 15:44:53	21,04	0,15	60,02	24,66	5,32
55	10.08.20 15:44:54	21,04	0,15	61,84	23,94	4,22
56	10.08.20 15:44:55	21,04	0,15	60,57	24,63	4,80
57	10.08.20 15:44:56	21,04	0,15	59,95	23,99	6,06
58	10.08.20 15:44:57	21,04	0,15	63,33	22,55	4,12
59	10.08.20 15:44:58	21,04	0,15	60,24	24,02	5,74
60	10.08.20 15:44:59	21,04	0,15	64,24	19,59	6,18
61	10.08.20 15:45:00	21,04	0,15	59,45	24,79	5,76
62	10.08.20 15:45:01	21,04	0,15	64,02	19,52	6,46
63	10.08.20 15:45:02	21,04	0,15	59,30	25,09	5,60
64	10.08.20 15:45:03	21,02	0,18	64,14	20,47	5,39
65	10.08.20 15:45:04	21,02	0,15	58,73	25,66	5,61
66	10.08.20 15:45:05	21,02	0,15	67,30	21,06	1,65
67	10.08.20 15:45:06	21,02	0,15	60,52	26,40	3,08
68	10.08.20 15:45:07	21,02	0,15	64,79	21,78	3,43
69	10.08.20 15:45:08	21,02	0,15	60,92	25,80	3,27
70	10.08.20 15:45:09	21,02	0,18	61,98	24,06	3,96
71	10.08.20 15:45:10	21,02	0,18	59,72	24,51	5,76
72	10.08.20 15:45:11	21,02	0,18	62,43	23,04	4,53
73	10.08.20 15:45:12	21,02	0,15	61,21	23,67	5,13
74	10.08.20 15:45:13	21,02	0,15	60,31	23,61	6,08
75	10.08.20 15:45:14	21,02	0,15	62,46	21,76	5,78
76	10.08.20 15:45:15	21,02	0,15	62,19	21,81	6,00
77	10.08.20 15:45:16	21,02	0,15	60,61	23,16	6,22
78	10.08.20 15:45:17	21,02	0,15	60,92	21,15	7,93
79	10.08.20 15:45:18	20,99	0,18	60,96	23,31	5,73
80	10.08.20 15:45:19	20,99	0,15	62,97	21,38	5,64
81	10.08.20 15:45:20	20,99	0,15	60,06	24,04	5,90
82	10.08.20 15:45:21	20,99	0,15	62,87	22,54	4,59
83	10.08.20 15:45:22	20,99	0,15	60,34	24,57	5,09
84	10.08.20 15:45:23	20,99	0,15	61,10	24,74	4,16
85	10.08.20 15:45:24	20,99	0,15	60,34	24,93	4,73
86	10.08.20 15:45:25	20,99	0,15	60,98	25,33	3,70
87	10.08.20 15:45:26	20,99	0,15	59,96	24,55	5,50
88	10.08.20 15:45:27	20,99	0,18	61,16	24,29	4,55
89	10.08.20 15:45:28	20,99	0,15	61,76	22,64	5,60
90	10.08.20 15:45:29	20,99	0,13	59,11	24,50	6,39
91	10.08.20 15:45:30	20,99	0,15	62,26	21,23	6,51
92	10.08.20 15:45:31	20,99	0,15	60,96	21,98	7,07
93	10.08.20 15:45:32	20,99	0,15	60,16	22,78	7,06
94	10.08.20 15:45:33	20,99	0,15	62,66	20,81	6,53
95	10.08.20 15:45:34	20,99	0,13	59,67	23,51	6,83
96	10.08.20 15:45:35	20,99	0,18	62,82	22,42	4,76
97	10.08.20 15:45:36	20,96	0,15	60,30	24,73	4,97
98	10.08.20 15:45:37	20,96	0,15	62,99	22,76	4,25
99	10.08.20 15:45:38	20,96	0,15	59,55	25,19	5,26
100	10.08.20 15:45:39	20,96	0,18	62,88	23,17	3,95
101	10.08.20 15:45:40	20,96	0,13	60,42	25,63	3,95
102	10.08.20 15:45:41	20,96	0,15	63,10	23,39	3,51
103	10.08.20 15:45:42	20,96	0,15	60,25	24,08	5,67
104	10.08.20 15:45:43	20,96	0,15	60,56	24,27	5,17
105	10.08.20 15:45:44	20,96	0,15	62,09	21,86	6,05
106	10.08.20 15:45:45	20,96	0,18	60,22	23,48	6,30
107	10.08.20 15:45:46	20,96	0,15	61,93	22,53	5,54
108	10.08.20 15:45:47	20,96	0,15	61,29	21,93	6,78
109	10.08.20 15:45:48	20,96	0,15	61,41	22,86	5,72
110	10.08.20 15:45:49	20,96	0,15	61,37	22,80	5,83
111	10.08.20 15:45:50	20,96	0,15	60,77	22,71	6,52
112	10.08.20 15:45:51	20,96	0,15	61,40	22,55	6,04
113	10.08.20 15:45:52	20,96	0,18	61,40	22,83	5,77
114	10.08.20 15:45:53	20,96	0,15	60,30	23,89	5,81
115	10.08.20 15:45:54	20,93	0,15	62,32	22,30	5,38
116	10.08.20 15:45:55	20,93	0,15	59,58	25,98	4,44
117	10.08.20 15:45:56	20,93	0,15	60,89	24,53	4,58
118	10.08.20 15:45:57	20,93	0,15	60,27	24,61	5,13
119	10.08.20 15:45:58	20,93	0,15	60,53	25,58	3,89
120	10.08.20 15:45:59	20,93	0,15	63,90	22,33	3,77
121	10.08.20 15:46:00	20,93	0,15	58,72	26,85	4,43
122	10.08.20 15:46:01	20,93	0,15	66,46	22,30	1,24
123	10.08.20 15:46:02	20,93	0,15	59,77	27,05	3,18
124	10.08.20 15:46:03	20,93	0,18	65,31	24,55	-0,14
125	10.08.20 15:46:04	20,93	0,15	61,25	24,79	3,96
126	10.08.20 15:46:05	20,93	0,15	61,80	23,64	4,56
127	10.08.20 15:46:06	20,93	0,15	64,59	21,68	3,73
128	10.08.20 15:46:07	20,93	0,15	61,59	22,19	6,21
129	10.08.20 15:46:08	20,93	0,15	61,61	21,86	6,53
130	10.08.20 15:46:09	20,93	0,15	60,68	22,10	7,22
131	10.08.20 15:46:10	20,93	0,18	62,29	20,20	7,51
132	10.08.20 15:46:11	20,93	0,18	60,62	22,83	6,55
133	10.08.20 15:46:12	20,93	0,15	62,23	21,48	6,29
134	10.08.20 15:46:13	20,93	0,18	59,88	24,20	5,92
135	10.08.20 15:46:14	20,93	0,15	60,88	24,49	4,63
136	10.08.20 15:46:15	20,93	0,15	61,70	24,04	4,25
137	10.08.20 15:46:16	20,90	0,15	58,67	27,59	3,75
138	10.08.20 15:46:17	20,90	0,15	62,00	24,77	3,23
139	10.08.20 15:46:18	20,90	0,15	60,30	26,11	3,59
140	10.08.20 15:46:19	20,90	0,18	60,53	24,65	4,82
141	10.08.20 15:46:20	20,90	0,18	61,03	24,25	4,72
142	10.08.20 15:46:21	20,90	0,15	60,65	22,68	6,66
143	10.08.20 15:46:22	20,90	0,13	63,54	21,19	5,28
144	10.08.20 15:46:23	20,90	0,15	58,82	24,29	6,89
145	10.08.20 15:46:24	20,90	0,15	63,48	19,16	7,35
146	10.08.20 15:46:25	20,90	0,13	58,82	24,73	6,45
147	10.08.20 15:46:26	20,90	0,15	64,05	19,33	6,61
148	10.08.20 15:46:27	20,90	0,15	60,38	23,77	5,85
149	10.08.20 15:46:28	20,90	0,15	60,67	22,84	6,49
150	10.08.20 15:46:29	20,90	0,15	61,20	23,46	5,33
151	10.08.20 15:46:30	20,90	0,18	61,61	24,00	4,39
152	10.08.20 15:46:31	20,90	0,13	60,62	25,12	4,26
153	10.08.20 15:46:32	20,90	0,13	59,90	24,72	5,39
154	10.08.20 15:46:33	20,90	0,13	60,02	25,00	4,98
155	10.08.20 15:46:34	20,90	0,15	61,39	24,24	4,38
156	10.08.20 15:46:35	20,87	0,18	59,37	25,68	4,95
157	10.08.20 15:46:36	20,87	0,15	61,46	22,80	5,74
158	10.08.20 15:46:37	20,87	0,15	61,46	22,51	6,03
159	10.08.20 15:46:38	20,87	0,18	61,01	22,49	6,50
160	10.08.20 15:46:39	20,87	0,15	62,05	21,35	6,60
161	10.08.20 15:46:40	20,87	0,15	61,40	22,32	6,29
162	10.08.20 15:46:41	20,87	0,15	60,24	22,64	7,12
163	10.08.20 15:46:42	20,87	0,15	62,08	21,75	6,16
164	10.08.20 15:46:43	20,87	0,15	59,73	24,18	6,09
165	10.08.20 15:46:44	20,87	0,15	61,38	23,95	4,66
166	10.08.20 15:46:45	20,87	0,18	59,49	26,00	4,51
167	10.08.20 15:46:46	20,87	0,15	60,15	25,74	4,10
168	10.08.20 15:46:47	20,87	0,18	62,28	27,69	-0,03
169	10.08.20 15:46:48	20,87	0,15	61,28	26,78	1,94
170	10.08.20 15:46:49	20,87	0,15	60,48	26,81	2,71
171	10.08.20 15:46:50	20,87	0,15	61,53	26,22	2,25
172	10.08.20 15:46:51	20,87	0,15	64,20	23,53	2,27
173	10.08.20 15:46:52	20,87	0,15	60,79	24,61	4,61
174	10.08.20 15:46:53	20,87	0,15	65,66	19,90	4,44
175	10.08.20 15:46:54	20,87	0,15	59,05	23,60	7,35
176	10.08.20 15:46:55	20,87	0,18	62,09	19,62	8,30
177	10.08.20 15:46:56	20,87	0,18	57,96	23,33	8,72
178	10.08.20 15:46:57	20,87	0,18	62,47	19,02	8,51
179	10.08.20 15:46:58	20,84	0,15	60,80	23,04	6,16
180	10.08.20 15:46:59	20,84	0,18	59,91	22,50	7,60
181	10.08.20 15:47:00	20,84	0,15	61,45	24,52	4,03
182	10.08.20 15:47:01	20,84	0,15	60,13	24,82	5,05
183	10.08.20 15:47:02	20,84	0,15	59,27	25,48	5,25
184	10.08.20 15:47:03	20,84	0,15	61,05	26,50	2,44
185	10.08.20 15:47:04	20,84	0,15	60,02	26,81	3,16
186	10.08.20 15:47:05	20,84	0,15	62,36	24,85	2,79
187	10.08.20 15:47:06	20,84	0,15	59,61	26,66	3,73
188	10.08.20 15:47:07	20,84	0,15	61,52	23,81	4,66
189	10.08.20 15:47:08	20,84	0,15	59,53	24,72	5,75
190	10.08.20 15:47:09	20,84	0,13	61,04	23,45	5,51
191	10.08.20 15:47:10	20,84	0,18	61,58	20,83	7,59
192	10.08.20 15:47:11	20,84	0,18	62,99	20,89	6,12
193	10.08.20 15:47:12	20,84	0,18	59,06	23,70	7,24
194	10.08.20 15:47:13	20,84	0,18	63,62	18,69	7,68
195	10.08.20 15:47:14	20,84	0,18	59,94	23,58	6,48
196	10.08.20 15:47:15	20,84	0,15	63,07	20,33	6,60
197	10.08.20 15:47:16	20,84	0,15	60,55	23,69	5,76
198	10.08.20 15:47:17	20,84	0,13	64,25	24,24	1,51
199	10.08.20 15:47:18	20,84	0,15	61,59	25,76	2,65
200	10.08.20 15:47:19	20,81	0,15	64,72	24,47	0,81
201	10.08.20 15:47:20	20,81	0,18	60,87	27,22	1,91
202	10.08.20 15:47:21	20,81	0,18	64,79	23,44	1,77
203	10.08.20 15:47:22	20,81	0,13	59,80	26,92	3,28
204	10.08.20 15:47:23	20,81	0,15	64,39	22,62	3,00
205	10.08.20 15:47:24	20,81	0,15	59,61	26,20	4,19
206	10.08.20 15:47:25	20,81	0,15	62,15	22,40	5,45
207	10.08.20 15:47:26	20,81	0,15	63,40	20,13	6,46
208	10.08.20 15:47:27	20,81	0,18	60,42	22,21	7,36
209	10.08.20 15:47:28	20,81	0,13	62,40	20,28	7,32
210	10.08.20 15:47:29	20,81	0,15	60,45	21,88	7,68
211	10.08.20 15:47:30	20,81	0,15	62,60	20,88	6,52
212	10.08.20 15:47:31	20,81	0,15	59,76	24,07	6,17
213	10.08.20 15:47:32	20,81	0,15	60,70	24,34	4,97
214	10.08.20 15:47:33	20,81	0,15	59,84	26,17	3,99
215	10.08.20 15:47:34	20,81	0,15	61,34	23,69	4,97
216	10.08.20 15:47:35	20,81	0,15	59,43	25,79	4,78
217	10.08.20 15:47:36	20,81	0,15	63,62	24,98	1,40
218	10.08.20 15:47:37	20,81	0,13	60,56	26,14	3,31
219	10.08.20 15:47:38	20,81	0,13	63,14	23,58	3,28
220	10.08.20 15:47:39	20,81	0,15	64,41	22,77	2,81
221	10.08.20 15:47:40	20,81	0,15	64,12	22,75	3,12
222	10.08.20 15:47:41	20,81	0,15	60,61	22,66	6,73
223	10.08.20 15:47:42	20,78	0,15	63,43	20,97	5,60
224	10.08.20 15:47:43	20,78	0,15	60,68	22,92	6,40
225	10.08.20 15:47:44	20,78	0,18	62,04	20,91	7,05
226	10.08.20 15:47:45	20,78	0,15	60,53	23,46	6,00
227	10.08.20 15:47:46	20,78	0,15	63,71	20,22	6,07
228	10.08.20 15:47:47	20,78	0,15	59,43	24,99	5,58
229	10.08.20 15:47:48	20,78	0,18	63,94	21,04	5,03
230	10.08.20 15:47:49	20,78	0,18	59,03	25,59	5,38
231	10.08.20 15:47:50	20,78	0,15	63,43	23,59	2,98
232	10.08.20 15:47:51	20,78	0,15	59,30	26,06	4,64
233	10.08.20 15:47:52	20,78	0,15	63,24	23,76	3,01
234	10.08.20 15:47:53	20,78	0,15	59,68	25,52	4,79
235	10.08.20 15:47:54	20,78	0,18	62,69	23,89	3,42
236	10.08.20 15:47:55	20,78	0,15	62,09	24,17	3,74
237	10.08.20 15:47:56	20,78	0,15	60,95	23,38	5,67
238	10.08.20 15:47:57	20,78	0,15	60,67	23,49	5,85
239	10.08.20 15:47:58	20,78	0,18	61,76	21,29	6,94
240	10.08.20 15:47:59	20,78	0,18	61,51	22,60	5,90
241	10.08.20 15:48:00	20,78	0,15	60,42	22,68	6,90
242	10.08.20 15:48:01	20,78	0,15	62,20	21,91	5,89
243	10.08.20 15:48:02	20,78	0,15	60,62	23,32	6,06
244	10.08.20 15:48:03	20,78	0,15	61,04	23,43	5,53
245	10.08.20 15:48:04	20,78	0,15	62,59	23,27	4,15
246	10.08.20 15:48:05	20,78	0,18	58,79	25,75	5,46
247	10.08.20 15:48:06	20,78	0,15	62,92	23,47	3,60
248	10.08.20 15:48:07	20,78	0,15	59,40	26,88	3,71
249	10.08.20 15:48:08	20,78	0,15	62,35	23,12	4,53
250	10.08.20 15:48:09	20,78	0,15	58,33	25,97	5,70
251	10.08.20 15:48:10	20,75	0,15	61,31	24,19	4,50
252	10.08.20 15:48:11	20,75	0,18	60,12	25,06	4,82
253	10.08.20 15:48:12	20,75	0,18	60,74	23,45	5,81
254	10.08.20 15:48:13	20,75	0,18	60,71	23,47	5,82
255	10.08.20 15:48:14	20,75	0,15	61,65	21,48	6,86
256	10.08.20 15:48:15	20,75	0,15	61,72	21,57	6,70
257	10.08.20 15:48:16	20,75	0,15	60,73	22,43	6,84
258	10.08.20 15:48:17	20,75	0,15	61,17	22,92	5,92
259	10.08.20 15:48:18	20,75	0,15	61,17	22,87	5,96
260	10.08.20 15:48:19	20,75	0,15	60,43	24,45	5,12
261	10.08.20 15:48:20	20,75	0,18	61,22	23,95	4,83
262	10.08.20 15:48:21	20,75	0,15	60,13	25,60	4,27
263	10.08.20 15:48:22	20,75	0,15	61,64	23,90	4,46
264	10.08.20 15:48:23	20,75	0,18	58,57	26,20	5,23
265	10.08.20 15:48:24	20,75	0,18	60,47	25,45	4,08
266	10.08.20 15:48:25	20,75	0,18	62,01	22,32	5,66
267	10.08.20 15:48:26	20,75	0,15	59,08	24,96	5,95
268	10.08.20 15:48:27	20,75	0,15	63,37	22,08	4,55
269	10.08.20 15:48:28	20,75	0,18	58,28	24,40	7,32
270	10.08.20 15:48:29	20,75	0,15	63,20	20,56	6,24
271	10.08.20 15:48:30	20,75	0,18	61,32	23,04	5,64
272	10.08.20 15:48:31	20,75	0,15	61,38	21,58	7,05
273	10.08.20 15:48:32	20,75	0,15	61,66	22,10	6,24
274	10.08.20 15:48:33	20,75	0,15	60,32	23,61	6,07
275	10.08.20 15:48:34	20,75	0,15	61,06	22,87	6,07
276	10.08.20 15:48:35	20,75	0,13	62,47	22,93	4,60
277	10.08.20 15:48:36	20,75	0,15	59,06	25,87	5,07
278	10.08.20 15:48:37	20,75	0,15	63,19	22,53	4,28
279	10.08.20 15:48:38	20,75	0,15	59,07	26,63	4,30
280	10.08.20 15:48:39	20,75	0,15	60,03	25,68	4,29
281	10.08.20 15:48:40	20,75	0,15	62,15	23,47	4,39
282	10.08.20 15:48:41	20,72	0,18	60,49	24,97	4,54
283	10.08.20 15:48:42	20,72	0,15	63,06	22,57	4,37
284	10.08.20 15:48:43	20,72	0,15	59,12	25,15	5,72
285	10.08.20 15:48:44	20,72	0,15	61,14	23,49	5,38
286	10.08.20 15:48:45	20,72	0,15	60,99	21,77	7,23
287	10.08.20 15:48:46	20,72	0,15	61,56	22,74	5,70
288	10.08.20 15:48:47	20,72	0,18	61,97	21,49	6,55
289	10.08.20 15:48:48	20,72	0,15	60,71	22,68	6,61
290	10.08.20 15:48:49	20,72	0,15	61,53	22,05	6,42
291	10.08.20 15:48:50	20,72	0,15	60,31	23,13	6,56
292	10.08.20 15:48:51	20,72	0,15	61,52	22,15	6,33
293	10.08.20 15:48:52	20,72	0,15	61,11	23,48	5,41
294	10.08.20 15:48:53	20,72	0,15	59,69	24,45	5,86
295	10.08.20 15:48:54	20,72	0,18	64,01	21,35	4,64
296	10.08.20 15:48:55	20,72	0,15	60,05	22,63	7,32
297	10.08.20 15:48:56	20,72	0,18	60,59	21,39	8,01
298	10.08.20 15:48:57	20,72	0,18	58,92	22,36	8,72
299	10.08.20 15:48:58	20,72	0,18	65,75	17,27	6,98
300	10.08.20 15:48:59	20,72	0,18	60,79	22,41	6,79
301	10.08.20 15:49:00	20,72	0,15	59,93	24,12	5,95
302	10.08.20 15:49:01	20,72	0,15	59,09	24,52	6,38
303	10.08.20 15:49:02	20,69	0,15	58,44	24,38	7,18
304	10.08.20 15:49:03	20,72	0,18	59,49	23,22	7,29
305	10.08.20 15:49:04	20,69	0,15	59,05	23,11	7,84
306	10.08.20 15:49:05	20,69	0,15	59,38	22,57	8,05
307	10.08.20 15:49:06	20,69	0,15	57,98	23,61	8,41
308	10.08.20 15:49:07	20,69	0,15	58,03	23,34	8,63
309	10.08.20 15:49:08	20,69	0,18	58,99	22,47	8,54
310	10.08.20 15:49:09	20,69	0,18	57,79	24,10	8,12
311	10.08.20 15:49:10	20,69	0,18	59,50	22,82	7,68
312	10.08.20 15:49:11	20,69	0,15	58,99	23,80	7,21
313	10.08.20 15:49:12	20,69	0,18	60,64	23,36	6,00
314	10.08.20 15:49:13	20,69	0,15	58,80	24,18	7,02
315	10.08.20 15:49:14	20,69	0,15	60,93	23,29	5,78
316	10.08.20 15:49:15	20,69	0,15	59,39	24,78	5,83
317	10.08.20 15:49:16	20,69	0,13	61,03	22,57	6,39
318	10.08.20 15:49:17	20,69	0,15	59,77	24,11	6,12
319	10.08.20 15:49:18	20,69	0,15	59,58	22,76	7,65
320	10.08.20 15:49:19	20,69	0,15	58,88	24,38	6,74
321	10.08.20 15:49:20	20,69	0,18	59,93	22,47	7,61
322	10.08.20 15:49:21	20,69	0,18	59,14	23,64	7,23
323	10.08.20 15:49:22	20,69	0,15	57,82	23,37	8,81
324	10.08.20 15:49:23	20,69	0,15	58,79	23,00	8,22
325	10.08.20 15:49:24	20,69	0,18	57,96	22,95	9,09
326	10.08.20 15:49:25	20,69	0,15	58,10	23,56	8,33
327	10.08.20 15:49:26	20,69	0,15	58,66	23,35	7,99
328	10.08.20 15:49:27	20,69	0,15	59,29	23,49	7,22
329	10.08.20 15:49:28	20,69	0,15	58,61	24,12	7,27
330	10.08.20 15:49:29	20,69	0,15	60,55	22,82	6,63
331	10.08.20 15:49:30	20,66	0,15	59,55	23,93	6,52
332	10.08.20 15:49:31	20,66	0,15	60,72	23,24	6,04
333	10.08.20 15:49:32	20,66	0,15	60,34	23,76	5,89
334	10.08.20 15:49:33	20,66	0,15	59,40	24,16	6,43
335	10.08.20 15:49:34	20,66	0,18	60,70	23,06	6,24
336	10.08.20 15:49:35	20,66	0,15	59,26	23,49	7,25
337	10.08.20 15:49:36	20,66	0,18	59,18	23,42	7,40
338	10.08.20 15:49:37	20,66	0,15	59,12	22,98	7,91
339	10.08.20 15:49:38	20,66	0,15	57,97	23,98	8,05
340	10.08.20 15:49:39	20,66	0,15	58,98	23,02	8,00
341	10.08.20 15:49:40	20,66	0,18	57,08	24,43	8,49
342	10.08.20 15:49:41	20,66	0,15	57,13	24,00	8,87
343	10.08.20 15:49:42	20,66	0,15	57,54	24,11	8,36
344	10.08.20 15:49:43	20,66	0,20	57,09	24,98	7,93
345	10.08.20 15:49:44	20,66	0,15	57,59	22,92	9,49
346	10.08.20 15:49:45	20,66	0,15	59,31	21,86	8,83
347	10.08.20 15:49:46	20,66	0,15	56,27	25,01	8,71
348	10.08.20 15:49:47	20,66	0,15	57,53	24,10	8,37
349	10.08.20 15:49:48	20,66	0,18	55,49	25,27	9,24
350	10.08.20 15:49:49	20,66	0,15	58,03	26,21	5,75
351	10.08.20 15:49:50	20,66	0,15	57,99	26,49	5,53
352	10.08.20 15:49:51	20,66	0,15	57,76	26,12	6,12
353	10.08.20 15:49:52	20,66	0,15	57,20	27,04	5,77
354	10.08.20 15:49:53	20,66	0,15	56,82	28,07	5,11
355	10.08.20 15:49:54	20,66	0,15	58,43	26,07	5,49
356	10.08.20 15:49:55	20,66	0,15	61,90	23,81	4,29
357	10.08.20 15:49:56	20,63	0,15	54,84	28,77	6,39
358	10.08.20 15:49:57	20,63	0,15	57,55	25,65	6,80
359	10.08.20 15:49:58	20,63	0,18	62,93	18,16	-8,91
360	10.08.20 15:49:59	20,63	0,15	35,42	44,63	-9,95
361	10.08.20 15:50:00	20,63	0,22	50,18	22,96	-16,86
362	10.08.20 15:50:01	20,63	0,24	39,10	23,22	27,69
363	10.08.20 15:50:02	20,31	0,24	27,47	14,29	48,24
364	10.08.20 15:50:03	20,05	0,22	17,33	6,59	66,08
365	10.08.20 15:50:04	19,90	0,24	25,13	1,24	63,63
366	10.08.20 15:50:05	19,81	0,24	31,00	2,61	56,39
367	10.08.20 15:50:06	19,78	0,24	24,55	10,70	54,75
368	10.08.20 15:50:07	19,72	0,28	35,66	-11,98	42,36
369	10.08.20 15:50:08	19,66	0,26	19,31	7,22	63,47
370	10.08.20 15:50:09	19,63	0,26	9,35	23,60	57,05
371	10.08.20 15:50:10	19,57	0,26	20,99	14,21	54,80
372	10.08.20 15:50:11	19,52	0,28	34,59	1,43	53,98
373	10.08.20 15:50:12	19,43	0,30	25,86	3,86	60,28
374	10.08.20 15:50:13	19,37	0,30	18,87	11,26	59,87
375	10.08.20 15:50:14	19,34	0,33	28,74	8,06	53,20
376	10.08.20 15:50:15	19,25	0,33	18,33	11,05	60,62
377	10.08.20 15:50:16	19,22	0,35	34,67	-5,27	50,06
378	10.08.20 15:50:17	19,19	0,35	26,34	0,13	63,53
379	10.08.20 15:50:18	19,10	0,39	24,86	5,85	59,29
380	10.08.20 15:50:19	19,07	0,39	19,01	20,64	50,35
381	10.08.20 15:50:20	19,01	0,37	20,12	16,56	53,33
382	10.08.20 15:50:21	18,98	0,37	17,75	13,83	58,41
383	10.08.20 15:50:22	18,95	0,37	23,14	10,81	56,06
384	10.08.20 15:50:23	18,92	0,39	33,45	2,24	54,31
385	10.08.20 15:50:24	18,89	0,39	26,82	7,57	55,61
386	10.08.20 15:50:25	18,86	0,43	31,20	1,00	57,81
387	10.08.20 15:50:26	18,84	0,39	31,98	3,54	54,48
388	10.08.20 15:50:27	18,84	0,41	19,47	19,57	50,96
389	10.08.20 15:50:28	18,78	0,43	23,59	24,90	41,52
390	10.08.20 15:50:29	18,75	0,45	33,16	10,46	46,39
391	10.08.20 15:50:30	18,72	0,43	36,84	4,00	49,16
392	10.08.20 15:50:31	18,69	0,43	36,05	7,33	46,63
393	10.08.20 15:50:32	18,66	0,45	38,44	3,80	47,75
394	10.08.20 15:50:33	18,63	0,45	22,73	18,41	48,86
395	10.08.20 15:50:34	18,60	0,45	17,54	21,20	51,26
396	10.08.20 15:50:35	18,57	0,48	31,49	9,80	48,71
397	10.08.20 15:50:36	18,54	0,48	38,40	6,39	45,21
398	10.08.20 15:50:37	18,51	0,48	28,69	14,08	47,23
399	10.08.20 15:50:38	18,48	0,45	25,11	15,61	49,28
400	10.08.20 15:50:39	18,45	0,50	26,63	18,95	44,42
401	10.08.20 15:50:40	18,42	0,45	21,11	18,69	50,20
402	10.08.20 15:50:41	18,42	0,48	22,74	25,59	41,68
403	10.08.20 15:50:42	18,39	0,50	33,55	15,72	40,74
404	10.08.20 15:50:43	18,36	0,48	22,93	32,50	34,58
405	10.08.20 15:50:44	18,36	0,50	38,64	12,13	39,23
406	10.08.20 15:50:45	18,36	0,50	38,60	12,91	38,49
407	10.08.20 15:50:46	18,33	0,54	36,47	17,29	36,24
408	10.08.20 15:50:47	18,30	0,54	37,42	15,23	37,35
409	10.08.20 15:50:48	18,30	0,54	32,38	16,45	41,18
410	10.08.20 15:50:49	18,27	0,56	38,83	8,88	42,29
411	10.08.20 15:50:50	18,24	0,52	26,10	22,38	41,52
412	10.08.20 15:50:51	18,24	0,58	38,05	11,92	40,04
413	10.08.20 15:50:52	18,24	0,60	38,03	13,84	38,13
414	10.08.20 15:50:53	18,24	0,58	38,39	13,81	37,80
415	10.08.20 15:50:54	18,24	0,60	42,47	12,83	34,70
416	10.08.20 15:50:55	18,24	0,62	41,79	13,75	34,46
417	10.08.20 15:50:56	18,21	0,60	44,54	11,66	33,80
418	10.08.20 15:50:57	18,21	0,62	41,67	11,81	36,52
419	10.08.20 15:50:58	18,18	0,62	43,63	12,36	34,01
420	10.08.20 15:50:59	18,18	0,62	45,23	12,33	32,44
421	10.08.20 15:51:00	18,15	0,62	44,88	12,17	32,95
422	10.08.20 15:51:01	18,15	0,62	45,60	12,24	32,16
423	10.08.20 15:51:02	18,15	0,65	48,34	9,33	32,33
424	10.08.20 15:51:03	18,15	0,65	45,15	7,96	36,89
425	10.08.20 15:51:04	18,18	0,62	36,80	14,77	38,43
426	10.08.20 15:51:05	18,15	0,62	32,00	21,92	36,08
427	10.08.20 15:51:06	18,12	0,65	43,39	14,05	32,56
428	10.08.20 15:51:07	18,06	0,67	47,14	13,17	29,69
429	10.08.20 15:51:08	18,00	0,67	43,08	15,81	31,11
430	10.08.20 15:51:09	17,97	0,69	48,54	14,14	27,32
431	10.08.20 15:51:10	17,94	0,69	47,07	12,65	30,27
432	10.08.20 15:51:11	17,94	0,69	44,86	16,52	28,62
433	10.08.20 15:51:12	17,94	0,69	47,45	17,64	24,91
434	10.08.20 15:51:13	17,97	0,71	46,43	14,36	29,21
435	10.08.20 15:51:14	17,97	0,71	45,46	18,28	26,26
436	10.08.20 15:51:15	17,97	0,73	47,15	17,21	25,64
437	10.08.20 15:51:16	17,97	0,71	47,51	15,23	27,25
438	10.08.20 15:51:17	17,97	0,73	49,11	13,51	27,38
439	10.08.20 15:51:18	17,94	0,75	50,27	13,91	25,82
440	10.08.20 15:51:19	17,91	0,73	50,67	14,59	24,74
441	10.08.20 15:51:20	17,91	0,75	50,89	11,72	27,39
442	10.08.20 15:51:21	17,85	0,75	50,83	11,71	27,46
443	10.08.20 15:51:22	17,85	0,77	51,28	12,65	26,07
444	10.08.20 15:51:23	17,82	0,75	51,60	11,12	27,28
445	10.08.20 15:51:24	17,79	0,75	48,02	13,05	28,94
446	10.08.20 15:51:25	17,76	0,77	50,80	12,08	27,12
447	10.08.20 15:51:26	17,73	0,77	52,84	10,18	26,98
448	10.08.20 15:51:27	17,73	0,77	50,95	11,51	27,54
449	10.08.20 15:51:28	17,70	0,77	51,17	10,57	28,26
450	10.08.20 15:51:29	17,64	0,81	51,86	10,61	27,53
451	10.08.20 15:51:30	17,61	0,81	54,80	11,01	24,18
452	10.08.20 15:51:31	17,58	0,81	53,89	7,76	28,34
453	10.08.20 15:51:32	17,58	0,81	54,15	7,49	28,36
454	10.08.20 15:51:33	17,49	0,87	56,34	5,96	27,70
455	10.08.20 15:51:34	17,43	0,87	55,64	4,67	29,68
456	10.08.20 15:51:35	17,37	0,87	56,07	3,70	30,23
457	10.08.20 15:51:36	17,31	0,89	57,32	1,95	30,74
458	10.08.20 15:51:37	17,25	0,89	55,72	2,27	32,01
459	10.08.20 15:51:38	17,22	0,89	56,13	2,56	31,32
460	10.08.20 15:51:39	17,19	0,89	58,31	2,62	29,07
461	10.08.20 15:51:40	17,19	0,94	57,08	1,65	31,28
462	10.08.20 15:51:41	17,19	0,91	55,49	0,39	34,12
463	10.08.20 15:51:42	17,16	0,91	57,03	0,36	32,61
464	10.08.20 15:51:43	17,07	0,96	56,50	0,80	32,70
465	10.08.20 15:51:44	16,98	0,98	56,36	1,73	31,91
466	10.08.20 15:51:45	16,92	0,98	53,90	2,74	33,36
467	10.08.20 15:51:46	16,92	0,95	54,00	2,87	33,14
468	10.08.20 15:51:47	16,86	1,02	56,25	3,04	30,71
469	10.08.20 15:51:48	16,80	1,02	52,25	4,80	32,95
470	10.08.20 15:51:49	16,77	1,04	53,50	5,67	30,83
471	10.08.20 15:51:50	16,74	1,00	46,49	3,77	39,73
472	10.08.20 15:51:51	16,74	0,97	44,72	3,56	41,72
473	10.08.20 15:51:52	16,74	0,97	47,95	1,56	40,49
474	10.08.20 15:51:53	16,71	0,99	46,73	1,49	41,78
475	10.08.20 15:51:54	16,65	0,97	43,30	1,33	45,37
476	10.08.20 15:51:55	16,62	1,02	51,96	2,06	35,98
477	10.08.20 15:51:56	16,59	0,99	55,57	1,40	33,03
478	10.08.20 15:51:57	16,56	1,04	55,36	3,19	31,45
479	10.08.20 15:51:58	16,56	1,04	54,15	3,98	31,87
480	10.08.20 15:51:59	16,56	1,04	52,76	3,89	33,36
481	10.08.20 15:52:00	16,56	1,08	52,25	6,19	31,56
482	10.08.20 15:52:01	16,56	1,08	50,57	8,03	31,41
483	10.08.20 15:52:02	16,56	1,08	50,46	7,99	31,55
484	10.08.20 15:52:03	16,56	1,10	53,09	8,53	28,38
485	10.08.20 15:52:04	16,59	1,12	53,69	7,96	28,35
486	10.08.20 15:52:05	16,59	1,16	53,30	8,44	28,26
487	10.08.20 15:52:06	16,59	1,14	52,84	10,22	26,95
488	10.08.20 15:52:07	16,56	1,19	51,68	10,80	27,52
489	10.08.20 15:52:08	16,56	1,21	49,53	11,50	28,97
490	10.08.20 15:52:09	16,53	1,23	49,87	12,90	27,23
491	10.08.20 15:52:10	16,53	1,23	50,06	12,22	27,72
492	10.08.20 15:52:11	16,53	1,25	48,97	12,37	28,66
493	10.08.20 15:52:12	16,53	1,25	46,72	7,40	35,88
494	10.08.20 15:52:13	16,53	1,25	39,51	9,73	40,75
495	10.08.20 15:52:14	16,50	1,25	39,15	8,95	41,90
496	10.08.20 15:52:15	16,47	1,27	37,33	8,93	43,74
497	10.08.20 15:52:16	16,50	1,25	36,52	11,06	42,42
498	10.08.20 15:52:17	16,50	1,27	38,45	10,42	41,13
499	10.08.20 15:52:18	16,50	1,29	38,94	9,08	41,98
500	10.08.20 15:52:19	16,50	1,29	41,79	8,58	39,63
501	10.08.20 15:52:20	16,53	1,29	44,13	8,57	37,30
502	10.08.20 15:52:21	16,53	1,31	43,59	7,43	38,98
503	10.08.20 15:52:22	16,53	1,31	46,36	8,39	35,25
504	10.08.20 15:52:23	16,53	1,34	48,40	7,93	33,68
505	10.08.20 15:52:24	16,53	1,34	43,82	6,93	39,25
506	10.08.20 15:52:25	16,53	1,34	38,86	8,12	43,02
507	10.08.20 15:52:26	16,53	1,31	38,56	6,21	45,23
508	10.08.20 15:52:27	16,53	1,31	32,84	5,22	51,95
509	10.08.20 15:52:28	16,50	1,29	26,82	13,65	49,53
510	10.08.20 15:52:29	16,44	1,29	35,52	14,96	39,53
511	10.08.20 15:52:30	16,38	1,31	43,40	11,66	34,94
512	10.08.20 15:52:31	16,38	1,36	48,28	8,02	33,70
513	10.08.20 15:52:32	16,38	1,36	46,80	11,40	31,81
514	10.08.20 15:52:33	16,38	1,36	47,04	4,81	38,15
515	10.08.20 15:52:34	16,38	1,33	40,35	8,87	40,78
516	10.08.20 15:52:35	16,38	1,36	36,63	12,58	40,78
517	10.08.20 15:52:36	16,35	1,35	48,14	6,54	35,32
518	10.08.20 15:52:37	16,35	1,38	45,28	7,54	37,18
519	10.08.20 15:52:38	16,38	1,36	44,98	5,93	39,09
520	10.08.20 15:52:39	16,38	1,36	48,39	4,37	37,24
521	10.08.20 15:52:40	16,38	1,38	45,68	4,60	39,72
522	10.08.20 15:52:41	16,41	1,38	50,01	0,18	39,81
523	10.08.20 15:52:42	16,41	1,36	47,15	0,95	41,90
524	10.08.20 15:52:43	16,44	1,38	45,76	-0,12	44,12
525	10.08.20 15:52:44	16,44	1,36	45,05	-0,27	44,68
526	10.08.20 15:52:45	16,47	1,36	42,47	-2,00	45,53
527	10.08.20 15:52:46	16,47	1,38	38,11	-7,39	44,50
528	10.08.20 15:52:47	16,47	1,38	40,97	-2,71	46,31
529	10.08.20 15:52:48	16,47	1,38	36,95	-6,78	46,27
530	10.08.20 15:52:49	16,47	1,40	34,05	-8,99	46,96
531	10.08.20 15:52:50	16,50	1,40	39,49	-3,13	47,38
532	10.08.20 15:52:51	16,50	1,40	40,31	-3,60	46,09
533	10.08.20 15:52:52	16,53	1,42	32,49	-10,25	47,26
534	10.08.20 15:52:53	16,53	1,42	36,61	-6,00	47,39
535	10.08.20 15:52:54	16,53	1,40	41,12	-1,27	47,62
536	10.08.20 15:52:55	16,53	1,40	35,68	-7,97	46,35
537	10.08.20 15:52:56	16,56	1,42	34,24	-9,07	46,69
538	10.08.20 15:52:57	16,56	1,42	35,68	-4,70	49,62
539	10.08.20 15:52:58	16,56	1,44	38,94	-2,67	48,39
540	10.08.20 15:52:59	16,59	1,42	31,89	-9,12	48,98
541	10.08.20 15:53:00	16,59	1,44	32,59	-9,27	48,14
542	10.08.20 15:53:01	16,59	1,44	37,07	-2,35	50,58
543	10.08.20 15:53:02	16,62	1,44	36,13	-4,10	49,77
544	10.08.20 15:53:03	16,62	1,44	27,71	-13,02	49,27
545	10.08.20 15:53:04	16,65	1,46	25,28	-13,18	51,53
546	10.08.20 15:53:05	16,65	1,49	35,27	-4,54	50,18
547	10.08.20 15:53:06	16,68	1,49	32,91	-7,95	49,14
548	10.08.20 15:53:07	16,71	1,49	29,32	-8,66	52,01
549	10.08.20 15:53:08	16,71	1,49	25,44	-12,82	51,74
550	10.08.20 15:53:09	16,74	1,51	28,51	-7,96	53,54
551	10.08.20 15:53:10	16,77	1,51	31,51	-5,15	53,34
552	10.08.20 15:53:11	16,77	1,51	25,38	-10,80	53,81
553	10.08.20 15:53:12	16,80	1,53	19,37	-16,13	54,50
554	10.08.20 15:53:13	16,83	1,55	23,44	-11,91	54,65
555	10.08.20 15:53:14	16,86	1,55	26,05	-7,07	56,87
556	10.08.20 15:53:15	16,89	1,57	27,84	-7,07	55,08
557	10.08.20 15:53:16	16,89	1,57	22,14	-12,13	55,73
558	10.08.20 15:53:17	16,92	1,57	22,57	-11,72	55,71
559	10.08.20 15:53:18	16,92	1,62	22,22	-13,78	54,00
560	10.08.20 15:53:19	16,95	1,62	28,32	-7,74	53,93
561	10.08.20 15:53:20	16,95	1,64	26,86	-8,79	54,35
562	10.08.20 15:53:21	16,95	1,64	30,66	-6,17	53,17
563	10.08.20 15:53:22	16,95	1,68	24,15	-13,06	52,79
564	10.08.20 15:53:23	16,95	1,68	25,78	-11,07	53,16
565	10.08.20 15:53:24	16,95	1,72	31,34	-5,11	53,55
566	10.08.20 15:53:25	16,95	1,72	24,53	-13,34	52,13
567	10.08.20 15:53:26	16,95	1,72	25,17	-13,80	51,03
568	10.08.20 15:53:27	16,95	1,77	28,41	-7,36	54,23
569	10.08.20 15:53:28	16,95	1,77	31,82	-4,27	53,91
570	10.08.20 15:53:29	16,95	1,79	25,80	-10,81	53,39
571	10.08.20 15:53:30	16,95	1,81	25,36	-12,49	52,15
572	10.08.20 15:53:31	16,95	1,83	24,97	-8,99	56,04
573	10.08.20 15:53:32	16,95	1,83	26,11	-8,13	55,76
574	10.08.20 15:53:33	16,95	1,83	21,03	-12,60	56,37
575	10.08.20 15:53:34	16,95	1,85	17,90	-16,08	56,03
576	10.08.20 15:53:35	16,92	1,87	19,05	-14,54	56,41
577	10.08.20 15:53:36	16,92	1,90	21,04	-12,01	56,95
578	10.08.20 15:53:37	16,92	1,92	24,73	-7,83	57,44
579	10.08.20 15:53:38	16,92	1,94	25,00	-6,41	58,59
580	10.08.20 15:53:39	16,89	1,94	20,41	-11,02	58,57
581	10.08.20 15:53:40	16,89	1,96	17,31	-15,40	57,30
582	10.08.20 15:53:41	16,89	2,00	20,29	-11,25	58,46
583	10.08.20 15:53:42	16,89	2,00	24,97	-6,23	58,80
584	10.08.20 15:53:43	16,89	2,00	25,59	-6,11	58,30
585	10.08.20 15:53:44	16,89	2,02	17,94	-14,99	57,07
586	10.08.20 15:53:45	16,89	2,07	16,87	-16,51	56,62
587	10.08.20 15:53:46	16,86	2,07	19,47	-13,27	57,25
588	10.08.20 15:53:47	16,86	2,09	20,27	-11,66	58,07
589	10.08.20 15:53:48	16,86	2,11	21,33	-9,60	59,06
590	10.08.20 15:53:49	16,86	2,13	24,36	-5,92	59,71
591	10.08.20 15:53:50	16,83	2,15	26,29	-5,99	57,72
592	10.08.20 15:53:51	16,80	2,15	19,92	-14,61	55,47
593	10.08.20 15:53:52	16,77	2,19	17,50	-16,04	56,46
594	10.08.20 15:53:53	16,74	2,21	15,82	-17,65	56,53
595	10.08.20 15:53:54	16,68	2,26	26,93	-7,97	55,10
596	10.08.20 15:53:55	16,56	2,28	19,34	-13,75	56,90
597	10.08.20 15:53:56	16,50	2,28	21,91	-12,67	55,42
598	10.08.20 15:53:57	16,44	2,32	21,51	-13,73	54,75
599	10.08.20 15:53:58	16,32	2,34	20,13	-14,05	55,82
600	10.08.20 15:53:59	16,26	2,36	18,11	-13,66	58,23
601	10.08.20 15:54:00	16,23	2,36	18,16	-13,48	58,36
602	10.08.20 15:54:01	16,17	2,44	17,69	-12,76	59,55
603	10.08.20 15:54:02	15,99	2,44	16,45	-12,67	60,88
604	10.08.20 15:54:03	15,86	2,44	16,75	-13,10	60,14
605	10.08.20 15:54:04	15,56	2,54	16,91	-11,80	61,29
606	10.08.20 15:54:05	15,19	2,52	16,89	-10,41	62,71
607	10.08.20 15:54:06	14,89	2,62	16,89	-11,24	61,87
608	10.08.20 15:54:07	14,42	2,62	17,66	-10,58	61,76
609	10.08.20 15:54:08	13,93	2,72	17,34	-10,23	62,43
610	10.08.20 15:54:09	13,55	2,70	17,67	-9,91	62,42
611	10.08.20 15:54:10	13,18	2,78	19,34	-8,68	61,98
612	10.08.20 15:54:11	12,89	2,84	18,48	-8,13	63,39
613	10.08.20 15:54:12	12,58	2,81	18,46	-8,89	62,65
614	10.08.20 15:54:13	12,39	2,83	21,67	-6,76	61,57
615	10.08.20 15:54:14	12,16	2,88	21,50	-7,70	60,80
616	10.08.20 15:54:15	12,01	2,89	19,32	-8,96	61,72
617	10.08.20 15:54:16	11,88	2,94	17,39	-10,66	61,95
618	10.08.20 15:54:17	11,75	2,96	19,37	-8,90	61,72
619	10.08.20 15:54:18	11,65	3,00	19,10	-10,13	60,77
620	10.08.20 15:54:19	11,62	3,00	18,46	-11,17	60,37
621	10.08.20 15:54:20	11,59	3,02	16,06	-12,77	61,17
622	10.08.20 15:54:21	11,43	3,06	17,95	-12,60	59,46
623	10.08.20 15:54:22	11,30	3,10	20,04	-11,43	58,54
624	10.08.20 15:54:23	11,20	3,12	19,64	-12,64	57,72
625	10.08.20 15:54:24	11,10	3,14	17,61	-13,69	58,71
626	10.08.20 15:54:25	11,04	3,16	18,74	-13,11	58,15
627	10.08.20 15:54:26	10,98	3,18	20,12	-13,69	56,19
628	10.08.20 15:54:27	10,98	3,23	16,64	-14,55	58,81
629	10.08.20 15:54:28	10,91	3,21	18,88	-12,48	58,64
630	10.08.20 15:54:29	10,81	3,27	17,29	-13,91	58,80
631	10.08.20 15:54:30	10,78	3,25	18,46	-13,13	58,41
632	10.08.20 15:54:31	10,78	3,27	19,35	-13,26	57,38
633	10.08.20 15:54:32	10,75	3,31	18,97	-13,20	57,83
634	10.08.20 15:54:33	10,68	3,33	22,21	-11,05	56,74
635	10.08.20 15:54:34	10,58	3,37	22,49	-11,36	56,15
636	10.08.20 15:54:35	10,52	3,39	19,95	-12,72	57,33
637	10.08.20 15:54:36	10,52	3,42	19,31	-14,43	56,26
638	10.08.20 15:54:37	10,52	3,44	22,10	-13,33	54,57
639	10.08.20 15:54:38	10,55	3,48	23,12	-11,59	55,29
640	10.08.20 15:54:39	10,55	3,50	19,23	-14,63	56,14
641	10.08.20 15:54:40	10,58	3,50	21,34	-13,12	55,54
642	10.08.20 15:54:41	10,62	3,54	22,43	-10,06	57,51
643	10.08.20 15:54:42	10,65	3,57	20,77	-10,96	58,26
644	10.08.20 15:54:43	10,68	3,61	25,74	-8,91	55,35
645	10.08.20 15:54:44	10,62	3,61	30,23	-6,05	53,72
646	10.08.20 15:54:45	10,45	3,65	34,43	-3,80	51,77
647	10.08.20 15:54:46	10,39	3,67	36,43	-2,95	50,61
648	10.08.20 15:54:47	10,42	3,69	37,52	-1,05	51,43
649	10.08.20 15:54:48	10,42	3,71	40,62	-0,45	48,93
650	10.08.20 15:54:49	10,45	3,76	40,03	-0,72	49,25
651	10.08.20 15:54:50	10,49	3,78	38,24	-1,10	50,66
652	10.08.20 15:54:51	10,55	3,80	37,87	-1,27	50,86
653	10.08.20 15:54:52	10,58	3,82	37,85	-1,62	50,53
654	10.08.20 15:54:53	10,65	3,84	38,00	-1,48	50,52
655	10.08.20 15:54:54	10,68	3,87	35,75	-2,45	51,80
656	10.08.20 15:54:55	10,75	3,91	35,10	-3,25	51,65
657	10.08.20 15:54:56	10,78	3,91	33,51	-4,48	52,01
658	10.08.20 15:54:57	10,81	3,95	30,01	-6,68	53,31
659	10.08.20 15:54:58	10,78	3,97	32,38	-5,47	52,14
660	10.08.20 15:54:59	10,81	4,04	32,31	-5,90	51,79
661	10.08.20 15:55:00	10,81	4,02	29,87	-7,96	52,17
662	10.08.20 15:55:01	10,81	4,06	27,47	-9,02	53,51
663	10.08.20 15:55:02	10,81	4,08	26,80	-10,28	52,92
664	10.08.20 15:55:03	10,78	4,08	25,86	-11,15	52,98
665	10.08.20 15:55:04	10,62	4,12	24,81	-11,43	53,76
666	10.08.20 15:55:05	10,45	4,10	22,27	-12,94	54,79
667	10.08.20 15:55:06	10,13	4,20	19,38	-14,57	56,05
668	10.08.20 15:55:07	9,96	4,24	19,40	-13,78	56,82
669	10.08.20 15:55:08	9,83	4,26	19,36	-13,22	57,42
670	10.08.20 15:55:09	9,70	4,33	20,56	-10,96	58,48
671	10.08.20 15:55:10	9,53	4,39	21,60	-11,06	57,34
672	10.08.20 15:55:11	9,40	4,39	17,45	-13,95	58,60
673	10.08.20 15:55:12	9,30	4,41	18,10	-11,75	60,15
674	10.08.20 15:55:13	9,26	4,45	16,42	-12,35	61,24
675	10.08.20 15:55:14	9,20	4,47	18,64	-11,26	60,10
676	10.08.20 15:55:15	9,13	4,47	17,90	-11,10	61,01
677	10.08.20 15:55:16	8,90	4,51	18,97	-11,10	59,93
678	10.08.20 15:55:17	8,73	4,53	16,83	-11,97	61,19
679	10.08.20 15:55:18	8,63	4,57	17,81	-9,80	62,39
680	10.08.20 15:55:19	8,59	4,59	17,19	-11,11	61,70
681	10.08.20 15:55:20	8,35	4,74	16,75	-10,56	62,68
682	10.08.20 15:55:21	8,01	4,70	17,22	-10,01	62,76
683	10.08.20 15:55:22	7,60	4,76	17,11	-9,94	62,95
684	10.08.20 15:55:23	7,26	4,77	18,34	-9,03	62,63
685	10.08.20 15:55:24	7,08	4,79	18,79	-7,84	63,38
686	10.08.20 15:55:25	6,94	4,81	20,17	-7,23	62,60
687	10.08.20 15:55:26	6,73	4,83	21,15	-6,21	62,64
688	10.08.20 15:55:27	6,66	4,85	20,60	-6,06	63,34
689	10.08.20 15:55:28	6,56	4,87	24,39	-4,19	61,41
690	10.08.20 15:55:29	6,49	4,92	24,54	-3,44	62,03
691	10.08.20 15:55:30	6,45	4,91	23,34	-3,51	63,15
692	10.08.20 15:55:31	6,42	4,94	25,03	-2,84	62,12
693	10.08.20 15:55:32	6,38	4,96	26,77	-1,88	61,34
694	10.08.20 15:55:33	6,28	4,98	28,07	-1,51	60,43
695	10.08.20 15:55:34	6,28	5,00	29,63	0,42	59,96
696	10.08.20 15:55:35	6,31	5,04	29,72	0,57	59,71
697	10.08.20 15:55:36	6,28	5,04	30,78	1,62	57,60
698	10.08.20 15:55:37	6,24	5,11	33,16	3,00	53,84
699	10.08.20 15:55:38	6,21	5,10	33,55	4,73	51,73
700	10.08.20 15:55:39	6,21	5,13	32,25	4,21	53,54
701	10.08.20 15:55:40	6,21	5,17	35,50	10,09	44,41
702	10.08.20 15:55:41	6,17	5,15	35,98	8,87	45,15
703	10.08.20 15:55:42	6,17	5,19	32,54	5,10	52,35
704	10.08.20 15:55:43	6,21	5,17	31,81	7,04	51,15
705	10.08.20 15:55:44	6,06	5,27	39,42	13,49	37,09
706	10.08.20 15:55:45	5,89	5,32	43,99	17,74	28,26
707	10.08.20 15:55:46	5,81	5,31	40,91	11,26	37,82
708	10.08.20 15:55:47	5,85	5,32	40,48	11,41	38,11
709	10.08.20 15:55:48	5,89	5,34	38,18	8,88	42,95
710	10.08.20 15:55:49	5,92	5,34	39,47	10,38	40,15
711	10.08.20 15:55:50	5,96	5,36	31,17	-0,80	58,03
712	10.08.20 15:55:51	6,03	5,38	21,32	-9,43	59,25
713	10.08.20 15:55:52	6,06	5,40	16,34	-12,44	61,22
714	10.08.20 15:55:53	6,10	5,47	27,43	-6,59	55,98
715	10.08.20 15:55:54	6,10	5,49	25,27	-15,11	49,62
716	10.08.20 15:55:55	6,10	5,57	32,31	-13,04	44,65
717	10.08.20 15:55:56	5,99	5,59	32,13	-13,23	44,64
718	10.08.20 15:55:57	5,99	5,59	27,10	-9,17	53,73
719	10.08.20 15:55:58	5,99	5,57	28,52	-7,91	53,56
720	10.08.20 15:55:59	6,03	5,62	30,34	-5,76	53,90
721	10.08.20 15:56:00	5,99	5,59	32,78	-5,46	51,76
722	10.08.20 15:56:01	5,99	5,59	34,52	-4,31	51,16
723	10.08.20 15:56:02	5,99	5,64	37,45	-3,93	48,62
724	10.08.20 15:56:03	5,99	5,64	38,94	-3,18	47,88
725	10.08.20 15:56:04	5,96	5,68	39,07	-3,38	47,55
726	10.08.20 15:56:05	5,85	5,70	40,76	-3,66	45,58
727	10.08.20 15:56:06	5,78	5,74	41,52	-3,65	44,83
728	10.08.20 15:56:07	5,67	5,72	42,15	-3,65	44,20
729	10.08.20 15:56:08	5,56	5,76	44,17	-3,03	42,80
730	10.08.20 15:56:09	5,53	5,76	43,04	-4,45	42,51
731	10.08.20 15:56:10	5,53	5,80	45,20	-4,96	39,84
732	10.08.20 15:56:11	5,46	5,82	45,89	-4,40	39,71
733	10.08.20 15:56:12	5,42	5,80	44,55	-4,48	40,97
734	10.08.20 15:56:13	5,42	5,85	47,10	-2,71	40,19
735	10.08.20 15:56:14	5,42	5,85	48,09	-3,96	37,95
736	10.08.20 15:56:15	5,42	5,87	47,82	-3,73	38,45
737	10.08.20 15:56:16	5,42	5,87	29,18	-8,96	51,86
738	10.08.20 15:56:17	5,35	5,91	9,74	-10,31	69,94
739	10.08.20 15:56:18	5,31	5,87	-2,02	1,30	86,68
740	10.08.20 15:56:19	5,28	5,95	-1,34	-2,31	86,35
741	10.08.20 15:56:20	5,13	5,91	1,22	2,18	86,60
742	10.08.20 15:56:21	5,10	5,91	-8,50	1,41	80,10
743	10.08.20 15:56:22	5,10	5,88	-6,22	-1,74	82,04
744	10.08.20 15:56:23	5,13	5,89	-5,12	-0,03	84,85
745	10.08.20 15:56:24	5,13	5,91	-1,10	3,33	85,57
746	10.08.20 15:56:25	5,13	5,89	1,36	4,89	83,75
747	10.08.20 15:56:26	5,17	5,86	-3,53	-4,84	81,63
748	10.08.20 15:56:27	5,17	5,86	-5,26	-10,06	74,68
749	10.08.20 15:56:28	5,17	5,91	-2,23	-2,90	84,86
750	10.08.20 15:56:29	5,20	5,89	6,21	-3,44	80,35
751	10.08.20 15:56:30	5,17	5,89	2,59	5,61	81,80
752	10.08.20 15:56:31	5,10	5,91	9,23	-3,66	77,11
753	10.08.20 15:56:32	5,06	5,88	8,34	-5,81	75,84
754	10.08.20 15:56:33	5,02	5,91	29,76	-1,54	58,70
755	10.08.20 15:56:34	4,99	5,86	7,06	-14,32	68,62
756	10.08.20 15:56:35	4,84	5,88	33,65	0,31	56,04
757	10.08.20 15:56:36	4,80	5,86	15,48	5,24	69,29
758	10.08.20 15:56:37	4,77	5,88	6,66	-6,38	76,96
759	10.08.20 15:56:38	4,73	5,90	25,77	8,57	55,66
760	10.08.20 15:56:39	4,66	5,90	37,07	23,83	29,10
761	10.08.20 15:56:40	4,66	5,86	22,45	15,27	52,28
762	10.08.20 15:56:41	4,62	5,79	-2,06	-10,25	77,69
763	10.08.20 15:56:42	4,48	5,99	11,04	6,39	72,57
764	10.08.20 15:56:43	4,44	5,88	3,13	-2,66	84,20
765	10.08.20 15:56:44	4,40	5,88	-1,02	0,07	88,91
766	10.08.20 15:56:45	4,37	5,88	-3,02	13,27	73,71
767	10.08.20 15:56:46	4,37	5,88	15,21	6,41	68,38
768	10.08.20 15:56:47	4,37	5,88	5,18	1,89	82,94
769	10.08.20 15:56:48	4,33	5,90	7,89	-7,19	74,92
770	10.08.20 15:56:49	4,29	5,90	2,69	4,82	82,49
771	10.08.20 15:56:50	4,29	5,88	-4,23	-9,11	76,66
772	10.08.20 15:56:51	4,29	5,90	8,35	-9,69	71,97
773	10.08.20 15:56:52	4,29	5,90	-1,73	-17,13	71,13
774	10.08.20 15:56:53	4,25	5,88	-18,26	3,96	67,78
775	10.08.20 15:56:54	4,25	5,88	-4,86	-14,04	71,10
776	10.08.20 15:56:55	4,25	5,90	-0,74	8,79	80,47
777	10.08.20 15:56:56	4,22	5,88	-8,15	6,77	75,08
778	10.08.20 15:56:57	4,22	5,90	-18,78	-0,26	70,96
779	10.08.20 15:56:58	4,18	5,90	18,08	-6,78	65,13
780	10.08.20 15:56:59	4,14	5,87	-10,57	-13,72	65,70
781	10.08.20 15:57:00	4,07	5,92	-1,28	-0,79	87,92
782	10.08.20 15:57:01	4,03	5,89	4,90	-1,63	83,47
783	10.08.20 15:57:02	3,96	5,92	3,35	6,84	79,81
784	10.08.20 15:57:03	3,96	5,89	12,84	-4,46	72,69
785	10.08.20 15:57:04	3,96	5,87	4,14	-0,86	85,00
786	10.08.20 15:57:05	3,96	5,89	-3,34	7,31	79,35
787	10.08.20 15:57:06	3,96	5,87	4,88	2,26	82,86
788	10.08.20 15:57:07	3,92	5,87	7,86	9,23	72,91
789	10.08.20 15:57:08	3,92	5,89	4,44	3,20	82,36
790	10.08.20 15:57:09	3,88	5,91	1,89	4,29	83,82
791	10.08.20 15:57:10	3,85	5,91	-1,71	7,19	81,10
792	10.08.20 15:57:11	3,81	5,89	-9,25	-0,81	79,95
793	10.08.20 15:57:12	3,81	5,91	9,57	-1,76	78,67
794	10.08.20 15:57:13	3,81	5,89	3,12	-4,79	82,08
795	10.08.20 15:57:14	3,81	5,89	24,47	7,82	57,71
796	10.08.20 15:57:15	3,77	5,91	-3,73	2,52	83,75
797	10.08.20 15:57:16	3,66	5,93	-0,14	-3,40	86,46
798	10.08.20 15:57:17	3,62	5,91	8,30	-1,55	80,15
799	10.08.20 15:57:18	3,62	5,91	-13,10	-10,09	66,81
800	10.08.20 15:57:19	3,62	5,91	26,44	10,12	53,44
801	10.08.20 15:57:20	3,55	5,91	10,13	2,98	76,89
802	10.08.20 15:57:21	3,51	5,91	-8,47	-8,64	72,89
803	10.08.20 15:57:22	3,51	5,91	12,12	-3,71	74,18
804	10.08.20 15:57:23	3,51	5,91	-7,75	-0,42	81,84
805	10.08.20 15:57:24	3,47	5,93	22,38	-6,60	61,02
806	10.08.20 15:57:25	3,44	5,93	1,70	-6,29	82,01
807	10.08.20 15:57:26	3,40	5,91	0,64	-11,55	77,81
808	10.08.20 15:57:27	3,40	5,91	-13,94	-6,30	69,76
809	10.08.20 15:57:28	3,40	5,93	-3,48	4,76	81,76
810	10.08.20 15:57:29	3,40	5,91	-7,22	-0,55	82,22
811	10.08.20 15:57:30	3,40	5,91	11,09	-10,70	68,21
812	10.08.20 15:57:31	3,36	5,93	-5,74	-0,10	84,15
813	10.08.20 15:57:32	3,32	5,93	-2,61	-6,37	81,03
814	10.08.20 15:57:33	3,32	5,93	-5,77	-5,31	78,91
815	10.08.20 15:57:34	3,32	5,91	2,30	9,13	78,57
816	10.08.20 15:57:35	3,28	5,91	-3,91	-1,90	84,19
817	10.08.20 15:57:36	3,25	5,93	2,49	-7,67	79,85
818	10.08.20 15:57:37	3,25	5,93	15,99	-0,49	73,52
819	10.08.20 15:57:38	3,21	5,91	-10,88	-0,53	78,59
820	10.08.20 15:57:39	3,21	5,91	2,60	2,11	85,29
821	10.08.20 15:57:40	3,21	5,93	-9,36	4,34	76,30
822	10.08.20 15:57:41	3,17	5,91	3,09	-0,90	86,01
823	10.08.20 15:57:42	3,17	5,93	-8,91	3,17	77,93
824	10.08.20 15:57:43	3,17	5,91	-9,89	7,74	72,37
825	10.08.20 15:57:44	3,17	5,91	-10,88	7,18	71,94
826	10.08.20 15:57:45	3,17	5,93	-0,36	-2,94	86,70
827	10.08.20 15:57:46	3,17	5,93	6,91	3,12	79,97
828	10.08.20 15:57:47	3,13	5,95	3,52	-7,19	79,29
829	10.08.20 15:57:48	3,13	5,93	-3,33	-4,15	82,51
830	10.08.20 15:57:49	3,13	5,93	-0,32	-0,16	89,52
831	10.08.20 15:57:50	3,10	5,91	-8,08	1,60	80,32
832	10.08.20 15:57:51	3,10	5,93	8,58	6,82	74,60
833	10.08.20 15:57:52	3,06	5,95	-2,71	-4,14	83,14
834	10.08.20 15:57:53	3,02	5,93	-10,31	-5,39	74,30
835	10.08.20 15:57:54	3,02	5,93	-2,30	-8,06	79,64
836	10.08.20 15:57:55	2,98	5,95	1,67	8,36	79,97
837	10.08.20 15:57:56	2,98	5,93	-10,85	-4,59	74,56
838	10.08.20 15:57:57	2,94	5,92	9,44	-3,34	77,22
839	10.08.20 15:57:58	2,94	5,95	3,73	-4,56	81,71
840	10.08.20 15:57:59	2,94	5,95	-6,53	1,32	82,15
841	10.08.20 15:58:00	2,94	5,92	5,30	9,17	75,53
842	10.08.20 15:58:01	2,94	5,92	-0,35	-1,90	87,75
843	10.08.20 15:58:02	2,94	5,92	-7,51	4,41	78,08
844	10.08.20 15:58:03	2,91	5,92	14,89	-1,30	73,81
845	10.08.20 15:58:04	2,91	5,95	-22,72	1,77	65,51
846	10.08.20 15:58:05	2,87	5,92	6,23	4,70	79,07
847	10.08.20 15:58:06	2,87	5,95	-1,48	1,04	87,48
848	10.08.20 15:58:07	2,87	5,95	-4,40	-1,81	83,79
849	10.08.20 15:58:08	2,87	5,95	-3,91	-1,52	84,57
850	10.08.20 15:58:09	2,87	5,95	-7,14	-0,28	82,58
851	10.08.20 15:58:10	2,87	5,92	-13,63	-2,19	74,18
852	10.08.20 15:58:11	2,83	5,94	18,31	-2,62	69,07
853	10.08.20 15:58:12	2,79	5,94	9,42	-1,59	79,00
854	10.08.20 15:58:13	2,79	5,94	7,17	2,13	80,70
855	10.08.20 15:58:14	2,75	5,92	-6,25	12,08	71,67
856	10.08.20 15:58:15	2,75	5,92	2,06	7,98	79,96
857	10.08.20 15:58:16	2,75	5,92	11,94	-7,96	70,10
858	10.08.20 15:58:17	2,75	5,94	-9,67	-5,87	74,46
859	10.08.20 15:58:18	2,75	5,92	-1,69	-4,34	83,97
860	10.08.20 15:58:19	2,75	5,94	5,68	-11,85	72,47
861	10.08.20 15:58:20	2,75	5,92	-7,15	-11,67	71,18
862	10.08.20 15:58:21	2,72	5,94	9,88	-25,05	55,07
863	10.08.20 15:58:22	2,72	5,94	21,83	-3,02	65,14
864	10.08.20 15:58:23	2,72	5,94	2,58	0,45	86,97
865	10.08.20 15:58:24	2,64	5,94	16,50	-6,85	66,65
866	10.08.20 15:58:25	2,60	5,94	-0,28	-2,36	87,36
867	10.08.20 15:58:26	2,56	5,92	-1,69	0,91	87,40
868	10.08.20 15:58:27	2,52	5,94	15,30	7,63	67,07
869	10.08.20 15:58:28	2,52	5,94	4,36	-9,42	76,23
870	10.08.20 15:58:29	2,52	5,94	0,34	-2,41	87,26
871	10.08.20 15:58:30	2,52	5,92	-2,76	4,52	82,72
872	10.08.20 15:58:31	2,49	5,94	14,33	-4,91	70,76
873	10.08.20 15:58:32	2,49	5,96	2,35	-8,69	78,96
874	10.08.20 15:58:33	2,49	5,90	-11,31	-7,73	70,96
875	10.08.20 15:58:34	2,45	5,92	-3,55	21,33	65,12
876	10.08.20 15:58:35	2,45	5,92	3,45	-6,13	80,42
877	10.08.20 15:58:36	2,41	5,92	-3,04	1,27	85,69
878	10.08.20 15:58:37	2,41	5,92	-7,03	-6,55	76,42
879	10.08.20 15:58:38	2,41	5,94	8,21	-6,78	75,01
880	10.08.20 15:58:39	2,37	5,94	27,05	5,04	57,92
881	10.08.20 15:58:40	2,37	5,92	10,80	-12,58	66,61
882	10.08.20 15:58:41	2,37	5,92	-3,82	-17,04	69,13
883	10.08.20 15:58:42	2,33	5,90	8,17	0,71	81,12
884	10.08.20 15:58:43	2,33	5,94	-5,58	10,34	74,08
885	10.08.20 15:58:44	2,33	5,94	3,32	-13,69	73,00
886	10.08.20 15:58:45	2,33	5,94	21,21	-3,34	65,45
887	10.08.20 15:58:46	2,33	5,94	-2,96	4,57	82,47
888	10.08.20 15:58:47	2,33	5,94	-4,59	6,05	79,35
889	10.08.20 15:58:48	2,33	5,92	-1,29	-10,36	78,35
890	10.08.20 15:58:49	2,33	5,92	4,81	4,98	80,22
891	10.08.20 15:58:50	2,33	5,94	-0,70	12,27	77,03
892	10.08.20 15:58:51	2,29	5,92	2,47	3,68	83,84
893	10.08.20 15:58:52	2,29	5,92	9,85	1,15	79,00
894	10.08.20 15:58:53	2,29	5,92	0,00	6,79	83,21
895	10.08.20 15:58:54	2,29	5,94	2,36	5,61	82,03
896	10.08.20 15:58:55	2,26	5,94	3,45	5,70	80,85
897	10.08.20 15:58:56	2,26	5,96	-15,59	13,46	60,95
898	10.08.20 15:58:57	2,26	5,94	13,07	8,80	68,12
899	10.08.20 15:58:58	2,26	5,94	15,41	17,78	56,81
900	10.08.20 15:58:59	2,26	5,94	0,39	5,71	83,89
901	10.08.20 15:59:00	2,26	5,94	-7,43	5,35	77,22
902	10.08.20 15:59:01	2,26	5,92	-4,75	6,88	78,38
903	10.08.20 15:59:02	2,22	5,92	6,80	9,41	73,79
904	10.08.20 15:59:03	2,22	5,92	3,32	1,85	84,83
905	10.08.20 15:59:04	2,22	5,94	14,02	-4,30	71,68
906	10.08.20 15:59:05	2,22	5,94	-0,39	-5,74	83,86
907	10.08.20 15:59:06	2,22	5,94	6,82	-10,65	72,52
908	10.08.20 15:59:07	2,22	5,94	14,75	-10,67	64,58
909	10.08.20 15:59:08	2,22	5,94	3,17	15,35	71,48
910	10.08.20 15:59:09	2,22	5,96	5,08	2,58	82,34
911	10.08.20 15:59:10	2,18	5,92	-7,59	4,57	77,84
912	10.08.20 15:59:11	2,18	5,92	3,58	3,73	82,69
913	10.08.20 15:59:12	2,18	5,94	1,64	6,21	82,14
914	10.08.20 15:59:13	2,18	5,94	-9,20	7,00	73,80
915	10.08.20 15:59:14	2,18	5,94	-6,64	3,83	79,53
916	10.08.20 15:59:15	2,18	5,94	0,97	1,94	87,09
917	10.08.20 15:59:16	2,18	5,96	5,00	5,77	79,23
918	10.08.20 15:59:17	2,18	5,94	2,39	-1,44	86,17
919	10.08.20 15:59:18	2,18	5,94	-4,45	10,50	75,06
920	10.08.20 15:59:19	2,18	5,94	19,86	0,81	69,33
921	10.08.20 15:59:20	2,14	5,94	7,90	0,17	81,93
922	10.08.20 15:59:21	2,14	5,94	-12,63	-7,78	69,59
923	10.08.20 15:59:22	2,14	5,94	-5,06	4,31	80,63
924	10.08.20 15:59:23	2,14	5,94	3,63	1,85	84,52
925	10.08.20 15:59:24	2,14	5,94	-5,68	5,76	78,56
926	10.08.20 15:59:25	2,14	5,94	-1,54	8,40	80,06
927	10.08.20 15:59:26	2,14	5,94	-6,01	12,78	71,21
928	10.08.20 15:59:27	2,14	5,92	-6,58	1,03	82,39
929	10.08.20 15:59:28	2,10	5,94	1,81	-0,50	87,69
930	10.08.20 15:59:29	2,10	5,94	14,44	-3,40	72,15
931	10.08.20 15:59:30	2,10	5,91	9,01	-11,49	69,50
932	10.08.20 15:59:31	2,10	5,89	-16,51	3,08	70,41
933	10.08.20 15:59:32	2,10	5,94	-6,87	4,62	78,51
934	10.08.20 15:59:33	2,06	5,94	7,84	2,35	79,81
935	10.08.20 15:59:34	2,06	5,91	-5,03	-6,37	78,60
936	10.08.20 15:59:35	2,06	5,94	2,06	-1,49	86,45
937	10.08.20 15:59:36	2,06	5,94	25,46	5,96	58,58
938	10.08.20 15:59:37	2,06	5,91	43,68	-25,58	20,74
939	10.08.20 15:59:38	2,02	5,89	5,88	-6,46	77,67
940	10.08.20 15:59:39	1,98	5,91	-3,08	4,37	82,56
941	10.08.20 15:59:40	1,98	5,93	-14,97	22,79	52,24
942	10.08.20 15:59:41	1,95	5,91	5,25	3,03	81,72
943	10.08.20 15:59:42	1,95	5,93	19,15	3,38	67,47
944	10.08.20 15:59:43	1,98	5,98	-1,28	13,06	75,66
945	10.08.20 15:59:44	1,95	5,91	16,37	-10,53	63,10
946	10.08.20 15:59:45	1,95	5,93	2,68	1,39	85,93
947	10.08.20 15:59:46	1,95	5,91	-5,10	-8,09	76,81
948	10.08.20 15:59:47	1,95	5,96	-0,30	-7,26	82,44
949	10.08.20 15:59:48	1,95	5,91	2,79	-7,60	79,61
950	10.08.20 15:59:49	1,95	5,93	6,28	-7,14	76,59
951	10.08.20 15:59:50	1,95	5,93	26,39	-21,50	42,10
952	10.08.20 15:59:51	1,95	5,93	14,23	-15,85	59,92
953	10.08.20 15:59:52	1,95	5,93	5,75	-22,07	62,18
954	10.08.20 15:59:53	1,95	5,93	-0,52	-13,53	75,95
955	10.08.20 15:59:54	1,95	5,93	19,03	1,70	69,27
956	10.08.20 15:59:55	1,95	5,91	2,62	-3,27	84,11
957	10.08.20 15:59:56	1,95	5,91	8,66	-33,91	47,43
958	10.08.20 15:59:57	1,95	5,93	6,61	-1,12	82,27
959	10.08.20 15:59:58	1,91	5,93	7,80	19,57	62,63
960	10.08.20 15:59:59	1,91	5,93	32,91	-4,68	-52,41
961	10.08.20 16:00:00	1,91	5,93	6,35	-23,53	60,12
962	10.08.20 16:00:01	1,87	5,93	4,07	1,40	84,53
963	10.08.20 16:00:02	1,87	5,93	4,22	-3,05	82,73
964	10.08.20 16:00:03	1,87	5,93	-4,47	1,52	84,01
965	10.08.20 16:00:04	1,87	5,93	24,26	-0,87	64,87
966	10.08.20 16:00:05	1,83	5,93	8,46	-5,30	76,24
967	10.08.20 16:00:06	1,83	5,95	4,46	-16,22	69,32
968	10.08.20 16:00:07	1,83	5,91	-1,72	-6,65	81,63
969	10.08.20 16:00:08	1,79	5,91	19,11	4,87	66,02
970	10.08.20 16:00:09	1,79	5,93	7,37	-5,08	77,56
971	10.08.20 16:00:10	1,79	5,89	-4,36	-1,72	83,91
972	10.08.20 16:00:11	1,79	5,91	9,83	-4,24	75,93
973	10.08.20 16:00:12	1,79	5,93	0,85	-0,99	88,16
974	10.08.20 16:00:13	1,75	5,95	2,75	-6,16	81,09
975	10.08.20 16:00:14	1,79	5,93	-8,79	2,08	79,14
976	10.08.20 16:00:15	1,79	5,95	-9,47	-6,10	74,43
977	10.08.20 16:00:16	1,75	5,95	6,63	-23,19	60,18
978	10.08.20 16:00:17	1,75	5,93	10,27	18,13	61,60
979	10.08.20 16:00:18	1,75	5,89	6,81	0,45	82,73
980	10.08.20 16:00:19	1,75	5,95	-7,56	-4,13	78,31
981	10.08.20 16:00:20	1,75	5,91	15,11	16,32	58,57
982	10.08.20 16:00:21	1,71	5,89	-19,72	-27,47	42,81
983	10.08.20 16:00:22	1,71	5,93	9,00	-6,85	74,15
984	10.08.20 16:00:23	1,71	5,91	-10,10	-22,73	57,17
985	10.08.20 16:00:24	1,71	5,93	4,16	-7,00	78,84
986	10.08.20 16:00:25	1,71	5,93	16,50	4,94	68,56
987	10.08.20 16:00:26	1,71	5,93	7,85	-4,53	77,62
988	10.08.20 16:00:27	1,71	5,97	14,64	3,39	71,97
989	10.08.20 16:00:28	1,71	5,91	-7,31	-11,20	71,49
990	10.08.20 16:00:29	1,71	5,95	-4,88	6,96	78,15
991	10.08.20 16:00:30	1,71	5,93	15,90	5,98	68,12
992	10.08.20 16:00:31	1,71	5,91	15,33	-4,95	69,72
993	10.08.20 16:00:32	1,67	5,91	10,59	18,55	60,86
994	10.08.20 16:00:33	1,67	5,91	26,48	3,44	60,08
995	10.08.20 16:00:34	1,67	5,91	12,18	31,47	46,34
996	10.08.20 16:00:35	1,67	5,93	-7,31	-3,69	79,00
997	10.08.20 16:00:36	1,67	5,93	-7,25	11,07	71,67
998	10.08.20 16:00:37	1,67	5,93	-4,64	-1,56	83,81
999	10.08.20 16:00:38	1,67	5,93	-7,14	-2,03	80,83
1000	10.08.20 16:00:39	1,67	5,91	-15,42	3,00	71,58
1001	10.08.20 16:00:40	1,67	5,91	0,38	-4,73	84,89
1002	10.08.20 16:00:41	1,67	5,93	-8,46	8,33	73,22
1003	10.08.20 16:00:42	1,67	5,93	-5,99	-22,52	61,49
1004	10.08.20 16:00:43	1,67	5,93	-2,36	-2,05	85,58
1005	10.08.20 16:00:44	1,67	5,97	11,14	-8,40	70,46
1006	10.08.20 16:00:45	1,63	5,93	12,76	-12,40	64,84
1007	10.08.20 16:00:46	1,63	5,95	16,54	6,65	66,81
1008	10.08.20 16:00:47	1,63	5,91	19,17	2,52	68,31
1009	10.08.20 16:00:48	1,63	5,93	13,41	2,56	74,02
1010	10.08.20 16:00:49	1,63	5,95	12,93	3,20	73,87
1011	10.08.20 16:00:50	1,63	5,93	-0,03	2,35	87,62
1012	10.08.20 16:00:51	1,63	5,93	1,99	5,27	82,74
1013	10.08.20 16:00:52	1,63	5,93	-20,15	-7,55	62,30
1014	10.08.20 16:00:53	1,63	5,93	-10,90	6,39	72,71
1015	10.08.20 16:00:54	1,63	5,93	-2,35	-3,88	83,77
1016	10.08.20 16:00:55	1,63	5,93	-8,20	-6,00	75,79
1017	10.08.20 16:00:56	1,63	5,93	-8,27	-6,24	75,48
1018	10.08.20 16:00:57	1,63	5,93	-8,56	-6,57	74,87
1019	10.08.20 16:00:58	1,63	5,93	-9,05	-6,74	74,21
1020	10.08.20 16:00:59	1,63	5,93	-9,71	-6,36	73,94
1021	10.08.20 16:01:00	1,63	5,93	-9,79	-6,45	73,76
1022	10.08.20 16:01:01	1,63	5,93	-9,68	-6,50	73,81
1023	10.08.20 16:01:02	1,63	5,93	-9,69	-6,51	73,80
1024	10.08.20 16:01:03	1,63	5,95	-8,33	-6,74	74,93
1025	10.08.20 16:01:04	1,63	5,93	-8,37	-6,75	74,89
1026	10.08.20 16:01:05	1,63	5,93	-8,37	-6,69	74,94
1027	10.08.20 16:01:06	1,63	5,93	-8,44	-6,65	74,91
1028	10.08.20 16:01:07	1,63	5,93	-8,45	-6,94	74,61
1029	10.08.20 16:01:08	1,63	5,93	-8,21	-5,94	75,85
1030	10.08.20 16:01:09	1,63	5,93	-8,24	-6,13	75,62
1031	10.08.20 16:01:10	1,63	5,93	-8,47	-6,01	75,52
1032	10.08.20 16:01:11	1,63	5,93	-8,13	-6,25	75,61
1033	10.08.20 16:01:12	1,63	5,93	-8,28	-6,14	75,58
1034	10.08.20 16:01:13	1,63	5,95	-8,31	-6,32	75,37
1035	10.08.20 16:01:14	1,63	5,93	-8,33	-6,13	75,54
1036	10.08.20 16:01:15	1,63	5,93	-8,27	-6,05	75,68
1037	10.08.20 16:01:16	1,63	5,93	-8,36	-6,08	75,56
1038	10.08.20 16:01:17	1,63	5,93	-8,34	-5,91	75,76
1039	10.08.20 16:01:18	1,63	5,93	-8,29	-5,77	75,93
1040	10.08.20 16:01:19	1,63	5,93	-8,31	-5,97	75,72
1041	10.08.20 16:01:20	1,63	5,93	-8,37	-5,85	75,77
1042	10.08.20 16:01:21	1,63	5,93	-8,36	-5,93	75,71
1043	10.08.20 16:01:22	1,63	5,93	-8,35	-5,89	75,77
1044	10.08.20 16:01:23	1,63	5,91	-8,29	-6,03	75,69
1045	10.08.20 16:01:24	1,63	5,93	-8,31	-5,97	75,73
1046	10.08.20 16:01:25	1,63	5,93	-8,31	-5,97	75,72
1047	10.08.20 16:01:26	1,63	5,93	-8,28	-5,82	75,90
1048	10.08.20 16:01:27	1,63	5,93	-8,28	-5,94	75,78
1049	10.08.20 16:01:28	1,63	5,91	-8,31	-5,94	75,74
1050	10.08.20 16:01:29	1,63	5,93	-8,28	-5,94	75,78
1051	10.08.20 16:01:30	1,63	5,91	-8,28	-5,97	75,75
1052	10.08.20 16:01:31	1,63	5,93	-8,28	-5,85	75,86
1053	10.08.20 16:01:32	1,63	5,93	-8,25	-5,94	75,81
1054	10.08.20 16:01:33	1,63	5,91	-8,14	-5,94	75,92
1055	10.08.20 16:01:34	1,63	5,93	-8,10	-5,91	75,99
1056	10.08.20 16:01:35	1,63	5,93	-8,11	-5,91	75,98
1057	10.08.20 16:01:36	1,63	5,91	-8,07	-5,88	76,05
1058	10.08.20 16:01:37	1,63	5,93	-8,06	-5,92	76,02
1059	10.08.20 16:01:38	1,63	5,93	-8,08	-5,97	75,95
1060	10.08.20 16:01:39	1,63	5,93	-8,05	-5,97	75,98
1061	10.08.20 16:01:40	1,63	5,93	-8,02	-5,88	76,10
1062	10.08.20 16:01:41	1,63	5,93	-8,03	-5,97	76,00
1063	10.08.20 16:01:42	1,63	5,93	-8,02	-6,02	75,96
1064	10.08.20 16:01:43	1,63	5,93	-8,04	-5,99	75,96
1065	10.08.20 16:01:44	1,63	5,93	-8,03	-5,89	76,08
1066	10.08.20 16:01:45	1,63	5,93	-8,02	-5,88	76,10
1067	10.08.20 16:01:46	1,63	5,93	-8,02	-5,91	76,06
1068	10.08.20 16:01:47	1,63	5,91	-8,02	-5,80	76,17
1069	10.08.20 16:01:48	1,63	5,91	-8,03	-5,86	76,11
1070	10.08.20 16:01:49	1,63	5,93	-7,99	-5,91	76,10
1071	10.08.20 16:01:50	1,63	5,93	-8,03	-5,89	76,08
1072	10.08.20 16:01:51	1,63	5,93	-7,95	-6,10	75,95
1073	10.08.20 16:01:52	1,63	5,93	-8,04	-5,97	75,99
1074	10.08.20 16:01:53	1,63	5,93	-7,97	-5,89	76,14
1075	10.08.20 16:01:54	1,63	5,93	-7,98	-5,85	76,17
1076	10.08.20 16:01:55	1,63	5,93	-8,05	-5,89	76,06
1077	10.08.20 16:01:56	1,63	5,93	-8,00	-5,83	76,16
1078	10.08.20 16:01:57	1,63	5,93	-7,99	-5,94	76,06
1079	10.08.20 16:01:58	1,63	5,91	-8,02	-5,91	76,06
1080	10.08.20 16:01:59	1,63	5,91	-8,00	-5,83	76,17
1081	10.08.20 16:02:00	1,63	5,91	-7,99	-5,94	76,06
1082	10.08.20 16:02:01	1,63	5,91	-7,91	-5,83	76,26
1083	10.08.20 16:02:02	1,63	5,91	-8,05	-5,85	76,10
1084	10.08.20 16:02:03	1,63	5,93	-7,96	-5,83	76,21
1085	10.08.20 16:02:04	1,63	5,91	-8,02	-5,83	76,16
1086	10.08.20 16:02:05	1,63	5,93	-7,97	-5,83	76,20
1087	10.08.20 16:02:06	1,63	5,91	-8,02	-5,80	76,17
1088	10.08.20 16:02:07	1,63	5,93	-8,02	-5,86	76,12
1089	10.08.20 16:02:08	1,63	5,93	-8,00	-5,74	76,26
1090	10.08.20 16:02:09	1,63	5,91	-8,00	-5,80	76,20
1091	10.08.20 16:02:10	1,63	5,91	-8,06	-5,75	76,19
1092	10.08.20 16:02:11	1,63	5,91	-8,01	-5,85	76,14
1093	10.08.20 16:02:12	1,63	5,95	-8,01	-5,94	76,05
1094	10.08.20 16:02:13	1,63	5,91	-7,97	-5,89	76,14
1095	10.08.20 16:02:14	1,63	5,91	-7,97	-5,75	76,28
1096	10.08.20 16:02:15	1,63	5,91	-7,97	-5,86	76,16
1097	10.08.20 16:02:16	1,63	5,93	-8,08	-5,88	76,04
1098	10.08.20 16:02:17	1,63	5,93	-8,02	-5,97	76,02
1099	10.08.20 16:02:18	1,63	5,93	-8,02	-6,02	75,96
1100	10.08.20 16:02:19	1,63	5,91	-8,03	-5,97	76,00
1101	10.08.20 16:02:20	1,63	5,93	-8,00	-5,83	76,18
1102	10.08.20 16:02:21	1,63	5,93	-8,00	-5,92	76,08
1103	10.08.20 16:02:22	1,63	5,93	-7,99	-5,88	76,12
1104	10.08.20 16:02:23	1,63	5,93	-8,02	-5,94	76,04
1105	10.08.20 16:02:24	1,63	5,91	-7,99	-5,94	76,07
1106	10.08.20 16:02:25	1,63	5,93	-8,02	-5,67	76,31
1107	10.08.20 16:02:26	1,63	5,93	-8,04	-6,16	75,79
1108	10.08.20 16:02:27	1,63	5,93	-8,05	-5,91	76,04
1109	10.08.20 16:02:28	1,63	5,91	-8,02	-6,02	75,96
1110	10.08.20 16:02:29	1,63	5,91	-7,96	-6,03	76,01
1111	10.08.20 16:02:30	1,63	5,91	-8,01	-5,99	75,99
1112	10.08.20 16:02:31	1,63	5,93	-8,01	-5,94	76,05
1113	10.08.20 16:02:32	1,63	5,91	-8,02	-6,00	75,98
1114	10.08.20 16:02:33	1,63	5,93	-8,04	-5,97	75,99
1115	10.08.20 16:02:34	1,63	5,91	-8,02	-5,94	76,04
1116	10.08.20 16:02:35	1,63	5,91	-8,05	-6,00	75,96
1117	10.08.20 16:02:36	1,63	5,91	-8,01	-5,91	76,08
1118	10.08.20 16:02:37	1,63	5,91	-7,98	-5,99	76,03
1119	10.08.20 16:02:38	1,63	5,91	-8,04	-5,90	76,06
1120	10.08.20 16:02:39	1,63	5,91	-8,13	-6,10	75,76
1121	10.08.20 16:02:40	1,63	5,93	-7,99	-5,99	76,02
1122	10.08.20 16:02:41	1,63	5,93	-8,04	-5,99	75,96
1123	10.08.20 16:02:42	1,63	5,91	-8,02	-5,97	76,01
1124	10.08.20 16:02:43	1,63	5,91	-8,04	-6,02	75,94
1125	10.08.20 16:02:44	1,63	5,91	-8,05	-6,00	75,96
1126	10.08.20 16:02:45	1,63	5,91	-7,96	-5,97	76,07
1127	10.08.20 16:02:46	1,63	5,91	-8,10	-5,94	75,96
1128	10.08.20 16:02:47	1,63	5,91	-7,99	-6,02	75,99
1129	10.08.20 16:02:48	1,63	5,93	-8,02	-5,94	76,04
1130	10.08.20 16:02:49	1,63	5,91	-8,01	-5,99	75,99
1131	10.08.20 16:02:50	1,63	5,93	-8,05	-6,00	75,96
1132	10.08.20 16:02:51	1,63	5,93	-8,05	-6,00	75,95
1133	10.08.20 16:02:52	1,63	5,93	-8,05	-6,03	75,92
1134	10.08.20 16:02:53	1,63	5,91	-8,01	-5,96	76,02
1135	10.08.20 16:02:54	1,63	5,91	-8,00	-5,78	76,22
1136	10.08.20 16:02:55	1,63	5,93	-8,04	-6,02	75,94
1137	10.08.20 16:02:56	1,63	5,91	-8,02	-6,02	75,96
1138	10.08.20 16:02:57	1,63	5,91	-8,01	-5,94	76,05
1139	10.08.20 16:02:58	1,63	5,91	-8,04	-6,11	75,85
1140	10.08.20 16:02:59	1,63	5,91	-8,04	-6,02	75,94
1141	10.08.20 16:03:00	1,63	5,93	-8,04	-6,02	75,94
1142	10.08.20 16:03:01	1,63	5,93	-8,07	-5,96	75,97
1143	10.08.20 16:03:02	1,63	5,91	-8,03	-6,04	75,93
1144	10.08.20 16:03:03	1,63	5,91	-8,02	-5,97	76,02
1145	10.08.20 16:03:04	1,63	5,91	-8,04	-6,02	75,94
1146	10.08.20 16:03:05	1,63	5,93	-8,07	-5,99	75,94
1147	10.08.20 16:03:06	1,63	5,91	-8,05	-6,00	75,95
1148	10.08.20 16:03:07	1,63	5,91	-8,09	-6,21	75,69
1149	10.08.20 16:03:08	1,63	5,91	-8,08	-5,97	75,96
1150	10.08.20 16:03:09	1,63	5,91	-8,01	-5,87	76,12
1151	10.08.20 16:03:10	1,63	5,93	-8,06	-6,01	75,92
1152	10.08.20 16:03:11	1,63	5,91	-8,06	-6,01	75,92
1153	10.08.20 16:03:12	1,63	5,93	-8,02	-6,00	75,98
1154	10.08.20 16:03:13	1,63	5,93	-8,26	-6,12	75,61
1155	10.08.20 16:03:14	1,63	5,91	-8,31	-6,14	75,56
1156	10.08.20 16:03:15	1,63	5,93	-8,25	-6,32	75,43
1157	10.08.20 16:03:16	1,63	5,91	-9,14	-6,16	74,70
1158	10.08.20 16:03:17	1,63	5,91	-8,63	-5,79	75,58
1159	10.08.20 16:03:18	1,63	5,91	-8,63	-5,74	75,63
1160	10.08.20 16:03:19	1,63	5,93	-6,10	-3,50	80,40
1161	10.08.20 16:03:20	1,63	5,93	-8,17	5,48	76,35
1162	10.08.20 16:03:21	1,63	5,93	-8,69	4,44	76,87
1163	10.08.20 16:03:22	1,63	5,93	-6,52	11,97	71,51
1164	10.08.20 16:03:23	1,63	5,93	-6,35	17,23	66,43
1165	10.08.20 16:03:24	1,63	5,91	-6,16	16,42	67,42
1166	10.08.20 16:03:25	1,63	5,93	-6,62	15,81	67,57
1167	10.08.20 16:03:26	1,63	5,91	-5,62	16,56	67,82
1168	10.08.20 16:03:27	1,63	5,93	-5,26	17,47	67,26
1169	10.08.20 16:03:28	1,63	5,93	-5,29	16,42	68,29
1170	10.08.20 16:03:29	1,63	5,91	-5,96	15,04	69,00
1171	10.08.20 16:03:30	1,63	5,91	-5,04	15,38	69,58
1172	10.08.20 16:03:31	1,63	5,91	-5,18	16,54	68,28
1173	10.08.20 16:03:32	1,63	5,93	-4,56	15,77	69,67
1174	10.08.20 16:03:33	1,59	5,93	-4,20	16,19	69,60
1175	10.08.20 16:03:34	1,63	5,91	-4,53	16,40	69,07
1176	10.08.20 16:03:35	1,63	5,91	-4,80	15,42	69,78
1177	10.08.20 16:03:36	1,63	5,93	-4,93	14,80	70,27
1178	10.08.20 16:03:37	1,63	5,91	-5,06	14,77	70,17
1179	10.08.20 16:03:38	1,63	5,91	-4,15	16,44	69,41
1180	10.08.20 16:03:39	1,59	5,91	-1,25	18,72	70,03
1181	10.08.20 16:03:40	1,59	5,93	-4,27	21,59	64,14
1182	10.08.20 16:03:41	1,59	5,91	-1,64	23,71	64,65
1183	10.08.20 16:03:42	1,59	5,93	-0,55	27,43	62,02
1184	10.08.20 16:03:43	1,59	5,91	1,38	37,79	50,83
1185	10.08.20 16:03:44	1,59	5,93	2,67	34,36	52,96
1186	10.08.20 16:03:45	1,59	5,91	1,88	35,25	52,87
1187	10.08.20 16:03:46	1,59	5,93	5,21	37,21	47,58
1188	10.08.20 16:03:47	1,59	5,91	14,66	41,91	33,44
1189	10.08.20 16:03:48	1,59	5,91	23,25	38,75	28,00
1190	10.08.20 16:03:49	1,59	5,89	47,77	28,85	13,38
1191	10.08.20 16:03:50	1,59	5,91	44,75	21,62	23,62
1192	10.08.20 16:03:51	1,59	5,89	21,61	33,96	34,43
1193	10.08.20 16:03:52	1,56	5,86	18,08	21,96	49,96
1194	10.08.20 16:03:53	1,56	5,89	58,15	12,67	19,18
1195	10.08.20 16:03:54	1,56	5,91	55,24	23,31	11,45
1196	10.08.20 16:03:55	1,52	5,89	47,20	17,70	25,11
1197	10.08.20 16:03:56	1,52	5,91	-1,98	15,93	72,09
1198	10.08.20 16:03:57	1,52	5,93	-6,24	-5,59	78,17
1199	10.08.20 16:03:58	1,52	5,93	12,59	5,56	71,85
1200	10.08.20 16:03:59	1,52	5,91	-6,13	19,06	64,81
1201	10.08.20 16:04:00	1,52	5,91	0,61	15,10	74,29
1202	10.08.20 16:04:01	1,52	5,93	4,22	33,99	51,79
1203	10.08.20 16:04:02	1,52	5,93	11,60	29,36	49,03
1204	10.08.20 16:04:03	1,52	5,91	16,98	23,55	49,47
1205	10.08.20 16:04:04	1,52	5,91	24,53	32,94	32,53
1206	10.08.20 16:04:05	1,52	5,91	25,51	30,99	33,50
1207	10.08.20 16:04:06	1,52	5,91	36,58	25,97	27,45
1208	10.08.20 16:04:07	1,48	5,91	55,10	23,27	11,63
1209	10.08.20 16:04:08	1,48	5,86	58,89	22,87	8,24
1210	10.08.20 16:04:09	1,48	5,86	53,64	22,77	13,58
1211	10.08.20 16:04:10	1,48	5,82	55,67	18,01	16,32
1212	10.08.20 16:04:11	1,48	5,82	57,06	17,41	15,53
1213	10.08.20 16:04:12	1,48	5,84	56,98	18,10	14,92
1214	10.08.20 16:04:13	1,52	5,82	56,27	20,99	12,75
1215	10.08.20 16:04:14	1,48	5,80	56,75	19,48	13,77
1216	10.08.20 16:04:15	1,52	5,78	55,46	19,40	15,14
1217	10.08.20 16:04:16	1,52	5,76	55,71	19,74	14,55
1218	10.08.20 16:04:17	1,48	5,76	55,01	19,86	15,13
1219	10.08.20 16:04:18	1,52	5,71	54,77	19,43	15,80
1220	10.08.20 16:04:19	1,48	5,71	56,47	20,32	13,21
1221	10.08.20 16:04:20	1,48	5,69	58,31	17,99	13,70
1222	10.08.20 16:04:21	1,48	5,67	51,70	18,47	19,83
1223	10.08.20 16:04:22	1,52	5,63	63,47	17,00	9,52
1224	10.08.20 16:04:23	1,52	5,56	61,78	21,36	6,86
1225	10.08.20 16:04:24	1,48	5,48	59,38	21,44	9,18
1226	10.08.20 16:04:25	1,48	5,41	57,33	17,08	15,59
1227	10.08.20 16:04:26	1,48	5,37	53,05	17,97	18,97
1228	10.08.20 16:04:27	1,48	5,35	54,85	17,19	17,96
1229	10.08.20 16:04:28	1,48	5,33	50,29	20,01	19,70
1230	10.08.20 16:04:29	1,44	5,33	49,61	20,28	20,11
1231	10.08.20 16:04:30	1,44	5,31	49,79	19,36	20,85
1232	10.08.20 16:04:31	1,44	5,31	50,98	18,85	20,18
1233	10.08.20 16:04:32	1,44	5,26	46,37	20,66	22,96
1234	10.08.20 16:04:33	1,44	5,24	45,76	21,54	22,70
1235	10.08.20 16:04:34	1,44	5,20	45,33	20,53	24,14
1236	10.08.20 16:04:35	1,44	5,16	43,46	19,63	26,91
1237	10.08.20 16:04:36	1,44	5,11	33,58	26,87	29,55
1238	10.08.20 16:04:37	1,44	5,07	37,02	22,52	30,46
1239	10.08.20 16:04:38	1,44	5,01	36,10	19,57	34,33
1240	10.08.20 16:04:39	1,44	4,99	39,35	15,94	34,71
1241	10.08.20 16:04:40	1,44	4,94	36,90	12,62	40,48
1242	10.08.20 16:04:41	1,44	4,90	55,65	3,93	30,42
1243	10.08.20 16:04:42	1,44	4,86	57,33	3,65	29,03
1244	10.08.20 16:04:43	1,44	4,81	72,21	-0,12	17,67
1245	10.08.20 16:04:44	1,44	4,75	79,99	9,48	0,53
1246	10.08.20 16:04:45	1,44	4,79	59,14	15,56	15,30
1247	10.08.20 16:04:46	1,44	4,81	55,13	15,99	18,88
1248	10.08.20 16:04:47	1,40	4,84	51,10	17,75	21,15
1249	10.08.20 16:04:48	1,40	4,86	66,14	-1,15	22,71
1250	10.08.20 16:04:49	1,40	4,79	41,26	-20,95	27,79
1251	10.08.20 16:04:50	1,40	4,81	47,45	-22,26	20,29
1252	10.08.20 16:04:51	1,40	4,81	50,62	-23,58	15,80
1253	10.08.20 16:04:52	1,40	4,84	53,69	-21,64	14,67
1254	10.08.20 16:04:53	1,40	4,81	50,01	-24,03	15,95
1255	10.08.20 16:04:54	1,40	4,81	52,65	-21,86	15,49
1256	10.08.20 16:04:55	1,40	4,81	53,92	-22,28	13,80
1257	10.08.20 16:04:56	1,40	4,84	51,67	-23,09	15,24
1258	10.08.20 16:04:57	1,40	4,84	49,94	-23,80	16,26
1259	10.08.20 16:04:58	1,40	4,86	51,98	-24,08	13,94
1260	10.08.20 16:04:59	1,40	4,86	50,43	-24,74	14,83
1261	10.08.20 16:05:00	1,40	4,84	47,26	-24,93	17,81
1262	10.08.20 16:05:01	1,40	4,86	50,30	-24,71	14,99
1263	10.08.20 16:05:02	1,40	4,86	50,01	-23,99	16,00
1264	10.08.20 16:05:03	1,40	4,86	46,29	-24,51	19,20
1265	10.08.20 16:05:04	1,40	4,81	48,26	-23,54	18,20
1266	10.08.20 16:05:05	1,40	4,81	51,53	-20,24	18,22
1267	10.08.20 16:05:06	1,40	4,81	50,29	-19,54	20,17
1268	10.08.20 16:05:07	1,40	4,73	48,24	-21,09	20,67
1269	10.08.20 16:05:08	1,40	4,71	47,89	-21,15	20,96
1270	10.08.20 16:05:09	1,40	4,64	47,06	-22,47	20,47
1271	10.08.20 16:05:10	1,40	4,60	45,39	-25,00	19,61
1272	10.08.20 16:05:11	1,40	4,54	42,86	-29,02	18,12
1273	10.08.20 16:05:12	1,40	4,49	42,01	-29,71	18,28
1274	10.08.20 16:05:13	1,40	4,45	40,13	-31,40	18,47
1275	10.08.20 16:05:14	1,40	4,41	39,83	-31,69	18,48
1276	10.08.20 16:05:15	1,40	4,36	39,70	-33,05	17,25
1277	10.08.20 16:05:16	1,40	4,30	40,61	-34,64	14,76
1278	10.08.20 16:05:17	1,40	4,30	39,88	-35,30	14,82
1279	10.08.20 16:05:18	1,36	4,26	39,24	-35,50	15,25
1280	10.08.20 16:05:19	1,40	4,22	37,12	-34,84	18,05
1281	10.08.20 16:05:20	1,36	4,19	33,98	-34,28	21,74
1282	10.08.20 16:05:21	1,36	4,17	33,85	-27,62	28,53
1283	10.08.20 16:05:22	1,36	4,13	39,93	-17,32	32,76
1284	10.08.20 16:05:23	1,40	4,09	50,18	-5,71	34,11
1285	10.08.20 16:05:24	1,40	4,04	49,31	5,22	35,47
1286	10.08.20 16:05:25	1,40	3,96	42,99	11,69	35,32
1287	10.08.20 16:05:26	1,40	3,94	42,45	12,82	34,73
1288	10.08.20 16:05:27	1,40	3,89	42,72	13,68	33,60
1289	10.08.20 16:05:28	1,40	3,83	40,96	12,76	36,29
1290	10.08.20 16:05:29	1,44	3,81	45,92	15,52	28,55
1291	10.08.20 16:05:30	1,44	3,79	48,24	15,39	26,37
1292	10.08.20 16:05:31	1,44	3,77	46,51	16,64	26,85
1293	10.08.20 16:05:32	1,44	3,74	46,13	15,79	28,08
1294	10.08.20 16:05:33	1,44	3,72	44,20	19,17	26,62
1295	10.08.20 16:05:34	1,44	3,68	39,31	22,03	28,65
1296	10.08.20 16:05:35	1,44	3,60	41,16	18,53	30,30
1297	10.08.20 16:05:36	1,44	3,53	38,78	21,53	29,68
1298	10.08.20 16:05:37	1,44	3,51	39,10	21,58	29,32
1299	10.08.20 16:05:38	1,44	3,45	39,04	21,56	29,41
1300	10.08.20 16:05:39	1,44	3,42	36,37	22,99	30,64
1301	10.08.20 16:05:40	1,44	3,36	37,91	23,57	28,53
1302	10.08.20 16:05:41	1,44	3,32	36,27	24,66	29,07
1303	10.08.20 16:05:42	1,48	3,25	37,92	19,42	32,66
1304	10.08.20 16:05:43	1,48	3,21	35,62	20,60	33,78
1305	10.08.20 16:05:44	1,48	3,15	38,50	18,20	33,30
1306	10.08.20 16:05:45	1,52	3,13	35,64	18,92	35,44
1307	10.08.20 16:05:46	1,56	3,04	40,08	12,13	37,79
1308	10.08.20 16:05:47	1,63	2,98	39,35	13,50	37,15
1309	10.08.20 16:05:48	1,71	2,91	33,59	22,59	33,82
1310	10.08.20 16:05:49	1,83	2,87	41,99	16,38	31,63
1311	10.08.20 16:05:50	1,91	2,83	41,07	19,36	29,57
1312	10.08.20 16:05:51	1,95	2,75	38,26	23,29	28,45
1313	10.08.20 16:05:52	1,98	2,70	27,38	30,94	31,68
1314	10.08.20 16:05:53	1,98	2,66	34,94	24,92	30,14
1315	10.08.20 16:05:54	2,02	2,60	31,53	28,21	30,25
1316	10.08.20 16:05:55	2,06	2,58	33,06	26,12	30,82
1317	10.08.20 16:05:56	2,10	2,53	33,14	27,93	28,93
1318	10.08.20 16:05:57	2,18	2,47	31,51	29,31	29,18
1319	10.08.20 16:05:58	2,26	2,43	31,85	28,28	29,87
1320	10.08.20 16:05:59	2,41	2,37	30,20	30,13	29,66
1321	10.08.20 16:06:00	2,64	2,31	33,05	28,52	28,42
1322	10.08.20 16:06:01	2,79	2,26	35,07	27,34	27,59
1323	10.08.20 16:06:02	2,83	2,24	34,90	27,17	27,93
1324	10.08.20 16:06:03	2,98	2,18	35,73	25,88	28,39
1325	10.08.20 16:06:04	3,17	2,14	34,68	25,48	29,84
1326	10.08.20 16:06:05	3,40	2,08	33,74	25,97	30,29
1327	10.08.20 16:06:06	3,62	2,08	33,05	26,75	30,20
1328	10.08.20 16:06:07	3,81	1,98	33,16	27,07	29,77
1329	10.08.20 16:06:08	4,29	1,77	33,24	28,04	28,73
1330	10.08.20 16:06:09	4,91	1,75	34,08	28,48	27,44
1331	10.08.20 16:06:10	5,17	1,71	35,00	27,54	27,46
1332	10.08.20 16:06:11	5,46	1,61	33,13	30,28	26,59
1333	10.08.20 16:06:12	5,99	1,64	34,19	27,32	28,48
1334	10.08.20 16:06:13	6,28	1,58	34,20	28,03	27,77
1335	10.08.20 16:06:14	6,59	1,47	25,38	25,26	39,36
1336	10.08.20 16:06:15	7,08	1,31	32,80	28,58	28,63
1337	10.08.20 16:06:16	7,91	1,31	32,83	28,37	28,81
1338	10.08.20 16:06:17	8,18	1,25	33,92	25,72	30,36
1339	10.08.20 16:06:18	8,25	1,21	35,85	21,26	32,89
1340	10.08.20 16:06:19	8,32	1,10	34,74	20,16	35,09
1341	10.08.20 16:06:20	8,39	1,11	34,84	20,28	34,88
1342	10.08.20 16:06:21	8,49	1,06	35,55	18,85	35,61
1343	10.08.20 16:06:22	8,59	1,04	34,98	18,28	36,74
1344	10.08.20 16:06:23	8,69	0,96	35,90	19,31	34,79
1345	10.08.20 16:06:24	8,83	0,92	33,71	19,43	36,87
1346	10.08.20 16:06:25	8,90	0,88	31,77	22,25	35,98
1347	10.08.20 16:06:26	9,00	0,79	30,54	23,57	35,89
1348	10.08.20 16:06:27	9,03	0,77	30,04	25,53	34,43
1349	10.08.20 16:06:28	9,10	0,68	27,06	28,41	34,54
1350	10.08.20 16:06:29	9,26	0,64	26,47	29,06	34,47
1351	10.08.20 16:06:30	9,40	0,58	25,71	28,92	35,37
1352	10.08.20 16:06:31	9,50	0,50	23,86	30,20	35,94
1353	10.08.20 16:06:32	9,60	0,52	26,65	28,46	34,89
1354	10.08.20 16:06:33	9,66	0,45	22,84	31,71	35,45
1355	10.08.20 16:06:34	9,63	0,43	25,25	31,12	33,63
1356	10.08.20 16:06:35	9,70	0,41	25,70	30,97	33,33
1357	10.08.20 16:06:36	9,70	0,43	21,79	28,75	39,46
1358	10.08.20 16:06:37	9,70	0,37	21,46	31,81	36,73
1359	10.08.20 16:06:38	9,70	0,33	21,22	27,77	41,00
1360	10.08.20 16:06:39	9,73	0,33	26,57	23,06	40,37
1361	10.08.20 16:06:40	9,73	0,33	19,57	28,64	41,79
1362	10.08.20 16:06:41	9,76	0,28	17,08	29,99	42,93
1363	10.08.20 16:06:42	9,80	0,26	19,79	29,42	40,79
1364	10.08.20 16:06:43	9,83	0,26	27,00	17,10	45,90
1365	10.08.20 16:06:44	9,99	0,26	14,54	28,62	46,84
1366	10.08.20 16:06:45	10,16	0,20	16,99	27,53	45,48
1367	10.08.20 16:06:46	10,55	0,15	20,98	20,21	48,81
1368	10.08.20 16:06:47	10,72	0,18	20,69	19,24	50,07
1369	10.08.20 16:06:48	10,81	0,18	10,26	25,46	54,28
1370	10.08.20 16:06:49	10,88	0,18	13,57	22,33	54,10
1371	10.08.20 16:06:50	10,88	0,15	23,52	16,78	49,70
1372	10.08.20 16:06:51	10,94	0,20	18,71	22,77	48,52
1373	10.08.20 16:06:52	11,07	0,15	21,45	19,89	48,66
1374	10.08.20 16:06:53	11,20	0,13	20,33	23,64	46,03
1375	10.08.20 16:06:54	11,33	0,15	22,83	16,35	50,82
1376	10.08.20 16:06:55	11,43	0,13	13,19	36,58	40,22
1377	10.08.20 16:06:56	11,49	0,13	19,38	21,43	49,19
1378	10.08.20 16:06:57	11,46	0,15	18,47	21,30	50,23
1379	10.08.20 16:06:58	11,46	0,15	16,83	25,19	47,98
1380	10.08.20 16:06:59	11,49	0,15	18,06	24,36	47,58
1381	10.08.20 16:07:00	11,52	0,15	20,48	25,29	44,23
1382	10.08.20 16:07:01	11,52	0,15	19,20	26,18	44,62
1383	10.08.20 16:07:02	11,59	0,20	25,96	25,53	38,51
1384	10.08.20 16:07:03	11,56	0,18	25,00	27,73	37,27
1385	10.08.20 16:07:04	11,56	0,20	22,28	31,59	36,14
1386	10.08.20 16:07:05	11,62	0,22	25,55	28,38	36,07
1387	10.08.20 16:07:06	11,62	0,22	25,67	27,99	36,33
1388	10.08.20 16:07:07	11,62	0,20	27,26	24,74	38,00
1389	10.08.20 16:07:08	11,59	0,18	19,59	36,70	33,71
1390	10.08.20 16:07:09	11,65	0,15	18,61	38,05	33,34
1391	10.08.20 16:07:10	11,72	0,15	24,05	22,07	43,88
1392	10.08.20 16:07:11	11,75	0,22	28,56	19,98	41,47
1393	10.08.20 16:07:12	11,75	0,24	34,74	14,45	40,80
1394	10.08.20 16:07:13	11,75	0,22	24,99	19,10	45,91
1395	10.08.20 16:07:14	11,78	0,24	33,91	12,55	43,54
1396	10.08.20 16:07:15	11,78	0,22	27,90	22,52	39,58
1397	10.08.20 16:07:16	11,85	0,22	29,95	18,57	41,49
1398	10.08.20 16:07:17	11,85	0,22	27,65	15,98	46,38
1399	10.08.20 16:07:18	12,01	0,20	37,43	11,37	41,20
1400	10.08.20 16:07:19	12,04	0,20	33,96	9,44	46,60
1401	10.08.20 16:07:20	12,10	0,15	16,82	19,78	53,40
1402	10.08.20 16:07:21	12,20	0,13	24,38	14,83	50,80
1403	10.08.20 16:07:22	12,36	0,15	22,01	19,85	48,14
1404	10.08.20 16:07:23	12,39	0,15	26,59	21,04	42,37
1405	10.08.20 16:07:24	12,39	0,15	28,69	22,05	39,25
1406	10.08.20 16:07:25	12,39	0,18	33,02	15,90	41,09
1407	10.08.20 16:07:26	12,39	0,22	32,99	21,76	35,25
1408	10.08.20 16:07:27	12,39	0,24	38,28	22,66	29,06
1409	10.08.20 16:07:28	12,39	0,22	36,98	22,13	30,89
1410	10.08.20 16:07:29	12,36	0,24	36,45	21,24	32,31
1411	10.08.20 16:07:30	12,36	0,26	37,67	21,18	31,15
1412	10.08.20 16:07:31	12,36	0,26	37,57	14,73	37,70
1413	10.08.20 16:07:32	12,39	0,22	29,00	25,30	35,69
1414	10.08.20 16:07:33	12,42	0,20	32,51	14,47	43,02
1415	10.08.20 16:07:34	12,48	0,20	29,65	3,82	56,53
1416	10.08.20 16:07:35	12,51	0,15	29,08	4,13	56,78
1417	10.08.20 16:07:36	12,67	0,15	26,60	4,76	58,64
1418	10.08.20 16:07:37	12,77	0,13	23,46	6,75	59,79
1419	10.08.20 16:07:38	12,86	0,13	20,20	13,94	55,86
1420	10.08.20 16:07:39	12,93	0,09	20,00	13,13	56,87
1421	10.08.20 16:07:40	13,05	0,07	24,56	12,37	53,07
1422	10.08.20 16:07:41	13,18	0,05	23,05	20,01	46,95
1423	10.08.20 16:07:42	13,30	0,05	35,42	13,95	40,63
1424	10.08.20 16:07:43	13,40	0,09	26,07	26,52	37,41
1425	10.08.20 16:07:44	13,43	0,07	36,39	20,87	32,74
1426	10.08.20 16:07:45	13,52	0,07	36,94	25,31	27,75
1427	10.08.20 16:07:46	13,55	0,07	42,83	26,81	20,36
1428	10.08.20 16:07:47	13,55	0,05	32,99	31,54	25,47
1429	10.08.20 16:07:48	13,55	0,05	30,86	23,00	36,14
1430	10.08.20 16:07:49	13,55	0,07	38,11	18,23	33,66
1431	10.08.20 16:07:50	13,55	0,09	36,23	19,68	34,09
1432	10.08.20 16:07:51	13,55	0,07	21,74	42,60	25,66
1433	10.08.20 16:07:52	13,62	0,07	29,43	17,30	43,26
1434	10.08.20 16:07:53	13,71	0,03	37,85	-16,76	35,38
1435	10.08.20 16:07:54	13,80	0,05	59,97	-21,56	8,46
1436	10.08.20 16:07:55	13,83	0,07	61,07	-22,08	6,85
1437	10.08.20 16:07:56	13,74	0,07	58,76	-21,24	10,00
1438	10.08.20 16:07:57	13,62	0,09	53,24	-30,37	6,39
1439	10.08.20 16:07:58	13,49	0,07	56,68	-25,32	8,00
1440	10.08.20 16:07:59	13,37	0,11	53,79	-28,81	7,40
1441	10.08.20 16:08:00	13,27	0,11	41,67	-42,29	6,04
1442	10.08.20 16:08:01	13,15	0,13	66,19	-21,58	-2,23
1443	10.08.20 16:08:02	13,05	0,13	56,52	-26,72	6,76
1444	10.08.20 16:08:03	12,96	0,13	57,31	-21,93	10,76
1445	10.08.20 16:08:04	12,86	0,13	57,34	-26,88	5,78
1446	10.08.20 16:08:05	12,77	0,13	56,21	-27,56	6,23
1447	10.08.20 16:08:06	12,70	0,13	57,07	-25,84	7,09
1448	10.08.20 16:08:07	12,61	0,13	56,90	-31,89	1,21
1449	10.08.20 16:08:08	12,55	0,11	56,62	-28,07	5,31
1450	10.08.20 16:08:09	12,51	0,15	53,43	-28,26	8,31
1451	10.08.20 16:08:10	12,48	0,15	57,47	-25,72	6,81
1452	10.08.20 16:08:11	12,42	0,13	64,46	-22,70	2,84
1453	10.08.20 16:08:12	12,39	0,15	52,38	23,62	14,00
1454	10.08.20 16:08:13	12,36	0,18	48,45	25,78	15,78
1455	10.08.20 16:08:14	12,32	0,15	62,38	10,41	17,21
1456	10.08.20 16:08:15	12,26	0,15	76,74	-4,38	8,87
1457	10.08.20 16:08:16	12,26	0,15	64,03	12,20	13,78
1458	10.08.20 16:08:17	12,20	0,15	63,07	22,00	4,93
1459	10.08.20 16:08:18	12,16	0,15	56,50	28,64	4,86
1460	10.08.20 16:08:19	12,13	0,15	56,65	27,32	6,03
1461	10.08.20 16:08:20	12,10	0,15	60,21	25,77	4,02
1462	10.08.20 16:08:21	12,07	0,15	57,06	28,12	4,82
1463	10.08.20 16:08:22	12,07	0,15	71,25	10,18	8,58
1464	10.08.20 16:08:23	12,04	0,18	61,52	22,91	5,57
1465	10.08.20 16:08:24	12,01	0,18	18,13	13,98	57,89
1466	10.08.20 16:08:25	12,01	0,15	-13,63	4,31	72,07
1467	10.08.20 16:08:26	11,97	0,15	-10,98	9,97	69,05
1468	10.08.20 16:08:27	11,94	0,15	-12,10	7,29	70,61
1469	10.08.20 16:08:28	11,94	0,15	-2,48	9,05	78,46
1470	10.08.20 16:08:29	11,91	0,18	-9,63	8,66	71,71
1471	10.08.20 16:08:30	11,91	0,18	-10,72	6,28	73,01
1472	10.08.20 16:08:31	11,88	0,15	-11,72	7,05	71,23
1473	10.08.20 16:08:32	11,88	0,18	-8,85	3,18	77,96
1474	10.08.20 16:08:33	11,88	0,15	-9,44	5,47	75,09
1475	10.08.20 16:08:34	11,85	0,18	-9,28	5,19	75,53
1476	10.08.20 16:08:35	11,85	0,18	-8,79	6,26	74,96
1477	10.08.20 16:08:36	11,81	0,15	-10,74	4,44	74,82
1478	10.08.20 16:08:37	11,81	0,18	-12,61	4,05	73,34
1479	10.08.20 16:08:38	11,81	0,18	23,60	11,28	55,11
1480	10.08.20 16:08:39	11,81	0,18	-50,83	-18,26	-20,91
1481	10.08.20 16:08:40	11,81	0,18	-51,16	0,44	-38,40
1482	10.08.20 16:08:41	11,81	0,18	-71,72	2,38	-15,90
1483	10.08.20 16:08:42	11,81	0,15	-58,13	-12,90	-18,97
1484	10.08.20 16:08:43	11,91	0,15	-86,38	1,11	-2,51
1485	10.08.20 16:08:44	11,94	0,15	-82,20	-1,49	6,31
1486	10.08.20 16:08:45	11,91	0,15	-57,33	13,27	19,40
1487	10.08.20 16:08:46	11,94	0,15	-65,87	8,07	16,06
1488	10.08.20 16:08:47	11,94	0,15	-48,77	15,98	25,24
1489	10.08.20 16:08:48	11,94	0,18	-57,54	16,40	16,06
1490	10.08.20 16:08:49	11,97	0,18	-70,07	2,98	16,94
1491	10.08.20 16:08:50	11,97	0,15	-23,99	6,72	59,29
1492	10.08.20 16:08:51	11,97	0,15	-15,21	-21,98	52,81
1493	10.08.20 16:08:52	11,97	0,15	-0,03	-62,40	27,57
1494	10.08.20 16:08:53	11,97	0,18	-0,40	-61,15	28,45
1495	10.08.20 16:08:54	11,94	0,18	0,06	-75,13	14,81
1496	10.08.20 16:08:55	11,94	0,15	0,09	-75,53	14,38
1497	10.08.20 16:08:56	11,94	0,18	0,09	-75,48	14,43
1498	10.08.20 16:08:57	11,94	0,15	-0,27	-74,92	14,81
1499	10.08.20 16:08:58	11,94	0,18	0,12	-75,78	14,10
1500	10.08.20 16:08:59	11,94	0,18	0,12	-75,72	14,16
1501	10.08.20 16:09:00	11,94	0,15	-0,33	-75,50	14,17
1502	10.08.20 16:09:01	11,94	0,18	0,15	-75,66	14,19
1503	10.08.20 16:09:02	11,94	0,18	0,39	-75,24	14,37
1504	10.08.20 16:09:03	11,94	0,18	-0,03	-75,70	14,27
1505	10.08.20 16:09:04	11,94	0,18	0,00	-76,15	13,85
1506	10.08.20 16:09:05	11,91	0,18	0,33	-75,31	14,36
1507	10.08.20 16:09:06	11,91	0,18	-0,21	-74,91	14,87
1508	10.08.20 16:09:07	11,91	0,18	0,12	-75,92	13,96
1509	10.08.20 16:09:08	11,91	0,18	0,27	-76,11	13,62
1510	10.08.20 16:09:09	11,91	0,15	-0,18	-75,36	14,45
1511	10.08.20 16:09:10	11,91	0,18	-0,12	-75,21	14,67
1512	10.08.20 16:09:11	11,91	0,18	0,62	-75,63	13,74
1513	10.08.20 16:09:12	11,91	0,18	0,39	-75,75	13,86
1514	10.08.20 16:09:13	11,91	0,18	-0,03	-75,55	14,42
1515	10.08.20 16:09:14	11,91	0,18	0,51	-75,21	14,28
1516	10.08.20 16:09:15	11,91	0,15	0,27	-75,44	14,29
1517	10.08.20 16:09:16	11,91	0,15	-0,21	-75,95	13,84
1518	10.08.20 16:09:17	11,91	0,18	0,06	-75,73	14,21
1519	10.08.20 16:09:18	11,91	0,20	0,09	-75,42	14,49
1520	10.08.20 16:09:19	11,91	0,18	-0,29	-76,90	12,82
1521	10.08.20 16:09:20	11,91	0,18	-0,03	-85,79	4,18
1522	10.08.20 16:09:21	11,91	0,18	0,63	-85,35	4,02
1523	10.08.20 16:09:22	11,91	0,18	0,18	-86,14	3,67
1524	10.08.20 16:09:23	11,91	0,18	-0,60	-85,17	4,23
1525	10.08.20 16:09:24	11,91	0,20	0,09	-85,40	4,51
1526	10.08.20 16:09:25	11,91	0,18	0,39	-85,80	3,81
1527	10.08.20 16:09:26	11,91	0,15	-0,27	-86,06	3,67
1528	10.08.20 16:09:27	11,91	0,15	0,03	-85,19	4,78
1529	10.08.20 16:09:28	11,91	0,15	0,12	-85,38	4,50
1530	10.08.20 16:09:29	11,91	0,18	0,00	-86,72	3,28
1531	10.08.20 16:09:30	11,91	0,18	-0,03	-85,95	4,02
1532	10.08.20 16:09:31	11,91	0,18	0,12	-85,02	4,86
1533	10.08.20 16:09:32	11,91	0,20	0,00	-85,88	4,12
1534	10.08.20 16:09:33	11,91	0,18	-0,06	-86,42	3,52
1535	10.08.20 16:09:34	11,91	0,18	0,03	-86,00	3,97
1536	10.08.20 16:09:35	11,94	0,18	0,45	-84,62	4,93
1537	10.08.20 16:09:36	11,94	0,15	0,00	-85,97	4,03
1538	10.08.20 16:09:37	11,94	0,18	0,15	-86,35	3,50
1539	10.08.20 16:09:38	11,94	0,18	0,42	-85,15	4,43
1540	10.08.20 16:09:39	11,94	0,15	0,12	-85,40	4,48
1541	10.08.20 16:09:40	11,94	0,18	-0,03	-86,26	3,71
1542	10.08.20 16:09:41	11,94	0,18	0,09	-86,08	3,83
1543	10.08.20 16:09:42	11,94	0,18	-0,18	-85,26	4,55
1544	10.08.20 16:09:43	11,97	0,18	0,00	-85,91	4,09
1545	10.08.20 16:09:44	11,97	0,18	0,12	-86,15	3,73
1546	10.08.20 16:09:45	11,97	0,18	-0,21	-85,48	4,31
1547	10.08.20 16:09:46	12,01	0,18	0,18	-85,44	4,38
1548	10.08.20 16:09:47	12,01	0,18	0,12	-86,25	3,63
1549	10.08.20 16:09:48	12,01	0,15	0,00	-86,14	3,86
1550	10.08.20 16:09:49	12,01	0,18	0,06	-85,05	4,89
1551	10.08.20 16:09:50	12,01	0,15	-0,06	-86,28	3,66
1552	10.08.20 16:09:51	12,01	0,15	-0,24	-86,27	3,49
1553	10.08.20 16:09:52	12,04	0,18	0,03	-85,08	4,89
1554	10.08.20 16:09:53	12,04	0,15	-0,12	-85,91	3,96
1555	10.08.20 16:09:54	12,04	0,18	-0,60	-86,27	3,13
1556	10.08.20 16:09:55	12,04	0,18	-0,45	-84,78	4,77
1557	10.08.20 16:09:56	12,04	0,18	0,21	-85,21	4,58
1558	10.08.20 16:09:57	12,04	0,18	0,03	-87,06	2,91
1559	10.08.20 16:09:58	12,07	0,15	-0,06	-85,84	4,10
1560	10.08.20 16:09:59	12,07	0,18	0,18	-84,81	5,00
1561	10.08.20 16:10:00	12,07	0,15	0,33	-85,95	3,72
1562	10.08.20 16:10:01	12,07	0,15	-0,27	-86,13	3,59
1563	10.08.20 16:10:02	12,10	0,18	-0,64	-85,07	4,29
1564	10.08.20 16:10:03	12,10	0,15	0,18	-85,66	4,16
1565	10.08.20 16:10:04	12,10	0,18	-0,24	-85,56	4,20
1566	10.08.20 16:10:05	12,10	0,15	-0,45	-85,36	4,19
1567	10.08.20 16:10:06	12,13	0,18	0,45	-85,42	4,12
1568	10.08.20 16:10:07	12,13	0,15	0,30	-85,62	4,08
1569	10.08.20 16:10:08	12,13	0,15	-0,60	-85,11	4,29
1570	10.08.20 16:10:09	12,13	0,15	0,03	-85,63	4,34
1571	10.08.20 16:10:10	12,16	0,20	0,06	-86,08	3,86
1572	10.08.20 16:10:11	12,16	0,18	-0,36	-85,52	4,12
1573	10.08.20 16:10:12	12,16	0,18	0,22	-85,25	4,54
1574	10.08.20 16:10:13	12,16	0,18	0,33	-85,98	3,69
1575	10.08.20 16:10:14	12,20	0,18	-0,36	-85,54	4,10
1576	10.08.20 16:10:15	12,20	0,18	0,40	-85,28	4,32
1577	10.08.20 16:10:16	12,20	0,18	0,42	-85,56	4,02
1578	10.08.20 16:10:17	12,20	0,15	-0,36	-85,89	3,75
1579	10.08.20 16:10:18	12,20	0,15	0,12	-85,44	4,43
1580	10.08.20 16:10:19	12,23	0,18	0,30	-85,39	4,31
1581	10.08.20 16:10:20	12,23	0,15	-0,48	-86,03	3,49
1582	10.08.20 16:10:21	12,23	0,18	-0,06	-85,80	4,14
1583	10.08.20 16:10:22	12,26	0,18	-1,47	-83,83	4,71
1584	10.08.20 16:10:23	12,26	0,18	-60,17	0,70	-29,13
1585	10.08.20 16:10:24	12,26	0,15	-57,84	-2,76	-29,40
1586	10.08.20 16:10:25	12,29	0,18	-56,42	-4,95	-28,63
1587	10.08.20 16:10:26	12,29	0,18	-50,43	-5,01	-34,56
1588	10.08.20 16:10:27	12,32	0,15	-62,28	-1,58	-26,15
1589	10.08.20 16:10:28	12,36	0,15	-57,32	-5,44	-27,24
1590	10.08.20 16:10:29	12,39	0,13	-60,30	-3,06	-26,64
1591	10.08.20 16:10:30	12,42	0,13	-55,10	-3,93	-30,97
1592	10.08.20 16:10:31	12,42	0,15	-56,82	-4,31	-28,87
1593	10.08.20 16:10:32	12,45	0,18	-57,07	-2,91	-30,02
1594	10.08.20 16:10:33	12,45	0,15	-56,66	-3,61	-29,74
1595	10.08.20 16:10:34	12,48	0,15	-57,64	-3,69	-28,67
1596	10.08.20 16:10:35	12,48	0,15	-58,13	-3,20	-28,67
1597	10.08.20 16:10:36	12,48	0,15	-58,57	-3,51	-27,92
1598	10.08.20 16:10:37	12,51	0,15	-55,20	-4,16	-30,64
1599	10.08.20 16:10:38	12,51	0,15	-58,40	-3,16	-28,44
1600	10.08.20 16:10:39	12,51	0,15	-53,68	-3,45	-32,87
1601	10.08.20 16:10:40	12,51	0,15	-55,20	-3,96	-30,84
1602	10.08.20 16:10:41	12,55	0,15	-58,10	-3,33	-28,57
1603	10.08.20 16:10:42	12,55	0,15	-57,89	-3,66	-28,44
1604	10.08.20 16:10:43	12,58	0,15	-58,82	-2,15	-29,03
1605	10.08.20 16:10:44	12,58	0,15	-57,79	-3,51	-28,70
1606	10.08.20 16:10:45	12,58	0,15	-58,19	-2,66	-29,15
1607	10.08.20 16:10:46	12,61	0,13	-56,51	-3,38	-30,11
1608	10.08.20 16:10:47	12,61	0,18	-55,56	-5,30	-29,14
1609	10.08.20 16:10:48	12,61	0,18	-54,74	-4,30	-30,96
1610	10.08.20 16:10:49	12,64	0,15	-59,34	-0,14	-30,52
1611	10.08.20 16:10:50	12,67	0,15	-61,11	0,26	-28,63
1612	10.08.20 16:10:51	12,67	0,18	-62,06	-1,08	-26,86
1613	10.08.20 16:10:52	12,70	0,15	-53,45	-3,40	-33,15
1614	10.08.20 16:10:53	12,70	0,13	-56,37	-3,50	-30,13
1615	10.08.20 16:10:54	12,74	0,15	-57,60	-2,93	-29,46
1616	10.08.20 16:10:55	12,74	0,15	-60,05	-2,32	-27,63
1617	10.08.20 16:10:56	12,77	0,15	-57,08	-2,24	-30,68
1618	10.08.20 16:10:57	12,77	0,15	-56,22	-3,79	-29,99
1619	10.08.20 16:10:58	12,77	0,15	-56,32	-3,19	-30,49
1620	10.08.20 16:10:59	12,80	0,13	-55,50	-3,53	-30,97
1621	10.08.20 16:11:00	12,80	0,15	-50,86	14,01	-25,13
1622	10.08.20 16:11:01	12,83	0,13	-61,26	0,39	-28,34
1623	10.08.20 16:11:02	12,86	0,15	-52,62	-5,30	-32,08
1624	10.08.20 16:11:03	12,86	0,15	-54,81	-2,21	-32,97
1625	10.08.20 16:11:04	12,89	0,13	-56,20	-5,90	-27,90
1626	10.08.20 16:11:05	12,89	0,13	-52,35	-2,92	-34,72
1627	10.08.20 16:11:06	12,89	0,13	-53,48	-3,55	-32,97
1628	10.08.20 16:11:07	12,93	0,13	-54,56	-4,76	-30,69
1629	10.08.20 16:11:08	12,96	0,13	-58,27	-2,37	-29,35
1630	10.08.20 16:11:09	12,96	0,15	-57,70	-1,86	-30,45
1631	10.08.20 16:11:10	12,99	0,13	-56,71	-3,33	-29,96
1632	10.08.20 16:11:11	13,02	0,15	-18,78	21,24	-49,98
1633	10.08.20 16:11:12	13,02	0,13	-19,10	21,72	-49,17
1634	10.08.20 16:11:13	13,02	0,13	-18,99	22,27	-48,74
1635	10.08.20 16:11:14	13,02	0,15	-18,58	22,47	-48,96
1636	10.08.20 16:11:15	13,05	0,13	-19,24	21,98	-48,78
1637	10.08.20 16:11:16	13,05	0,13	-19,29	21,59	-49,12
1638	10.08.20 16:11:17	13,08	0,13	-18,69	22,38	-48,93
1639	10.08.20 16:11:18	13,08	0,15	-18,83	22,56	-48,61
1640	10.08.20 16:11:19	13,11	0,13	-19,03	21,57	-49,40
1641	10.08.20 16:11:20	13,11	0,13	-19,18	21,74	-49,08
1642	10.08.20 16:11:21	13,11	0,13	-18,55	22,47	-48,98
1643	10.08.20 16:11:22	13,15	0,13	-19,00	21,96	-49,04
1644	10.08.20 16:11:23	13,15	0,15	-19,10	21,67	-49,23
1645	10.08.20 16:11:24	13,15	0,13	-18,89	22,13	-48,98
1646	10.08.20 16:11:25	13,15	0,13	-19,17	22,16	-48,67
1647	10.08.20 16:11:26	13,18	0,15	-18,99	21,88	-49,14
1648	10.08.20 16:11:27	13,18	0,13	-19,09	22,13	-48,77
1649	10.08.20 16:11:28	13,21	0,13	-18,94	21,83	-49,23
1650	10.08.20 16:11:29	13,21	0,15	-19,13	21,76	-49,11
1651	10.08.20 16:11:30	13,21	0,15	-18,32	22,24	-49,43
1652	10.08.20 16:11:31	13,21	0,15	-18,16	21,96	-49,88
1653	10.08.20 16:11:32	13,24	0,15	-19,38	21,85	-48,77
1654	10.08.20 16:11:33	13,24	0,15	-18,49	22,17	-49,34
1655	10.08.20 16:11:34	13,24	0,15	-17,78	22,30	-49,92
1656	10.08.20 16:11:35	13,24	0,15	-18,91	21,74	-49,35
1657	10.08.20 16:11:36	13,27	0,13	-18,62	21,81	-49,56
1658	10.08.20 16:11:37	13,27	0,13	-18,43	21,73	-49,84
1659	10.08.20 16:11:38	13,27	0,15	-18,27	22,32	-49,40
1660	10.08.20 16:11:39	13,30	0,13	-18,37	22,24	-49,39
1661	10.08.20 16:11:40	13,33	0,15	-19,14	21,40	-49,45
1662	10.08.20 16:11:41	13,33	0,15	-18,60	22,06	-49,34
1663	10.08.20 16:11:42	13,33	0,15	-18,25	22,70	-49,05
1664	10.08.20 16:11:43	13,33	0,13	-18,61	21,53	-49,86
1665	10.08.20 16:11:44	13,37	0,13	-19,06	21,79	-49,14
1666	10.08.20 16:11:45	13,37	0,13	-18,27	21,96	-49,77
1667	10.08.20 16:11:46	13,37	0,13	-17,90	22,13	-49,97
1668	10.08.20 16:11:47	13,40	0,13	-17,71	21,08	-51,21
1669	10.08.20 16:11:48	13,40	0,13	-12,47	-30,57	-46,96
1670	10.08.20 16:11:49	13,43	0,15	-16,04	-27,37	-46,59
1671	10.08.20 16:11:50	13,43	0,13	-16,50	-27,40	-46,10
1672	10.08.20 16:11:51	13,46	0,13	-16,39	-27,62	-45,99
1673	10.08.20 16:11:52	13,46	0,13	-32,94	-2,11	-54,95
1674	10.08.20 16:11:53	13,46	0,15	-19,09	-23,83	-47,08
1675	10.08.20 16:11:54	13,49	0,13	-15,98	-28,35	-45,67
1676	10.08.20 16:11:55	13,49	0,15	-15,62	-28,03	-46,36
1677	10.08.20 16:11:56	13,49	0,15	-15,79	-28,52	-45,69
1678	10.08.20 16:11:57	13,52	0,13	-15,77	-28,54	-45,69
1679	10.08.20 16:11:58	13,52	0,13	-15,79	-27,87	-46,34
1680	10.08.20 16:11:59	13,52	0,13	-15,76	-28,28	-45,96
1681	10.08.20 16:12:00	13,52	0,15	-16,26	-28,72	-45,02
1682	10.08.20 16:12:01	13,55	0,15	-15,28	-28,14	-46,58
1683	10.08.20 16:12:02	13,55	0,13	-15,98	-27,73	-46,29
1684	10.08.20 16:12:03	13,58	0,13	-15,99	-29,12	-44,88
1685	10.08.20 16:12:04	13,58	0,13	-15,81	-27,93	-46,26
1686	10.08.20 16:12:05	13,58	0,15	-15,69	-27,59	-46,73
1687	10.08.20 16:12:06	13,62	0,15	-16,17	-28,97	-44,86
1688	10.08.20 16:12:07	13,62	0,13	-16,18	-28,43	-45,39
1689	10.08.20 16:12:08	13,62	0,13	-15,39	-27,27	-47,34
1690	10.08.20 16:12:09	13,65	0,13	-16,22	-28,26	-45,52
1691	10.08.20 16:12:10	13,65	0,13	-16,32	-28,97	-44,72
1692	10.08.20 16:12:11	13,65	0,15	-16,00	-27,44	-46,56
1693	10.08.20 16:12:12	13,65	0,15	-15,50	-27,88	-46,62
1694	10.08.20 16:12:13	13,68	0,15	-16,20	-28,62	-45,19
1695	10.08.20 16:12:14	13,68	0,15	-16,31	-28,22	-45,46
1696	10.08.20 16:12:15	13,68	0,13	-15,62	-28,04	-46,34
1697	10.08.20 16:12:16	13,68	0,15	-16,18	-27,80	-46,02
1698	10.08.20 16:12:17	13,71	0,15	-16,03	-28,38	-45,58
1699	10.08.20 16:12:18	13,71	0,15	-16,17	-27,73	-46,10
1700	10.08.20 16:12:19	13,74	0,13	-16,29	-28,22	-45,49
1701	10.08.20 16:12:20	13,74	0,15	-15,98	-27,98	-46,04
1702	10.08.20 16:12:21	13,77	0,13	-15,98	-27,78	-46,23
1703	10.08.20 16:12:22	13,77	0,15	-16,06	-28,19	-45,76
1704	10.08.20 16:12:23	13,77	0,15	-16,19	-28,46	-45,35
1705	10.08.20 16:12:24	13,77	0,13	-15,91	-27,77	-46,32
1706	10.08.20 16:12:25	13,77	0,15	-15,70	-28,00	-46,30
1707	10.08.20 16:12:26	13,80	0,15	-16,63	-28,15	-45,22
1708	10.08.20 16:12:27	13,80	0,13	-16,00	-28,21	-45,80
1709	10.08.20 16:12:28	13,83	0,15	-15,88	-27,78	-46,33
1710	10.08.20 16:12:29	13,83	0,15	-16,27	-27,70	-46,04
1711	10.08.20 16:12:30	13,86	0,15	-15,97	-28,68	-45,35
1712	10.08.20 16:12:31	13,86	0,13	-16,18	-28,14	-45,68
1713	10.08.20 16:12:32	13,90	0,15	-15,84	-27,60	-46,56
1714	10.08.20 16:12:33	13,90	0,15	-15,83	-28,34	-45,84
1715	10.08.20 16:12:34	13,93	0,15	-16,69	-28,17	-45,14
1716	10.08.20 16:12:35	13,93	0,15	-15,48	-28,14	-46,38
1717	10.08.20 16:12:36	13,93	0,13	-16,29	-27,47	-46,25
1718	10.08.20 16:12:37	13,93	0,15	-16,58	-28,21	-45,21
1719	10.08.20 16:12:38	13,93	0,15	-15,85	-28,19	-45,96
1720	10.08.20 16:12:39	13,96	0,18	-15,90	-27,74	-46,36
1721	10.08.20 16:12:40	13,96	0,15	-16,24	-28,10	-45,66
1722	10.08.20 16:12:41	13,99	0,15	-15,93	-28,36	-45,71
1723	10.08.20 16:12:42	13,99	0,15	-15,91	-28,07	-46,01
1724	10.08.20 16:12:43	13,99	0,20	-15,92	-28,16	-45,92
1725	10.08.20 16:12:44	13,99	0,15	-16,14	-27,87	-45,99
1726	10.08.20 16:12:45	14,02	0,18	-15,75	-28,37	-45,88
1727	10.08.20 16:12:46	14,02	0,15	-16,07	-28,30	-45,63
1728	10.08.20 16:12:47	14,02	0,18	-16,09	-27,98	-45,92
1729	10.08.20 16:12:48	14,02	0,18	-15,79	-27,93	-46,28
1730	10.08.20 16:12:49	14,02	0,15	-15,97	-28,27	-45,75
1731	10.08.20 16:12:50	14,05	0,18	-16,44	-27,81	-45,75
1732	10.08.20 16:12:51	14,05	0,15	-16,00	-28,14	-45,87
1733	10.08.20 16:12:52	14,05	0,15	-16,14	-27,79	-46,07
1734	10.08.20 16:12:53	14,08	0,18	-16,44	-27,49	-46,07
1735	10.08.20 16:12:54	14,08	0,15	-15,96	-28,63	-45,42
1736	10.08.20 16:12:55	14,08	0,18	-16,39	-27,49	-46,13
1737	10.08.20 16:12:56	14,08	0,15	-15,91	-28,50	-45,60
1738	10.08.20 16:12:57	14,11	0,18	-16,05	-28,03	-45,92
1739	10.08.20 16:12:58	14,11	0,18	-15,87	-27,91	-46,22
1740	10.08.20 16:12:59	14,11	0,18	-16,32	-28,09	-45,59
1741	10.08.20 16:13:00	14,14	0,15	-16,05	-28,29	-45,66
1742	10.08.20 16:13:01	14,14	0,18	-16,13	-27,72	-46,16
1743	10.08.20 16:13:02	14,18	0,18	-16,14	-27,67	-46,20
1744	10.08.20 16:13:03	14,18	0,18	-16,41	-28,32	-45,27
1745	10.08.20 16:13:04	14,21	0,15	-15,85	-28,16	-45,99
1746	10.08.20 16:13:05	14,21	0,15	-16,13	-27,66	-46,21
1747	10.08.20 16:13:06	14,24	0,15	-16,08	-28,45	-45,47
1748	10.08.20 16:13:07	14,24	0,15	-15,81	-28,04	-46,15
1749	10.08.20 16:13:08	14,24	0,15	-16,11	-27,97	-45,93
1750	10.08.20 16:13:09	14,27	0,18	-15,89	-28,44	-45,66
1751	10.08.20 16:13:10	14,27	0,15	-16,02	-27,98	-46,01
1752	10.08.20 16:13:11	14,27	0,15	-16,01	-28,07	-45,92
1753	10.08.20 16:13:12	14,27	0,13	-15,50	-28,54	-45,97
1754	10.08.20 16:13:13	14,30	0,15	-16,15	-28,04	-45,81
1755	10.08.20 16:13:14	14,30	0,15	-16,06	-28,27	-45,67
1756	10.08.20 16:13:15	14,33	0,15	-15,71	-28,12	-46,17
1757	10.08.20 16:13:16	14,33	0,18	-16,30	-27,66	-46,05
1758	10.08.20 16:13:17	14,36	0,15	-16,12	-28,21	-45,67
1759	10.08.20 16:13:18	14,36	0,15	-16,23	-27,76	-46,01
1760	10.08.20 16:13:19	14,36	0,15	-16,30	-27,97	-45,72
1761	10.08.20 16:13:20	14,39	0,15	-16,15	-27,96	-45,89
1762	10.08.20 16:13:21	14,39	0,15	-15,82	-27,66	-46,52
1763	10.08.20 16:13:22	14,39	0,15	-15,98	-28,86	-45,16
1764	10.08.20 16:13:23	14,39	0,15	-16,33	-28,04	-45,62
1765	10.08.20 16:13:24	14,42	0,15	-15,51	-27,91	-46,58
1766	10.08.20 16:13:25	14,42	0,15	-16,02	-27,82	-46,15
1767	10.08.20 16:13:26	14,45	0,15	-16,57	-28,28	-45,15
1768	10.08.20 16:13:27	14,45	0,18	-15,93	-28,10	-45,97
1769	10.08.20 16:13:28	14,49	0,15	-16,01	-27,43	-46,56
1770	10.08.20 16:13:29	14,49	0,15	-16,49	-28,19	-45,32
1771	10.08.20 16:13:30	14,52	0,15	-15,96	-27,92	-46,12
1772	10.08.20 16:13:31	14,52	0,15	-15,70	-28,24	-46,07
1773	10.08.20 16:13:32	14,52	0,15	-15,99	-28,92	-45,09
1774	10.08.20 16:13:33	14,52	0,15	-15,31	-27,90	-46,78
1775	10.08.20 16:13:34	14,52	0,15	-16,22	-27,58	-46,20
1776	10.08.20 16:13:35	14,55	0,15	-16,40	-29,26	-44,34
1777	10.08.20 16:13:36	14,55	0,15	-15,87	-27,27	-46,86
1778	10.08.20 16:13:37	14,58	0,15	-15,87	-27,64	-46,49
1779	10.08.20 16:13:38	14,58	0,15	-16,45	-28,63	-44,92
1780	10.08.20 16:13:39	14,58	0,15	-15,96	-28,17	-45,86
1781	10.08.20 16:13:40	14,61	0,15	-15,65	-27,75	-46,60
1782	10.08.20 16:13:41	14,61	0,15	-15,94	-28,37	-45,69
1783	10.08.20 16:13:42	14,61	0,15	-15,96	-28,76	-45,28
1784	10.08.20 16:13:43	14,64	0,15	-16,03	-27,50	-46,47
1785	10.08.20 16:13:44	14,64	0,13	-15,90	-27,91	-46,19
1786	10.08.20 16:13:45	14,64	0,13	-16,41	-28,05	-45,54
1787	10.08.20 16:13:46	14,67	0,13	-16,27	-27,93	-45,80
1788	10.08.20 16:13:47	14,67	0,15	-15,79	-28,28	-45,93
1789	10.08.20 16:13:48	14,67	0,15	-16,11	-28,20	-45,69
1790	10.08.20 16:13:49	14,70	0,15	-15,63	-27,94	-46,43
1791	10.08.20 16:13:50	14,70	0,15	-15,78	-28,34	-45,88
1792	10.08.20 16:13:51	14,70	0,15	-16,15	-28,87	-44,98
1793	10.08.20 16:13:52	14,70	0,15	-15,83	-27,95	-46,22
1794	10.08.20 16:13:53	14,70	0,15	-15,60	-27,20	-47,20
1795	10.08.20 16:13:54	14,73	0,15	-16,44	-28,70	-44,86
1796	10.08.20 16:13:55	14,73	0,15	-16,68	-28,45	-44,86
1797	10.08.20 16:13:56	14,73	0,15	-15,48	-27,54	-46,98
1798	10.08.20 16:13:57	14,76	0,18	-16,10	-27,62	-46,28
1799	10.08.20 16:13:58	14,76	0,15	-16,08	-28,87	-45,05
1800	10.08.20 16:13:59	14,79	0,15	-15,71	-28,34	-45,96
1801	10.08.20 16:14:00	14,79	0,13	-15,78	-28,22	-46,00
1802	10.08.20 16:14:01	14,82	0,15	-15,85	-28,43	-45,72
1803	10.08.20 16:14:02	14,82	0,13	-15,41	-28,17	-46,42
1804	10.08.20 16:14:03	14,82	0,15	-16,17	-28,11	-45,72
1805	10.08.20 16:14:04	14,82	0,13	-16,41	-28,65	-44,95
1806	10.08.20 16:14:05	14,82	0,13	-15,39	-28,36	-46,25
1807	10.08.20 16:14:06	14,85	0,15	-15,83	-27,45	-46,72
1808	10.08.20 16:14:07	14,85	0,15	-15,98	-28,87	-45,15
1809	10.08.20 16:14:08	14,89	0,15	-16,01	-28,82	-45,18
1810	10.08.20 16:14:09	14,89	0,15	-15,68	-27,60	-46,72
1811	10.08.20 16:14:10	14,89	0,15	-15,29	-28,49	-46,22
1812	10.08.20 16:14:11	14,89	0,15	-16,12	-28,96	-44,92
1813	10.08.20 16:14:12	14,92	0,15	-2,09	-77,22	-10,69
1814	10.08.20 16:14:13	14,92	0,13	76,36	5,69	7,95
1815	10.08.20 16:14:14	14,95	0,18	34,49	-33,54	21,97
1816	10.08.20 16:14:15	15,01	0,18	53,05	-22,23	14,72
1817	10.08.20 16:14:16	15,04	0,15	65,97	-22,93	-1,10
1818	10.08.20 16:14:17	15,07	0,13	78,53	-10,23	1,24
1819	10.08.20 16:14:18	15,10	0,15	32,12	-5,14	52,74
1820	10.08.20 16:14:19	15,13	0,13	25,06	-22,13	42,81
1821	10.08.20 16:14:20	15,16	0,35	21,04	-17,45	51,51
1822	10.08.20 16:14:21	15,19	0,37	-2,95	-23,39	63,66
1823	10.08.20 16:14:22	15,19	0,35	-2,35	-54,20	33,45
1824	10.08.20 16:14:23	15,22	0,37	-0,74	-50,37	38,89
1825	10.08.20 16:14:24	15,22	0,35	-11,15	-49,57	29,28
1826	10.08.20 16:14:25	15,25	0,35	7,52	-47,22	35,25
1827	10.08.20 16:14:26	15,25	0,35	-13,77	-41,07	35,16
1828	10.08.20 16:14:27	15,25	0,35	58,67	-3,62	27,72
1829	10.08.20 16:14:28	15,28	0,35	63,15	19,25	7,59
1830	10.08.20 16:14:29	15,28	0,35	74,14	-8,09	7,77
1831	10.08.20 16:14:30	15,47	0,35	18,49	48,22	23,29
1832	10.08.20 16:14:31	15,71	0,30	-8,36	66,59	-15,06
1833	10.08.20 16:14:32	15,99	0,28	-3,56	68,82	-17,62
1834	10.08.20 16:14:33	16,20	0,30	21,52	34,73	33,75
1835	10.08.20 16:14:34	16,44	0,28	14,02	53,07	-22,92
1836	10.08.20 16:14:35	16,74	0,26	-7,88	40,22	41,91
1837	10.08.20 16:14:36	17,07	0,26	-15,14	52,56	22,31
1838	10.08.20 16:14:37	17,37	0,26	-20,28	36,80	32,92
1839	10.08.20 16:14:38	17,61	0,28	-64,93	-18,23	6,84
1840	10.08.20 16:14:39	18,54	0,30	-89,31	0,18	0,51
1841	10.08.20 16:14:40	18,57	0,33	-87,14	0,89	1,97
1842	10.08.20 16:14:41	18,57	0,33	-86,72	1,02	2,25
1843	10.08.20 16:14:42	18,60	0,33	-89,19	0,21	0,59
1844	10.08.20 16:14:43	18,63	0,33	-88,11	0,57	1,32
