#0	Date-time:	01/08/2020 6:23:17 PM
#1	Recorder:	105H0950
#2	File type:	1
#3	Columns:	7
#4	Channels:	5
#5	Field separation:	0
#6	Decimal point:	0
#7	Date def.:	0	0
#8	Time def.:	0
#9	Channel 1:	Temperature(°C)	Temp(°C)	2	1
#10	Channel 2:	Pressure(Bar)	Press(Bar)	2	1
#11	Reconvertion:	0
#14	Channel 3:	Tilt-X(°)	Tilt-X(°)	2	1
#18	Channel 4:	Tilt-Y(°)	Tilt-Y(°)	2	1
#19	Line color:	1	2	3	4
#22	Channel 5:	Tilt-Z(°)	Tilt-Z(°)	2	1
#30	Trend Type Number:	3
#33	Limit Temp. Corr. OTCR:	1
1	01.08.20 17:55:00	22,23	0,41	76,15	-9,43	-4,42
2	01.08.20 17:55:01	22,23	0,41	52,23	-30,11	-7,66
3	01.08.20 17:55:02	22,23	0,41	83,66	0,33	6,01
4	01.08.20 17:55:03	22,20	0,41	61,08	-21,25	-7,67
5	01.08.20 17:55:04	22,20	0,44	66,54	-20,81	-2,65
6	01.08.20 17:55:05	22,20	0,41	63,97	-24,57	-1,45
7	01.08.20 17:55:06	22,20	0,39	27,08	15,87	-47,05
8	01.08.20 17:55:07	22,20	0,41	53,54	5,67	-30,79
9	01.08.20 17:55:08	22,17	0,39	53,77	4,04	-32,19
10	01.08.20 17:55:09	22,17	0,39	59,97	2,21	-27,82
11	01.08.20 17:55:10	22,17	0,39	58,88	2,50	-28,62
12	01.08.20 17:55:11	22,17	0,39	57,56	1,23	-31,21
13	01.08.20 17:55:12	22,17	0,39	61,13	1,07	-27,79
14	01.08.20 17:55:13	22,17	0,39	60,19	0,60	-29,21
15	01.08.20 17:55:14	22,17	0,39	60,96	1,38	-27,66
16	01.08.20 17:55:15	22,14	0,41	58,42	0,96	-30,62
17	01.08.20 17:55:16	22,14	0,41	60,47	1,92	-27,61
18	01.08.20 17:55:17	22,14	0,39	62,74	-0,25	-27,01
19	01.08.20 17:55:18	22,14	0,41	56,11	2,69	-31,20
20	01.08.20 17:55:19	22,14	0,39	61,43	0,79	-27,78
21	01.08.20 17:55:20	22,11	0,41	63,52	1,27	-25,21
22	01.08.20 17:55:21	22,11	0,39	58,74	2,10	-29,15
23	01.08.20 17:55:22	22,11	0,41	59,56	2,55	-27,89
24	01.08.20 17:55:23	22,11	0,41	59,58	1,55	-28,86
25	01.08.20 17:55:24	22,11	0,41	61,99	2,84	-25,17
26	01.08.20 17:55:25	22,11	0,39	62,23	1,20	-26,58
27	01.08.20 17:55:26	22,11	0,41	60,71	0,81	-28,48
28	01.08.20 17:55:27	22,08	0,41	63,22	1,28	-25,50
29	01.08.20 17:55:28	22,08	0,41	68,44	-1,32	-20,24
30	01.08.20 17:55:29	22,08	0,39	54,92	-2,42	-32,66
31	01.08.20 17:55:30	22,08	0,41	63,60	-3,95	-22,46
32	01.08.20 17:55:31	22,08	0,39	65,79	-3,81	-20,40
33	01.08.20 17:55:32	22,08	0,39	62,56	-2,72	-24,73
34	01.08.20 17:55:33	22,06	0,39	58,10	-1,82	-30,09
35	01.08.20 17:55:34	22,06	0,41	64,41	-4,10	-21,49
36	01.08.20 17:55:35	22,06	0,41	64,92	-3,47	-21,61
37	01.08.20 17:55:36	22,06	0,39	61,27	-2,18	-26,55
38	01.08.20 17:55:37	22,06	0,39	61,94	-1,26	-26,79
39	01.08.20 17:55:38	22,06	0,39	62,67	-3,25	-24,08
40	01.08.20 17:55:39	22,06	0,41	66,13	-2,40	-21,47
41	01.08.20 17:55:40	22,06	0,41	64,75	-1,59	-23,66
42	01.08.20 17:55:41	22,03	0,41	70,73	0,56	-18,70
43	01.08.20 17:55:42	22,03	0,41	43,58	-2,40	-44,02
44	01.08.20 17:55:43	22,03	0,41	47,10	-3,65	-39,26
45	01.08.20 17:55:44	22,03	0,44	57,21	-0,13	-32,67
46	01.08.20 17:55:45	22,03	0,41	48,46	-1,50	-40,04
47	01.08.20 17:55:46	22,03	0,39	50,94	-1,70	-37,36
48	01.08.20 17:55:47	22,03	0,41	57,88	-3,66	-28,46
49	01.08.20 17:55:48	22,00	0,41	51,13	-3,05	-35,83
50	01.08.20 17:55:49	22,00	0,41	50,89	-1,48	-37,63
51	01.08.20 17:55:50	22,00	0,41	60,94	-1,32	-27,73
52	01.08.20 17:55:51	22,00	0,41	51,44	1,89	-36,67
53	01.08.20 17:55:52	22,00	0,41	32,39	21,62	-35,98
54	01.08.20 17:55:53	22,00	0,41	39,92	18,49	-31,59
55	01.08.20 17:55:54	22,00	0,41	63,79	5,00	-21,21
56	01.08.20 17:55:55	22,00	0,41	47,94	6,36	-35,70
57	01.08.20 17:55:56	22,00	0,41	57,29	8,36	-24,35
58	01.08.20 17:55:57	21,97	0,41	61,30	8,12	-20,58
59	01.08.20 17:55:58	21,97	0,41	59,65	6,31	-24,05
60	01.08.20 17:55:59	21,97	0,41	55,60	8,61	-25,79
61	01.08.20 17:56:00	21,97	0,41	64,74	8,06	-17,20
62	01.08.20 17:56:01	21,97	0,41	63,74	7,03	-19,24
63	01.08.20 17:56:02	21,97	0,41	59,48	8,70	-21,82
64	01.08.20 17:56:03	21,97	0,41	64,46	7,59	-17,95
65	01.08.20 17:56:04	21,97	0,41	67,29	9,61	-13,10
66	01.08.20 17:56:05	21,97	0,41	67,34	8,30	-14,36
67	01.08.20 17:56:06	21,94	0,39	62,79	10,99	-16,22
68	01.08.20 17:56:07	21,94	0,39	68,62	8,21	-13,17
69	01.08.20 17:56:08	21,94	0,39	64,73	8,94	-16,33
70	01.08.20 17:56:09	21,94	0,39	63,25	11,01	-15,74
71	01.08.20 17:56:10	21,94	0,39	67,96	9,95	-12,09
72	01.08.20 17:56:11	21,94	0,39	67,25	6,76	-15,99
73	01.08.20 17:56:12	21,94	0,39	64,51	9,71	-15,77
74	01.08.20 17:56:13	21,94	0,41	67,25	10,48	-12,26
75	01.08.20 17:56:14	21,94	0,39	69,27	5,98	-14,75
76	01.08.20 17:56:15	21,94	0,39	67,59	6,11	-16,30
77	01.08.20 17:56:16	21,94	0,41	69,76	8,19	-12,05
78	01.08.20 17:56:17	21,94	0,39	65,60	10,64	-13,76
79	01.08.20 17:56:18	21,94	0,41	63,62	10,18	-16,20
80	01.08.20 17:56:19	21,91	0,39	68,33	8,26	-13,41
81	01.08.20 17:56:20	21,91	0,39	67,46	8,36	-14,17
82	01.08.20 17:56:21	21,91	0,39	66,51	9,08	-14,41
83	01.08.20 17:56:22	21,91	0,39	69,15	8,02	-12,84
84	01.08.20 17:56:23	21,91	0,39	67,69	8,69	-13,61
85	01.08.20 17:56:24	21,91	0,41	67,88	8,55	-13,57
86	01.08.20 17:56:25	21,91	0,39	68,82	7,70	-13,48
87	01.08.20 17:56:26	21,91	0,41	70,28	6,50	-13,22
88	01.08.20 17:56:27	21,91	0,39	69,08	7,95	-12,97
89	01.08.20 17:56:28	21,91	0,39	67,77	8,91	-13,33
90	01.08.20 17:56:29	21,88	0,41	67,74	9,17	-13,09
91	01.08.20 17:56:30	21,88	0,39	66,73	9,59	-13,68
92	01.08.20 17:56:31	21,88	0,39	67,23	9,11	-13,67
93	01.08.20 17:56:32	21,88	0,41	68,11	8,53	-13,36
94	01.08.20 17:56:33	21,88	0,41	69,33	6,73	-13,93
95	01.08.20 17:56:34	21,88	0,39	74,02	-0,21	-15,77
96	01.08.20 17:56:35	21,88	0,41	77,95	0,36	-11,69
97	01.08.20 17:56:36	21,88	0,39	78,65	0,24	-11,11
98	01.08.20 17:56:37	21,88	0,41	78,08	1,00	-10,93
99	01.08.20 17:56:38	21,88	0,39	74,84	3,62	-11,54
100	01.08.20 17:56:39	21,88	0,39	71,12	6,36	-12,52
101	01.08.20 17:56:40	21,88	0,41	70,11	6,76	-13,13
102	01.08.20 17:56:41	21,85	0,39	72,97	4,56	-12,47
103	01.08.20 17:56:42	21,85	0,41	75,77	1,86	-12,37
104	01.08.20 17:56:43	21,85	0,41	78,20	0,36	-11,44
105	01.08.20 17:56:44	21,85	0,39	77,92	-1,95	-10,12
106	01.08.20 17:56:45	21,85	0,39	76,88	-3,23	-9,89
107	01.08.20 17:56:46	21,85	0,41	77,21	-2,72	-10,07
108	01.08.20 17:56:47	21,85	0,41	78,54	-1,28	-10,18
109	01.08.20 17:56:48	21,85	0,41	78,06	-1,27	-10,67
110	01.08.20 17:56:49	21,85	0,41	77,88	-1,00	-11,12
111	01.08.20 17:56:50	21,85	0,41	77,12	0,69	-12,20
112	01.08.20 17:56:51	21,85	0,41	76,30	1,81	-11,89
113	01.08.20 17:56:52	21,85	0,41	75,58	2,38	-12,04
114	01.08.20 17:56:53	21,82	0,41	73,84	3,67	-12,49
115	01.08.20 17:56:54	21,82	0,41	73,62	4,67	-11,71
116	01.08.20 17:56:55	21,82	0,41	71,98	5,97	-12,05
117	01.08.20 17:56:56	21,82	0,41	71,12	6,04	-12,85
118	01.08.20 17:56:57	21,82	0,41	71,58	5,68	-12,74
119	01.08.20 17:56:58	21,82	0,41	72,64	4,95	-12,41
120	01.08.20 17:56:59	21,82	0,41	73,13	4,40	-12,47
121	01.08.20 17:57:00	21,82	0,41	72,62	4,59	-12,79
122	01.08.20 17:57:01	21,82	0,41	72,95	5,10	-11,95
123	01.08.20 17:57:02	21,82	0,41	72,86	4,82	-12,32
124	01.08.20 17:57:03	21,82	0,44	72,38	5,20	-12,42
125	01.08.20 17:57:04	21,82	0,41	73,35	4,54	-12,11
126	01.08.20 17:57:05	21,82	0,41	76,54	2,10	-11,36
127	01.08.20 17:57:06	21,79	0,39	77,13	-0,81	-12,07
128	01.08.20 17:57:07	21,79	0,41	75,35	-2,99	-11,66
129	01.08.20 17:57:08	21,79	0,41	74,20	-4,42	-11,38
130	01.08.20 17:57:09	21,79	0,41	75,61	-5,15	-9,24
131	01.08.20 17:57:10	21,79	0,41	75,98	-5,10	-8,92
132	01.08.20 17:57:11	21,79	0,41	76,67	-3,77	-9,56
133	01.08.20 17:57:12	21,79	0,44	78,15	-1,46	-10,40
134	01.08.20 17:57:13	21,79	0,44	78,53	0,18	-11,29
135	01.08.20 17:57:14	21,79	0,44	77,97	0,45	-11,58
136	01.08.20 17:57:15	21,79	0,41	78,13	-0,03	-11,84
137	01.08.20 17:57:16	21,79	0,41	77,90	-0,43	-11,67
138	01.08.20 17:57:17	21,79	0,41	73,86	-9,71	6,43
139	01.08.20 17:57:18	21,79	0,39	76,16	-8,44	5,40
140	01.08.20 17:57:19	21,79	0,41	77,80	-7,10	5,10
141	01.08.20 17:57:20	21,76	0,41	66,65	-19,46	-3,89
142	01.08.20 17:57:21	21,76	0,41	59,72	-15,77	14,51
143	01.08.20 17:57:22	21,76	0,44	71,33	-2,38	16,29
144	01.08.20 17:57:23	21,76	0,41	81,40	5,37	3,23
145	01.08.20 17:57:24	21,76	0,39	82,47	6,47	-1,06
146	01.08.20 17:57:25	21,76	0,44	71,37	17,29	1,33
147	01.08.20 17:57:26	21,76	0,41	71,65	14,07	-4,28
148	01.08.20 17:57:27	21,76	0,44	53,34	36,05	0,60
149	01.08.20 17:57:28	21,76	0,41	59,81	23,34	6,85
150	01.08.20 17:57:29	21,76	0,44	19,56	64,62	-5,82
151	01.08.20 17:57:30	21,76	0,41	11,92	21,23	-56,84
152	01.08.20 17:57:31	21,76	0,41	3,75	-2,56	-83,69
153	01.08.20 17:57:32	21,76	0,41	24,68	13,59	-51,73
154	01.08.20 17:57:33	21,76	0,44	65,32	-22,16	-2,52
155	01.08.20 17:57:34	21,76	0,39	77,79	-8,85	3,36
156	01.08.20 17:57:35	21,73	0,41	48,00	-32,57	9,43
157	01.08.20 17:57:36	21,73	0,41	82,81	-3,80	3,39
158	01.08.20 17:57:37	21,73	0,44	73,94	2,05	14,01
159	01.08.20 17:57:38	21,73	0,44	62,08	17,98	9,94
160	01.08.20 17:57:39	21,73	0,41	49,53	14,33	26,14
161	01.08.20 17:57:40	21,73	0,44	45,26	20,21	24,53
162	01.08.20 17:57:41	21,73	0,41	52,35	28,36	-9,29
163	01.08.20 17:57:42	21,73	0,41	28,70	57,49	3,81
164	01.08.20 17:57:43	21,73	0,41	16,14	20,95	52,91
165	01.08.20 17:57:44	21,73	0,44	-12,29	-3,24	74,47
166	01.08.20 17:57:45	21,73	0,41	-10,17	-1,01	78,82
167	01.08.20 17:57:46	21,73	0,44	-10,09	1,82	78,09
168	01.08.20 17:57:47	21,73	0,41	-8,44	4,02	77,54
169	01.08.20 17:57:48	21,73	0,41	-1,23	9,23	79,54
170	01.08.20 17:57:49	21,71	0,39	-2,16	-12,99	74,85
171	01.08.20 17:57:50	21,71	0,39	-9,11	-6,35	74,54
172	01.08.20 17:57:51	21,71	0,41	-10,90	-4,59	74,51
173	01.08.20 17:57:52	21,71	0,41	-10,61	-3,85	75,53
174	01.08.20 17:57:53	21,71	0,41	-5,65	-8,57	75,78
175	01.08.20 17:57:54	21,71	0,41	-40,28	-47,44	-2,28
176	01.08.20 17:57:55	21,71	0,34	53,30	28,19	-8,50
177	01.08.20 17:57:56	21,65	0,44	74,90	6,62	-8,48
178	01.08.20 17:57:57	21,65	0,50	67,58	5,09	17,33
179	01.08.20 17:57:58	21,65	0,54	27,87	10,66	51,47
180	01.08.20 17:57:59	21,65	0,61	51,03	6,32	32,65
181	01.08.20 17:58:00	21,65	0,59	32,81	10,82	46,37
182	01.08.20 17:58:01	21,62	0,71	59,74	7,24	23,02
183	01.08.20 17:58:02	21,53	0,70	59,39	-5,33	25,27
184	01.08.20 17:58:03	21,47	0,62	51,55	0,83	37,62
185	01.08.20 17:58:04	21,38	0,61	39,07	6,57	44,35
186	01.08.20 17:58:05	21,33	0,63	40,24	6,93	42,84
187	01.08.20 17:58:06	21,30	0,65	38,02	5,43	46,55
188	01.08.20 17:58:07	21,24	0,67	41,05	0,83	48,13
189	01.08.20 17:58:08	21,18	0,68	53,86	2,20	33,94
190	01.08.20 17:58:09	21,12	0,72	43,27	-5,67	41,06
191	01.08.20 17:58:10	21,09	0,70	27,14	-12,91	49,95
192	01.08.20 17:58:11	21,06	0,69	23,79	-9,91	56,31
193	01.08.20 17:58:12	21,03	0,71	32,82	-14,72	42,46
194	01.08.20 17:58:13	21,00	0,81	57,69	-12,45	19,86
195	01.08.20 17:58:14	20,97	0,85	57,71	-17,61	14,68
196	01.08.20 17:58:15	20,94	0,89	53,07	-12,86	24,07
197	01.08.20 17:58:16	20,92	0,89	52,77	-9,51	27,72
198	01.08.20 17:58:17	20,89	0,89	56,05	-8,53	25,42
199	01.08.20 17:58:18	20,89	0,91	58,49	-7,03	24,48
200	01.08.20 17:58:19	20,89	0,93	53,00	-11,64	25,36
201	01.08.20 17:58:20	20,86	0,93	53,02	-13,94	23,04
202	01.08.20 17:58:21	20,86	0,98	51,31	-11,51	27,18
203	01.08.20 17:58:22	20,83	0,97	50,74	-10,42	28,85
204	01.08.20 17:58:23	20,83	0,97	54,67	-9,45	25,88
205	01.08.20 17:58:24	20,83	1,00	58,04	-6,95	25,01
206	01.08.20 17:58:25	20,83	1,00	56,72	-3,02	30,26
207	01.08.20 17:58:26	20,80	1,00	58,14	-0,82	31,04
208	01.08.20 17:58:27	20,77	0,99	58,61	0,59	30,81
209	01.08.20 17:58:28	20,74	1,04	68,56	0,43	21,01
210	01.08.20 17:58:29	20,71	1,03	66,59	0,97	22,44
211	01.08.20 17:58:30	20,68	1,03	65,11	-1,13	23,76
212	01.08.20 17:58:31	20,68	1,03	60,54	-2,46	26,99
213	01.08.20 17:58:32	20,65	1,00	52,83	-5,83	31,34
214	01.08.20 17:58:33	20,65	0,98	40,25	-8,51	41,24
215	01.08.20 17:58:34	20,65	0,96	52,29	-9,44	28,27
216	01.08.20 17:58:35	20,62	0,98	57,91	-10,51	21,59
217	01.08.20 17:58:36	20,59	1,00	57,26	-12,07	20,68
218	01.08.20 17:58:37	20,59	0,97	61,02	-9,36	19,62
219	01.08.20 17:58:38	20,59	0,97	61,00	-6,31	22,69
220	01.08.20 17:58:39	20,59	0,95	54,00	-4,93	31,08
221	01.08.20 17:58:40	20,59	0,95	48,72	-2,78	38,50
222	01.08.20 17:58:41	20,56	0,92	52,26	-4,29	33,46
223	01.08.20 17:58:42	20,56	0,97	57,22	-9,71	23,07
224	01.08.20 17:58:43	20,53	0,97	61,10	-11,39	17,51
225	01.08.20 17:58:44	20,53	0,99	64,75	-8,87	16,38
226	01.08.20 17:58:45	20,53	0,97	64,82	-7,94	17,24
227	01.08.20 17:58:46	20,53	0,97	60,44	-12,57	16,99
228	01.08.20 17:58:47	20,53	0,99	63,85	-10,63	15,51
229	01.08.20 17:58:48	20,53	0,97	71,86	-2,37	15,77
230	01.08.20 17:58:49	20,53	0,94	82,09	-1,42	6,50
231	01.08.20 17:58:50	20,53	0,94	75,40	-12,97	1,63
232	01.08.20 17:58:51	20,53	0,99	64,97	-16,21	8,83
233	01.08.20 17:58:52	20,51	0,99	69,87	-12,65	7,48
234	01.08.20 17:58:53	20,48	0,98	72,67	-11,65	5,68
235	01.08.20 17:58:54	20,42	1,00	68,15	-13,17	8,68
236	01.08.20 17:58:55	20,42	1,00	66,91	-13,05	10,04
237	01.08.20 17:58:56	20,39	1,05	66,80	-12,63	10,57
238	01.08.20 17:58:57	20,36	1,07	70,01	-10,24	9,75
239	01.08.20 17:58:58	20,33	1,06	67,12	-12,39	10,49
240	01.08.20 17:58:59	20,30	1,08	62,52	-17,54	9,95
241	01.08.20 17:59:00	20,30	1,11	63,53	-17,52	8,95
242	01.08.20 17:59:01	20,30	1,13	66,34	-12,26	11,39
243	01.08.20 17:59:02	20,30	1,13	67,17	-10,88	11,95
244	01.08.20 17:59:03	20,27	1,15	62,12	-18,78	9,10
245	01.08.20 17:59:04	20,24	1,17	63,89	-16,71	9,40
246	01.08.20 17:59:05	20,24	1,19	63,03	-14,29	12,68
247	01.08.20 17:59:06	20,21	1,19	63,44	-13,23	13,33
248	01.08.20 17:59:07	20,15	1,21	64,72	-17,26	8,02
249	01.08.20 17:59:08	20,12	1,25	69,14	-13,88	6,99
250	01.08.20 17:59:09	20,09	1,27	67,58	-9,79	12,62
251	01.08.20 17:59:10	20,09	1,27	67,82	-7,29	14,89
252	01.08.20 17:59:11	20,09	1,27	68,64	-6,69	14,66
253	01.08.20 17:59:12	20,06	1,29	75,65	-4,72	9,63
254	01.08.20 17:59:13	20,06	1,34	77,81	-3,04	9,15
255	01.08.20 17:59:14	20,04	1,34	78,19	-0,45	11,37
256	01.08.20 17:59:15	20,04	1,34	76,89	3,36	9,75
257	01.08.20 17:59:16	19,98	1,38	75,05	4,88	10,07
258	01.08.20 17:59:17	19,92	1,42	72,54	5,22	12,24
259	01.08.20 17:59:18	19,89	1,39	72,25	4,22	13,53
260	01.08.20 17:59:19	19,86	1,41	77,81	3,80	8,40
261	01.08.20 17:59:20	19,83	1,46	82,50	1,22	6,28
262	01.08.20 17:59:21	19,77	1,47	78,35	-0,72	10,93
263	01.08.20 17:59:22	19,74	1,47	76,08	-1,20	12,71
264	01.08.20 17:59:23	19,71	1,49	78,20	-0,86	10,93
265	01.08.20 17:59:24	19,68	1,53	80,85	0,45	8,71
266	01.08.20 17:59:25	19,65	1,53	75,92	3,81	10,27
267	01.08.20 17:59:26	19,62	1,55	72,55	7,13	10,32
268	01.08.20 17:59:27	19,56	1,62	71,10	8,52	10,37
269	01.08.20 17:59:28	19,36	1,64	68,49	10,90	10,61
270	01.08.20 17:59:29	19,18	1,67	65,91	11,77	12,31
271	01.08.20 17:59:30	19,09	1,75	67,82	12,41	9,77
272	01.08.20 17:59:31	18,94	1,79	64,51	14,11	11,37
273	01.08.20 17:59:32	18,86	1,80	66,66	12,96	10,38
274	01.08.20 17:59:33	18,77	1,88	70,52	10,75	8,72
275	01.08.20 17:59:34	18,65	1,90	70,78	8,75	10,47
276	01.08.20 17:59:35	18,56	1,89	70,04	8,46	11,51
277	01.08.20 17:59:36	18,47	1,92	68,39	9,37	12,24
278	01.08.20 17:59:37	18,38	1,91	69,11	9,31	11,58
279	01.08.20 17:59:38	18,23	1,88	69,72	8,19	12,09
280	01.08.20 17:59:39	18,14	1,94	67,22	6,60	16,18
281	01.08.20 17:59:40	17,99	1,97	71,25	5,43	13,31
282	01.08.20 17:59:41	17,85	2,05	74,18	5,13	10,69
283	01.08.20 17:59:42	17,76	2,13	72,83	4,48	12,69
284	01.08.20 17:59:43	17,67	2,19	73,21	2,68	14,11
285	01.08.20 17:59:44	17,55	2,20	74,18	0,93	14,89
286	01.08.20 17:59:45	17,43	2,21	76,57	0,39	13,04
287	01.08.20 17:59:46	17,34	2,18	75,35	-2,34	12,31
288	01.08.20 17:59:47	17,25	2,29	72,70	-4,20	13,10
289	01.08.20 17:59:48	17,13	2,32	69,27	-5,98	14,75
290	01.08.20 17:59:49	16,98	2,38	68,63	-7,03	14,33
291	01.08.20 17:59:50	16,83	2,41	63,31	-8,11	18,58
292	01.08.20 17:59:51	16,71	2,44	65,78	-8,00	16,22
293	01.08.20 17:59:52	16,56	2,52	69,61	-8,70	11,70
294	01.08.20 17:59:53	16,38	2,55	62,59	-9,66	17,75
295	01.08.20 17:59:54	16,29	2,56	62,78	-11,00	16,23
296	01.08.20 17:59:55	16,17	2,57	66,12	-13,51	10,37
297	01.08.20 17:59:56	16,08	2,61	66,74	-14,41	8,84
298	01.08.20 17:59:57	16,02	2,63	64,71	-15,45	9,84
299	01.08.20 17:59:58	15,92	2,66	61,10	-16,11	12,79
300	01.08.20 17:59:59	15,77	2,74	57,69	-16,99	15,31
301	01.08.20 18:00:00	15,62	2,82	62,18	-17,83	9,99
302	01.08.20 18:00:01	15,53	2,83	63,79	-17,60	8,62
303	01.08.20 18:00:02	15,44	2,85	62,90	-16,74	10,36
304	01.08.20 18:00:03	15,35	2,86	62,20	-16,68	11,12
305	01.08.20 18:00:04	15,26	2,88	59,73	-15,98	14,29
306	01.08.20 18:00:05	15,17	2,96	61,13	-14,70	14,17
307	01.08.20 18:00:06	15,01	2,97	65,56	-13,64	10,80
308	01.08.20 18:00:07	14,77	3,11	69,16	-11,87	8,97
309	01.08.20 18:00:08	14,55	3,15	68,29	-10,43	11,28
310	01.08.20 18:00:09	14,40	3,14	62,58	-5,75	21,67
311	01.08.20 18:00:10	14,28	3,08	58,96	-2,41	28,63
312	01.08.20 18:00:11	14,15	3,09	62,44	-3,22	24,34
313	01.08.20 18:00:12	13,97	3,12	64,16	-4,10	21,75
314	01.08.20 18:00:13	13,85	3,10	63,82	-3,22	22,96
315	01.08.20 18:00:14	13,81	3,10	64,89	1,03	24,08
316	01.08.20 18:00:15	13,72	3,14	62,61	4,55	22,84
317	01.08.20 18:00:16	13,63	3,10	64,76	2,51	22,74
318	01.08.20 18:00:17	13,57	3,17	64,53	2,71	22,76
319	01.08.20 18:00:18	13,50	3,19	60,74	5,93	23,33
320	01.08.20 18:00:19	13,47	3,16	57,72	7,98	24,29
321	01.08.20 18:00:20	13,41	3,13	56,36	6,69	26,94
322	01.08.20 18:00:21	13,38	3,10	54,48	6,40	29,12
323	01.08.20 18:00:22	13,35	3,05	48,65	8,65	32,70
324	01.08.20 18:00:23	13,35	3,05	47,13	11,82	31,05
325	01.08.20 18:00:24	13,32	3,07	54,85	10,70	24,45
326	01.08.20 18:00:25	13,26	3,09	49,04	10,05	30,90
327	01.08.20 18:00:26	13,16	3,10	45,80	14,58	29,62
328	01.08.20 18:00:27	13,04	3,02	49,45	9,46	31,09
329	01.08.20 18:00:28	12,94	2,99	45,00	6,49	38,51
330	01.08.20 18:00:29	12,85	3,00	48,76	7,56	33,69
331	01.08.20 18:00:30	12,60	2,97	49,51	8,54	31,95
332	01.08.20 18:00:31	12,41	3,00	52,32	10,05	27,62
333	01.08.20 18:00:32	12,32	3,09	54,40	12,60	23,00
334	01.08.20 18:00:33	12,25	3,08	54,24	9,77	25,99
335	01.08.20 18:00:34	12,16	3,05	53,32	7,33	29,36
336	01.08.20 18:00:35	12,10	2,99	51,91	7,51	30,58
337	01.08.20 18:00:36	12,06	2,99	49,63	7,51	32,86
338	01.08.20 18:00:37	12,00	2,96	47,96	7,87	34,17
339	01.08.20 18:00:38	11,84	2,94	47,88	9,18	32,94
340	01.08.20 18:00:39	11,65	3,02	51,60	9,19	29,21
341	01.08.20 18:00:40	11,49	3,05	56,74	5,56	27,70
342	01.08.20 18:00:41	11,46	3,02	60,77	1,49	27,74
343	01.08.20 18:00:42	11,43	2,97	57,05	3,36	29,59
344	01.08.20 18:00:43	11,43	2,92	48,35	6,02	35,63
345	01.08.20 18:00:44	11,37	2,89	43,69	6,69	39,62
346	01.08.20 18:00:45	11,33	2,87	41,68	5,35	42,97
347	01.08.20 18:00:46	11,33	2,82	39,87	1,77	48,35
348	01.08.20 18:00:47	11,30	2,79	45,28	-2,53	42,19
349	01.08.20 18:00:48	11,30	2,75	56,72	-1,00	32,27
350	01.08.20 18:00:49	11,24	2,79	64,91	0,85	24,23
351	01.08.20 18:00:50	11,24	2,90	64,29	4,13	21,58
352	01.08.20 18:00:51	11,14	2,87	58,27	5,55	26,18
353	01.08.20 18:00:52	10,98	2,85	54,24	5,06	30,70
354	01.08.20 18:00:53	10,88	2,87	52,85	5,05	32,10
355	01.08.20 18:00:54	10,82	2,86	55,80	4,01	30,19
356	01.08.20 18:00:55	10,79	2,83	61,73	1,58	26,69
357	01.08.20 18:00:56	10,63	2,91	65,38	-1,18	23,44
358	01.08.20 18:00:57	10,56	2,95	65,69	-2,79	21,53
359	01.08.20 18:00:58	10,53	2,95	62,45	-3,72	23,83
360	01.08.20 18:00:59	10,53	2,95	57,62	-4,54	27,84
361	01.08.20 18:01:00	10,50	2,92	55,73	-4,28	29,99
362	01.08.20 18:01:01	10,53	2,90	52,18	-4,48	33,35
363	01.08.20 18:01:02	10,53	2,88	48,26	-4,07	37,67
364	01.08.20 18:01:03	10,56	2,88	47,65	-5,89	36,45
365	01.08.20 18:01:04	10,59	2,86	51,24	-6,97	31,79
366	01.08.20 18:01:05	10,59	2,88	52,19	-8,49	29,32
367	01.08.20 18:01:06	10,63	2,86	51,81	-8,99	29,19
368	01.08.20 18:01:07	10,63	2,86	50,51	-8,07	31,42
369	01.08.20 18:01:08	10,66	2,84	49,92	-5,65	34,43
370	01.08.20 18:01:09	10,69	2,85	45,99	-4,66	39,35
371	01.08.20 18:01:10	10,72	2,83	41,03	-6,22	42,75
372	01.08.20 18:01:11	10,72	2,87	43,69	-7,01	39,31
373	01.08.20 18:01:12	10,72	2,87	47,83	-8,01	34,17
374	01.08.20 18:01:13	10,69	2,92	48,36	-7,34	34,31
375	01.08.20 18:01:14	10,56	2,95	46,72	-5,24	38,04
376	01.08.20 18:01:15	10,47	2,96	46,68	-5,42	37,90
377	01.08.20 18:01:16	10,40	3,00	47,03	-5,54	37,42
378	01.08.20 18:01:17	10,37	3,02	45,64	-6,13	38,23
379	01.08.20 18:01:18	10,27	3,04	46,58	-6,75	36,67
380	01.08.20 18:01:19	10,17	3,03	45,91	-4,79	39,30
381	01.08.20 18:01:20	10,11	3,07	44,58	-3,88	41,54
382	01.08.20 18:01:21	10,08	3,04	44,55	-4,75	40,70
383	01.08.20 18:01:22	10,11	3,04	45,54	-5,52	38,93
384	01.08.20 18:01:23	10,11	3,07	47,71	-5,91	36,38
385	01.08.20 18:01:24	10,14	3,07	47,60	-7,33	35,07
386	01.08.20 18:01:25	10,14	3,09	47,38	-5,50	37,13
387	01.08.20 18:01:26	10,17	3,10	45,60	-4,40	40,00
388	01.08.20 18:01:27	10,21	3,13	45,86	-5,20	38,94
389	01.08.20 18:01:28	10,08	3,16	44,76	-4,67	40,58
390	01.08.20 18:01:29	9,95	3,22	40,89	-6,35	42,76
391	01.08.20 18:01:30	9,81	3,25	43,26	-6,01	40,73
392	01.08.20 18:01:31	9,75	3,26	44,34	-5,78	39,88
393	01.08.20 18:01:32	9,75	3,26	45,54	-7,33	37,13
394	01.08.20 18:01:33	9,75	3,31	46,95	-7,58	35,47
395	01.08.20 18:01:34	9,75	3,34	46,91	-6,96	36,14
396	01.08.20 18:01:35	9,75	3,34	44,90	-6,65	38,46
397	01.08.20 18:01:36	9,78	3,34	41,85	-5,62	42,53
398	01.08.20 18:01:37	9,78	3,36	41,66	-6,13	42,20
399	01.08.20 18:01:38	9,78	3,39	43,86	-7,10	39,04
400	01.08.20 18:01:39	9,75	3,48	45,22	-7,70	37,08
401	01.08.20 18:01:40	9,72	3,47	47,38	-7,68	34,94
402	01.08.20 18:01:41	9,68	3,49	47,74	-8,30	33,95
403	01.08.20 18:01:42	9,62	3,53	47,53	-7,18	35,29
404	01.08.20 18:01:43	9,45	3,56	46,33	-7,45	36,22
405	01.08.20 18:01:44	9,29	3,59	47,13	-6,58	36,30
406	01.08.20 18:01:45	9,22	3,61	47,43	-7,19	35,37
407	01.08.20 18:01:46	9,16	3,62	48,09	-7,60	34,31
408	01.08.20 18:01:47	9,06	3,66	47,21	-5,66	37,13
409	01.08.20 18:01:48	8,99	3,68	44,05	-6,68	39,26
410	01.08.20 18:01:49	8,96	3,72	47,08	-7,08	35,84
411	01.08.20 18:01:50	8,86	3,78	49,54	-7,97	32,49
412	01.08.20 18:01:51	8,76	3,82	50,06	-7,54	32,40
413	01.08.20 18:01:52	8,69	3,83	48,44	-5,87	35,68
414	01.08.20 18:01:53	8,63	3,85	46,46	-5,51	38,03
415	01.08.20 18:01:54	8,56	3,84	45,38	-5,58	39,04
416	01.08.20 18:01:55	8,56	3,87	43,23	-6,55	40,22
417	01.08.20 18:01:56	8,56	3,94	43,81	-6,81	39,38
418	01.08.20 18:01:57	8,46	3,95	46,33	-8,68	34,99
419	01.08.20 18:01:58	8,29	4,00	48,67	-9,28	32,05
420	01.08.20 18:01:59	8,16	4,06	48,64	-8,40	32,95
421	01.08.20 18:02:00	8,09	4,08	47,17	-7,22	35,61
422	01.08.20 18:02:01	8,06	4,07	43,10	-8,06	38,84
423	01.08.20 18:02:02	8,02	4,11	43,92	-7,45	38,63
424	01.08.20 18:02:03	7,99	4,13	42,02	-8,37	39,61
425	01.08.20 18:02:04	7,92	4,17	43,28	-8,60	38,12
426	01.08.20 18:02:05	7,89	4,19	45,52	-9,01	35,47
427	01.08.20 18:02:06	7,89	4,22	46,35	-9,16	34,48
428	01.08.20 18:02:07	7,85	4,21	46,38	-8,33	35,28
429	01.08.20 18:02:08	7,89	4,24	44,46	-8,56	36,98
430	01.08.20 18:02:09	7,89	4,26	45,38	-8,75	35,87
431	01.08.20 18:02:10	7,92	4,27	44,97	-8,48	36,56
432	01.08.20 18:02:11	7,92	4,31	43,67	-8,45	37,87
433	01.08.20 18:02:12	7,92	4,36	40,80	-9,68	39,51
434	01.08.20 18:02:13	7,92	4,36	41,80	-9,05	39,15
435	01.08.20 18:02:14	7,89	4,40	40,83	-9,64	39,53
436	01.08.20 18:02:15	7,89	4,40	42,43	-8,52	39,05
437	01.08.20 18:02:16	7,82	4,49	42,38	-9,06	38,56
438	01.08.20 18:02:17	7,68	4,50	43,81	-8,61	37,58
439	01.08.20 18:02:18	7,55	4,56	44,38	-8,35	37,26
440	01.08.20 18:02:19	7,48	4,55	41,20	-8,22	40,58
441	01.08.20 18:02:20	7,41	4,59	40,25	-9,49	40,26
442	01.08.20 18:02:21	7,34	4,65	42,04	-8,98	38,98
443	01.08.20 18:02:22	7,28	4,69	43,63	-8,71	37,66
444	01.08.20 18:02:23	7,24	4,71	45,28	-7,91	36,81
445	01.08.20 18:02:24	7,21	4,75	46,96	-7,87	35,17
446	01.08.20 18:02:25	7,21	4,75	46,95	-7,25	35,80
447	01.08.20 18:02:26	7,21	4,80	44,45	-7,30	38,25
448	01.08.20 18:02:27	7,17	4,82	40,54	-9,44	40,02
449	01.08.20 18:02:28	7,14	4,84	40,86	-9,38	39,76
450	01.08.20 18:02:29	7,14	4,86	44,49	-9,13	36,38
451	01.08.20 18:02:30	7,14	4,91	47,81	-9,03	33,16
452	01.08.20 18:02:31	7,10	4,95	48,29	-7,92	33,79
453	01.08.20 18:02:32	7,07	4,97	45,74	-7,66	36,61
454	01.08.20 18:02:33	7,04	4,99	45,10	-7,27	37,63
455	01.08.20 18:02:34	7,00	5,01	42,74	-8,02	39,23
456	01.08.20 18:02:35	6,97	5,03	37,97	-9,89	42,14
457	01.08.20 18:02:36	6,93	5,05	39,47	-10,22	40,31
458	01.08.20 18:02:37	6,86	5,09	41,62	-9,18	39,20
459	01.08.20 18:02:38	6,76	5,13	44,80	-9,02	36,18
460	01.08.20 18:02:39	6,69	5,17	45,61	-7,99	36,40
461	01.08.20 18:02:40	6,69	5,21	44,85	-8,43	36,72
462	01.08.20 18:02:41	6,66	5,26	44,28	-8,05	37,67
463	01.08.20 18:02:42	6,59	5,25	40,28	-8,92	40,80
464	01.08.20 18:02:43	6,52	5,27	33,67	-13,77	42,56
465	01.08.20 18:02:44	6,48	5,31	31,97	-15,60	42,43
466	01.08.20 18:02:45	6,45	5,33	36,24	-14,36	39,40
467	01.08.20 18:02:46	6,41	5,40	38,38	-13,86	37,77
468	01.08.20 18:02:47	6,41	5,42	41,17	-11,80	37,04
469	01.08.20 18:02:48	6,41	5,42	39,02	-13,23	37,75
470	01.08.20 18:02:49	6,41	5,47	37,95	-14,98	37,08
471	01.08.20 18:02:50	6,45	5,47	37,03	-15,46	37,51
472	01.08.20 18:02:51	6,45	5,47	34,80	-16,57	38,64
473	01.08.20 18:02:52	6,48	5,50	31,89	-18,16	39,95
474	01.08.20 18:02:53	6,48	5,52	28,80	-19,73	41,47
475	01.08.20 18:02:54	6,48	5,54	29,37	-19,67	40,96
476	01.08.20 18:02:55	6,48	5,57	33,31	-17,46	39,23
477	01.08.20 18:02:56	6,48	5,66	35,83	-17,30	36,86
478	01.08.20 18:02:57	6,41	5,72	38,07	-14,99	36,93
479	01.08.20 18:02:58	6,31	5,76	35,31	-16,79	37,90
480	01.08.20 18:02:59	6,20	5,77	33,76	-16,97	39,27
481	01.08.20 18:03:00	6,17	5,79	29,39	-18,03	42,58
482	01.08.20 18:03:01	6,17	5,81	25,56	-19,24	45,20
483	01.08.20 18:03:02	6,17	5,81	28,31	-18,28	43,41
484	01.08.20 18:03:03	6,17	5,84	31,38	-17,83	40,80
485	01.08.20 18:03:04	6,17	5,88	35,66	-15,61	38,73
486	01.08.20 18:03:05	6,17	5,93	37,68	-14,40	37,92
487	01.08.20 18:03:06	6,17	5,93	40,97	-12,33	36,70
488	01.08.20 18:03:07	6,17	6,00	39,91	-11,88	38,21
489	01.08.20 18:03:08	6,10	6,02	34,82	-13,40	41,78
490	01.08.20 18:03:09	6,10	6,04	30,02	-14,52	45,47
491	01.08.20 18:03:10	6,10	6,04	30,11	-14,73	45,15
492	01.08.20 18:03:11	6,10	6,04	31,41	-14,85	43,74
493	01.08.20 18:03:12	6,10	6,09	33,99	-13,85	42,16
494	01.08.20 18:03:13	6,10	6,11	38,79	-12,55	38,66
495	01.08.20 18:03:14	6,13	6,16	43,19	-8,60	38,21
496	01.08.20 18:03:15	6,13	6,18	40,35	-9,51	40,14
497	01.08.20 18:03:16	6,13	6,21	37,11	-9,44	43,45
498	01.08.20 18:03:17	6,13	6,23	35,55	-9,85	44,60
499	01.08.20 18:03:18	6,06	6,27	32,47	-10,51	47,02
500	01.08.20 18:03:19	5,96	6,30	35,63	-9,94	44,43
501	01.08.20 18:03:20	5,92	6,35	41,82	-9,57	38,61
502	01.08.20 18:03:21	5,89	6,37	43,67	-9,12	37,21
503	01.08.20 18:03:22	5,92	6,39	46,25	-5,78	37,97
504	01.08.20 18:03:23	5,92	6,39	39,95	-7,77	42,28
505	01.08.20 18:03:24	5,96	6,42	37,66	-8,36	43,97
506	01.08.20 18:03:25	5,96	6,47	37,32	-7,23	45,45
507	01.08.20 18:03:26	5,96	6,47	37,40	-6,61	45,99
508	01.08.20 18:03:27	5,96	6,49	42,11	-5,96	41,93
509	01.08.20 18:03:28	5,96	6,54	47,00	-7,70	35,30
510	01.08.20 18:03:29	5,96	6,56	51,44	-6,57	32,00
511	01.08.20 18:03:30	5,96	6,58	51,05	-4,09	34,86
512	01.08.20 18:03:31	5,96	6,61	40,17	-4,55	45,28
513	01.08.20 18:03:32	5,99	6,61	36,13	-3,33	50,53
514	01.08.20 18:03:33	5,99	6,63	38,76	-2,13	49,12
515	01.08.20 18:03:34	5,99	6,66	44,91	-4,02	41,08
516	01.08.20 18:03:35	5,99	6,70	49,83	-6,83	33,34
517	01.08.20 18:03:36	5,99	6,75	54,99	-2,78	32,23
518	01.08.20 18:03:37	5,99	6,80	50,11	-2,46	37,43
519	01.08.20 18:03:38	5,99	6,82	51,11	-3,23	35,66
520	01.08.20 18:03:39	5,96	6,82	50,71	-0,46	38,82
521	01.08.20 18:03:40	5,96	6,86	44,83	-0,67	44,49
522	01.08.20 18:03:41	5,96	6,89	48,77	0,65	40,58
523	01.08.20 18:03:42	5,96	6,93	59,05	-0,41	30,53
524	01.08.20 18:03:43	5,96	6,98	72,70	-0,12	17,18
525	01.08.20 18:03:44	5,92	7,02	87,24	0,23	-2,53
526	01.08.20 18:03:45	5,89	6,97	80,65	7,56	1,79
527	01.08.20 18:03:46	5,82	6,97	42,49	1,35	46,16
528	01.08.20 18:03:47	5,71	7,07	42,45	4,50	43,05
529	01.08.20 18:03:48	5,64	7,13	41,07	-1,68	47,25
530	01.08.20 18:03:49	5,61	7,15	46,96	-1,74	41,30
531	01.08.20 18:03:50	5,57	7,17	54,26	-0,79	34,94
532	01.08.20 18:03:51	5,54	7,22	60,23	0,17	29,59
533	01.08.20 18:03:52	5,54	7,24	61,71	1,80	26,49
534	01.08.20 18:03:53	5,54	7,29	52,08	0,29	37,63
535	01.08.20 18:03:54	5,50	7,30	41,24	-5,28	43,48
536	01.08.20 18:03:55	5,50	7,35	37,68	-7,90	44,41
537	01.08.20 18:03:56	5,50	7,35	38,07	-6,84	45,09
538	01.08.20 18:03:57	5,50	7,40	34,11	-8,07	47,82
539	01.08.20 18:03:58	5,50	7,40	32,44	-9,49	48,07
540	01.08.20 18:03:59	5,47	7,44	35,30	-9,46	45,24
541	01.08.20 18:04:00	5,47	7,46	38,79	-10,90	40,31
542	01.08.20 18:04:01	5,47	7,49	38,16	-11,66	40,18
543	01.08.20 18:04:02	5,50	7,49	37,37	-11,03	41,61
544	01.08.20 18:04:03	5,47	7,53	31,21	-11,75	47,05
545	01.08.20 18:04:04	5,47	7,53	28,74	-13,22	48,04
546	01.08.20 18:04:05	5,43	7,58	30,91	-13,65	45,43
547	01.08.20 18:04:06	5,43	7,60	33,83	-11,74	44,43
548	01.08.20 18:04:07	5,39	7,62	38,89	-11,12	39,98
549	01.08.20 18:04:08	5,39	7,64	40,03	-10,55	39,42
550	01.08.20 18:04:09	5,39	7,69	40,91	-8,98	40,12
551	01.08.20 18:04:10	5,36	7,71	36,81	-9,56	43,63
552	01.08.20 18:04:11	5,32	7,73	33,98	-9,80	46,22
553	01.08.20 18:04:12	5,29	7,75	33,15	-9,36	47,50
554	01.08.20 18:04:13	5,25	7,77	36,89	-7,55	45,56
555	01.08.20 18:04:14	5,15	7,78	44,19	-3,46	42,35
556	01.08.20 18:04:15	5,04	7,82	47,82	0,14	42,04
557	01.08.20 18:04:16	5,00	7,86	37,21	-3,43	49,36
558	01.08.20 18:04:17	4,97	7,88	24,74	0,68	64,58
559	01.08.20 18:04:18	4,90	7,87	25,89	0,87	63,24
560	01.08.20 18:04:19	4,86	7,89	31,25	1,89	56,86
561	01.08.20 18:04:20	4,82	7,89	15,87	5,13	69,00
562	01.08.20 18:04:21	4,79	7,91	4,41	-1,12	84,47
563	01.08.20 18:04:22	4,72	7,94	-3,65	-2,01	84,34
564	01.08.20 18:04:23	4,64	7,94	-1,38	-4,05	84,57
565	01.08.20 18:04:24	4,57	7,91	-9,66	2,06	78,28
566	01.08.20 18:04:25	4,54	7,90	-7,91	11,27	70,83
567	01.08.20 18:04:26	4,46	7,94	41,05	5,54	43,41
568	01.08.20 18:04:27	4,43	7,89	-2,05	4,59	83,36
569	01.08.20 18:04:28	4,39	7,89	-2,20	5,75	82,04
570	01.08.20 18:04:29	4,35	7,88	-4,03	4,01	81,96
571	01.08.20 18:04:30	4,32	7,88	0,65	8,04	81,31
572	01.08.20 18:04:31	4,32	7,90	1,64	5,77	82,58
573	01.08.20 18:04:32	4,28	7,90	-2,87	3,00	84,12
574	01.08.20 18:04:33	4,25	7,87	-6,41	3,09	80,50
575	01.08.20 18:04:34	4,21	7,89	-1,82	-1,62	86,56
576	01.08.20 18:04:35	4,17	7,89	4,86	10,40	74,75
577	01.08.20 18:04:36	4,14	7,88	1,68	5,09	83,22
578	01.08.20 18:04:37	4,14	7,88	1,71	7,35	80,94
579	01.08.20 18:04:38	4,10	7,88	-3,14	-1,12	85,74
580	01.08.20 18:04:39	4,10	7,90	-15,38	2,12	72,50
581	01.08.20 18:04:40	4,06	7,88	1,39	-4,06	84,56
582	01.08.20 18:04:41	4,06	7,88	2,44	0,46	87,10
583	01.08.20 18:04:42	4,03	7,85	0,84	-1,89	87,27
584	01.08.20 18:04:43	4,03	7,85	0,91	-5,65	83,44
585	01.08.20 18:04:44	3,99	7,85	-0,82	7,42	81,76
586	01.08.20 18:04:45	3,95	7,84	17,21	-6,74	66,05
587	01.08.20 18:04:46	3,95	7,84	2,91	5,10	81,99
588	01.08.20 18:04:47	3,92	7,81	1,14	-0,52	88,34
589	01.08.20 18:04:48	3,92	7,84	-2,52	0,25	87,23
590	01.08.20 18:04:49	3,88	7,79	-2,69	2,87	84,44
591	01.08.20 18:04:50	3,84	7,83	-1,07	5,74	83,19
592	01.08.20 18:04:51	3,81	7,80	-7,24	0,31	82,45
593	01.08.20 18:04:52	3,77	7,80	3,61	2,38	84,01
594	01.08.20 18:04:53	3,77	7,82	17,38	3,18	69,44
595	01.08.20 18:04:54	3,73	7,82	-0,25	-4,93	84,82
596	01.08.20 18:04:55	3,73	7,77	-3,92	-26,46	59,62
597	01.08.20 18:04:56	3,70	7,79	1,28	-5,10	83,63
598	01.08.20 18:04:57	3,70	7,79	17,04	4,60	68,37
599	01.08.20 18:04:58	3,70	7,81	12,78	-6,96	70,26
600	01.08.20 18:04:59	3,66	7,79	20,76	19,02	50,21
601	01.08.20 18:05:00	3,66	7,76	25,77	17,09	47,14
602	01.08.20 18:05:01	3,66	7,76	-6,93	-4,84	78,23
603	01.08.20 18:05:02	3,59	7,83	6,25	12,58	71,17
604	01.08.20 18:05:03	3,55	7,80	9,05	13,02	67,93
605	01.08.20 18:05:04	3,55	7,80	3,80	13,29	72,91
606	01.08.20 18:05:05	3,51	7,80	51,93	1,78	36,29
607	01.08.20 18:05:06	3,51	7,77	22,15	-4,21	63,64
608	01.08.20 18:05:07	3,48	7,79	10,98	-1,44	77,58
609	01.08.20 18:05:08	3,44	7,81	3,39	5,31	81,30
610	01.08.20 18:05:09	3,44	7,81	16,31	-16,73	56,96
611	01.08.20 18:05:10	3,40	7,78	18,07	-0,33	71,60
612	01.08.20 18:05:11	3,40	7,76	-3,11	5,03	81,87
613	01.08.20 18:05:12	3,36	7,78	17,10	6,24	66,66
614	01.08.20 18:05:13	3,36	7,78	4,35	-11,71	73,94
615	01.08.20 18:05:14	3,33	7,75	24,46	-3,06	62,48
616	01.08.20 18:05:15	3,33	7,75	10,43	-12,19	67,38
617	01.08.20 18:05:16	3,29	7,75	6,38	-3,16	80,46
618	01.08.20 18:05:17	3,29	7,73	4,66	-1,86	83,49
619	01.08.20 18:05:18	3,25	7,74	5,01	-1,03	83,96
620	01.08.20 18:05:19	3,25	7,72	4,37	-3,73	81,90
621	01.08.20 18:05:20	3,25	7,77	2,93	-0,66	86,41
622	01.08.20 18:05:21	3,22	7,74	-1,24	-4,86	83,90
623	01.08.20 18:05:22	3,22	7,74	10,64	15,56	63,80
624	01.08.20 18:05:23	3,22	7,74	6,24	-3,36	80,40
625	01.08.20 18:05:24	3,18	7,71	13,13	-7,97	68,91
626	01.08.20 18:05:25	3,18	7,74	1,42	-5,30	83,29
627	01.08.20 18:05:26	3,14	7,73	-3,01	-24,94	62,05
628	01.08.20 18:05:27	3,10	7,71	3,94	4,72	81,34
629	01.08.20 18:05:28	3,10	7,73	18,39	8,91	62,71
630	01.08.20 18:05:29	3,07	7,68	15,55	-2,23	72,22
631	01.08.20 18:05:30	3,07	7,70	16,12	12,55	61,33
632	01.08.20 18:05:31	3,03	7,70	-7,05	-3,08	79,87
633	01.08.20 18:05:32	2,99	7,72	9,91	7,56	72,53
634	01.08.20 18:05:33	2,99	7,67	31,21	3,18	55,61
635	01.08.20 18:05:34	2,95	7,69	23,23	5,87	60,90
636	01.08.20 18:05:35	2,92	7,66	24,61	-8,20	57,19
637	01.08.20 18:05:36	2,92	7,69	22,80	-7,60	59,60
638	01.08.20 18:05:37	2,84	7,68	9,10	15,56	65,34
639	01.08.20 18:05:38	2,84	7,70	4,66	2,68	82,66
640	01.08.20 18:05:39	2,80	7,65	-7,06	-0,98	81,96
641	01.08.20 18:05:40	2,77	7,65	1,85	1,11	87,03
642	01.08.20 18:05:41	2,77	7,69	19,97	-16,90	53,14
643	01.08.20 18:05:42	2,73	7,71	30,02	-5,20	54,77
644	01.08.20 18:05:43	2,69	7,69	4,88	-14,54	70,59
645	01.08.20 18:05:44	2,69	7,69	11,90	-10,70	67,39
646	01.08.20 18:05:45	2,65	7,70	28,00	-1,04	60,96
647	01.08.20 18:05:46	2,62	7,68	4,91	-13,29	71,81
648	01.08.20 18:05:47	2,62	7,68	9,23	-7,84	72,93
649	01.08.20 18:05:48	2,62	7,68	14,00	0,68	75,32
650	01.08.20 18:05:49	2,58	7,67	9,89	-0,73	79,37
651	01.08.20 18:05:50	2,54	7,65	13,80	17,24	58,97
652	01.08.20 18:05:51	2,54	7,67	-3,64	-4,22	82,14
653	01.08.20 18:05:52	2,50	7,69	31,03	-5,89	53,07
654	01.08.20 18:05:53	2,50	7,66	17,78	12,02	60,20
655	01.08.20 18:05:54	2,47	7,71	15,93	-3,39	70,69
656	01.08.20 18:05:55	2,47	7,71	13,89	10,58	65,53
657	01.08.20 18:05:56	2,43	7,70	-3,40	-16,59	70,02
658	01.08.20 18:05:57	2,39	7,68	22,18	2,34	65,48
659	01.08.20 18:05:58	2,39	7,65	-6,48	-4,07	79,45
660	01.08.20 18:05:59	2,35	7,70	6,78	-8,70	74,52
661	01.08.20 18:06:00	2,35	7,67	24,39	0,26	65,35
662	01.08.20 18:06:01	2,31	7,69	-1,26	-1,36	87,38
663	01.08.20 18:06:02	2,28	7,69	7,04	11,53	71,44
664	01.08.20 18:06:03	2,28	7,69	18,35	-0,41	71,24
665	01.08.20 18:06:04	2,24	7,68	22,21	2,14	65,64
666	01.08.20 18:06:05	2,24	7,68	13,55	2,13	74,32
667	01.08.20 18:06:06	2,24	7,66	14,52	0,91	74,58
668	01.08.20 18:06:07	2,20	7,68	13,99	1,80	74,21
669	01.08.20 18:06:08	2,20	7,66	7,86	-14,87	67,27
670	01.08.20 18:06:09	2,16	7,67	32,20	-3,92	53,88
671	01.08.20 18:06:10	2,16	7,72	-0,77	-0,82	88,41
672	01.08.20 18:06:11	2,12	7,67	2,69	-3,66	83,65
673	01.08.20 18:06:12	2,09	7,67	4,98	5,89	79,13
674	01.08.20 18:06:13	2,09	7,69	1,13	-1,76	87,11
675	01.08.20 18:06:14	2,05	7,71	8,77	5,99	75,24
676	01.08.20 18:06:15	2,05	7,69	11,39	1,17	77,44
677	01.08.20 18:06:16	2,05	7,64	-14,07	7,23	68,69
678	01.08.20 18:06:17	2,01	7,68	-7,00	8,70	74,29
679	01.08.20 18:06:18	2,01	7,66	7,86	12,08	70,06
680	01.08.20 18:06:19	2,01	7,75	12,73	-2,36	74,90
681	01.08.20 18:06:20	2,01	7,66	6,27	10,60	73,13
682	01.08.20 18:06:21	1,97	7,68	-8,27	-1,92	79,81
683	01.08.20 18:06:22	1,97	7,63	10,43	-13,61	65,95
684	01.08.20 18:06:23	1,97	7,65	1,67	2,25	86,07
685	01.08.20 18:06:24	1,93	7,65	15,80	-1,72	72,48
686	01.08.20 18:06:25	1,93	7,60	-9,22	-9,87	70,92
687	01.08.20 18:06:26	1,93	7,63	-1,92	-6,05	82,04
688	01.08.20 18:06:27	1,89	7,67	6,30	-9,14	74,56
689	01.08.20 18:06:28	1,89	7,67	29,34	1,04	59,61
690	01.08.20 18:06:29	1,86	7,67	2,21	-5,84	81,95
691	01.08.20 18:06:30	1,86	7,64	27,87	-20,75	41,38
692	01.08.20 18:06:31	1,86	7,64	18,59	-2,47	68,94
693	01.08.20 18:06:32	1,82	7,66	10,19	-14,41	65,39
694	01.08.20 18:06:33	1,82	7,66	14,64	-0,91	74,45
695	01.08.20 18:06:34	1,78	7,68	34,43	0,63	54,94
696	01.08.20 18:06:35	1,78	7,63	10,28	-24,62	55,10
697	01.08.20 18:06:36	1,78	7,66	12,83	-4,45	72,72
698	01.08.20 18:06:37	1,74	7,65	16,73	-1,52	71,75
699	01.08.20 18:06:38	1,74	8,26	18,57	-0,60	70,83
700	01.08.20 18:06:39	1,70	7,67	6,08	13,15	70,77
701	01.08.20 18:06:40	1,70	7,65	31,65	13,58	44,77
702	01.08.20 18:06:41	1,66	7,64	29,86	12,96	47,19
703	01.08.20 18:06:42	1,66	7,67	12,10	3,33	74,57
704	01.08.20 18:06:43	1,62	7,66	13,99	-1,66	74,36
705	01.08.20 18:06:44	1,62	7,69	6,21	-14,05	69,74
706	01.08.20 18:06:45	1,62	7,66	12,58	-4,91	72,51
707	01.08.20 18:06:46	1,59	7,66	-1,55	5,14	83,31
708	01.08.20 18:06:47	1,59	7,66	7,99	12,93	69,08
709	01.08.20 18:06:48	1,59	7,68	4,48	1,68	83,84
710	01.08.20 18:06:49	1,55	7,70	0,36	4,44	85,20
711	01.08.20 18:06:50	1,55	7,68	4,62	-4,14	81,24
712	01.08.20 18:06:51	1,55	7,68	-9,01	-4,58	76,41
713	01.08.20 18:06:52	1,55	7,68	-8,22	-6,10	75,68
714	01.08.20 18:06:53	1,51	7,67	2,20	-21,50	66,30
715	01.08.20 18:06:54	1,51	7,72	-16,44	-4,34	69,22
716	01.08.20 18:06:55	1,51	7,67	-1,30	3,32	85,39
717	01.08.20 18:06:56	1,47	7,72	1,35	7,93	80,71
718	01.08.20 18:06:57	1,47	7,69	-9,42	-14,63	65,95
719	01.08.20 18:06:58	1,47	7,67	1,27	1,28	87,45
720	01.08.20 18:06:59	1,47	7,69	-4,38	-3,70	81,92
721	01.08.20 18:07:00	1,43	7,69	10,60	-7,07	72,33
722	01.08.20 18:07:01	1,43	7,67	-5,92	3,38	80,71
723	01.08.20 18:07:02	1,43	7,69	3,25	2,37	84,38
724	01.08.20 18:07:03	1,39	7,71	-6,22	1,01	82,77
725	01.08.20 18:07:04	1,39	7,69	-5,75	-1,21	83,05
726	01.08.20 18:07:05	1,39	7,69	-1,87	2,57	85,56
727	01.08.20 18:07:06	1,39	7,69	-0,73	-0,33	88,94
728	01.08.20 18:07:07	1,35	7,68	1,63	12,62	75,75
729	01.08.20 18:07:08	1,35	7,66	-1,79	0,48	87,73
730	01.08.20 18:07:09	1,35	7,70	-2,00	-5,60	82,40
731	01.08.20 18:07:10	1,31	7,70	-2,25	3,28	84,47
732	01.08.20 18:07:11	1,31	7,70	-2,06	2,81	85,13
733	01.08.20 18:07:12	1,31	7,68	-5,02	-1,25	83,73
734	01.08.20 18:07:13	1,31	7,70	-2,63	2,07	85,29
735	01.08.20 18:07:14	1,31	7,68	-2,07	-4,27	83,66
736	01.08.20 18:07:15	1,31	7,70	-0,89	-0,27	88,83
737	01.08.20 18:07:16	1,28	7,67	-1,97	3,03	85,00
738	01.08.20 18:07:17	1,28	7,70	-5,28	-0,40	84,32
739	01.08.20 18:07:18	1,28	7,67	-2,13	-2,07	85,80
740	01.08.20 18:07:19	1,28	7,70	-3,53	0,61	85,86
741	01.08.20 18:07:20	1,28	7,67	-2,18	-1,62	86,20
742	01.08.20 18:07:21	1,28	7,70	-5,75	3,07	81,17
743	01.08.20 18:07:22	1,24	7,69	-3,57	1,86	84,57
744	01.08.20 18:07:23	1,24	7,69	-0,93	2,48	86,60
745	01.08.20 18:07:24	1,24	7,69	-0,66	-3,61	85,73
746	01.08.20 18:07:25	1,24	7,67	-8,75	-0,30	80,94
747	01.08.20 18:07:26	1,24	7,69	-5,07	-2,54	82,39
748	01.08.20 18:07:27	1,24	7,67	-4,38	-4,46	81,16
749	01.08.20 18:07:28	1,24	7,69	-0,76	4,99	84,25
750	01.08.20 18:07:29	1,24	7,69	-2,41	2,67	84,92
751	01.08.20 18:07:30	1,24	7,67	-3,45	5,42	81,12
752	01.08.20 18:07:31	1,24	7,67	-7,98	6,57	75,45
753	01.08.20 18:07:32	1,20	7,69	-3,59	-13,93	72,48
754	01.08.20 18:07:33	1,20	7,69	4,66	-0,85	84,49
755	01.08.20 18:07:34	1,20	7,69	-4,95	-0,91	84,14
756	01.08.20 18:07:35	1,20	7,69	-2,21	-0,34	87,45
757	01.08.20 18:07:36	1,20	7,69	-0,12	1,00	88,89
758	01.08.20 18:07:37	1,20	7,66	-2,82	4,46	82,73
759	01.08.20 18:07:38	1,20	7,69	-1,46	-1,85	86,69
760	01.08.20 18:07:39	1,20	7,69	-1,86	0,17	87,97
761	01.08.20 18:07:40	1,16	7,68	-4,56	0,99	84,45
762	01.08.20 18:07:41	1,16	7,68	-2,93	-4,17	82,90
763	01.08.20 18:07:42	1,16	7,68	-5,53	-3,43	81,04
764	01.08.20 18:07:43	1,16	7,68	-6,02	-1,66	82,32
765	01.08.20 18:07:44	1,16	7,68	-3,64	0,42	85,93
766	01.08.20 18:07:45	1,16	7,66	-1,06	2,17	86,77
767	01.08.20 18:07:46	1,16	7,66	-0,77	-1,85	87,39
768	01.08.20 18:07:47	1,16	7,68	-3,87	-0,08	86,04
769	01.08.20 18:07:48	1,16	7,68	-3,01	6,88	80,11
770	01.08.20 18:07:49	1,16	7,66	-2,41	2,01	85,58
771	01.08.20 18:07:50	1,16	7,66	-4,42	-5,39	80,19
772	01.08.20 18:07:51	1,16	7,68	-3,51	2,17	84,33
773	01.08.20 18:07:52	1,16	7,68	-4,20	2,61	83,19
774	01.08.20 18:07:53	1,16	7,66	-2,38	-0,14	87,48
775	01.08.20 18:07:54	1,16	7,66	-1,34	2,61	86,06
776	01.08.20 18:07:55	1,16	7,66	-3,24	2,98	83,78
777	01.08.20 18:07:56	1,16	7,68	4,49	-0,72	84,79
778	01.08.20 18:07:57	1,16	7,68	-0,73	-1,50	87,77
779	01.08.20 18:07:58	1,16	7,68	-4,89	-0,08	85,02
780	01.08.20 18:07:59	1,16	7,68	1,28	7,83	80,89
781	01.08.20 18:08:00	1,16	7,66	-0,70	4,70	84,61
782	01.08.20 18:08:01	1,16	7,68	-1,58	1,05	87,36
783	01.08.20 18:08:02	1,16	7,68	-2,05	5,20	82,76
784	01.08.20 18:08:03	1,16	7,66	-1,05	5,88	83,07
785	01.08.20 18:08:04	1,16	7,68	-4,52	0,87	84,61
786	01.08.20 18:08:05	1,16	7,68	-1,96	-0,57	87,47
787	01.08.20 18:08:06	1,16	7,68	-1,76	-0,90	87,34
788	01.08.20 18:08:07	1,16	7,68	-3,61	1,66	84,73
789	01.08.20 18:08:08	1,16	7,68	-1,94	6,53	81,53
790	01.08.20 18:08:09	1,16	7,68	-2,88	3,46	83,66
791	01.08.20 18:08:10	1,12	7,68	-1,38	-0,23	88,38
792	01.08.20 18:08:11	1,12	7,68	0,20	2,72	87,08
793	01.08.20 18:08:12	1,16	7,71	-3,28	4,20	82,52
794	01.08.20 18:08:13	1,16	7,68	-2,16	-0,59	87,25
795	01.08.20 18:08:14	1,16	7,68	-0,62	1,94	87,44
796	01.08.20 18:08:15	1,12	7,68	0,15	3,63	86,22
797	01.08.20 18:08:16	1,12	7,68	-3,23	-1,16	85,61
798	01.08.20 18:08:17	1,12	7,66	-0,17	1,84	87,99
799	01.08.20 18:08:18	1,12	7,68	-1,00	0,81	88,19
800	01.08.20 18:08:19	1,12	7,68	-7,07	0,20	82,72
801	01.08.20 18:08:20	1,12	7,70	-4,46	-4,29	81,25
802	01.08.20 18:08:21	1,12	7,68	-2,16	-0,56	87,28
803	01.08.20 18:08:22	1,12	7,68	-2,16	3,63	84,21
804	01.08.20 18:08:23	1,12	7,68	-0,51	-2,98	86,50
805	01.08.20 18:08:24	1,12	7,68	-0,86	5,39	83,75
806	01.08.20 18:08:25	1,12	7,68	0,51	3,95	85,53
807	01.08.20 18:08:26	1,12	7,68	-0,37	2,44	87,19
808	01.08.20 18:08:27	1,12	7,68	-2,88	4,62	82,49
809	01.08.20 18:08:28	1,12	7,68	-0,03	1,18	88,79
810	01.08.20 18:08:29	1,12	7,68	-1,61	-0,89	87,50
811	01.08.20 18:08:30	1,12	7,68	-1,87	9,58	78,55
812	01.08.20 18:08:31	1,12	7,68	-0,29	6,47	83,24
813	01.08.20 18:08:32	1,12	7,70	-2,31	3,64	84,05
814	01.08.20 18:08:33	1,12	7,68	-1,61	2,34	86,05
815	01.08.20 18:08:34	1,12	7,66	-4,05	-1,32	84,63
816	01.08.20 18:08:35	1,12	7,70	-3,82	0,28	85,90
817	01.08.20 18:08:36	1,12	7,68	0,64	2,04	87,32
818	01.08.20 18:08:37	1,12	7,68	0,37	0,06	89,57
819	01.08.20 18:08:38	1,12	7,68	-1,30	1,29	87,41
820	01.08.20 18:08:39	1,12	7,68	-4,78	-2,37	82,85
821	01.08.20 18:08:40	1,12	7,68	-2,11	-4,05	83,85
822	01.08.20 18:08:41	1,12	7,68	-0,46	2,01	87,53
823	01.08.20 18:08:42	1,12	7,68	0,00	-0,67	89,33
824	01.08.20 18:08:43	1,12	7,68	-2,22	2,42	85,36
825	01.08.20 18:08:44	1,12	7,68	-2,00	-0,26	87,74
826	01.08.20 18:08:45	1,12	7,68	-2,61	0,53	86,86
827	01.08.20 18:08:46	1,12	7,70	-4,20	4,68	81,12
828	01.08.20 18:08:47	1,12	7,70	-1,50	2,16	86,34
829	01.08.20 18:08:48	1,12	7,68	-1,21	-0,31	88,47
830	01.08.20 18:08:49	1,12	7,70	-4,57	2,64	82,78
831	01.08.20 18:08:50	1,12	7,68	-1,95	4,65	83,40
832	01.08.20 18:08:51	1,12	7,68	0,67	3,94	85,39
833	01.08.20 18:08:52	1,12	7,70	-0,09	4,62	85,29
834	01.08.20 18:08:53	1,12	7,70	-1,47	-3,23	85,31
835	01.08.20 18:08:54	1,12	7,68	-2,74	4,11	83,16
836	01.08.20 18:08:55	1,12	7,70	-1,15	-1,41	87,45
837	01.08.20 18:08:56	1,12	7,68	-3,41	0,65	85,94
838	01.08.20 18:08:57	1,12	7,68	-2,47	6,47	81,06
839	01.08.20 18:08:58	1,12	7,70	0,90	4,10	84,99
840	01.08.20 18:08:59	1,12	7,70	0,72	2,80	86,48
841	01.08.20 18:09:00	1,12	7,68	-3,37	3,35	83,28
842	01.08.20 18:09:01	1,12	7,68	-3,29	1,10	85,61
843	01.08.20 18:09:02	1,12	7,70	-0,98	0,20	88,82
844	01.08.20 18:09:03	1,12	7,68	-0,09	0,77	89,15
845	01.08.20 18:09:04	1,12	7,68	-1,92	-2,98	85,10
846	01.08.20 18:09:05	1,12	7,70	-4,25	-1,98	83,77
847	01.08.20 18:09:06	1,12	7,70	-1,95	1,76	86,30
848	01.08.20 18:09:07	1,12	7,68	-0,55	0,40	89,04
849	01.08.20 18:09:08	1,12	7,68	0,09	6,12	83,80
850	01.08.20 18:09:09	1,12	7,70	0,42	1,51	88,07
851	01.08.20 18:09:10	1,12	7,70	-1,33	3,23	85,44
852	01.08.20 18:09:11	1,12	7,70	-2,37	0,85	86,78
853	01.08.20 18:09:12	1,12	7,68	-2,77	-1,39	85,84
854	01.08.20 18:09:13	1,12	7,68	-1,57	-0,48	87,95
855	01.08.20 18:09:14	1,12	7,70	-1,96	0,68	87,36
856	01.08.20 18:09:15	1,12	7,70	-1,27	0,50	88,22
857	01.08.20 18:09:16	1,12	7,70	0,28	-0,64	89,08
858	01.08.20 18:09:17	1,12	7,70	-1,62	-0,90	87,49
859	01.08.20 18:09:18	1,12	7,70	-2,65	-1,98	85,37
860	01.08.20 18:09:19	1,12	7,70	-3,75	-0,62	85,63
861	01.08.20 18:09:20	1,12	7,70	-0,49	0,80	88,72
862	01.08.20 18:09:21	1,12	7,68	-0,98	-0,17	88,85
863	01.08.20 18:09:22	1,12	7,68	-3,02	-1,34	85,65
864	01.08.20 18:09:23	1,12	7,70	-3,14	3,43	83,43
865	01.08.20 18:09:24	1,12	7,68	0,61	3,58	85,81
866	01.08.20 18:09:25	1,12	7,68	0,06	0,75	89,19
867	01.08.20 18:09:26	1,12	7,70	-2,22	2,60	85,18
868	01.08.20 18:09:27	1,12	7,68	-1,05	-1,55	87,40
869	01.08.20 18:09:28	1,12	7,70	-1,49	1,53	86,98
870	01.08.20 18:09:29	1,12	7,68	-0,41	1,41	88,18
871	01.08.20 18:09:30	1,12	7,68	-2,94	-0,11	86,95
872	01.08.20 18:09:31	1,12	7,70	-1,46	0,28	88,27
873	01.08.20 18:09:32	1,12	7,70	-2,54	-0,47	86,99
874	01.08.20 18:09:33	1,12	7,70	-1,24	-0,29	88,47
875	01.08.20 18:09:34	1,12	7,70	-3,31	1,07	85,63
876	01.08.20 18:09:35	1,12	7,70	2,39	4,14	83,46
877	01.08.20 18:09:36	1,08	7,67	0,19	0,96	88,84
878	01.08.20 18:09:37	1,12	7,70	-1,95	3,09	84,96
879	01.08.20 18:09:38	1,08	7,67	0,82	2,79	86,38
880	01.08.20 18:09:39	1,08	7,70	-3,39	3,73	82,88
881	01.08.20 18:09:40	1,12	7,68	5,42	0,89	83,69
882	01.08.20 18:09:41	1,08	7,70	-2,07	0,65	87,28
883	01.08.20 18:09:42	1,08	7,67	1,74	-1,66	86,60
884	01.08.20 18:09:43	1,08	7,67	1,51	0,53	87,96
885	01.08.20 18:09:44	1,08	7,67	-6,42	-0,54	83,04
886	01.08.20 18:09:45	1,08	7,70	-3,56	-1,74	84,69
887	01.08.20 18:09:46	1,08	7,70	1,37	3,58	85,06
888	01.08.20 18:09:47	1,08	7,70	1,43	-5,33	83,24
889	01.08.20 18:09:48	1,08	7,70	-2,22	-2,05	85,72
890	01.08.20 18:09:49	1,08	7,70	1,96	0,64	87,40
891	01.08.20 18:09:50	1,08	7,70	0,23	2,70	87,07
892	01.08.20 18:09:51	1,08	7,70	0,61	2,08	87,31
893	01.08.20 18:09:52	1,08	7,70	1,37	2,55	86,08
894	01.08.20 18:09:53	1,08	7,70	-1,84	1,17	86,99
895	01.08.20 18:09:54	1,08	7,70	-6,54	-0,09	83,38
896	01.08.20 18:09:55	1,08	7,70	-0,18	1,80	88,02
897	01.08.20 18:09:56	1,08	7,70	0,92	1,27	87,82
898	01.08.20 18:09:57	1,08	7,67	-1,15	0,49	88,36
899	01.08.20 18:09:58	1,08	7,70	0,23	2,70	87,07
900	01.08.20 18:09:59	1,08	7,70	-3,07	-3,15	83,78
901	01.08.20 18:10:00	1,08	7,70	-0,84	-1,10	88,06
902	01.08.20 18:10:01	1,08	7,70	2,29	-1,62	86,09
903	01.08.20 18:10:02	1,08	7,67	-3,17	-6,87	79,96
904	01.08.20 18:10:03	1,08	7,70	-2,04	-1,43	86,54
905	01.08.20 18:10:04	1,08	7,70	-0,44	-2,22	87,34
906	01.08.20 18:10:05	1,08	7,67	-3,71	-0,67	85,62
907	01.08.20 18:10:06	1,08	7,70	-2,50	1,71	85,79
908	01.08.20 18:10:07	1,08	7,70	-2,71	0,00	87,29
909	01.08.20 18:10:08	1,08	7,70	2,76	-4,80	82,45
910	01.08.20 18:10:09	1,08	7,70	-1,87	0,09	88,04
911	01.08.20 18:10:10	1,08	7,70	-1,71	-1,58	86,70
912	01.08.20 18:10:11	1,08	7,70	-0,26	-2,26	87,49
913	01.08.20 18:10:12	1,08	7,70	-0,21	-0,03	89,77
914	01.08.20 18:10:13	1,08	7,70	-3,09	-4,51	82,40
915	01.08.20 18:10:14	1,08	7,70	0,51	-4,10	85,39
916	01.08.20 18:10:15	1,08	7,70	0,25	-2,97	86,77
917	01.08.20 18:10:16	1,08	7,67	-1,94	-4,13	83,93
918	01.08.20 18:10:17	1,08	7,70	-2,95	0,41	86,64
919	01.08.20 18:10:18	1,08	7,70	-1,53	-0,16	88,30
920	01.08.20 18:10:19	1,08	7,70	0,29	-5,98	83,73
921	01.08.20 18:10:20	1,08	7,70	0,54	-7,26	82,20
922	01.08.20 18:10:21	1,08	7,67	-2,35	-2,32	85,33
923	01.08.20 18:10:22	1,08	7,70	0,79	-8,07	81,14
924	01.08.20 18:10:23	1,08	7,70	-3,12	-0,98	85,89
925	01.08.20 18:10:24	1,08	7,67	-3,40	-6,02	80,58
926	01.08.20 18:10:25	1,08	7,70	-2,27	-5,95	81,78
927	01.08.20 18:10:26	1,08	7,70	-0,18	-6,73	83,09
928	01.08.20 18:10:27	1,08	7,70	0,09	-3,00	86,92
929	01.08.20 18:10:28	1,08	7,70	-1,90	-4,40	83,71
930	01.08.20 18:10:29	1,08	7,72	-4,76	-4,21	81,03
931	01.08.20 18:10:30	1,04	7,67	1,01	-6,50	82,49
932	01.08.20 18:10:31	1,08	7,70	-2,45	-0,05	87,50
933	01.08.20 18:10:32	1,04	7,67	-3,34	-1,72	84,95
934	01.08.20 18:10:33	1,04	7,69	1,85	-7,79	80,36
935	01.08.20 18:10:34	1,04	7,72	1,07	-5,73	83,20
936	01.08.20 18:10:35	1,04	7,67	-3,79	-4,42	81,79
937	01.08.20 18:10:36	1,04	7,69	-0,41	-2,48	87,11
938	01.08.20 18:10:37	1,04	7,69	-3,68	-5,68	80,64
939	01.08.20 18:10:38	1,04	7,69	-0,14	-0,08	89,78
940	01.08.20 18:10:39	1,04	7,69	-6,74	1,34	81,92
941	01.08.20 18:10:40	1,04	7,67	-1,33	-5,67	82,99
942	01.08.20 18:10:41	1,04	7,67	-8,10	-9,87	72,04
943	01.08.20 18:10:42	1,04	7,67	-2,08	-7,39	80,53
944	01.08.20 18:10:43	1,04	7,72	3,08	-9,79	77,13
945	01.08.20 18:10:44	1,04	7,69	-3,20	-2,64	84,15
946	01.08.20 18:10:45	1,04	7,69	-2,47	-2,83	84,70
947	01.08.20 18:10:46	1,04	7,69	3,46	-10,93	75,61
948	01.08.20 18:10:47	1,04	7,69	2,74	-0,81	86,45
949	01.08.20 18:10:48	1,04	7,69	-1,42	-6,58	82,00
950	01.08.20 18:10:49	1,04	7,69	-3,39	-4,55	82,06
951	01.08.20 18:10:50	1,04	7,69	-0,53	-6,77	82,70
952	01.08.20 18:10:51	1,04	7,69	3,77	-6,34	79,89
953	01.08.20 18:10:52	1,04	7,69	-3,17	-4,17	82,66
954	01.08.20 18:10:53	1,04	7,69	-7,49	-6,52	76,00
955	01.08.20 18:10:54	1,04	7,69	4,24	-9,29	76,48
956	01.08.20 18:10:55	1,04	7,69	2,22	-10,01	77,77
957	01.08.20 18:10:56	1,04	7,69	3,59	-5,36	81,05
958	01.08.20 18:10:57	1,04	7,69	-1,88	-5,40	82,72
959	01.08.20 18:10:58	1,04	7,72	0,89	-9,91	79,20
960	01.08.20 18:10:59	1,04	7,69	1,04	-5,35	83,61
961	01.08.20 18:11:00	1,04	7,67	0,48	-3,60	85,91
962	01.08.20 18:11:01	1,04	7,69	-2,89	-2,08	85,03
963	01.08.20 18:11:02	1,04	7,69	3,34	9,15	77,51
964	01.08.20 18:11:03	1,04	7,69	3,86	6,52	79,62
965	01.08.20 18:11:04	1,04	7,69	3,38	9,01	77,61
966	01.08.20 18:11:05	1,00	7,69	4,75	17,89	67,35
967	01.08.20 18:11:06	1,00	7,69	8,72	32,23	49,05
968	01.08.20 18:11:07	1,00	7,69	8,28	29,91	51,81
969	01.08.20 18:11:08	1,00	7,69	16,49	32,49	41,02
970	01.08.20 18:11:09	1,00	7,67	35,24	1,53	53,24
971	01.08.20 18:11:10	1,00	7,64	33,92	2,32	53,76
972	01.08.20 18:11:11	1,00	7,67	46,26	4,15	39,59
973	01.08.20 18:11:12	1,00	7,67	44,46	5,13	40,41
974	01.08.20 18:11:13	1,00	7,64	32,38	4,32	53,29
975	01.08.20 18:11:14	1,00	7,62	32,33	5,07	52,61
976	01.08.20 18:11:15	1,00	7,60	40,29	5,11	44,59
977	01.08.20 18:11:16	1,00	7,60	38,47	4,45	47,08
978	01.08.20 18:11:17	1,00	7,60	35,93	16,76	37,32
979	01.08.20 18:11:18	1,00	7,64	52,56	3,90	33,54
980	01.08.20 18:11:19	1,00	7,62	46,05	9,58	34,37
981	01.08.20 18:11:20	1,00	7,60	36,97	10,90	42,13
982	01.08.20 18:11:21	1,00	7,55	35,87	9,27	44,86
983	01.08.20 18:11:22	1,00	7,53	37,68	9,01	43,31
984	01.08.20 18:11:23	1,00	7,53	44,22	10,40	35,38
985	01.08.20 18:11:24	1,00	7,53	39,48	11,50	39,03
986	01.08.20 18:11:25	1,00	7,50	35,45	10,43	44,12
987	01.08.20 18:11:26	1,00	7,43	32,50	13,31	44,19
988	01.08.20 18:11:27	1,00	7,46	42,99	8,60	38,41
989	01.08.20 18:11:28	1,00	7,43	35,76	12,00	42,24
990	01.08.20 18:11:29	1,00	7,39	32,79	14,32	42,88
991	01.08.20 18:11:30	1,00	7,39	39,97	10,55	39,48
992	01.08.20 18:11:31	1,00	7,36	35,82	12,69	41,49
993	01.08.20 18:11:32	1,00	7,32	38,75	10,35	40,90
994	01.08.20 18:11:33	1,00	7,29	37,61	12,74	39,66
995	01.08.20 18:11:34	1,00	7,29	37,33	13,38	39,29
996	01.08.20 18:11:35	1,00	7,25	33,18	14,65	42,17
997	01.08.20 18:11:36	1,00	7,20	37,94	11,77	40,29
998	01.08.20 18:11:37	1,00	7,18	42,01	12,31	35,69
999	01.08.20 18:11:38	1,00	7,15	36,12	14,96	38,92
1000	01.08.20 18:11:39	1,00	7,11	36,72	14,01	39,26
1001	01.08.20 18:11:40	1,00	7,08	39,46	12,67	37,87
1002	01.08.20 18:11:41	0,96	7,06	35,04	14,08	40,89
1003	01.08.20 18:11:42	0,96	7,01	32,78	13,49	43,73
1004	01.08.20 18:11:43	0,96	6,96	33,88	14,43	41,69
1005	01.08.20 18:11:44	0,96	6,92	33,68	15,36	40,96
1006	01.08.20 18:11:45	0,96	6,89	34,14	14,83	41,03
1007	01.08.20 18:11:46	0,96	6,85	34,42	14,32	41,25
1008	01.08.20 18:11:47	0,96	6,82	35,85	15,36	38,79
1009	01.08.20 18:11:48	0,96	6,78	32,17	14,81	43,02
1010	01.08.20 18:11:49	0,96	6,73	32,32	14,13	43,55
1011	01.08.20 18:11:50	0,96	6,71	44,51	14,58	30,91
1012	01.08.20 18:11:51	0,96	6,73	50,40	17,66	21,94
1013	01.08.20 18:11:52	0,96	6,73	45,50	14,09	30,41
1014	01.08.20 18:11:53	0,96	6,68	36,25	13,96	39,80
1015	01.08.20 18:11:54	0,96	6,64	43,83	13,97	32,20
1016	01.08.20 18:11:55	0,96	6,64	50,86	16,61	22,52
1017	01.08.20 18:11:56	0,96	6,64	47,44	14,22	28,35
1018	01.08.20 18:11:57	0,96	6,57	40,21	14,38	35,41
1019	01.08.20 18:11:58	0,96	6,57	45,74	15,55	28,71
1020	01.08.20 18:11:59	0,96	6,54	49,19	15,91	24,89
1021	01.08.20 18:12:00	0,96	6,52	43,12	14,72	32,16
1022	01.08.20 18:12:01	0,96	6,45	41,86	14,40	33,74
1023	01.08.20 18:12:02	0,96	6,45	45,96	15,00	29,04
1024	01.08.20 18:12:03	0,96	6,40	44,05	14,32	31,63
1025	01.08.20 18:12:04	0,92	6,35	44,32	13,17	32,50
1026	01.08.20 18:12:05	0,92	6,35	51,84	12,88	25,28
1027	01.08.20 18:12:06	0,92	6,33	50,11	14,07	25,82
1028	01.08.20 18:12:07	0,92	6,28	40,93	14,38	34,69
1029	01.08.20 18:12:08	0,92	6,19	39,24	12,48	38,27
1030	01.08.20 18:12:09	0,92	6,17	43,95	12,23	33,82
1031	01.08.20 18:12:10	0,92	6,17	54,73	11,36	23,90
1032	01.08.20 18:12:11	0,92	6,14	54,81	9,15	26,04
1033	01.08.20 18:12:12	0,92	6,07	46,02	8,42	35,56
1034	01.08.20 18:12:13	0,92	6,00	53,55	6,05	30,40
1035	01.08.20 18:12:14	0,92	6,00	59,66	6,00	24,34
1036	01.08.20 18:12:15	0,92	5,96	49,84	5,43	34,73
1037	01.08.20 18:12:16	0,92	5,86	49,71	3,95	36,34
1038	01.08.20 18:12:17	0,92	5,84	62,25	4,62	23,13
1039	01.08.20 18:12:18	0,92	5,84	63,41	8,17	18,42
1040	01.08.20 18:12:19	0,92	5,79	62,64	3,46	23,89
1041	01.08.20 18:12:20	0,88	5,70	53,20	3,13	33,67
1042	01.08.20 18:12:21	0,88	5,65	59,42	1,16	29,41
1043	01.08.20 18:12:22	0,88	5,60	67,91	1,29	20,80
1044	01.08.20 18:12:23	0,88	5,58	72,64	3,02	14,34
1045	01.08.20 18:12:24	0,88	5,53	72,10	4,95	12,95
1046	01.08.20 18:12:25	0,88	5,49	67,55	0,89	21,56
1047	01.08.20 18:12:26	0,88	5,37	56,91	-1,83	31,26
1048	01.08.20 18:12:27	0,88	5,35	68,24	1,80	19,96
1049	01.08.20 18:12:28	0,88	5,32	68,93	7,56	13,50
1050	01.08.20 18:12:29	0,88	5,28	70,38	-0,35	19,27
1051	01.08.20 18:12:30	0,88	5,21	62,88	-1,60	25,52
1052	01.08.20 18:12:31	0,88	5,11	69,65	0,81	19,54
1053	01.08.20 18:12:32	0,88	5,11	69,91	6,35	13,74
1054	01.08.20 18:12:33	0,88	5,07	71,72	5,21	13,08
1055	01.08.20 18:12:34	0,88	5,00	72,17	0,09	17,75
1056	01.08.20 18:12:35	0,85	4,92	65,25	-2,23	22,52
1057	01.08.20 18:12:36	0,85	4,95	62,37	10,88	16,75
1058	01.08.20 18:12:37	0,85	5,02	59,19	18,03	12,77
1059	01.08.20 18:12:38	0,85	5,02	57,16	19,66	13,18
1060	01.08.20 18:12:39	0,85	5,04	57,62	18,42	13,96
1061	01.08.20 18:12:40	0,85	5,02	56,96	18,50	14,54
1062	01.08.20 18:12:41	0,85	5,04	55,03	19,22	15,75
1063	01.08.20 18:12:42	0,85	5,09	56,83	17,86	15,32
1064	01.08.20 18:12:43	0,85	5,13	71,57	-3,16	15,27
1065	01.08.20 18:12:44	0,85	5,11	64,12	-14,50	11,38
1066	01.08.20 18:12:45	0,85	5,16	59,90	-18,73	11,36
1067	01.08.20 18:12:46	0,81	5,13	64,09	-13,73	12,18
1068	01.08.20 18:12:47	0,81	5,13	75,78	-8,51	5,71
1069	01.08.20 18:12:48	0,81	5,20	70,67	-9,58	9,75
1070	01.08.20 18:12:49	0,81	5,20	69,45	-6,14	14,41
1071	01.08.20 18:12:50	0,81	5,17	72,92	-3,76	13,31
1072	01.08.20 18:12:51	0,81	5,20	78,80	-2,26	8,94
1073	01.08.20 18:12:52	0,81	5,22	76,90	-1,37	11,73
1074	01.08.20 18:12:53	0,81	5,22	75,53	-1,22	13,24
1075	01.08.20 18:12:54	0,81	5,22	77,41	-0,71	11,88
1076	01.08.20 18:12:55	0,81	5,24	76,87	0,51	12,61
1077	01.08.20 18:12:56	0,81	5,22	73,22	1,93	14,85
1078	01.08.20 18:12:57	0,81	5,20	74,66	-0,21	15,13
1079	01.08.20 18:12:58	0,81	5,17	65,90	-7,93	16,17
1080	01.08.20 18:12:59	0,77	5,15	59,32	-11,58	19,11
1081	01.08.20 18:13:00	0,77	5,05	53,83	-11,18	24,99
1082	01.08.20 18:13:01	0,77	4,98	49,26	-11,18	29,56
1083	01.08.20 18:13:02	0,77	4,94	58,95	-11,12	19,93
1084	01.08.20 18:13:03	0,77	4,89	60,23	-11,74	18,03
1085	01.08.20 18:13:04	0,77	4,87	58,00	-13,64	18,36
1086	01.08.20 18:13:05	0,77	4,80	50,27	-14,15	25,58
1087	01.08.20 18:13:06	0,77	4,68	44,88	-14,71	30,41
1088	01.08.20 18:13:07	0,77	4,56	41,01	-16,96	32,03
1089	01.08.20 18:13:08	0,77	4,49	45,28	-16,37	28,35
1090	01.08.20 18:13:09	0,77	4,40	41,15	-18,50	30,36
1091	01.08.20 18:13:10	0,73	4,30	38,62	-19,15	32,23
1092	01.08.20 18:13:11	0,73	4,19	37,20	-19,94	32,87
1093	01.08.20 18:13:12	0,73	4,12	37,33	-21,07	31,60
1094	01.08.20 18:13:13	0,73	4,00	36,97	-21,70	31,33
1095	01.08.20 18:13:14	0,73	3,91	37,51	-20,18	32,31
1096	01.08.20 18:13:15	0,69	3,81	38,59	-21,26	30,14
1097	01.08.20 18:13:16	0,69	3,74	40,51	-20,63	28,86
1098	01.08.20 18:13:17	0,69	3,67	40,25	-20,19	29,55
1099	01.08.20 18:13:18	0,69	3,60	39,84	-20,69	29,48
1100	01.08.20 18:13:19	0,69	3,50	39,05	-20,05	30,89
1101	01.08.20 18:13:20	0,69	3,41	42,02	-17,35	30,63
1102	01.08.20 18:13:21	0,69	3,39	35,01	-24,40	30,59
1103	01.08.20 18:13:22	0,69	3,34	42,14	-18,93	28,93
1104	01.08.20 18:13:23	0,69	3,25	39,87	-15,92	34,21
1105	01.08.20 18:13:24	0,69	3,15	35,10	-20,31	34,58
1106	01.08.20 18:13:25	0,69	3,06	32,28	-18,48	39,23
1107	01.08.20 18:13:26	0,69	2,97	31,67	-19,65	38,68
1108	01.08.20 18:13:27	0,69	2,92	30,82	-17,81	41,37
1109	01.08.20 18:13:28	0,69	2,80	34,93	-14,45	40,62
1110	01.08.20 18:13:29	0,73	2,74	28,65	-17,57	43,78
1111	01.08.20 18:13:30	0,77	2,62	29,34	-16,98	43,68
1112	01.08.20 18:13:31	0,81	2,56	30,15	-16,44	43,41
1113	01.08.20 18:13:32	0,81	2,56	28,49	-16,11	45,39
1114	01.08.20 18:13:33	0,92	2,50	27,40	-16,45	46,15
1115	01.08.20 18:13:34	1,08	2,38	28,45	-15,87	45,68
1116	01.08.20 18:13:35	1,28	2,21	30,59	-15,28	44,13
1117	01.08.20 18:13:36	1,59	2,06	28,70	-15,48	45,82
1118	01.08.20 18:13:37	1,82	1,97	29,51	-15,16	45,33
1119	01.08.20 18:13:38	1,97	1,87	27,31	-17,84	44,85
1120	01.08.20 18:13:39	2,12	1,79	27,82	-15,55	46,63
1121	01.08.20 18:13:40	2,31	1,69	30,28	-15,69	44,03
1122	01.08.20 18:13:41	2,43	1,64	29,51	-19,55	40,94
1123	01.08.20 18:13:42	2,47	1,62	31,42	-18,69	39,89
1124	01.08.20 18:13:43	2,54	1,53	32,40	-19,92	37,68
1125	01.08.20 18:13:44	2,62	1,52	27,46	-21,52	41,02
1126	01.08.20 18:13:45	2,77	1,39	24,86	-24,06	41,08
1127	01.08.20 18:13:46	2,95	1,32	20,23	-27,00	42,78
1128	01.08.20 18:13:47	3,22	1,20	16,51	-29,93	43,56
1129	01.08.20 18:13:48	3,44	1,23	16,44	-30,58	42,97
1130	01.08.20 18:13:49	3,70	1,09	18,42	-28,91	42,68
1131	01.08.20 18:13:50	3,95	1,05	21,08	-30,38	38,54
1132	01.08.20 18:13:51	4,25	0,94	17,18	-31,03	41,78
1133	01.08.20 18:13:52	4,46	0,91	17,42	-30,86	41,71
1134	01.08.20 18:13:53	4,72	0,82	17,63	-33,79	38,58
1135	01.08.20 18:13:54	4,90	0,80	16,23	-34,18	39,59
1136	01.08.20 18:13:55	5,15	0,73	21,46	-32,04	36,49
1137	01.08.20 18:13:56	5,32	0,70	23,33	-33,74	32,93
1138	01.08.20 18:13:57	5,43	0,64	28,65	-28,13	33,22
1139	01.08.20 18:13:58	5,57	0,66	23,18	-33,66	33,15
1140	01.08.20 18:13:59	5,89	0,57	28,81	-30,04	31,15
1141	01.08.20 18:14:00	6,06	0,52	24,15	-33,78	32,07
1142	01.08.20 18:14:01	6,20	0,46	27,01	-28,87	34,12
1143	01.08.20 18:14:02	6,34	0,46	27,81	-25,71	36,48
1144	01.08.20 18:14:03	6,41	0,46	27,48	-22,66	39,86
1145	01.08.20 18:14:04	6,48	0,41	28,91	-21,65	39,44
1146	01.08.20 18:14:05	6,62	0,46	31,55	-18,60	39,85
1147	01.08.20 18:14:06	6,79	0,50	27,64	-19,37	42,99
1148	01.08.20 18:14:07	7,07	0,41	25,73	-21,98	42,29
1149	01.08.20 18:14:08	7,41	0,11	23,21	-23,24	43,55
1150	01.08.20 18:14:09	7,72	0,04	27,55	-13,57	48,87
1151	01.08.20 18:14:10	8,02	0,01	30,85	-11,02	48,13
1152	01.08.20 18:14:11	8,22	0,00	39,14	-5,66	45,20
1153	01.08.20 18:14:12	8,36	0,01	31,23	-8,68	50,09
1154	01.08.20 18:14:13	8,49	0,00	30,48	-4,70	54,82
1155	01.08.20 18:14:14	8,63	0,01	25,84	-1,19	62,97
1156	01.08.20 18:14:15	8,79	0,00	28,71	6,08	55,21
1157	01.08.20 18:14:16	8,99	0,00	29,32	0,90	59,78
1158	01.08.20 18:14:17	9,16	0,00	23,48	4,07	62,45
1159	01.08.20 18:14:18	9,39	0,00	25,98	9,07	54,95
1160	01.08.20 18:14:19	9,62	0,00	29,59	6,45	53,96
1161	01.08.20 18:14:20	9,78	0,00	33,01	0,59	56,41
1162	01.08.20 18:14:21	9,88	0,00	30,06	-0,20	59,75
1163	01.08.20 18:14:22	9,98	0,00	29,59	-7,85	52,56
1164	01.08.20 18:14:23	10,11	0,00	32,94	-5,79	51,27
1165	01.08.20 18:14:24	10,21	0,00	32,26	2,47	55,27
1166	01.08.20 18:14:25	10,30	0,00	32,98	3,52	53,50
1167	01.08.20 18:14:26	10,37	0,00	34,34	5,39	50,27
1168	01.08.20 18:14:27	10,43	0,00	30,19	2,60	57,21
1169	01.08.20 18:14:28	10,53	0,00	25,66	-1,33	63,01
1170	01.08.20 18:14:29	10,63	0,00	30,83	6,43	52,74
1171	01.08.20 18:14:30	10,76	0,00	29,43	-1,52	59,05
1172	01.08.20 18:14:31	10,85	0,00	18,36	14,89	56,76
1173	01.08.20 18:14:32	10,98	0,00	30,98	1,31	57,71
1174	01.08.20 18:14:33	11,11	0,00	25,49	1,33	63,18
1175	01.08.20 18:14:34	11,17	0,00	25,30	-1,78	62,92
1176	01.08.20 18:14:35	11,27	0,00	17,74	2,98	69,28
1177	01.08.20 18:14:36	11,33	0,00	23,10	4,80	62,10
1178	01.08.20 18:14:37	11,43	0,00	22,32	7,50	60,18
1179	01.08.20 18:14:38	11,59	0,00	23,55	6,23	60,22
1180	01.08.20 18:14:39	11,72	0,00	25,37	4,88	59,75
1181	01.08.20 18:14:40	11,78	0,00	30,05	8,68	51,27
1182	01.08.20 18:14:41	11,81	0,00	22,25	13,69	54,05
1183	01.08.20 18:14:42	11,84	0,00	25,49	11,84	52,67
1184	01.08.20 18:14:43	11,91	0,00	33,03	13,20	43,77
1185	01.08.20 18:14:44	11,97	0,01	23,64	22,50	43,86
1186	01.08.20 18:14:45	12,00	0,00	11,12	32,61	46,27
1187	01.08.20 18:14:46	12,10	0,00	23,07	19,02	47,91
1188	01.08.20 18:14:47	12,22	0,00	26,45	3,45	60,10
1189	01.08.20 18:14:48	12,29	0,00	22,92	8,26	58,82
1190	01.08.20 18:14:49	12,35	0,00	17,02	6,18	66,79
1191	01.08.20 18:14:50	12,38	0,00	22,78	-5,98	61,24
1192	01.08.20 18:14:51	12,47	0,00	28,09	1,70	60,22
1193	01.08.20 18:14:52	12,57	0,00	26,71	6,20	57,09
1194	01.08.20 18:14:53	12,69	0,00	20,45	16,91	52,63
1195	01.08.20 18:14:54	12,76	0,00	18,61	18,38	53,01
1196	01.08.20 18:14:55	12,79	0,00	25,44	12,14	52,41
1197	01.08.20 18:14:56	12,82	0,00	27,77	4,42	57,81
1198	01.08.20 18:14:57	12,85	0,00	25,59	4,20	60,21
1199	01.08.20 18:14:58	12,91	0,00	25,70	3,77	60,53
1200	01.08.20 18:14:59	12,94	0,00	23,98	3,88	62,14
1201	01.08.20 18:15:00	12,98	0,00	10,75	13,67	65,58
1202	01.08.20 18:15:01	13,04	0,00	27,98	-1,36	60,66
1203	01.08.20 18:15:02	13,10	0,00	28,97	-0,79	60,23
1204	01.08.20 18:15:03	13,19	0,00	27,70	1,88	60,42
1205	01.08.20 18:15:04	13,23	0,01	27,27	2,41	60,32
1206	01.08.20 18:15:05	13,32	0,00	35,21	3,58	51,21
1207	01.08.20 18:15:06	13,38	0,00	27,21	7,39	55,40
1208	01.08.20 18:15:07	13,41	0,06	31,46	9,03	49,51
1209	01.08.20 18:15:08	13,44	0,11	33,16	4,08	52,76
1210	01.08.20 18:15:09	13,50	0,13	35,59	4,19	50,22
1211	01.08.20 18:15:10	13,57	0,11	33,80	2,32	53,88
1212	01.08.20 18:15:11	13,63	0,11	23,12	3,23	63,65
1213	01.08.20 18:15:12	13,66	0,06	23,14	-12,06	54,80
1214	01.08.20 18:15:13	13,69	0,01	20,27	-5,04	64,69
1215	01.08.20 18:15:14	13,78	0,00	19,62	-0,99	69,38
1216	01.08.20 18:15:15	13,85	0,00	20,82	-0,32	68,86
1217	01.08.20 18:15:16	13,94	0,00	15,04	3,04	71,92
1218	01.08.20 18:15:17	14,00	0,00	11,68	-7,60	70,72
1219	01.08.20 18:15:18	14,03	0,00	6,52	-1,68	81,81
1220	01.08.20 18:15:19	14,09	0,00	19,89	10,42	59,69
1221	01.08.20 18:15:20	14,12	0,01	19,14	19,50	51,37
1222	01.08.20 18:15:21	14,15	0,04	33,64	11,08	45,27
1223	01.08.20 18:15:22	14,19	0,04	24,99	26,01	39,00
1224	01.08.20 18:15:23	14,22	0,04	22,36	21,71	45,93
1225	01.08.20 18:15:24	14,22	0,01	23,87	11,70	54,43
1226	01.08.20 18:15:25	14,25	0,01	22,15	13,82	54,04
1227	01.08.20 18:15:26	14,31	0,04	15,26	2,35	72,39
1228	01.08.20 18:15:27	14,37	0,00	29,20	-12,48	48,33
1229	01.08.20 18:15:28	14,43	0,01	16,89	-17,91	55,21
1230	01.08.20 18:15:29	14,49	0,00	16,47	-17,48	56,05
1231	01.08.20 18:15:30	14,55	0,01	17,44	-24,62	47,94
1232	01.08.20 18:15:31	14,58	0,04	39,60	-6,01	44,39
1233	01.08.20 18:15:32	14,62	0,01	27,22	-11,64	51,14
1234	01.08.20 18:15:33	14,65	0,04	35,96	-3,60	50,44
1235	01.08.20 18:15:34	14,71	0,01	43,78	2,18	44,04
1236	01.08.20 18:15:35	14,74	0,01	32,92	-0,95	56,13
1237	01.08.20 18:15:36	14,77	0,08	55,61	2,75	31,64
1238	01.08.20 18:15:37	14,83	0,00	18,16	3,82	68,02
1239	01.08.20 18:15:38	14,89	0,01	49,46	4,37	36,16
1240	01.08.20 18:15:39	14,95	0,00	69,35	12,29	8,37
1241	01.08.20 18:15:40	14,98	0,00	67,99	14,39	7,62
1242	01.08.20 18:15:41	14,98	0,04	67,64	14,82	7,54
1243	01.08.20 18:15:42	14,89	0,15	54,46	26,35	9,20
1244	01.08.20 18:15:43	14,77	0,20	47,59	15,36	27,05
1245	01.08.20 18:15:44	14,68	0,20	6,12	-4,51	79,37
1246	01.08.20 18:15:45	14,52	0,20	4,48	-12,30	73,22
1247	01.08.20 18:15:46	14,43	0,25	1,97	-8,38	79,65
1248	01.08.20 18:15:47	14,31	0,25	54,25	17,04	-18,71
1249	01.08.20 18:15:48	14,22	0,27	40,06	32,04	-17,90
1250	01.08.20 18:15:49	14,09	0,32	48,75	31,15	-10,10
1251	01.08.20 18:15:50	14,00	0,32	72,32	13,36	4,32
1252	01.08.20 18:15:51	13,91	0,32	60,92	15,83	13,25
1253	01.08.20 18:15:52	13,81	0,32	70,87	11,43	7,70
1254	01.08.20 18:15:53	13,75	0,34	62,96	16,91	10,13
1255	01.08.20 18:15:54	13,66	0,36	42,60	28,19	19,20
1256	01.08.20 18:15:55	13,60	0,34	52,04	24,26	13,70
1257	01.08.20 18:15:56	13,50	0,36	40,83	29,82	19,35
1258	01.08.20 18:15:57	13,44	0,36	32,46	33,47	24,07
1259	01.08.20 18:15:58	13,38	0,36	-8,59	2,74	78,66
1260	01.08.20 18:15:59	13,35	0,36	-10,03	0,51	79,46
1261	01.08.20 18:16:00	13,32	0,34	2,47	-9,44	78,09
1262	01.08.20 18:16:01	13,29	0,36	-1,50	-8,55	79,96
1263	01.08.20 18:16:02	13,26	0,36	6,24	-7,08	76,68
1264	01.08.20 18:16:03	13,23	0,36	-6,95	-9,77	73,28
1265	01.08.20 18:16:04	13,19	0,39	-1,69	-11,16	77,15
1266	01.08.20 18:16:05	13,13	0,36	0,90	-9,06	80,04
1267	01.08.20 18:16:06	13,13	0,36	4,92	-3,04	82,05
1268	01.08.20 18:16:07	13,10	0,36	6,40	-7,87	75,72
1269	01.08.20 18:16:08	13,07	0,36	2,47	-9,13	78,40
1270	01.08.20 18:16:09	13,04	0,39	1,40	-5,61	82,99
1271	01.08.20 18:16:10	13,01	0,36	-0,28	-4,57	85,15
1272	01.08.20 18:16:11	12,98	0,39	3,26	-8,03	78,71
1273	01.08.20 18:16:12	12,94	0,36	4,09	-9,96	75,94
1274	01.08.20 18:16:13	12,91	0,36	3,31	-8,71	77,98
1275	01.08.20 18:16:14	12,88	0,36	6,67	-8,38	74,95
1276	01.08.20 18:16:15	12,88	0,36	-10,95	-11,32	67,73
1277	01.08.20 18:16:16	12,85	0,39	-15,24	17,58	-57,18
1278	01.08.20 18:16:17	12,85	0,36	-7,34	-10,55	-72,10
1279	01.08.20 18:16:18	12,82	0,39	-6,04	-10,14	-73,82
1280	01.08.20 18:16:19	12,82	0,36	-8,86	-4,39	-76,75
1281	01.08.20 18:16:20	12,82	0,39	-10,55	0,34	-79,11
1282	01.08.20 18:16:21	12,79	0,39	-8,40	0,78	-80,82
1283	01.08.20 18:16:22	12,79	0,39	-5,34	3,82	-80,84
1284	01.08.20 18:16:23	12,76	0,39	-6,23	4,54	-79,23
1285	01.08.20 18:16:24	12,76	0,39	-5,10	5,35	-79,55
1286	01.08.20 18:16:25	12,73	0,36	-0,51	7,83	-81,66
1287	01.08.20 18:16:26	12,73	0,36	1,38	8,78	-79,84
1288	01.08.20 18:16:27	12,69	0,36	0,64	10,03	-79,33
1289	01.08.20 18:16:28	12,69	0,39	1,75	10,58	-77,66
1290	01.08.20 18:16:29	12,69	0,39	1,99	10,60	-77,41
1291	01.08.20 18:16:30	12,66	0,39	1,95	9,01	-79,05
1292	01.08.20 18:16:31	12,66	0,39	0,86	8,26	-80,88
1293	01.08.20 18:16:32	12,63	0,39	-2,21	6,85	-80,94
1294	01.08.20 18:16:33	12,63	0,39	-3,66	4,32	-82,02
1295	01.08.20 18:16:34	12,63	0,39	-2,24	8,88	-78,88
1296	01.08.20 18:16:35	12,60	0,39	0,80	11,70	-77,50
1297	01.08.20 18:16:36	12,60	0,36	3,30	9,66	-77,04
1298	01.08.20 18:16:37	12,60	0,39	0,58	7,66	-81,76
1299	01.08.20 18:16:38	12,57	0,39	-3,20	6,13	-80,66
1300	01.08.20 18:16:39	12,57	0,41	-5,26	5,51	-79,23
1301	01.08.20 18:16:40	12,57	0,39	-5,01	6,44	-78,56
1302	01.08.20 18:16:41	12,57	0,39	0,20	8,59	-81,21
1303	01.08.20 18:16:42	12,54	0,41	0,22	8,50	-81,28
1304	01.08.20 18:16:43	12,54	0,39	-1,38	6,72	-81,90
1305	01.08.20 18:16:44	12,54	0,39	1,09	4,47	-84,44
1306	01.08.20 18:16:45	12,54	0,41	-12,18	-14,51	-63,31
1307	01.08.20 18:16:46	12,54	0,39	-4,91	3,65	-81,45
1308	01.08.20 18:16:47	12,54	0,39	-1,60	7,50	-80,89
1309	01.08.20 18:16:48	12,54	0,39	-3,74	5,79	-80,48
1310	01.08.20 18:16:49	12,54	0,36	-4,57	1,90	-83,53
1311	01.08.20 18:16:50	12,54	0,39	-3,78	4,22	-82,00
1312	01.08.20 18:16:51	12,54	0,41	-64,31	-3,20	-22,49
1313	01.08.20 18:16:52	12,54	0,39	-40,12	4,26	-45,61
1314	01.08.20 18:16:53	12,57	0,36	-58,05	-3,06	-28,89
1315	01.08.20 18:16:54	12,57	0,36	-63,98	-2,70	-23,31
1316	01.08.20 18:16:55	12,60	0,39	-61,58	-4,29	-24,14
1317	01.08.20 18:16:56	12,60	0,36	-63,42	-2,80	-23,78
1318	01.08.20 18:16:57	12,60	0,36	-61,34	-3,49	-25,16
1319	01.08.20 18:16:58	12,60	0,39	-60,19	-2,16	-27,65
1320	01.08.20 18:16:59	12,60	0,36	-46,42	-14,79	28,79
1321	01.08.20 18:17:00	12,63	0,39	5,87	-76,79	-7,33
1322	01.08.20 18:17:01	12,63	0,36	5,70	-77,42	-6,88
1323	01.08.20 18:17:02	12,60	0,36	6,17	-78,82	-5,01
1324	01.08.20 18:17:03	12,60	0,36	6,73	-76,75	-6,52
1325	01.08.20 18:17:04	12,60	0,39	6,06	-77,03	-6,92
1326	01.08.20 18:17:05	12,60	0,39	5,85	-77,69	-6,45
1327	01.08.20 18:17:06	12,60	0,36	7,48	-76,67	-5,85
1328	01.08.20 18:17:07	12,60	0,39	7,07	-77,99	-4,93
1329	01.08.20 18:17:08	12,60	0,39	4,49	-78,41	-7,10
1330	01.08.20 18:17:09	12,60	0,39	3,88	-77,52	-8,60
1331	01.08.20 18:17:10	12,60	0,39	6,33	-78,26	-5,42
1332	01.08.20 18:17:11	12,60	0,39	7,35	-78,55	-4,09
1333	01.08.20 18:17:12	12,60	0,39	6,73	-76,40	-6,87
1334	01.08.20 18:17:13	12,60	0,39	4,99	-77,18	-7,83
1335	01.08.20 18:17:14	12,60	0,39	5,20	-78,93	-5,87
1336	01.08.20 18:17:15	12,60	0,39	5,83	-79,34	-4,82
1337	01.08.20 18:17:16	12,60	0,39	6,02	-77,08	-6,90
1338	01.08.20 18:17:17	12,60	0,39	5,34	-76,57	-8,09
1339	01.08.20 18:17:18	12,60	0,39	4,90	-80,47	-4,62
1340	01.08.20 18:17:19	12,60	0,39	7,65	-78,24	-4,11
1341	01.08.20 18:17:20	12,60	0,39	8,28	-73,89	-7,83
1342	01.08.20 18:17:21	12,60	0,39	5,54	-77,43	-7,03
1343	01.08.20 18:17:22	12,60	0,39	2,60	-83,28	-4,11
1344	01.08.20 18:17:23	12,63	0,41	3,96	-79,72	-6,32
1345	01.08.20 18:17:24	12,63	0,39	8,07	-73,11	-8,82
1346	01.08.20 18:17:25	12,63	0,39	10,05	-74,82	-5,13
1347	01.08.20 18:17:26	12,63	0,39	7,77	-79,92	-2,31
1348	01.08.20 18:17:27	12,63	0,39	2,94	-79,99	-7,07
1349	01.08.20 18:17:28	12,63	0,39	2,55	-77,19	-10,26
1350	01.08.20 18:17:29	12,63	0,39	5,74	-78,28	-5,98
1351	01.08.20 18:17:30	12,63	0,36	6,75	-80,41	-2,85
1352	01.08.20 18:17:31	12,66	0,39	7,27	-76,90	-5,83
1353	01.08.20 18:17:32	12,66	0,39	5,78	-75,94	-8,27
1354	01.08.20 18:17:33	12,66	0,39	4,00	-80,76	-5,24
1355	01.08.20 18:17:34	12,66	0,39	5,76	-78,66	-5,58
1356	01.08.20 18:17:35	12,66	0,39	5,33	-78,00	-6,67
1357	01.08.20 18:17:36	12,66	0,39	4,05	-78,61	-7,34
1358	01.08.20 18:17:37	12,66	0,39	7,44	-78,02	-4,54
1359	01.08.20 18:17:38	12,69	0,39	6,45	-79,51	-4,04
1360	01.08.20 18:17:39	12,69	0,39	-7,18	-60,51	-22,30
1361	01.08.20 18:17:40	12,69	0,39	9,26	-46,86	33,88
1362	01.08.20 18:17:41	12,69	0,39	28,47	-60,57	-0,96
1363	01.08.20 18:17:42	12,73	0,36	19,15	-49,92	20,93
1364	01.08.20 18:17:43	12,73	0,36	19,22	-37,67	33,11
1365	01.08.20 18:17:44	12,73	0,36	21,02	-42,14	26,84
1366	01.08.20 18:17:45	12,76	0,39	19,15	-44,29	26,56
1367	01.08.20 18:17:46	12,76	0,39	-10,57	-62,37	17,06
1368	01.08.20 18:17:47	12,76	0,39	-3,34	-54,59	32,07
1369	01.08.20 18:17:48	12,79	0,39	-6,05	-60,62	23,33
1370	01.08.20 18:17:49	12,79	0,39	-9,56	-60,68	19,77
1371	01.08.20 18:17:50	12,82	0,36	-3,12	-54,17	32,70
1372	01.08.20 18:17:51	12,82	0,36	4,17	-51,97	33,86
1373	01.08.20 18:17:52	12,82	0,39	17,28	-53,12	19,59
1374	01.08.20 18:17:53	12,85	0,36	8,95	-59,84	21,21
1375	01.08.20 18:17:54	12,85	0,39	8,26	-61,25	20,49
1376	01.08.20 18:17:55	12,88	0,39	15,08	-51,14	23,78
1377	01.08.20 18:17:56	12,88	0,36	19,23	-48,95	21,82
1378	01.08.20 18:17:57	12,88	0,36	19,03	-54,53	16,45
1379	01.08.20 18:17:58	12,91	0,39	14,04	-58,56	17,40
1380	01.08.20 18:17:59	12,91	0,36	16,86	-64,36	8,78
1381	01.08.20 18:18:00	12,91	0,36	12,70	-63,73	13,57
1382	01.08.20 18:18:01	12,94	0,36	17,91	-45,63	26,46
1383	01.08.20 18:18:02	12,94	0,36	16,58	-59,48	13,94
1384	01.08.20 18:18:03	12,94	0,36	14,60	-57,69	17,71
1385	01.08.20 18:18:04	12,94	0,36	10,91	-66,80	12,29
1386	01.08.20 18:18:05	12,98	0,39	0,00	-60,44	29,56
1387	01.08.20 18:18:06	12,98	0,39	-24,63	-24,87	40,50
1388	01.08.20 18:18:07	13,01	0,39	-17,40	-34,17	38,43
1389	01.08.20 18:18:08	13,01	0,36	-8,33	-32,22	49,45
1390	01.08.20 18:18:09	13,04	0,36	17,06	-28,64	44,30
1391	01.08.20 18:18:10	13,04	0,36	-3,25	20,74	66,01
1392	01.08.20 18:18:11	13,04	0,36	-9,15	-6,77	74,08
1393	01.08.20 18:18:12	13,04	0,36	-7,09	-19,74	63,17
1394	01.08.20 18:18:13	13,07	0,36	-1,65	-7,07	81,28
1395	01.08.20 18:18:14	13,07	0,36	27,89	10,10	52,01
1396	01.08.20 18:18:15	13,07	0,36	21,81	-18,02	50,17
1397	01.08.20 18:18:16	13,10	0,36	31,28	-56,65	2,07
1398	01.08.20 18:18:17	13,10	0,36	32,53	-56,83	0,65
1399	01.08.20 18:18:18	13,13	0,36	30,76	-51,25	-7,99
1400	01.08.20 18:18:19	13,13	0,36	31,22	-50,66	-8,12
1401	01.08.20 18:18:20	13,13	0,36	31,49	-50,50	-8,01
1402	01.08.20 18:18:21	13,13	0,39	29,83	-52,68	-7,50
1403	01.08.20 18:18:22	13,13	0,36	28,10	-54,02	-7,88
1404	01.08.20 18:18:23	13,13	0,36	29,70	-52,61	-7,69
1405	01.08.20 18:18:24	13,16	0,36	32,38	-50,10	-7,52
1406	01.08.20 18:18:25	13,16	0,36	32,03	-50,10	-7,88
1407	01.08.20 18:18:26	13,16	0,36	29,45	-52,54	-8,01
1408	01.08.20 18:18:27	13,19	0,39	28,01	-53,40	-8,59
1409	01.08.20 18:18:28	13,19	0,39	30,35	-51,11	-8,53
1410	01.08.20 18:18:29	13,19	0,36	32,24	-49,13	-8,63
1411	01.08.20 18:18:30	13,19	0,39	30,05	-51,43	-8,53
1412	01.08.20 18:18:31	13,23	0,39	28,27	-53,81	-7,91
1413	01.08.20 18:18:32	13,23	0,39	29,98	-51,92	-8,09
1414	01.08.20 18:18:33	13,23	0,41	32,11	-49,75	-8,15
1415	01.08.20 18:18:34	13,23	0,39	30,66	-50,62	-8,72
1416	01.08.20 18:18:35	13,26	0,39	28,66	-53,15	-8,18
1417	01.08.20 18:18:36	13,26	0,39	29,20	-52,14	-8,66
1418	01.08.20 18:18:37	13,26	0,39	32,08	-49,07	-8,85
1419	01.08.20 18:18:38	13,29	0,36	30,07	-50,15	-9,77
1420	01.08.20 18:18:39	13,29	0,39	27,14	-54,26	-8,60
1421	01.08.20 18:18:40	13,29	0,39	30,78	-52,45	-6,77
1422	01.08.20 18:18:41	13,32	0,36	33,70	-48,40	-7,90
1423	01.08.20 18:18:42	13,32	0,39	29,99	-51,05	-8,96
1424	01.08.20 18:18:43	13,32	0,39	26,95	-53,34	-9,71
1425	01.08.20 18:18:44	13,32	0,39	30,18	-49,40	-10,42
1426	01.08.20 18:18:45	13,32	0,39	31,95	-48,26	-9,79
1427	01.08.20 18:18:46	13,32	0,39	28,80	-54,00	-7,19
1428	01.08.20 18:18:47	13,35	0,39	29,08	-55,58	-5,33
1429	01.08.20 18:18:48	13,35	0,36	33,53	-49,47	-7,00
1430	01.08.20 18:18:49	13,35	0,39	32,91	-46,74	-10,35
1431	01.08.20 18:18:50	13,38	0,36	26,04	-52,09	-11,87
1432	01.08.20 18:18:51	13,38	0,36	25,67	-53,69	-10,64
1433	01.08.20 18:18:52	13,41	0,39	32,60	-50,06	-7,34
1434	01.08.20 18:18:53	13,41	0,39	34,59	-48,55	-6,87
1435	01.08.20 18:18:54	13,41	0,39	29,71	-52,09	-8,19
1436	01.08.20 18:18:55	13,41	0,41	26,22	-54,03	-9,75
1437	01.08.20 18:18:56	13,44	0,39	29,62	-50,07	-10,31
1438	01.08.20 18:18:57	13,44	0,39	34,12	-46,42	-9,46
1439	01.08.20 18:18:58	13,44	0,39	29,52	-50,85	-9,62
1440	01.08.20 18:18:59	13,44	0,39	25,70	-54,82	-9,48
1441	01.08.20 18:19:00	13,47	0,39	30,14	-51,60	-8,26
1442	01.08.20 18:19:01	13,47	0,39	34,01	-50,73	-5,26
1443	01.08.20 18:19:02	13,50	0,39	30,53	-49,11	-10,37
1444	01.08.20 18:19:03	13,50	0,39	25,37	-52,49	-12,14
1445	01.08.20 18:19:04	13,50	0,36	25,83	-50,55	-13,63
1446	01.08.20 18:19:05	13,54	0,36	29,89	-47,41	-12,70
1447	01.08.20 18:19:06	13,54	0,39	30,42	-48,50	-11,08
1448	01.08.20 18:19:07	13,57	0,36	28,16	-51,02	-10,82
1449	01.08.20 18:19:08	13,57	0,36	28,23	-49,96	-11,81
1450	01.08.20 18:19:09	13,57	0,36	27,26	-51,26	-11,48
1451	01.08.20 18:19:10	13,57	0,36	29,54	-51,81	-8,65
1452	01.08.20 18:19:11	13,60	0,36	31,08	-47,20	-11,72
1453	01.08.20 18:19:12	13,60	0,36	28,08	-46,98	-14,95
1454	01.08.20 18:19:13	13,63	0,36	25,31	-51,92	-12,77
1455	01.08.20 18:19:14	13,63	0,36	27,26	-52,29	-10,45
1456	01.08.20 18:19:15	13,63	0,36	30,80	-48,54	-10,67
1457	01.08.20 18:19:16	13,66	0,39	30,85	-48,25	-10,90
1458	01.08.20 18:19:17	13,66	0,39	27,50	-51,15	-11,35
1459	01.08.20 18:19:18	13,66	0,39	27,68	-50,44	-11,88
1460	01.08.20 18:19:19	13,69	0,36	29,65	-48,98	-11,37
1461	01.08.20 18:19:20	13,69	0,39	28,04	-50,69	-11,26
1462	01.08.20 18:19:21	13,69	0,39	28,13	-50,61	-11,27
1463	01.08.20 18:19:22	13,69	0,39	29,55	-47,89	-12,56
1464	01.08.20 18:19:23	13,72	0,39	29,41	-48,96	-11,63
1465	01.08.20 18:19:24	13,72	0,36	27,64	-52,96	-9,40
1466	01.08.20 18:19:25	13,75	0,39	28,35	-51,52	-10,13
1467	01.08.20 18:19:26	13,75	0,36	30,30	-48,18	-11,51
1468	01.08.20 18:19:27	13,78	0,36	29,89	-46,96	-13,15
1469	01.08.20 18:19:28	13,78	0,36	26,13	-50,09	-13,78
1470	01.08.20 18:19:29	13,78	0,39	25,63	-53,05	-11,32
1471	01.08.20 18:19:30	13,81	0,36	30,55	-50,22	-9,24
1472	01.08.20 18:19:31	13,81	0,36	32,09	-48,51	-9,40
1473	01.08.20 18:19:32	13,81	0,36	29,69	-49,49	-10,81
1474	01.08.20 18:19:33	13,81	0,36	26,61	-51,37	-12,03
1475	01.08.20 18:19:34	13,81	0,36	27,09	-50,02	-12,89
1476	01.08.20 18:19:35	13,85	0,36	29,43	-47,65	-12,92
1477	01.08.20 18:19:36	13,85	0,36	28,92	-49,49	-11,60
1478	01.08.20 18:19:37	13,85	0,36	27,74	-53,03	-9,23
1479	01.08.20 18:19:38	13,88	0,39	30,25	-50,04	-9,71
1480	01.08.20 18:19:39	13,88	0,39	29,98	-48,33	-11,69
1481	01.08.20 18:19:40	13,88	0,36	28,43	-49,68	-11,89
1482	01.08.20 18:19:41	13,91	0,39	27,59	-49,03	-13,38
1483	01.08.20 18:19:42	13,91	0,39	26,15	-51,10	-12,75
1484	01.08.20 18:19:43	13,91	0,39	29,51	-51,85	-8,64
1485	01.08.20 18:19:44	13,94	0,36	31,47	-48,29	-10,24
1486	01.08.20 18:19:45	13,94	0,39	29,66	-47,27	-13,07
1487	01.08.20 18:19:46	13,94	0,39	25,97	-51,37	-12,66
1488	01.08.20 18:19:47	13,97	0,36	26,66	-52,42	-10,92
1489	01.08.20 18:19:48	13,97	0,39	30,77	-49,07	-10,16
1490	01.08.20 18:19:49	14,00	0,36	30,12	-48,55	-11,33
1491	01.08.20 18:19:50	14,00	0,36	27,86	-50,05	-12,10
1492	01.08.20 18:19:51	14,00	0,36	28,03	-50,76	-11,20
1493	01.08.20 18:19:52	14,03	0,34	28,93	-49,77	-11,30
1494	01.08.20 18:19:53	14,03	0,36	28,84	-49,49	-11,66
1495	01.08.20 18:19:54	14,06	0,36	28,67	-50,15	-11,18
1496	01.08.20 18:19:55	14,06	0,36	28,29	-49,31	-12,40
1497	01.08.20 18:19:56	14,06	0,36	28,70	-49,19	-12,11
1498	01.08.20 18:19:57	14,09	0,39	28,79	-50,94	-10,28
1499	01.08.20 18:19:58	14,09	0,39	28,34	-50,61	-11,05
1500	01.08.20 18:19:59	14,09	0,39	29,19	-48,86	-11,95
1501	01.08.20 18:20:00	14,09	0,39	28,72	-48,84	-12,44
1502	01.08.20 18:20:01	14,12	0,39	28,85	-50,21	-10,94
1503	01.08.20 18:20:02	14,12	0,39	28,12	-52,12	-9,76
1504	01.08.20 18:20:03	14,15	0,41	28,60	-49,71	-11,69
1505	01.08.20 18:20:04	14,15	0,39	29,25	-47,30	-13,45
1506	01.08.20 18:20:05	14,15	0,39	28,62	-49,58	-11,81
1507	01.08.20 18:20:06	14,19	0,36	27,72	-50,51	-11,77
1508	01.08.20 18:20:07	14,19	0,39	27,65	-51,40	-10,95
1509	01.08.20 18:20:08	14,19	0,39	29,72	-50,83	-9,45
1510	01.08.20 18:20:09	14,22	0,39	30,59	-47,95	-11,46
1511	01.08.20 18:20:10	14,22	0,39	29,09	-47,69	-13,22
1512	01.08.20 18:20:11	14,22	0,39	26,65	-50,54	-12,81
1513	01.08.20 18:20:12	14,25	0,39	25,51	-53,19	-11,30
1514	01.08.20 18:20:13	14,25	0,36	30,44	-49,43	-10,14
1515	01.08.20 18:20:14	14,25	0,36	33,00	-46,10	-10,89
1516	01.08.20 18:20:15	14,28	0,34	27,43	-50,29	-12,27
1517	01.08.20 18:20:16	14,28	0,36	25,15	-52,42	-12,43
1518	01.08.20 18:20:17	14,31	0,39	27,86	-49,74	-12,40
1519	01.08.20 18:20:18	14,31	0,39	30,75	-47,47	-11,78
1520	01.08.20 18:20:19	14,31	0,39	30,15	-48,51	-11,34
1521	01.08.20 18:20:20	14,31	0,39	27,58	-50,90	-11,52
1522	01.08.20 18:20:21	14,31	0,41	26,05	-52,53	-11,42
1523	01.08.20 18:20:22	14,34	0,41	28,88	-49,86	-11,26
1524	01.08.20 18:20:23	14,34	0,39	31,93	-46,45	-11,62
1525	01.08.20 18:20:24	14,34	0,39	29,50	-48,48	-12,02
1526	01.08.20 18:20:25	14,37	0,39	24,82	-52,81	-12,36
1527	01.08.20 18:20:26	14,37	0,39	26,65	-50,98	-12,37
1528	01.08.20 18:20:27	14,37	0,39	30,74	-46,27	-13,00
1529	01.08.20 18:20:28	14,40	0,39	29,58	-48,15	-12,27
1530	01.08.20 18:20:29	14,40	0,36	27,16	-53,66	-9,18
1531	01.08.20 18:20:30	14,43	0,39	29,37	-50,82	-9,81
1532	01.08.20 18:20:31	14,43	0,36	30,19	-47,65	-12,16
1533	01.08.20 18:20:32	14,43	0,36	27,83	-47,90	-14,27
1534	01.08.20 18:20:33	14,43	0,36	26,19	-50,47	-13,34
1535	01.08.20 18:20:34	14,46	0,36	27,41	-52,22	-10,37
1536	01.08.20 18:20:35	14,46	0,39	30,30	-49,67	-10,02
1537	01.08.20 18:20:36	14,46	0,36	31,27	-46,23	-12,50
1538	01.08.20 18:20:37	14,49	0,39	28,17	-49,56	-12,27
1539	01.08.20 18:20:38	14,49	0,36	24,97	-53,83	-11,20
1540	01.08.20 18:20:39	14,49	0,36	28,34	-50,90	-10,76
1541	01.08.20 18:20:40	14,52	0,39	33,07	-45,38	-11,56
1542	01.08.20 18:20:41	14,52	0,36	29,52	-47,41	-13,07
1543	01.08.20 18:20:42	14,55	0,39	23,55	-53,63	-12,82
1544	01.08.20 18:20:43	14,55	0,39	26,86	-52,38	-10,76
1545	01.08.20 18:20:44	14,55	0,39	34,11	-45,10	-10,79
1546	01.08.20 18:20:45	14,58	0,39	31,41	-46,08	-12,51
1547	01.08.20 18:20:46	14,58	0,39	23,95	-53,22	-12,83
1548	01.08.20 18:20:47	14,62	0,39	24,63	-53,65	-11,72
1549	01.08.20 18:20:48	14,62	0,39	32,53	-46,08	-11,39
1550	01.08.20 18:20:49	14,62	0,36	32,83	-44,88	-12,29
1551	01.08.20 18:20:50	14,65	0,39	24,68	-53,84	-11,48
1552	01.08.20 18:20:51	14,65	0,39	25,24	-53,73	-11,03
1553	01.08.20 18:20:52	14,68	0,36	32,73	-45,81	-11,46
1554	01.08.20 18:20:53	14,68	0,39	31,15	-46,01	-12,84
1555	01.08.20 18:20:54	14,68	0,39	25,38	-51,79	-12,83
1556	01.08.20 18:20:55	14,68	0,36	24,69	-54,17	-11,15
1557	01.08.20 18:20:56	14,71	0,36	30,77	-48,55	-10,69
1558	01.08.20 18:20:57	14,71	0,36	33,09	-45,05	-11,86
1559	01.08.20 18:20:58	14,71	0,36	28,02	-49,93	-12,05
1560	01.08.20 18:20:59	14,74	0,36	24,74	-52,81	-12,45
1561	01.08.20 18:21:00	14,74	0,36	28,57	-48,22	-13,22
1562	01.08.20 18:21:01	14,74	0,36	32,65	-45,19	-12,17
1563	01.08.20 18:21:02	14,77	0,39	30,51	-48,96	-10,53
1564	01.08.20 18:21:03	14,77	0,39	29,76	-48,34	-11,90
1565	01.08.20 18:21:04	14,77	0,39	29,07	-45,14	-15,78
1566	01.08.20 18:21:05	14,80	0,39	26,58	-46,92	-16,50
1567	01.08.20 18:21:06	14,80	0,36	27,26	-52,02	-10,72
1568	01.08.20 18:21:07	14,80	0,36	33,23	-49,99	-6,78
1569	01.08.20 18:21:08	14,80	0,39	36,02	-47,05	-6,93
1570	01.08.20 18:21:09	14,83	0,41	31,21	-49,87	-8,92
1571	01.08.20 18:21:10	14,83	0,39	27,64	-51,26	-11,10
1572	01.08.20 18:21:11	14,83	0,39	30,39	-48,87	-10,74
1573	01.08.20 18:21:12	14,83	0,39	35,96	-49,28	-4,76
1574	01.08.20 18:21:13	14,86	0,39	38,28	-51,53	-0,18
1575	01.08.20 18:21:14	14,86	0,39	30,07	-55,11	-4,82
1576	01.08.20 18:21:15	14,86	0,36	30,85	-50,58	-8,57
1577	01.08.20 18:21:16	14,89	0,39	36,47	-47,14	-6,39
1578	01.08.20 18:21:17	14,89	0,36	35,07	-51,82	-3,11
1579	01.08.20 18:21:18	14,92	0,36	29,86	-55,99	-4,14
1580	01.08.20 18:21:19	14,92	0,36	32,58	-50,40	-7,02
1581	01.08.20 18:21:20	14,92	0,39	32,40	-48,49	-9,11
1582	01.08.20 18:21:21	14,92	0,36	30,68	-51,16	-8,17
1583	01.08.20 18:21:22	14,95	0,36	31,51	-52,26	-6,22
1584	01.08.20 18:21:23	14,95	0,36	27,85	-51,03	-11,12
1585	01.08.20 18:21:24	14,95	0,39	27,72	-47,78	-14,49
1586	01.08.20 18:21:25	14,98	0,36	31,42	-46,37	-12,21
1587	01.08.20 18:21:26	14,98	0,36	25,77	-49,98	-14,25
1588	01.08.20 18:21:27	14,98	0,36	25,90	-46,85	-17,25
1589	01.08.20 18:21:28	15,01	0,39	26,38	-44,54	-19,07
1590	01.08.20 18:21:29	15,01	0,39	25,08	-46,12	-18,80
1591	01.08.20 18:21:30	15,04	0,39	22,29	-50,15	-17,56
1592	01.08.20 18:21:31	15,04	0,39	28,02	-46,26	-15,72
1593	01.08.20 18:21:32	15,04	0,36	30,45	-45,80	-13,75
1594	01.08.20 18:21:33	15,04	0,39	25,72	-50,87	-13,41
1595	01.08.20 18:21:34	15,04	0,39	24,72	-51,48	-13,80
1596	01.08.20 18:21:35	15,07	0,39	31,05	-46,88	-12,06
1597	01.08.20 18:21:36	15,07	0,39	31,90	-50,16	-7,94
1598	01.08.20 18:21:37	15,07	0,39	28,15	-53,03	-8,82
1599	01.08.20 18:21:38	15,10	0,39	28,49	-51,43	-10,08
1600	01.08.20 18:21:39	15,10	0,39	31,67	-50,12	-8,21
1601	01.08.20 18:21:40	15,13	0,39	30,58	-51,98	-7,43
1602	01.08.20 18:21:41	15,13	0,36	27,05	-52,33	-10,62
1603	01.08.20 18:21:42	15,13	0,39	27,27	-49,34	-13,39
1604	01.08.20 18:21:43	15,13	0,36	37,26	-41,65	-11,09
1605	01.08.20 18:21:44	15,17	0,39	26,43	51,88	11,69
1606	01.08.20 18:21:45	15,17	0,36	-61,95	-4,90	23,14
1607	01.08.20 18:21:46	15,26	0,27	-67,73	-2,73	19,54
1608	01.08.20 18:21:47	15,41	0,20	-20,05	34,46	35,50
1609	01.08.20 18:21:48	15,56	0,25	-10,97	42,69	36,34
1610	01.08.20 18:21:49	15,65	0,22	-8,51	44,92	36,57
1611	01.08.20 18:21:50	15,74	0,25	-17,17	38,84	34,00
1612	01.08.20 18:21:51	15,80	0,22	3,67	46,84	39,49
1613	01.08.20 18:21:52	15,89	0,29	-24,99	27,16	37,85
1614	01.08.20 18:21:53	15,99	0,34	-39,40	20,77	29,83
1615	01.08.20 18:21:54	16,05	0,34	-4,98	30,54	54,48
1616	01.08.20 18:21:55	16,11	0,39	-36,32	18,67	35,01
1617	01.08.20 18:21:56	16,11	0,41	-32,38	25,15	32,47
1618	01.08.20 18:21:57	16,14	0,41	-22,22	39,89	27,89
1619	01.08.20 18:21:58	16,14	0,44	-21,27	37,05	31,69
1620	01.08.20 18:21:59	16,14	0,46	-22,28	17,37	50,35
1621	01.08.20 18:22:00	16,14	0,46	-8,12	43,34	38,54
1622	01.08.20 18:22:01	16,14	0,46	-29,96	4,61	55,44
1623	01.08.20 18:22:02	16,11	0,44	31,19	-55,98	2,84
1624	01.08.20 18:22:03	16,11	0,46	37,19	-49,68	-3,13
1625	01.08.20 18:22:04	16,08	0,46	61,96	-26,75	1,29
1626	01.08.20 18:22:05	16,08	0,50	62,38	-24,88	2,74
1627	01.08.20 18:22:06	16,05	0,44	50,39	-31,21	8,41
1628	01.08.20 18:22:07	16,20	0,25	-18,28	-59,09	-12,63
1629	01.08.20 18:22:08	16,41	0,27	-27,25	51,03	-11,73
1630	01.08.20 18:22:09	16,53	0,20	49,00	12,35	-28,65
1631	01.08.20 18:22:10	16,68	0,25	45,96	34,54	-9,50
1632	01.08.20 18:22:11	16,83	0,29	1,12	72,48	-16,40
1633	01.08.20 18:22:12	16,98	0,22	-16,09	32,57	-41,34
1634	01.08.20 18:22:13	17,10	0,15	-15,64	18,93	-55,43
1635	01.08.20 18:22:14	17,25	0,08	-52,35	12,41	-25,24
1636	01.08.20 18:22:15	17,46	0,11	-23,43	-10,02	-56,55
1637	01.08.20 18:22:16	17,67	0,11	-19,46	8,81	-61,73
1638	01.08.20 18:22:17	17,85	0,08	-27,81	35,46	-26,73
1639	01.08.20 18:22:18	17,99	0,11	-39,12	38,25	-12,63
1640	01.08.20 18:22:19	18,14	0,11	-66,25	21,93	1,82
