#0	Date-time:	15/08/2020 5:34:04 PM
#1	Recorder:	71H1067
#2	File type:	1
#3	Columns:	7
#4	Channels:	5
#5	Field separation:	0
#6	Decimal point:	0
#7	Date def.:	0	0
#8	Time def.:	0
#9	Channel 1:	Temperature(°C)	Temp(°C)	2	1
#10	Channel 2:	Pressure(Bar)	Press(Bar)	2	1
#11	Reconvertion:	0
#14	Channel 3:	Tilt-X(°)	Tilt-X(°)	2	1
#18	Channel 4:	Tilt-Y(°)	Tilt-Y(°)	2	1
#19	Line color:	1	2	3	4
#22	Channel 5:	Tilt-Z(°)	Tilt-Z(°)	2	1
#30	Trend Type Number:	3
#33	Limit Temp. Corr. OTCR:	1
1	15.08.20 17:01:00	22,65	0,37	72,19	7,58	10,23
2	15.08.20 17:01:01	22,65	0,37	76,53	2,44	11,03
3	15.08.20 17:01:02	22,65	0,37	74,34	4,61	11,05
4	15.08.20 17:01:03	22,65	0,37	67,46	10,27	12,26
5	15.08.20 17:01:04	22,62	0,37	70,29	8,73	10,98
6	15.08.20 17:01:05	22,62	0,39	69,56	9,99	10,45
7	15.08.20 17:01:06	22,62	0,37	70,03	8,07	11,91
8	15.08.20 17:01:07	22,62	0,37	62,12	17,95	9,93
9	15.08.20 17:01:08	22,62	0,37	64,73	15,58	9,68
10	15.08.20 17:01:09	22,62	0,37	61,95	17,52	10,53
11	15.08.20 17:01:10	22,62	0,37	58,67	23,81	7,52
12	15.08.20 17:01:11	22,59	0,37	42,63	18,42	28,95
13	15.08.20 17:01:12	22,59	0,37	42,13	35,63	12,24
14	15.08.20 17:01:13	22,59	0,39	39,95	36,79	13,27
15	15.08.20 17:01:14	22,59	0,37	36,71	44,94	8,35
16	15.08.20 17:01:15	22,59	0,35	42,14	38,16	-9,70
17	15.08.20 17:01:16	22,59	0,37	40,69	47,25	-2,05
18	15.08.20 17:01:17	22,59	0,37	71,75	18,06	0,19
19	15.08.20 17:01:18	22,56	0,37	51,27	-32,92	-5,80
20	15.08.20 17:01:19	22,56	0,37	53,14	-27,37	9,48
21	15.08.20 17:01:20	22,56	0,37	52,40	-31,40	6,20
22	15.08.20 17:01:21	22,56	0,39	57,10	-24,23	8,67
23	15.08.20 17:01:22	22,56	0,37	65,61	-18,06	6,33
24	15.08.20 17:01:23	22,56	0,37	61,94	-17,31	10,75
25	15.08.20 17:01:24	22,53	0,37	40,40	-18,08	31,52
26	15.08.20 17:01:25	22,53	0,39	48,24	-27,34	14,43
27	15.08.20 17:01:26	22,53	0,37	37,75	-26,30	25,95
28	15.08.20 17:01:27	22,53	0,37	32,89	-36,41	20,70
29	15.08.20 17:01:28	22,53	0,39	28,77	-31,64	29,59
30	15.08.20 17:01:29	22,53	0,37	21,23	-31,85	36,93
31	15.08.20 17:01:30	22,51	0,39	-8,64	-5,73	75,63
32	15.08.20 17:01:31	22,51	0,37	-3,17	2,15	84,68
33	15.08.20 17:01:32	22,51	0,37	-6,73	-7,80	75,47
34	15.08.20 17:01:33	22,51	0,37	-48,46	-33,54	-8,00
35	15.08.20 17:01:34	22,51	0,37	62,04	-20,87	7,09
36	15.08.20 17:01:35	22,51	0,37	57,55	-24,01	8,44
37	15.08.20 17:01:36	22,48	0,39	41,48	-41,67	6,85
38	15.08.20 17:01:37	22,48	0,41	46,05	-40,80	3,15
39	15.08.20 17:01:38	22,48	0,45	58,83	-24,58	6,59
40	15.08.20 17:01:39	22,48	0,50	58,41	-24,86	6,73
41	15.08.20 17:01:40	22,48	0,50	57,04	-14,20	18,76
42	15.08.20 17:01:41	22,48	0,52	36,56	-10,02	43,42
43	15.08.20 17:01:42	22,48	0,52	55,80	-0,45	33,74
44	15.08.20 17:01:43	22,39	0,48	23,94	6,59	59,47
45	15.08.20 17:01:44	22,27	0,52	27,33	19,65	43,03
46	15.08.20 17:01:45	22,24	0,58	33,86	5,57	50,57
47	15.08.20 17:01:46	22,24	0,58	38,96	5,20	45,84
48	15.08.20 17:01:47	22,21	0,52	34,64	3,84	51,52
49	15.08.20 17:01:48	22,21	0,50	32,06	-4,83	53,11
50	15.08.20 17:01:49	22,21	0,50	32,44	6,48	51,08
51	15.08.20 17:01:50	22,18	0,43	20,01	20,37	49,63
52	15.08.20 17:01:51	22,16	0,48	30,42	6,28	53,30
53	15.08.20 17:01:52	21,98	0,55	29,82	11,98	48,19
54	15.08.20 17:01:53	21,78	0,50	26,14	0,52	63,34
55	15.08.20 17:01:54	21,66	0,50	26,39	-2,61	61,00
56	15.08.20 17:01:55	21,57	0,48	15,92	-6,30	67,78
57	15.08.20 17:01:56	21,51	0,45	19,73	2,10	68,16
58	15.08.20 17:01:57	21,45	0,45	17,36	4,26	68,38
59	15.08.20 17:01:58	21,37	0,48	22,39	10,87	56,74
60	15.08.20 17:01:59	21,34	0,52	13,68	-11,08	65,24
61	15.08.20 17:02:00	21,31	0,59	40,83	2,98	46,19
62	15.08.20 17:02:01	21,28	0,63	37,86	2,19	49,95
63	15.08.20 17:02:02	21,28	0,63	33,91	2,55	53,54
64	15.08.20 17:02:03	21,25	0,61	29,64	0,99	59,38
65	15.08.20 17:02:04	21,25	0,61	27,89	2,58	59,54
66	15.08.20 17:02:05	21,22	0,59	31,63	7,68	50,68
67	15.08.20 17:02:06	21,22	0,61	26,93	1,62	61,45
68	15.08.20 17:02:07	21,22	0,63	31,16	5,28	53,56
69	15.08.20 17:02:08	21,22	0,65	30,71	-2,32	56,97
70	15.08.20 17:02:09	21,22	0,68	35,57	1,11	53,32
71	15.08.20 17:02:10	21,22	0,70	37,79	3,24	48,97
72	15.08.20 17:02:11	21,19	0,70	35,91	-4,72	49,37
73	15.08.20 17:02:12	21,16	0,72	44,88	3,07	42,05
74	15.08.20 17:02:13	21,16	0,70	39,51	-2,77	47,73
75	15.08.20 17:02:14	21,16	0,72	36,85	-7,13	46,02
76	15.08.20 17:02:15	21,13	0,76	44,82	0,77	44,41
77	15.08.20 17:02:16	21,10	0,74	40,13	-6,33	43,53
78	15.08.20 17:02:17	21,07	0,78	43,80	-3,43	42,77
79	15.08.20 17:02:18	21,07	0,78	44,76	0,43	44,81
80	15.08.20 17:02:19	21,04	0,78	48,42	-0,34	41,24
81	15.08.20 17:02:20	21,04	0,80	51,68	0,58	37,74
82	15.08.20 17:02:21	21,04	0,82	51,64	-0,43	37,93
83	15.08.20 17:02:22	21,04	0,82	48,99	-3,16	37,85
84	15.08.20 17:02:23	21,04	0,84	49,07	-3,86	37,08
85	15.08.20 17:02:24	21,04	0,82	49,67	-0,56	39,77
86	15.08.20 17:02:25	21,02	0,84	51,49	3,00	35,51
87	15.08.20 17:02:26	21,02	0,84	51,91	3,80	34,29
88	15.08.20 17:02:27	21,04	0,87	52,45	-0,43	37,13
89	15.08.20 17:02:28	21,02	0,87	49,67	3,50	36,83
90	15.08.20 17:02:29	21,02	0,87	51,69	5,53	32,78
91	15.08.20 17:02:30	21,02	0,84	51,34	-1,08	37,58
92	15.08.20 17:02:31	21,02	0,84	44,80	-3,33	41,87
93	15.08.20 17:02:32	20,99	0,87	48,70	-3,57	37,73
94	15.08.20 17:02:33	21,02	0,89	52,31	6,66	31,02
95	15.08.20 17:02:34	21,02	0,89	55,19	4,90	29,91
96	15.08.20 17:02:35	20,99	0,89	56,84	3,40	29,77
97	15.08.20 17:02:36	21,02	0,91	58,40	0,88	30,72
98	15.08.20 17:02:37	20,99	0,89	54,99	-3,55	31,46
99	15.08.20 17:02:38	20,99	0,89	52,86	-4,46	32,68
100	15.08.20 17:02:39	20,99	0,91	55,68	-3,03	31,29
101	15.08.20 17:02:40	20,99	0,93	55,73	6,83	27,44
102	15.08.20 17:02:41	20,99	0,95	57,70	5,37	26,94
103	15.08.20 17:02:42	20,99	0,93	57,86	2,94	29,20
104	15.08.20 17:02:43	20,99	0,95	58,18	2,45	29,37
105	15.08.20 17:02:44	20,99	0,95	57,48	0,36	32,16
106	15.08.20 17:02:45	20,99	0,93	54,55	0,89	34,55
107	15.08.20 17:02:46	20,99	0,93	54,00	1,59	34,40
108	15.08.20 17:02:47	20,99	0,97	53,45	4,21	32,34
109	15.08.20 17:02:48	20,99	0,97	55,39	11,01	23,61
110	15.08.20 17:02:49	20,99	0,99	59,85	7,60	22,55
111	15.08.20 17:02:50	20,96	0,99	53,67	-0,51	35,82
112	15.08.20 17:02:51	20,96	0,99	52,93	2,70	34,38
113	15.08.20 17:02:52	20,93	1,01	55,54	9,10	25,36
114	15.08.20 17:02:53	20,93	1,01	55,06	4,16	30,78
115	15.08.20 17:02:54	20,90	0,99	48,68	-2,88	38,43
116	15.08.20 17:02:55	20,90	0,99	51,21	3,24	35,55
117	15.08.20 17:02:56	20,90	1,04	56,54	8,35	25,11
118	15.08.20 17:02:57	20,87	1,06	58,70	5,97	25,34
119	15.08.20 17:02:58	20,87	1,08	57,86	3,79	28,36
120	15.08.20 17:02:59	20,87	1,06	61,17	-0,46	28,37
121	15.08.20 17:03:00	20,87	1,06	55,75	-4,65	29,60
122	15.08.20 17:03:01	20,87	1,06	54,04	-8,02	27,94
123	15.08.20 17:03:02	20,87	1,08	61,40	-0,25	28,35
124	15.08.20 17:03:03	20,87	1,10	58,29	9,33	22,38
125	15.08.20 17:03:04	20,87	1,12	62,78	3,89	23,32
126	15.08.20 17:03:05	20,87	1,14	64,89	0,59	24,52
127	15.08.20 17:03:06	20,84	1,14	64,86	0,92	24,21
128	15.08.20 17:03:07	20,84	1,12	63,48	2,73	23,79
129	15.08.20 17:03:08	20,84	1,14	62,52	0,77	26,71
130	15.08.20 17:03:09	20,84	1,14	61,78	-1,64	26,58
131	15.08.20 17:03:10	20,84	1,14	60,79	1,99	27,22
132	15.08.20 17:03:11	20,84	1,18	60,32	3,26	26,42
133	15.08.20 17:03:12	20,84	1,21	58,18	6,52	25,30
134	15.08.20 17:03:13	20,84	1,18	58,90	5,18	25,92
135	15.08.20 17:03:14	20,81	1,25	55,83	7,02	27,16
136	15.08.20 17:03:15	20,81	1,25	56,55	7,76	25,69
137	15.08.20 17:03:16	20,78	1,27	55,31	5,48	29,21
138	15.08.20 17:03:17	20,78	1,25	54,24	7,79	27,97
139	15.08.20 17:03:18	20,78	1,29	56,76	7,97	25,28
140	15.08.20 17:03:19	20,78	1,31	55,33	5,86	28,82
141	15.08.20 17:03:20	20,78	1,31	52,14	3,88	33,98
142	15.08.20 17:03:21	20,78	1,31	52,20	9,01	28,79
143	15.08.20 17:03:22	20,78	1,36	60,46	9,45	20,09
144	15.08.20 17:03:23	20,78	1,38	60,96	4,83	24,21
145	15.08.20 17:03:24	20,75	1,38	55,38	1,43	33,20
146	15.08.20 17:03:25	20,72	1,40	54,21	8,91	26,88
147	15.08.20 17:03:26	20,69	1,42	61,10	8,40	20,50
148	15.08.20 17:03:27	20,66	1,44	56,76	5,28	27,96
149	15.08.20 17:03:28	20,55	1,42	50,90	-4,38	34,71
150	15.08.20 17:03:29	20,49	1,42	50,16	7,02	32,82
151	15.08.20 17:03:30	20,43	1,46	58,82	9,88	21,30
152	15.08.20 17:03:31	20,40	1,50	59,45	5,35	25,20
153	15.08.20 17:03:32	20,31	1,52	53,22	6,51	30,27
154	15.08.20 17:03:33	20,22	1,52	55,70	9,96	24,34
155	15.08.20 17:03:34	20,16	1,56	60,23	7,82	21,95
156	15.08.20 17:03:35	20,16	1,56	55,90	4,88	29,22
157	15.08.20 17:03:36	20,13	1,58	56,34	5,72	27,94
158	15.08.20 17:03:37	20,02	1,67	60,63	6,51	22,86
159	15.08.20 17:03:38	19,78	1,67	61,04	5,35	23,61
160	15.08.20 17:03:39	19,60	1,71	56,84	3,80	29,36
161	15.08.20 17:03:40	19,43	1,75	57,66	3,49	28,85
162	15.08.20 17:03:41	19,34	1,77	63,23	3,50	23,28
163	15.08.20 17:03:42	19,28	1,79	64,89	2,42	22,69
164	15.08.20 17:03:43	19,22	1,81	60,94	-0,39	28,68
165	15.08.20 17:03:44	19,10	1,81	57,57	-1,06	31,37
166	15.08.20 17:03:45	19,01	1,87	62,85	0,00	27,15
167	15.08.20 17:03:46	18,60	1,98	62,49	-0,09	27,43
168	15.08.20 17:03:47	18,30	1,99	53,98	0,06	35,96
169	15.08.20 17:03:48	18,12	1,95	51,45	-2,78	35,77
170	15.08.20 17:03:49	17,94	1,95	51,34	0,80	37,86
171	15.08.20 17:03:50	17,82	1,93	47,22	-1,45	41,34
172	15.08.20 17:03:51	17,85	1,90	48,94	-3,68	37,37
173	15.08.20 17:03:52	17,76	2,01	52,91	-2,48	34,61
174	15.08.20 17:03:53	17,49	2,01	50,57	1,86	37,58
175	15.08.20 17:03:54	17,22	2,00	46,15	-3,05	40,80
176	15.08.20 17:03:55	16,92	2,07	50,43	-4,93	34,65
177	15.08.20 17:03:56	16,65	2,11	51,27	-2,40	36,33
178	15.08.20 17:03:57	16,26	2,06	48,27	-1,46	40,27
179	15.08.20 17:03:58	16,14	2,02	47,18	1,27	41,55
180	15.08.20 17:03:59	15,93	2,08	45,61	4,97	39,42
181	15.08.20 17:04:00	15,74	2,05	43,57	-3,47	42,96
182	15.08.20 17:04:01	15,59	1,99	36,42	-15,30	38,28
183	15.08.20 17:04:02	15,28	1,99	39,44	-7,55	43,02
184	15.08.20 17:04:03	15,01	2,00	44,72	-0,36	44,92
185	15.08.20 17:04:04	14,85	2,00	49,43	-0,97	39,60
186	15.08.20 17:04:05	14,89	2,00	47,62	-4,21	38,17
187	15.08.20 17:04:06	14,79	1,98	45,45	-6,49	38,06
188	15.08.20 17:04:07	14,73	1,96	40,94	-10,63	38,43
189	15.08.20 17:04:08	14,67	1,94	42,45	-7,56	39,99
190	15.08.20 17:04:09	14,64	1,94	43,22	-7,69	39,08
191	15.08.20 17:04:10	14,58	1,94	45,37	-2,90	41,72
192	15.08.20 17:04:11	14,52	1,94	48,39	0,68	40,93
193	15.08.20 17:04:12	14,45	1,94	42,14	7,38	40,49
194	15.08.20 17:04:13	14,27	1,91	36,04	8,29	45,67
195	15.08.20 17:04:14	14,14	1,91	32,53	2,60	54,87
196	15.08.20 17:04:15	14,05	1,91	31,17	4,75	54,08
197	15.08.20 17:04:16	13,99	1,89	32,72	8,25	49,03
198	15.08.20 17:04:17	13,93	1,87	30,50	-1,76	57,74
199	15.08.20 17:04:18	13,83	1,89	32,96	1,55	55,49
200	15.08.20 17:04:19	13,65	1,88	30,94	4,13	54,93
201	15.08.20 17:04:20	13,52	1,88	27,51	2,70	59,80
202	15.08.20 17:04:21	13,40	1,84	27,40	3,86	58,75
203	15.08.20 17:04:22	13,30	1,84	24,61	3,78	61,62
204	15.08.20 17:04:23	13,24	1,82	24,39	1,64	63,96
205	15.08.20 17:04:24	13,21	1,82	28,50	4,68	56,82
206	15.08.20 17:04:25	13,21	1,82	30,56	1,67	57,77
207	15.08.20 17:04:26	13,21	1,82	34,71	5,18	50,11
208	15.08.20 17:04:27	13,24	1,82	27,79	0,30	61,91
209	15.08.20 17:04:28	13,24	1,82	25,34	4,16	60,50
210	15.08.20 17:04:29	13,24	1,79	24,36	2,24	63,40
211	15.08.20 17:04:30	13,21	1,79	24,04	3,57	62,39
212	15.08.20 17:04:31	13,18	1,77	25,05	2,20	62,75
213	15.08.20 17:04:32	13,18	1,82	32,51	5,32	52,17
214	15.08.20 17:04:33	13,15	1,82	35,23	5,38	49,40
215	15.08.20 17:04:34	13,21	1,82	34,46	3,95	51,59
216	15.08.20 17:04:35	13,15	1,86	28,52	3,13	58,35
217	15.08.20 17:04:36	12,99	1,81	27,92	8,35	53,73
218	15.08.20 17:04:37	12,86	1,83	21,88	5,38	62,74
219	15.08.20 17:04:38	12,77	1,85	26,74	7,77	55,49
220	15.08.20 17:04:39	12,67	1,85	25,40	4,19	60,41
221	15.08.20 17:04:40	12,64	1,87	30,47	5,88	53,65
222	15.08.20 17:04:41	12,55	1,92	33,40	7,66	48,95
223	15.08.20 17:04:42	12,48	1,89	32,42	8,79	48,79
224	15.08.20 17:04:43	12,36	1,91	27,18	9,67	53,15
225	15.08.20 17:04:44	12,23	1,93	26,13	7,42	56,46
226	15.08.20 17:04:45	12,13	1,93	25,65	8,97	55,38
227	15.08.20 17:04:46	12,07	1,93	25,49	9,46	55,05
228	15.08.20 17:04:47	11,97	1,95	26,12	8,76	55,12
229	15.08.20 17:04:48	11,88	1,97	27,96	8,40	53,65
230	15.08.20 17:04:49	11,72	1,97	27,07	10,68	52,25
231	15.08.20 17:04:50	11,56	2,01	27,22	11,68	51,09
232	15.08.20 17:04:51	11,40	2,05	27,89	12,13	49,99
233	15.08.20 17:04:52	11,17	2,07	24,87	10,83	54,30
234	15.08.20 17:04:53	10,98	2,07	25,69	10,48	53,82
235	15.08.20 17:04:54	10,81	2,07	27,66	13,22	49,12
236	15.08.20 17:04:55	10,68	2,11	27,52	12,68	49,80
237	15.08.20 17:04:56	10,52	2,11	28,48	14,06	47,47
238	15.08.20 17:04:57	10,42	2,13	26,61	14,39	49,00
239	15.08.20 17:04:58	10,32	2,13	26,52	13,97	49,50
240	15.08.20 17:04:59	10,22	2,17	27,69	14,51	47,80
241	15.08.20 17:05:00	10,16	2,17	28,06	14,91	47,03
242	15.08.20 17:05:01	10,13	2,17	30,60	17,92	41,48
243	15.08.20 17:05:02	10,06	2,21	32,30	17,93	39,76
244	15.08.20 17:05:03	9,99	2,23	31,65	18,60	39,75
245	15.08.20 17:05:04	9,93	2,25	29,58	17,71	42,71
246	15.08.20 17:05:05	9,83	2,23	28,54	16,82	44,64
247	15.08.20 17:05:06	9,73	2,27	25,62	15,51	48,87
248	15.08.20 17:05:07	9,63	2,27	23,83	14,81	51,37
249	15.08.20 17:05:08	9,56	2,29	29,54	17,10	43,36
250	15.08.20 17:05:09	9,53	2,31	39,08	22,35	28,57
251	15.08.20 17:05:10	9,50	2,36	54,62	29,97	-5,40
252	15.08.20 17:05:11	9,46	2,36	37,58	26,67	25,75
253	15.08.20 17:05:12	9,43	2,38	28,44	20,22	41,33
254	15.08.20 17:05:13	9,33	2,42	29,32	21,34	39,34
255	15.08.20 17:05:14	9,20	2,42	30,23	24,42	35,35
256	15.08.20 17:05:15	9,13	2,42	46,95	35,96	7,09
257	15.08.20 17:05:16	9,13	2,42	48,69	35,62	-5,69
258	15.08.20 17:05:17	9,13	2,44	33,14	18,86	38,00
259	15.08.20 17:05:18	9,13	2,48	50,22	24,15	-15,63
260	15.08.20 17:05:19	9,13	2,50	36,02	25,05	28,92
261	15.08.20 17:05:20	8,93	2,57	46,39	33,88	9,73
262	15.08.20 17:05:21	8,79	2,54	40,92	31,89	-17,19
263	15.08.20 17:05:22	8,63	2,58	45,81	41,19	-3,00
264	15.08.20 17:05:23	8,39	2,60	31,81	22,33	35,86
265	15.08.20 17:05:24	8,32	2,60	47,28	28,35	-14,37
266	15.08.20 17:05:25	8,29	2,62	40,34	32,01	17,66
267	15.08.20 17:05:26	8,18	2,64	46,44	31,08	12,49
268	15.08.20 17:05:27	8,15	2,66	45,90	32,49	-11,61
269	15.08.20 17:05:28	8,08	2,69	30,39	24,42	35,18
270	15.08.20 17:05:29	7,98	2,68	47,59	35,85	-6,56
271	15.08.20 17:05:30	7,95	2,71	47,96	41,39	-0,65
272	15.08.20 17:05:31	7,91	2,73	36,43	25,36	28,20
273	15.08.20 17:05:32	7,91	2,75	43,87	27,88	-18,26
274	15.08.20 17:05:33	7,91	2,77	41,61	37,96	10,43
275	15.08.20 17:05:34	7,88	2,77	34,73	23,03	32,23
276	15.08.20 17:05:35	7,88	2,77	44,49	24,93	-20,58
277	15.08.20 17:05:36	7,88	2,81	45,48	41,50	3,01
278	15.08.20 17:05:37	7,71	2,87	33,21	21,96	34,83
279	15.08.20 17:05:38	7,57	2,87	46,10	25,33	-18,57
280	15.08.20 17:05:39	7,57	2,87	34,58	31,46	23,96
281	15.08.20 17:05:40	7,50	2,87	39,07	33,29	17,64
282	15.08.20 17:05:41	7,50	2,91	43,82	33,75	-12,43
283	15.08.20 17:05:42	7,53	2,91	31,22	24,04	34,74
284	15.08.20 17:05:43	7,46	2,98	46,43	26,70	-16,87
285	15.08.20 17:05:44	7,50	2,96	38,35	33,16	18,49
286	15.08.20 17:05:45	7,46	3,00	41,61	28,88	19,51
287	15.08.20 17:05:46	7,50	2,98	44,64	28,32	-17,04
288	15.08.20 17:05:47	7,46	3,02	31,67	23,24	35,10
289	15.08.20 17:05:48	7,40	3,04	49,34	36,71	-3,94
290	15.08.20 17:05:49	7,40	3,06	38,93	35,05	-16,02
291	15.08.20 17:05:50	7,40	3,11	42,27	41,27	-6,46
292	15.08.20 17:05:51	7,22	3,15	30,16	26,04	33,79
293	15.08.20 17:05:52	7,08	3,17	52,57	36,65	0,77
294	15.08.20 17:05:53	7,05	3,15	48,39	35,06	-6,55
295	15.08.20 17:05:54	6,94	3,19	36,10	26,66	27,24
296	15.08.20 17:05:55	6,80	3,21	40,79	26,50	-22,71
297	15.08.20 17:05:56	6,73	3,27	41,32	40,18	-8,50
298	15.08.20 17:05:57	6,52	3,27	38,56	34,39	17,05
299	15.08.20 17:05:58	6,35	3,29	38,92	30,66	20,42
300	15.08.20 17:05:59	6,31	3,27	43,90	30,84	-15,26
301	15.08.20 17:06:00	6,31	3,29	31,40	19,68	38,91
302	15.08.20 17:06:01	6,24	3,35	48,56	35,67	-5,77
303	15.08.20 17:06:02	6,14	3,35	43,45	37,33	-9,22
304	15.08.20 17:06:03	6,10	3,33	33,07	26,03	30,90
305	15.08.20 17:06:04	5,99	3,41	41,43	26,53	-22,04
306	15.08.20 17:06:05	5,99	3,41	47,67	41,97	0,37
307	15.08.20 17:06:06	5,81	3,43	35,01	25,19	29,80
308	15.08.20 17:06:07	5,81	3,45	39,03	24,13	-26,85
309	15.08.20 17:06:08	5,78	3,50	42,64	39,81	7,55
310	15.08.20 17:06:09	5,60	3,52	34,58	27,18	28,25
311	15.08.20 17:06:10	5,53	3,51	42,92	25,21	-21,87
312	15.08.20 17:06:11	5,53	3,56	35,61	25,32	29,07
313	15.08.20 17:06:12	5,49	3,58	52,07	30,94	6,99
314	15.08.20 17:06:13	5,49	3,60	49,83	34,34	-5,83
315	15.08.20 17:06:14	5,49	3,60	31,51	25,62	32,87
316	15.08.20 17:06:15	5,46	3,64	45,51	33,48	-11,01
317	15.08.20 17:06:16	5,42	3,66	38,93	35,92	15,15
318	15.08.20 17:06:17	5,31	3,68	31,86	22,50	35,64
319	15.08.20 17:06:18	5,28	3,73	48,56	25,51	-15,93
320	15.08.20 17:06:19	5,24	3,75	37,67	18,95	33,38
321	15.08.20 17:06:20	5,24	3,79	53,02	30,94	6,04
322	15.08.20 17:06:21	5,28	3,77	50,99	38,87	0,15
323	15.08.20 17:06:22	5,24	3,79	20,57	12,79	56,64
324	15.08.20 17:06:23	5,17	3,81	24,55	18,37	47,08
325	15.08.20 17:06:24	5,06	3,85	29,38	19,52	41,11
326	15.08.20 17:06:25	4,95	3,89	41,27	24,91	23,82
327	15.08.20 17:06:26	4,91	3,94	57,07	27,90	-5,03
328	15.08.20 17:06:27	4,91	3,91	30,66	8,40	50,94
329	15.08.20 17:06:28	4,91	3,96	27,12	11,66	51,22
330	15.08.20 17:06:29	4,88	3,98	26,95	11,41	51,64
331	15.08.20 17:06:30	4,73	4,02	28,32	9,13	52,54
332	15.08.20 17:06:31	4,55	4,02	27,26	9,32	53,42
333	15.08.20 17:06:32	4,48	4,04	28,73	9,95	51,32
334	15.08.20 17:06:33	4,40	4,06	30,18	11,64	48,18
335	15.08.20 17:06:34	4,33	4,08	27,56	11,36	51,08
336	15.08.20 17:06:35	4,22	4,10	28,04	12,04	49,92
337	15.08.20 17:06:36	4,14	4,12	31,98	13,60	44,43
338	15.08.20 17:06:37	4,14	4,14	40,18	19,19	30,63
339	15.08.20 17:06:38	4,11	4,18	54,27	28,45	7,29
340	15.08.20 17:06:39	4,07	4,20	35,72	18,73	35,54
341	15.08.20 17:06:40	4,11	4,20	27,04	12,20	50,76
342	15.08.20 17:06:41	4,03	4,25	27,65	13,44	48,91
343	15.08.20 17:06:42	3,96	4,25	27,85	12,84	49,32
344	15.08.20 17:06:43	3,88	4,29	35,34	16,62	38,04
345	15.08.20 17:06:44	3,81	4,31	44,46	24,36	21,18
346	15.08.20 17:06:45	3,77	4,31	51,03	34,15	4,82
347	15.08.20 17:06:46	3,77	4,33	28,77	9,33	51,91
348	15.08.20 17:06:47	3,73	4,33	29,96	16,94	43,10
349	15.08.20 17:06:48	3,70	4,39	32,57	16,66	40,77
350	15.08.20 17:06:49	3,62	4,39	41,29	22,38	26,33
351	15.08.20 17:06:50	3,59	4,41	55,60	31,71	-2,70
352	15.08.20 17:06:51	3,59	4,43	27,01	10,66	52,34
353	15.08.20 17:06:52	3,62	4,43	28,00	17,64	44,37
354	15.08.20 17:06:53	3,55	4,48	29,75	17,67	42,57
355	15.08.20 17:06:54	3,47	4,50	34,92	21,75	33,33
356	15.08.20 17:06:55	3,44	4,50	46,66	28,85	14,49
357	15.08.20 17:06:56	3,44	4,54	47,12	27,29	15,59
358	15.08.20 17:06:57	3,44	4,56	33,75	15,30	40,95
359	15.08.20 17:06:58	3,47	4,58	38,19	23,02	28,78
360	15.08.20 17:06:59	3,47	4,60	50,93	34,28	4,79
361	15.08.20 17:07:00	3,47	4,60	39,94	31,08	18,98
362	15.08.20 17:07:01	3,44	4,65	29,50	15,11	45,39
363	15.08.20 17:07:02	3,40	4,67	39,14	23,53	27,33
364	15.08.20 17:07:03	3,32	4,69	53,29	30,23	-6,48
365	15.08.20 17:07:04	3,25	4,71	30,92	11,27	47,81
366	15.08.20 17:07:05	3,25	4,73	35,24	22,18	32,58
367	15.08.20 17:07:06	3,25	4,75	34,59	24,22	31,19
368	15.08.20 17:07:07	3,25	4,77	37,59	25,54	26,86
369	15.08.20 17:07:08	3,25	4,82	53,88	34,05	-2,07
370	15.08.20 17:07:09	3,25	4,84	26,75	10,83	52,42
371	15.08.20 17:07:10	3,21	4,86	22,90	9,86	57,24
372	15.08.20 17:07:11	3,17	4,88	25,60	9,33	55,07
373	15.08.20 17:07:12	3,06	4,92	27,12	7,44	55,45
374	15.08.20 17:07:13	3,02	4,96	24,88	3,52	61,59
375	15.08.20 17:07:14	2,94	4,98	24,93	0,20	64,87
376	15.08.20 17:07:15	2,94	4,98	27,08	6,90	56,02
377	15.08.20 17:07:16	2,94	5,00	23,81	-1,21	64,98
378	15.08.20 17:07:17	2,98	5,03	30,58	9,33	50,09
379	15.08.20 17:07:18	3,02	5,05	28,63	6,30	55,06
380	15.08.20 17:07:19	2,94	5,11	32,07	8,41	49,53
381	15.08.20 17:07:20	2,91	5,13	32,16	3,71	54,13
382	15.08.20 17:07:21	2,94	5,13	26,68	1,09	62,23
383	15.08.20 17:07:22	2,94	5,18	26,35	5,58	58,07
384	15.08.20 17:07:23	2,91	5,18	27,62	10,26	52,12
385	15.08.20 17:07:24	2,91	5,20	24,41	6,25	59,33
386	15.08.20 17:07:25	2,87	5,22	24,42	5,25	60,33
387	15.08.20 17:07:26	2,79	5,26	27,84	4,44	57,72
388	15.08.20 17:07:27	2,75	5,28	27,36	4,43	58,21
389	15.08.20 17:07:28	2,75	5,30	25,93	5,92	58,15
390	15.08.20 17:07:29	2,75	5,32	25,24	5,46	59,29
391	15.08.20 17:07:30	2,72	5,30	25,23	7,53	57,24
392	15.08.20 17:07:31	2,68	5,32	25,67	9,08	55,25
393	15.08.20 17:07:32	2,68	5,37	25,96	7,76	56,27
394	15.08.20 17:07:33	2,68	5,37	27,50	7,99	54,51
395	15.08.20 17:07:34	2,68	5,41	33,18	13,61	43,21
396	15.08.20 17:07:35	2,72	5,41	31,03	13,72	45,24
397	15.08.20 17:07:36	2,72	5,43	29,09	13,33	47,58
398	15.08.20 17:07:37	2,75	5,45	25,33	12,77	51,89
399	15.08.20 17:07:38	2,75	5,47	22,84	10,78	56,38
400	15.08.20 17:07:39	2,75	5,49	25,79	12,03	52,19
401	15.08.20 17:07:40	2,75	5,52	28,57	13,08	48,35
402	15.08.20 17:07:41	2,72	5,56	36,62	19,17	34,21
403	15.08.20 17:07:42	2,68	5,60	54,30	27,99	7,70
404	15.08.20 17:07:43	2,68	5,62	42,00	24,14	23,86
405	15.08.20 17:07:44	2,68	5,62	26,77	12,55	50,68
406	15.08.20 17:07:45	2,72	5,64	27,24	14,76	48,00
407	15.08.20 17:07:46	2,68	5,69	32,25	17,36	40,39
408	15.08.20 17:07:47	2,60	5,69	35,47	21,25	33,28
409	15.08.20 17:07:48	2,56	5,73	43,68	25,13	21,19
410	15.08.20 17:07:49	2,52	5,75	58,56	30,70	0,74
411	15.08.20 17:07:50	2,52	5,79	30,77	7,17	52,05
412	15.08.20 17:07:51	2,52	5,79	31,33	18,34	40,33
413	15.08.20 17:07:52	2,56	5,81	30,61	16,57	42,82
414	15.08.20 17:07:53	2,52	5,83	30,11	18,46	41,43
415	15.08.20 17:07:54	2,45	5,88	31,30	20,28	38,43
416	15.08.20 17:07:55	2,41	5,92	40,79	23,61	25,60
417	15.08.20 17:07:56	2,33	5,94	54,57	31,40	-4,03
418	15.08.20 17:07:57	2,33	5,94	31,07	8,32	50,62
419	15.08.20 17:07:58	2,33	5,96	35,73	20,39	33,88
420	15.08.20 17:07:59	2,33	6,00	34,04	16,92	39,05
421	15.08.20 17:08:00	2,33	6,05	24,55	3,87	61,58
422	15.08.20 17:08:01	2,29	6,07	26,50	3,44	60,06
423	15.08.20 17:08:02	2,26	6,11	27,41	-2,93	59,66
424	15.08.20 17:08:03	2,29	6,15	25,59	-12,86	51,54
425	15.08.20 17:08:04	2,26	6,22	25,28	-27,05	37,66
426	15.08.20 17:08:05	2,26	6,22	24,24	-21,51	44,26
427	15.08.20 17:08:06	2,29	6,20	25,54	-18,07	46,39
428	15.08.20 17:08:07	2,29	6,24	23,02	-18,53	48,45
429	15.08.20 17:08:08	2,33	6,26	21,76	-15,30	52,93
430	15.08.20 17:08:09	2,33	6,26	24,42	-17,82	47,76
431	15.08.20 17:08:10	2,29	6,28	25,84	-19,75	44,41
432	15.08.20 17:08:11	2,33	6,32	27,66	-18,08	44,25
433	15.08.20 17:08:12	2,33	6,35	31,09	-16,38	42,53
434	15.08.20 17:08:13	2,29	6,34	30,67	-17,99	41,34
435	15.08.20 17:08:14	2,26	6,37	29,46	-15,83	44,71
436	15.08.20 17:08:15	2,26	6,41	32,05	-14,53	43,43
437	15.08.20 17:08:16	2,26	6,41	36,12	-12,71	41,17
438	15.08.20 17:08:17	2,26	6,41	36,05	-11,83	42,12
439	15.08.20 17:08:18	2,26	6,43	33,09	-12,86	44,05
440	15.08.20 17:08:19	2,26	6,45	38,84	-7,79	43,37
441	15.08.20 17:08:20	2,26	6,49	44,96	-5,03	40,00
442	15.08.20 17:08:21	2,26	6,52	44,47	-4,87	40,66
443	15.08.20 17:08:22	2,22	6,54	42,76	-5,38	41,86
444	15.08.20 17:08:23	2,26	6,56	42,38	-5,88	41,74
445	15.08.20 17:08:24	2,22	6,58	43,05	-5,05	41,91
446	15.08.20 17:08:25	2,22	6,60	41,19	-4,86	43,95
447	15.08.20 17:08:26	2,18	6,60	46,71	-3,39	39,89
448	15.08.20 17:08:27	2,18	6,66	53,15	-3,24	33,60
449	15.08.20 17:08:28	2,14	6,66	47,12	-4,19	38,69
450	15.08.20 17:08:29	2,14	6,69	37,78	-5,60	46,62
451	15.08.20 17:08:30	2,14	6,71	48,02	-3,26	38,72
452	15.08.20 17:08:31	2,14	6,75	52,27	-3,93	33,80
453	15.08.20 17:08:32	2,14	6,77	44,61	-4,97	40,42
454	15.08.20 17:08:33	2,10	6,79	37,83	-6,46	45,71
455	15.08.20 17:08:34	2,10	6,83	52,08	-1,49	36,44
456	15.08.20 17:08:35	2,06	6,88	53,60	-3,00	33,40
457	15.08.20 17:08:36	2,06	6,88	48,01	-1,77	40,21
458	15.08.20 17:08:37	2,10	6,90	49,70	-1,10	39,20
459	15.08.20 17:08:38	2,10	6,94	51,23	-1,03	37,74
460	15.08.20 17:08:39	2,10	6,96	46,88	-2,18	40,94
461	15.08.20 17:08:40	2,14	6,99	43,49	-3,17	43,34
462	15.08.20 17:08:41	2,14	7,03	48,03	-1,36	40,61
463	15.08.20 17:08:42	2,14	7,05	48,74	-0,81	40,45
464	15.08.20 17:08:43	2,14	7,07	47,37	-0,12	42,51
465	15.08.20 17:08:44	2,14	7,09	49,93	0,36	39,72
466	15.08.20 17:08:45	2,14	7,14	48,56	-0,51	40,93
467	15.08.20 17:08:46	2,14	7,16	42,91	-4,21	42,88
468	15.08.20 17:08:47	2,14	7,18	35,94	-10,26	43,80
469	15.08.20 17:08:48	2,14	7,22	41,94	-1,36	46,70
470	15.08.20 17:08:49	2,10	7,28	50,29	1,82	37,90
471	15.08.20 17:08:50	2,10	7,31	53,47	1,17	35,37
472	15.08.20 17:08:51	2,06	7,33	47,93	-0,37	41,71
473	15.08.20 17:08:52	2,06	7,35	49,29	1,27	39,44
474	15.08.20 17:08:53	2,06	7,39	49,48	0,57	39,96
475	15.08.20 17:08:54	2,02	7,43	47,76	0,52	41,72
476	15.08.20 17:08:55	2,02	7,45	54,10	0,99	34,91
477	15.08.20 17:08:56	2,02	7,52	65,64	1,08	23,28
478	15.08.20 17:08:57	2,02	7,56	57,64	-0,41	31,94
479	15.08.20 17:08:58	2,02	7,56	40,02	-6,19	43,80
480	15.08.20 17:08:59	2,02	7,58	46,99	2,00	41,01
481	15.08.20 17:09:00	1,98	7,63	54,32	2,53	33,15
482	15.08.20 17:09:01	1,98	7,65	50,82	1,24	37,95
483	15.08.20 17:09:02	1,98	7,67	40,27	-5,75	43,98
484	15.08.20 17:09:03	1,98	7,69	43,23	1,66	45,11
485	15.08.20 17:09:04	1,98	7,73	56,05	3,41	30,54
486	15.08.20 17:09:05	2,02	7,80	52,54	1,87	35,59
487	15.08.20 17:09:06	1,98	7,78	44,89	-1,06	44,05
488	15.08.20 17:09:07	1,98	7,82	46,61	2,29	41,09
489	15.08.20 17:09:08	1,98	7,84	51,25	4,05	34,70
490	15.08.20 17:09:09	1,98	7,88	52,30	4,64	33,06
491	15.08.20 17:09:10	1,95	7,88	53,97	5,45	30,59
492	15.08.20 17:09:11	1,95	7,92	52,16	5,38	32,46
493	15.08.20 17:09:12	1,91	7,95	41,45	4,66	43,89
494	15.08.20 17:09:13	1,91	7,95	21,53	9,55	58,93
495	15.08.20 17:09:14	1,91	7,95	6,63	14,27	69,10
496	15.08.20 17:09:15	1,87	7,97	0,77	17,73	71,50
497	15.08.20 17:09:16	1,87	7,97	-4,61	9,91	75,48
498	15.08.20 17:09:17	1,83	7,94	-6,45	-0,03	83,52
499	15.08.20 17:09:18	1,83	7,99	-3,62	-8,90	77,48
500	15.08.20 17:09:19	1,79	7,97	-1,22	-6,73	82,05
501	15.08.20 17:09:20	1,75	7,99	-2,72	-4,26	83,02
502	15.08.20 17:09:21	1,75	7,97	-6,66	-6,17	77,17
503	15.08.20 17:09:22	1,71	7,94	-7,23	-8,57	74,20
504	15.08.20 17:09:23	1,71	7,96	-3,52	-7,94	78,53
505	15.08.20 17:09:24	1,67	7,96	-2,66	-7,27	80,06
506	15.08.20 17:09:25	1,67	7,94	-4,77	-9,65	75,58
507	15.08.20 17:09:26	1,67	7,96	-5,47	-7,38	77,15
508	15.08.20 17:09:27	1,67	7,96	-3,99	-5,76	80,25
509	15.08.20 17:09:28	1,67	7,96	-5,44	-4,57	79,98
510	15.08.20 17:09:29	1,67	7,96	-2,95	-3,85	83,19
511	15.08.20 17:09:30	1,63	7,96	-0,61	-4,50	84,89
512	15.08.20 17:09:31	1,63	7,96	-5,65	-8,25	76,10
513	15.08.20 17:09:32	1,63	7,94	-5,08	-4,09	80,83
514	15.08.20 17:09:33	1,63	7,96	-3,11	-6,62	80,27
515	15.08.20 17:09:34	1,63	7,96	-1,93	-6,94	81,13
516	15.08.20 17:09:35	1,63	7,94	-5,26	-8,21	76,53
517	15.08.20 17:09:36	1,63	7,94	-6,47	-5,08	78,45
518	15.08.20 17:09:37	1,63	7,94	-3,93	-9,59	76,48
519	15.08.20 17:09:38	1,63	7,94	-2,49	-7,78	79,73
520	15.08.20 17:09:39	1,63	7,94	-6,21	-9,28	74,51
521	15.08.20 17:09:40	1,63	7,96	-7,63	-8,86	73,51
522	15.08.20 17:09:41	1,63	7,96	-2,46	-6,52	81,01
523	15.08.20 17:09:42	1,63	7,94	-1,44	-8,76	79,79
524	15.08.20 17:09:43	1,63	7,96	-2,95	-6,51	80,53
525	15.08.20 17:09:44	1,63	7,96	-4,25	-8,66	77,09
526	15.08.20 17:09:45	1,63	7,94	-5,64	-9,35	75,01
527	15.08.20 17:09:46	1,63	7,94	-3,76	-6,70	79,54
528	15.08.20 17:09:47	1,59	7,96	-3,18	-6,09	80,73
529	15.08.20 17:09:48	1,59	7,94	-2,58	-6,55	80,86
530	15.08.20 17:09:49	1,59	7,96	-3,34	-7,58	79,08
531	15.08.20 17:09:50	1,59	7,94	-2,90	-11,38	75,72
532	15.08.20 17:09:51	1,59	7,96	-3,80	-10,03	76,17
533	15.08.20 17:09:52	1,59	7,96	-2,91	-12,70	74,40
534	15.08.20 17:09:53	1,59	7,94	-4,62	-8,02	77,35
535	15.08.20 17:09:54	1,59	7,94	-2,77	-7,83	79,40
536	15.08.20 17:09:55	1,59	7,94	-4,38	-8,74	76,88
537	15.08.20 17:09:56	1,59	7,96	-6,49	-7,80	75,71
538	15.08.20 17:09:57	1,59	7,96	-3,69	-8,73	77,58
539	15.08.20 17:09:58	1,59	7,94	-0,22	-8,80	80,98
540	15.08.20 17:09:59	1,56	7,96	-2,60	-8,66	78,74
541	15.08.20 17:10:00	1,56	7,94	-6,50	-8,81	74,69
542	15.08.20 17:10:01	1,56	7,94	-5,06	-11,03	73,91
543	15.08.20 17:10:02	1,56	7,94	0,22	-6,79	82,99
544	15.08.20 17:10:03	1,56	7,94	-5,13	-8,90	75,98
545	15.08.20 17:10:04	1,56	7,94	-5,77	-6,66	77,57
546	15.08.20 17:10:05	1,56	7,94	-2,58	-5,60	81,82
547	15.08.20 17:10:06	1,56	7,94	-3,49	-4,39	82,12
548	15.08.20 17:10:07	1,56	7,94	-4,71	-6,57	78,72
549	15.08.20 17:10:08	1,56	7,92	-4,32	-7,71	77,97
550	15.08.20 17:10:09	1,56	7,94	-4,40	-5,13	80,47
551	15.08.20 17:10:10	1,56	7,94	-3,71	-3,00	83,29
552	15.08.20 17:10:11	1,56	7,94	-0,09	-5,54	84,37
553	15.08.20 17:10:12	1,52	7,94	-4,15	-7,50	78,34
554	15.08.20 17:10:13	1,52	7,94	-6,06	-7,81	76,13
555	15.08.20 17:10:14	1,52	7,92	-3,80	-3,70	82,50
556	15.08.20 17:10:15	1,52	7,94	-3,61	-7,19	79,20
557	15.08.20 17:10:16	1,52	7,94	-5,16	-6,56	78,28
558	15.08.20 17:10:17	1,52	7,94	-5,07	-7,47	77,46
559	15.08.20 17:10:18	1,52	7,94	-2,62	-6,11	81,27
560	15.08.20 17:10:19	1,52	7,94	-4,33	-5,86	79,81
561	15.08.20 17:10:20	1,52	7,94	-4,59	-4,65	80,76
562	15.08.20 17:10:21	1,52	7,94	-3,82	-6,70	79,47
563	15.08.20 17:10:22	1,48	7,92	-3,01	-4,50	82,49
564	15.08.20 17:10:23	1,48	7,94	-4,22	-6,92	78,86
565	15.08.20 17:10:24	1,48	7,92	-2,43	-5,44	82,13
566	15.08.20 17:10:25	1,48	7,92	-7,46	-6,80	75,74
567	15.08.20 17:10:26	1,48	7,92	-4,18	-7,85	77,97
568	15.08.20 17:10:27	1,48	7,92	-2,37	-9,60	78,03
569	15.08.20 17:10:28	1,48	7,94	-4,05	-7,87	78,08
570	15.08.20 17:10:29	1,48	7,94	-5,74	-8,92	75,34
571	15.08.20 17:10:30	1,48	7,92	-3,97	-7,22	78,81
572	15.08.20 17:10:31	1,48	7,94	0,43	-10,05	79,52
573	15.08.20 17:10:32	1,48	7,92	-3,21	-7,90	78,90
574	15.08.20 17:10:33	1,48	7,92	-3,06	-6,77	80,17
575	15.08.20 17:10:34	1,48	7,92	-4,74	-6,89	78,37
576	15.08.20 17:10:35	1,48	7,94	-4,04	-5,98	79,98
577	15.08.20 17:10:36	1,48	7,92	-4,34	-3,07	82,59
578	15.08.20 17:10:37	1,48	7,92	-2,68	-5,68	81,64
579	15.08.20 17:10:38	1,48	7,92	-4,99	-9,49	75,52
580	15.08.20 17:10:39	1,48	7,94	-5,73	-5,28	78,99
581	15.08.20 17:10:40	1,44	7,92	-3,43	-5,12	81,45
582	15.08.20 17:10:41	1,44	7,94	-1,34	-5,05	83,61
583	15.08.20 17:10:42	1,44	7,92	-6,66	-6,30	77,04
584	15.08.20 17:10:43	1,44	7,92	-2,46	-7,53	80,01
585	15.08.20 17:10:44	1,44	7,92	-2,09	-5,83	82,08
586	15.08.20 17:10:45	1,44	7,92	-3,87	-11,83	74,31
587	15.08.20 17:10:46	1,44	7,94	-8,39	-8,38	73,23
588	15.08.20 17:10:47	1,44	7,92	-3,49	-7,57	78,94
589	15.08.20 17:10:48	1,44	7,92	0,85	-10,58	78,57
590	15.08.20 17:10:49	1,44	7,94	-4,69	-10,76	74,55
591	15.08.20 17:10:50	1,44	7,94	-3,67	-9,36	76,96
592	15.08.20 17:10:51	1,44	7,92	-4,01	-8,77	77,22
593	15.08.20 17:10:52	1,44	7,92	-2,20	-13,64	74,16
594	15.08.20 17:10:53	1,44	7,92	-7,56	-8,52	73,93
595	15.08.20 17:10:54	1,44	7,94	-2,47	-6,84	80,69
596	15.08.20 17:10:55	1,44	7,92	0,84	-14,81	74,36
597	15.08.20 17:10:56	1,44	7,94	-3,27	-9,34	77,39
598	15.08.20 17:10:57	1,44	7,94	-9,50	-6,56	73,94
599	15.08.20 17:10:58	1,44	7,94	-2,37	-9,10	78,53
600	15.08.20 17:10:59	1,44	7,92	-2,04	-10,11	77,85
601	15.08.20 17:11:00	1,44	7,92	-2,53	-9,83	77,65
602	15.08.20 17:11:01	1,44	7,94	-6,17	-6,87	76,96
603	15.08.20 17:11:02	1,44	7,92	-6,13	-6,98	76,89
604	15.08.20 17:11:03	1,44	7,92	-2,12	-6,94	80,95
605	15.08.20 17:11:04	1,44	7,92	-2,86	-6,82	80,32
606	15.08.20 17:11:05	1,44	7,92	-5,81	-7,86	76,33
607	15.08.20 17:11:06	1,44	7,92	-5,16	-9,76	75,08
608	15.08.20 17:11:07	1,44	7,92	-3,21	-8,32	78,47
609	15.08.20 17:11:08	1,44	7,90	-3,37	-10,56	76,07
610	15.08.20 17:11:09	1,44	7,92	-2,64	-10,67	76,68
611	15.08.20 17:11:10	1,44	7,92	-6,16	-10,68	73,16
612	15.08.20 17:11:11	1,44	7,92	-4,45	-8,45	77,10
613	15.08.20 17:11:12	1,44	7,92	-3,75	-6,21	80,05
614	15.08.20 17:11:13	1,44	7,92	-1,71	-10,22	78,07
615	15.08.20 17:11:14	1,44	7,94	-4,97	-6,20	78,82
616	15.08.20 17:11:15	1,44	7,92	-8,25	-4,87	76,89
617	15.08.20 17:11:16	1,44	7,92	-4,23	-2,74	83,03
618	15.08.20 17:11:17	1,44	7,92	-3,59	-2,18	84,23
619	15.08.20 17:11:18	1,44	7,92	-1,11	-3,14	85,75
620	15.08.20 17:11:19	1,44	7,94	-4,09	-3,87	82,04
621	15.08.20 17:11:20	1,44	7,92	-5,51	-2,59	81,91
622	15.08.20 17:11:21	1,44	7,92	-3,43	-4,67	81,90
623	15.08.20 17:11:22	1,44	7,92	-4,13	-4,90	80,97
624	15.08.20 17:11:23	1,44	7,94	-3,33	-5,99	80,68
625	15.08.20 17:11:24	1,44	7,92	-3,16	-5,15	81,68
626	15.08.20 17:11:25	1,44	7,90	-4,15	-10,01	75,84
627	15.08.20 17:11:26	1,44	7,92	-3,66	-9,12	77,22
628	15.08.20 17:11:27	1,44	7,92	-1,69	-6,73	81,58
629	15.08.20 17:11:28	1,44	7,92	-4,51	-8,41	77,08
630	15.08.20 17:11:29	1,44	7,92	-4,88	-5,19	79,92
631	15.08.20 17:11:30	1,44	7,90	-3,32	-11,17	75,51
632	15.08.20 17:11:31	1,44	7,92	-3,31	-5,90	80,79
633	15.08.20 17:11:32	1,44	7,92	-3,19	-8,78	78,03
634	15.08.20 17:11:33	1,44	7,90	-4,52	-10,62	74,86
635	15.08.20 17:11:34	1,44	7,90	-4,63	-8,74	76,63
636	15.08.20 17:11:35	1,44	7,90	-2,66	-10,77	76,57
637	15.08.20 17:11:36	1,44	7,92	-3,55	-8,73	77,72
638	15.08.20 17:11:37	1,44	7,92	-5,89	-10,20	73,91
639	15.08.20 17:11:38	1,44	7,92	-3,86	-9,77	76,37
640	15.08.20 17:11:39	1,44	7,90	-1,12	-10,37	78,51
641	15.08.20 17:11:40	1,44	7,92	-5,32	-10,59	74,09
642	15.08.20 17:11:41	1,44	7,90	-6,28	-6,06	77,66
643	15.08.20 17:11:42	1,44	7,92	-2,08	-5,46	82,46
644	15.08.20 17:11:43	1,44	7,90	-1,95	-8,04	80,01
645	15.08.20 17:11:44	1,44	7,92	-3,62	-8,50	77,87
646	15.08.20 17:11:45	1,44	7,90	-5,30	-5,90	78,80
647	15.08.20 17:11:46	1,44	7,92	-4,80	-3,29	81,92
648	15.08.20 17:11:47	1,44	7,92	-4,57	-3,69	81,74
649	15.08.20 17:11:48	1,44	7,92	-3,56	-2,69	83,75
650	15.08.20 17:11:49	1,44	7,90	-1,27	-5,08	83,65
651	15.08.20 17:11:50	1,44	7,90	-4,66	-3,33	82,01
652	15.08.20 17:11:51	1,44	7,92	-5,26	-1,77	82,96
653	15.08.20 17:11:52	1,44	7,90	-5,38	-5,81	78,80
654	15.08.20 17:11:53	1,44	7,90	-5,00	-1,98	83,02
655	15.08.20 17:11:54	1,44	7,90	-1,50	-6,47	82,03
656	15.08.20 17:11:55	1,44	7,92	-2,90	-7,13	79,97
657	15.08.20 17:11:56	1,44	7,92	-2,91	-2,53	84,57
658	15.08.20 17:11:57	1,44	7,90	-5,14	-7,29	77,57
659	15.08.20 17:11:58	1,44	7,92	-2,93	-5,03	82,03
660	15.08.20 17:11:59	1,44	7,90	-3,57	-4,34	82,08
661	15.08.20 17:12:00	1,44	7,90	-0,78	-3,46	85,76
662	15.08.20 17:12:01	1,44	7,90	-3,30	-5,60	81,09
663	15.08.20 17:12:02	1,44	7,90	-6,59	-6,72	76,69
664	15.08.20 17:12:03	1,44	7,90	-3,99	-6,36	79,64
665	15.08.20 17:12:04	1,44	7,92	-2,46	-6,28	81,26
666	15.08.20 17:12:05	1,44	7,90	-4,06	-5,78	80,16
667	15.08.20 17:12:06	1,44	7,92	-7,11	-4,21	78,68
668	15.08.20 17:12:07	1,44	7,92	-4,38	-4,38	81,24
669	15.08.20 17:12:08	1,44	7,92	-2,63	-2,22	85,15
670	15.08.20 17:12:09	1,44	7,92	0,49	-5,13	84,38
671	15.08.20 17:12:10	1,44	7,90	-6,70	-6,28	77,02
672	15.08.20 17:12:11	1,44	7,90	-6,40	-2,94	80,66
673	15.08.20 17:12:12	1,44	7,90	-0,69	-3,21	86,10
674	15.08.20 17:12:13	1,44	7,92	-0,21	-6,55	83,24
675	15.08.20 17:12:14	1,44	7,90	-8,16	-2,04	79,80
676	15.08.20 17:12:15	1,44	7,90	-6,41	-3,60	79,99
677	15.08.20 17:12:16	1,44	7,92	-1,89	-1,69	86,42
678	15.08.20 17:12:17	1,44	7,90	0,82	-3,57	85,61
679	15.08.20 17:12:18	1,44	7,90	-1,11	-6,38	82,50
680	15.08.20 17:12:19	1,44	7,92	-9,17	-3,57	77,26
681	15.08.20 17:12:20	1,44	7,90	-5,29	-2,77	81,93
682	15.08.20 17:12:21	1,44	7,92	-1,96	-4,76	83,29
683	15.08.20 17:12:22	1,44	7,92	0,86	-2,33	86,81
684	15.08.20 17:12:23	1,44	7,90	-6,21	-5,22	78,57
685	15.08.20 17:12:24	1,40	7,92	-4,49	-7,61	77,89
686	15.08.20 17:12:25	1,44	7,92	-3,86	-3,64	82,50
687	15.08.20 17:12:26	1,40	7,90	-2,91	-5,60	81,49
688	15.08.20 17:12:27	1,44	7,92	-5,17	-1,73	83,11
689	15.08.20 17:12:28	1,44	7,90	-3,71	-3,63	82,66
690	15.08.20 17:12:29	1,40	7,92	-4,55	-7,04	78,41
691	15.08.20 17:12:30	1,40	7,90	-4,21	-10,94	74,85
692	15.08.20 17:12:31	1,40	7,92	-1,63	-5,24	83,13
693	15.08.20 17:12:32	1,40	7,90	-3,52	-6,58	79,90
694	15.08.20 17:12:33	1,40	7,90	-5,10	-3,62	81,27
695	15.08.20 17:12:34	1,40	7,92	-4,91	-7,10	77,99
696	15.08.20 17:12:35	1,40	7,90	-2,06	-10,48	77,45
697	15.08.20 17:12:36	1,40	7,92	-3,74	-7,17	79,09
698	15.08.20 17:12:37	1,40	7,92	-4,92	-6,75	78,33
699	15.08.20 17:12:38	1,40	7,92	-5,78	-5,94	78,28
700	15.08.20 17:12:39	1,40	7,90	-2,69	-5,08	82,24
701	15.08.20 17:12:40	1,40	7,90	-1,85	-8,20	79,95
702	15.08.20 17:12:41	1,40	7,92	-4,79	-10,70	74,51
703	15.08.20 17:12:42	1,40	7,87	-5,73	-9,16	75,11
704	15.08.20 17:12:43	1,40	7,94	-5,23	-4,10	80,67
705	15.08.20 17:12:44	1,40	7,92	0,45	-10,44	79,11
706	15.08.20 17:12:45	1,40	7,90	-3,25	-8,70	78,05
707	15.08.20 17:12:46	1,40	7,90	-5,66	-10,46	73,87
708	15.08.20 17:12:47	1,40	7,90	-3,20	-12,47	74,33
709	15.08.20 17:12:48	1,40	7,90	-3,06	-11,15	75,79
710	15.08.20 17:12:49	1,40	7,90	-5,26	-8,55	76,20
711	15.08.20 17:12:50	1,40	7,90	-5,05	-4,96	79,99
712	15.08.20 17:12:51	1,40	7,90	-2,44	-15,96	71,60
713	15.08.20 17:12:52	1,40	7,90	-3,58	-12,22	74,20
714	15.08.20 17:12:53	1,40	7,90	-5,54	-9,09	75,37
715	15.08.20 17:12:54	1,40	7,90	-4,50	-7,00	78,50
716	15.08.20 17:12:55	1,40	7,92	1,54	-13,52	74,94
717	15.08.20 17:12:56	1,40	7,90	-0,97	-10,73	78,29
718	15.08.20 17:12:57	1,40	7,90	-8,82	-10,58	70,60
719	15.08.20 17:12:58	1,40	7,90	-7,25	-9,15	73,59
720	15.08.20 17:12:59	1,40	7,90	-2,55	-7,75	79,70
721	15.08.20 17:13:00	1,40	7,90	1,24	-13,87	74,90
722	15.08.20 17:13:01	1,40	7,87	-3,19	-8,29	78,52
723	15.08.20 17:13:02	1,40	7,90	-6,40	-6,69	76,91
724	15.08.20 17:13:03	1,36	7,90	-3,39	-4,81	81,79
725	15.08.20 17:13:04	1,40	7,90	-4,06	-5,91	80,03
726	15.08.20 17:13:05	1,36	7,90	-3,81	-4,22	81,97
727	15.08.20 17:13:06	1,36	7,92	-2,82	-5,26	81,91
728	15.08.20 17:13:07	1,36	7,90	-5,66	-2,78	81,56
729	15.08.20 17:13:08	1,36	7,90	-2,07	-3,50	84,43
730	15.08.20 17:13:09	1,36	7,90	17,39	-1,97	70,65
731	15.08.20 17:13:10	1,36	7,92	-5,58	-6,72	77,70
732	15.08.20 17:13:11	1,36	7,92	-3,02	-4,93	82,04
733	15.08.20 17:13:12	1,36	7,92	-1,69	-7,22	81,09
734	15.08.20 17:13:13	1,36	7,92	-5,45	-8,56	76,00
735	15.08.20 17:13:14	1,36	7,92	-3,44	-10,73	75,83
736	15.08.20 17:13:15	1,36	7,92	-4,50	-5,67	79,83
737	15.08.20 17:13:16	1,36	7,92	-4,20	-6,07	79,74
738	15.08.20 17:13:17	1,36	7,90	-0,44	-12,22	77,34
739	15.08.20 17:13:18	1,36	7,94	-5,05	-7,67	77,28
740	15.08.20 17:13:19	1,36	7,92	-4,92	-13,88	71,20
741	15.08.20 17:13:20	1,36	7,92	-3,07	-10,09	76,84
742	15.08.20 17:13:21	1,36	7,92	-3,88	-8,48	77,64
743	15.08.20 17:13:22	1,36	7,92	-4,44	-9,72	75,83
744	15.08.20 17:13:23	1,36	7,92	-3,11	-2,24	84,65
745	15.08.20 17:13:24	1,36	7,94	-1,86	-5,26	82,88
746	15.08.20 17:13:25	1,36	7,90	-5,05	-12,54	72,41
747	15.08.20 17:13:26	1,36	7,92	-4,45	-9,52	76,04
748	15.08.20 17:13:27	1,36	7,92	-4,43	-7,58	77,99
749	15.08.20 17:13:28	1,36	7,92	-5,06	-8,19	76,75
750	15.08.20 17:13:29	1,36	7,92	-3,72	-7,98	78,30
751	15.08.20 17:13:30	1,36	7,90	-3,64	-1,62	84,73
752	15.08.20 17:13:31	1,36	7,92	-3,08	-2,33	84,59
753	15.08.20 17:13:32	1,36	7,92	-3,44	-4,30	82,26
754	15.08.20 17:13:33	1,36	7,92	-4,54	-5,54	79,92
755	15.08.20 17:13:34	1,32	7,92	-4,59	-2,16	83,25
756	15.08.20 17:13:35	1,32	7,92	-2,05	-2,94	85,01
757	15.08.20 17:13:36	1,36	7,92	-0,77	-2,41	86,81
758	15.08.20 17:13:37	1,32	7,92	-4,25	-5,61	80,14
759	15.08.20 17:13:38	1,32	7,92	-6,59	-8,57	74,84
760	15.08.20 17:13:39	1,32	7,90	-6,30	-7,12	76,58
761	15.08.20 17:13:40	1,32	7,92	-2,48	-2,86	84,66
762	15.08.20 17:13:41	1,32	7,90	-0,70	-9,23	80,07
763	15.08.20 17:13:42	1,32	7,92	-6,13	-10,99	72,89
764	15.08.20 17:13:43	1,32	7,92	-7,02	-9,10	73,87
765	15.08.20 17:13:44	1,32	7,92	-3,45	-9,48	77,07
766	15.08.20 17:13:45	1,32	7,92	-5,51	-4,78	79,71
767	15.08.20 17:13:46	1,32	7,92	-3,07	-6,08	80,84
768	15.08.20 17:13:47	1,32	7,92	-4,61	-13,02	72,37
769	15.08.20 17:13:48	1,32	7,92	-4,64	-9,77	75,59
770	15.08.20 17:13:49	1,32	7,92	0,67	-7,95	81,39
771	15.08.20 17:13:50	1,32	7,94	-3,54	-11,57	74,90
772	15.08.20 17:13:51	1,32	7,92	-2,03	-11,33	76,64
773	15.08.20 17:13:52	1,32	7,92	-3,86	-8,82	77,32
774	15.08.20 17:13:53	1,32	7,92	-6,25	-11,78	71,97
775	15.08.20 17:13:54	1,32	7,92	-3,47	-8,50	78,03
776	15.08.20 17:13:55	1,32	7,92	-0,84	-7,29	81,87
777	15.08.20 17:13:56	1,32	7,92	-4,57	-3,70	81,74
778	15.08.20 17:13:57	1,32	7,92	-6,28	-2,07	81,64
779	15.08.20 17:13:58	1,32	7,94	-4,00	-0,39	85,61
780	15.08.20 17:13:59	1,32	7,92	-3,77	-2,91	83,31
781	15.08.20 17:14:00	1,32	7,92	-1,38	-2,53	86,09
782	15.08.20 17:14:01	1,32	7,92	-5,25	-1,12	83,64
783	15.08.20 17:14:02	1,32	7,92	-5,80	-1,33	82,87
784	15.08.20 17:14:03	1,32	7,90	-2,32	-5,56	82,12
785	15.08.20 17:14:04	1,32	7,90	-4,23	-3,68	82,09
786	15.08.20 17:14:05	1,32	7,92	-3,68	1,65	84,67
787	15.08.20 17:14:06	1,32	7,92	-3,35	-2,75	83,91
788	15.08.20 17:14:07	1,32	7,92	-5,22	-3,24	81,54
789	15.08.20 17:14:08	1,32	7,92	-3,45	-4,40	82,16
790	15.08.20 17:14:09	1,32	7,92	-1,06	-5,52	83,42
791	15.08.20 17:14:10	1,32	7,92	-5,11	-1,96	82,93
792	15.08.20 17:14:11	1,32	7,90	-5,39	-7,65	76,96
793	15.08.20 17:14:12	1,28	7,89	-3,19	-6,38	80,43
794	15.08.20 17:14:13	1,28	7,92	-3,78	-3,85	82,36
795	15.08.20 17:14:14	1,28	7,92	-3,66	-7,91	78,44
796	15.08.20 17:14:15	1,28	7,92	-4,18	-6,59	79,22
797	15.08.20 17:14:16	1,28	7,89	-2,65	-4,96	82,39
798	15.08.20 17:14:17	1,28	7,89	-6,19	-7,39	76,43
799	15.08.20 17:14:18	1,28	7,92	-4,27	-11,34	74,39
800	15.08.20 17:14:19	1,28	7,89	-5,52	-8,21	76,28
801	15.08.20 17:14:20	1,28	7,92	-2,38	-9,47	78,15
802	15.08.20 17:14:21	1,28	7,92	-3,85	-11,07	75,08
803	15.08.20 17:14:22	1,28	7,92	-5,37	-7,65	76,99
804	15.08.20 17:14:23	1,28	7,89	-2,93	-3,73	83,34
805	15.08.20 17:14:24	1,28	7,92	-5,96	-10,42	73,62
806	15.08.20 17:14:25	1,28	7,92	-7,84	-9,68	72,48
807	15.08.20 17:14:26	1,28	7,92	-1,48	-8,12	80,40
808	15.08.20 17:14:27	1,28	7,92	-3,47	-8,61	77,91
809	15.08.20 17:14:28	1,28	7,92	-7,52	-8,29	74,18
810	15.08.20 17:14:29	1,28	7,89	-4,50	-5,81	79,68
811	15.08.20 17:14:30	1,28	7,92	-0,95	-5,02	84,03
812	15.08.20 17:14:31	1,28	7,92	-3,30	-9,36	77,34
813	15.08.20 17:14:32	1,28	7,92	-4,29	-7,12	78,59
814	15.08.20 17:14:33	1,28	7,92	-3,91	-3,49	82,59
815	15.08.20 17:14:34	1,28	7,92	-1,15	-6,07	82,79
816	15.08.20 17:14:35	1,24	7,89	-1,65	-3,77	84,58
817	15.08.20 17:14:36	1,28	7,92	-4,62	-3,12	82,26
818	15.08.20 17:14:37	1,24	7,92	-4,78	-5,36	79,86
819	15.08.20 17:14:38	1,24	7,92	-3,68	-1,36	84,96
820	15.08.20 17:14:39	1,24	7,92	-1,25	-2,77	85,97
821	15.08.20 17:14:40	1,24	7,94	-0,06	0,53	89,41
822	15.08.20 17:14:41	1,24	7,92	-10,29	-3,31	76,40
823	15.08.20 17:14:42	1,24	7,92	-6,02	-2,24	81,74
824	15.08.20 17:14:43	1,24	7,92	-0,64	-7,62	81,75
825	15.08.20 17:14:44	1,24	7,89	-3,05	-4,33	82,62
826	15.08.20 17:14:45	1,24	7,92	-8,27	-0,48	81,25
827	15.08.20 17:14:46	1,24	7,92	-5,42	-5,67	78,91
828	15.08.20 17:14:47	1,24	7,92	-0,70	-5,38	83,92
829	15.08.20 17:14:48	1,24	7,89	-3,68	-3,96	82,36
830	15.08.20 17:14:49	1,24	7,89	-5,54	-7,59	76,87
831	15.08.20 17:14:50	1,24	7,92	-4,75	-11,81	73,43
832	15.08.20 17:14:51	1,24	7,92	-3,84	-5,55	80,61
833	15.08.20 17:14:52	1,24	7,89	-2,85	-5,35	81,80
834	15.08.20 17:14:53	1,24	7,92	-5,36	-8,21	76,43
835	15.08.20 17:14:54	1,24	7,92	-4,52	-3,55	81,93
836	15.08.20 17:14:55	1,24	7,92	-4,30	-8,44	77,25
837	15.08.20 17:14:56	1,24	7,89	-5,26	-6,83	77,91
838	15.08.20 17:14:57	1,24	7,92	-3,38	-5,95	80,67
839	15.08.20 17:14:58	1,24	7,89	-1,92	-8,98	79,09
840	15.08.20 17:14:59	1,24	7,92	-4,92	-7,11	77,97
841	15.08.20 17:15:00	1,24	7,92	-4,48	-4,83	80,69
842	15.08.20 17:15:01	1,24	7,89	-2,10	-14,13	73,78
843	15.08.20 17:15:02	1,24	7,89	-3,26	-18,18	68,57
844	15.08.20 17:15:03	1,20	7,92	-4,48	-6,53	78,99
845	15.08.20 17:15:04	1,20	7,92	-4,62	-7,89	77,49
846	15.08.20 17:15:05	1,20	7,92	-3,24	-10,69	76,07
847	15.08.20 17:15:06	1,20	7,89	-3,54	-8,36	78,11
848	15.08.20 17:15:07	1,20	7,89	-5,41	-9,33	75,26
849	15.08.20 17:15:08	1,20	7,92	-5,58	-12,15	72,27
850	15.08.20 17:15:09	1,20	7,92	-4,11	-9,75	76,14
851	15.08.20 17:15:10	1,20	7,89	-2,52	-15,69	71,79
852	15.08.20 17:15:11	1,20	7,89	-3,95	-17,48	68,57
853	15.08.20 17:15:12	1,20	7,92	-4,34	-14,49	71,17
854	15.08.20 17:15:13	1,20	7,89	-5,16	-15,76	69,08
855	15.08.20 17:15:14	1,20	7,92	-4,62	-13,76	71,62
856	15.08.20 17:15:15	1,20	7,92	-4,55	-11,07	74,37
857	15.08.20 17:15:16	1,20	7,89	-2,83	-16,49	70,68
858	15.08.20 17:15:17	1,20	7,89	-5,44	-11,22	73,34
859	15.08.20 17:15:18	1,20	7,92	-3,91	-16,72	69,38
860	15.08.20 17:15:19	1,20	7,92	-5,36	-9,38	75,25
861	15.08.20 17:15:20	1,20	7,92	-2,42	-10,85	76,73
862	15.08.20 17:15:21	1,20	7,89	-6,63	-11,39	71,98
863	15.08.20 17:15:22	1,20	7,92	-6,69	-16,48	66,83
864	15.08.20 17:15:23	1,20	7,92	-2,77	-10,30	76,93
865	15.08.20 17:15:24	1,20	7,89	-3,40	-10,23	76,37
866	15.08.20 17:15:25	1,20	7,89	-5,38	-19,30	65,31
867	15.08.20 17:15:26	1,20	7,87	-7,72	-19,59	62,69
868	15.08.20 17:15:27	1,16	7,89	-1,44	-17,39	71,17
869	15.08.20 17:15:28	1,16	7,91	-2,78	-19,58	67,64
870	15.08.20 17:15:29	1,16	7,89	-2,83	-14,58	72,60
871	15.08.20 17:15:30	1,16	7,89	-1,89	-18,08	70,03
872	15.08.20 17:15:31	1,16	7,89	-6,41	-11,37	72,22
873	15.08.20 17:15:32	1,16	7,89	-6,33	-11,10	72,57
874	15.08.20 17:15:33	1,16	7,89	-4,20	-17,08	68,72
875	15.08.20 17:15:34	1,16	7,87	-2,27	-15,57	72,17
876	15.08.20 17:15:35	1,16	7,89	-5,00	-14,23	70,77
877	15.08.20 17:15:36	1,16	7,89	-6,28	-13,62	70,10
878	15.08.20 17:15:37	1,16	7,89	-5,78	-14,21	70,01
879	15.08.20 17:15:38	1,16	7,89	-2,19	-15,38	72,43
880	15.08.20 17:15:39	1,16	7,89	-4,25	-14,27	71,48
881	15.08.20 17:15:40	1,16	7,89	-4,65	-9,80	75,56
882	15.08.20 17:15:41	1,16	7,89	-2,63	-14,86	72,51
883	15.08.20 17:15:42	1,16	7,89	-3,31	-6,59	80,10
884	15.08.20 17:15:43	1,16	7,91	-5,85	-6,45	77,70
885	15.08.20 17:15:44	1,16	7,91	-1,33	-13,48	75,19
886	15.08.20 17:15:45	1,16	7,89	-0,22	-9,82	79,96
887	15.08.20 17:15:46	1,16	7,89	0,09	-1,68	88,22
888	15.08.20 17:15:47	1,16	7,89	-0,96	0,49	88,56
889	15.08.20 17:15:48	1,16	7,89	-2,47	3,09	84,45
890	15.08.20 17:15:49	1,16	7,91	3,43	3,68	82,89
891	15.08.20 17:15:50	1,16	7,89	5,42	17,72	66,87
892	15.08.20 17:15:51	1,16	7,89	10,31	21,88	57,81
893	15.08.20 17:15:52	1,16	7,94	10,83	27,08	52,10
894	15.08.20 17:15:53	1,16	7,89	13,35	27,64	49,01
895	15.08.20 17:15:54	1,16	7,89	24,79	16,58	48,64
896	15.08.20 17:15:55	1,16	7,89	38,72	-8,97	42,30
897	15.08.20 17:15:56	1,16	7,85	35,42	-5,37	49,20
898	15.08.20 17:15:57	1,12	7,87	38,12	-7,22	44,66
899	15.08.20 17:15:58	1,12	7,85	43,48	-4,53	41,99
900	15.08.20 17:15:59	1,12	7,85	35,72	-1,80	52,48
901	15.08.20 17:16:00	1,12	7,83	32,33	-8,12	49,56
902	15.08.20 17:16:01	1,12	7,83	44,33	-7,83	37,84
903	15.08.20 17:16:02	1,12	7,83	41,29	-6,00	42,71
904	15.08.20 17:16:03	1,12	7,81	33,62	-8,96	47,42
905	15.08.20 17:16:04	1,12	7,79	37,71	-5,51	46,79
906	15.08.20 17:16:05	1,12	7,79	43,02	-3,43	43,55
907	15.08.20 17:16:06	1,12	7,76	36,70	-3,52	49,79
908	15.08.20 17:16:07	1,12	7,74	35,18	-7,60	47,22
909	15.08.20 17:16:08	1,12	7,74	36,46	-3,10	50,44
910	15.08.20 17:16:09	1,12	7,72	44,71	-7,44	37,86
911	15.08.20 17:16:10	1,12	7,70	37,91	-3,96	48,14
912	15.08.20 17:16:11	1,12	7,68	35,13	-2,77	52,10
913	15.08.20 17:16:12	1,12	7,68	40,67	-3,04	46,29
914	15.08.20 17:16:13	1,12	7,66	40,82	-2,54	46,64
915	15.08.20 17:16:14	1,12	7,61	34,89	-2,66	52,45
916	15.08.20 17:16:15	1,12	7,59	41,03	-9,07	39,90
917	15.08.20 17:16:16	1,12	7,59	49,39	-6,72	33,89
918	15.08.20 17:16:17	1,12	7,59	44,92	-5,09	39,99
919	15.08.20 17:16:18	1,12	7,55	37,88	-6,09	46,03
920	15.08.20 17:16:19	1,12	7,51	34,63	-3,94	51,42
921	15.08.20 17:16:20	1,12	7,51	42,02	-1,02	46,96
922	15.08.20 17:16:21	1,12	7,51	50,22	-4,83	34,94
923	15.08.20 17:16:22	1,12	7,49	41,59	-3,66	44,75
924	15.08.20 17:16:23	1,08	7,42	34,99	-2,05	52,96
925	15.08.20 17:16:24	1,08	7,44	43,08	-5,79	41,13
926	15.08.20 17:16:25	1,08	7,40	41,94	-3,63	44,43
927	15.08.20 17:16:26	1,08	7,36	37,66	-4,49	47,85
928	15.08.20 17:16:27	1,08	7,34	40,08	0,09	49,83
929	15.08.20 17:16:28	1,08	7,34	47,38	-5,50	37,12
930	15.08.20 17:16:29	1,08	7,31	41,77	-3,95	44,28
931	15.08.20 17:16:30	1,08	7,27	38,86	-5,35	45,79
932	15.08.20 17:16:31	1,08	7,25	37,59	-4,03	48,39
933	15.08.20 17:16:32	1,08	7,23	49,54	-3,92	36,54
934	15.08.20 17:16:33	1,08	7,23	48,44	-4,23	37,33
935	15.08.20 17:16:34	1,08	7,16	36,72	-0,30	52,98
936	15.08.20 17:16:35	1,08	7,10	34,78	0,63	54,59
937	15.08.20 17:16:36	1,08	7,10	53,51	-1,69	34,80
938	15.08.20 17:16:37	1,08	7,10	52,22	-3,12	34,66
939	15.08.20 17:16:38	1,08	7,04	37,09	-0,94	51,97
940	15.08.20 17:16:39	1,08	6,97	39,11	-10,70	40,19
941	15.08.20 17:16:40	1,08	6,95	44,16	-0,59	45,25
942	15.08.20 17:16:41	1,08	6,91	44,67	-4,81	40,52
943	15.08.20 17:16:42	1,08	6,91	41,53	-4,79	43,67
944	15.08.20 17:16:43	1,08	6,84	39,57	-6,00	44,43
945	15.08.20 17:16:44	1,08	6,80	38,38	-4,22	47,40
946	15.08.20 17:16:45	1,08	6,78	52,38	-8,68	28,94
947	15.08.20 17:16:46	1,08	6,74	48,67	-4,81	36,52
948	15.08.20 17:16:47	1,08	6,67	35,35	-2,15	52,50
949	15.08.20 17:16:48	1,04	6,63	44,85	-10,77	34,39
950	15.08.20 17:16:49	1,04	6,63	62,77	-9,74	17,49
951	15.08.20 17:16:50	1,04	6,59	47,31	-10,28	32,41
952	15.08.20 17:16:51	1,04	6,52	35,58	-3,66	50,76
953	15.08.20 17:16:52	1,04	6,48	44,01	-8,90	37,09
954	15.08.20 17:16:53	1,04	6,46	46,46	-6,29	37,25
955	15.08.20 17:16:54	1,04	6,39	41,70	-5,82	42,48
956	15.08.20 17:16:55	1,04	6,35	40,82	-6,26	42,92
957	15.08.20 17:16:56	1,04	6,29	42,01	-6,37	41,62
958	15.08.20 17:16:57	1,04	6,26	48,63	-6,31	35,06
959	15.08.20 17:16:58	1,04	6,29	64,29	-7,99	17,72
960	15.08.20 17:16:59	1,04	6,24	72,30	-7,66	10,04
961	15.08.20 17:17:00	1,04	6,20	49,23	0,28	40,49
962	15.08.20 17:17:01	1,04	6,16	52,60	-6,90	30,50
963	15.08.20 17:17:02	1,04	6,18	66,71	-7,61	15,67
964	15.08.20 17:17:03	1,04	6,11	68,63	-7,68	13,69
965	15.08.20 17:17:04	1,04	6,09	60,38	-4,66	24,96
966	15.08.20 17:17:05	1,00	6,09	76,19	-5,20	8,61
967	15.08.20 17:17:06	1,00	6,03	49,62	1,18	39,20
968	15.08.20 17:17:07	1,00	5,96	40,91	-4,92	44,17
969	15.08.20 17:17:08	1,00	5,92	54,45	-1,22	34,32
970	15.08.20 17:17:09	1,00	5,94	71,89	-3,46	14,65
971	15.08.20 17:17:10	1,00	5,92	71,25	-5,23	13,52
972	15.08.20 17:17:11	1,00	5,86	49,19	-5,14	35,67
973	15.08.20 17:17:12	1,00	5,81	48,71	-6,64	34,64
974	15.08.20 17:17:13	1,00	5,79	59,05	-8,00	22,95
975	15.08.20 17:17:14	1,00	5,77	68,10	-9,74	12,17
976	15.08.20 17:17:15	1,00	5,73	60,14	-10,22	19,64
977	15.08.20 17:17:16	1,00	5,69	58,77	-8,31	22,93
978	15.08.20 17:17:17	1,00	5,64	70,53	-10,63	8,84
979	15.08.20 17:17:18	0,96	5,60	51,73	-4,69	33,59
980	15.08.20 17:17:19	0,96	5,54	52,09	-7,24	30,67
981	15.08.20 17:17:20	0,96	5,51	72,67	-7,75	9,58
982	15.08.20 17:17:21	0,96	5,49	62,52	-5,90	21,58
983	15.08.20 17:17:22	0,96	5,45	51,36	0,51	38,13
984	15.08.20 17:17:23	0,96	5,41	56,22	-6,86	26,92
985	15.08.20 17:17:24	0,96	5,36	80,08	-6,83	3,09
986	15.08.20 17:17:25	0,96	5,34	56,92	-5,10	27,98
987	15.08.20 17:17:26	0,96	5,30	53,87	-11,96	24,17
988	15.08.20 17:17:27	0,96	5,26	71,93	-10,48	7,59
989	15.08.20 17:17:28	0,96	5,24	68,27	-5,18	16,55
990	15.08.20 17:17:29	0,96	5,17	59,11	-7,89	23,00
991	15.08.20 17:17:30	0,96	5,11	58,53	-13,48	17,99
992	15.08.20 17:17:31	0,96	5,07	65,56	-12,77	11,66
993	15.08.20 17:17:32	0,96	5,02	59,58	-10,61	19,81
994	15.08.20 17:17:33	0,92	4,94	60,93	-12,01	17,06
995	15.08.20 17:17:34	0,92	4,83	57,00	-14,67	18,33
996	15.08.20 17:17:35	0,92	4,72	55,73	-14,88	19,39
997	15.08.20 17:17:36	0,92	4,66	59,74	-13,78	16,48
998	15.08.20 17:17:37	0,92	4,59	59,84	-14,99	15,17
999	15.08.20 17:17:38	0,88	4,51	59,42	-15,91	14,67
1000	15.08.20 17:17:39	0,88	4,44	56,96	-15,62	17,42
1001	15.08.20 17:17:40	0,84	4,40	61,02	-15,71	13,27
1002	15.08.20 17:17:41	0,84	4,34	65,18	-15,42	9,40
1003	15.08.20 17:17:42	0,84	4,23	63,97	-18,73	7,31
1004	15.08.20 17:17:43	0,84	4,19	62,44	-19,91	7,65
1005	15.08.20 17:17:44	0,80	4,12	59,25	-16,27	14,48
1006	15.08.20 17:17:45	0,80	4,06	62,85	-16,30	10,85
1007	15.08.20 17:17:46	0,80	3,99	60,30	-18,00	11,71
1008	15.08.20 17:17:47	0,80	3,95	61,38	-17,42	11,19
1009	15.08.20 17:17:48	0,76	3,89	58,37	-17,31	14,31
1010	15.08.20 17:17:49	0,76	3,82	57,09	-15,48	17,43
1011	15.08.20 17:17:50	0,76	3,78	61,58	-16,72	11,70
1012	15.08.20 17:17:51	0,76	3,71	56,92	-21,71	11,38
1013	15.08.20 17:17:52	0,76	3,69	50,90	1,93	37,16
1014	15.08.20 17:17:53	0,76	3,76	66,72	1,54	21,74
1015	15.08.20 17:17:54	0,76	3,78	68,43	4,50	17,07
1016	15.08.20 17:17:55	0,72	3,74	74,57	-4,06	11,37
1017	15.08.20 17:17:56	0,72	3,67	58,30	-5,14	26,56
1018	15.08.20 17:17:57	0,72	3,67	58,26	4,53	27,21
1019	15.08.20 17:17:58	0,72	3,69	62,84	5,59	21,57
1020	15.08.20 17:17:59	0,72	3,67	56,58	2,64	30,78
1021	15.08.20 17:18:00	0,72	3,63	45,36	8,88	35,75
1022	15.08.20 17:18:01	0,72	3,63	54,46	9,13	26,41
1023	15.08.20 17:18:02	0,72	3,65	56,71	5,42	27,87
1024	15.08.20 17:18:03	0,72	3,61	54,67	6,96	28,37
1025	15.08.20 17:18:04	0,72	3,59	53,60	7,49	28,91
1026	15.08.20 17:18:05	0,72	3,56	57,04	8,70	24,26
1027	15.08.20 17:18:06	0,72	3,56	61,03	7,42	21,55
1028	15.08.20 17:18:07	0,72	3,56	61,32	7,23	21,45
1029	15.08.20 17:18:08	0,72	3,54	58,95	5,63	25,42
1030	15.08.20 17:18:09	0,72	3,52	55,68	5,62	28,69
1031	15.08.20 17:18:10	0,72	3,50	57,19	6,58	26,22
1032	15.08.20 17:18:11	0,72	3,50	58,88	6,58	24,53
1033	15.08.20 17:18:12	0,72	3,46	57,65	5,22	27,13
1034	15.08.20 17:18:13	0,72	3,44	56,96	5,98	27,06
1035	15.08.20 17:18:14	0,72	3,41	56,70	7,28	26,02
1036	15.08.20 17:18:15	0,72	3,41	58,48	7,85	23,67
1037	15.08.20 17:18:16	0,72	3,41	59,02	6,67	24,30
1038	15.08.20 17:18:17	0,72	3,37	57,50	2,39	30,11
1039	15.08.20 17:18:18	0,72	3,35	54,89	5,06	30,05
1040	15.08.20 17:18:19	0,72	3,35	58,07	7,83	24,10
1041	15.08.20 17:18:20	0,72	3,31	58,17	5,60	26,23
1042	15.08.20 17:18:21	0,72	3,29	56,17	2,97	30,86
1043	15.08.20 17:18:22	0,72	3,26	53,80	8,80	27,40
1044	15.08.20 17:18:23	0,72	3,29	56,18	10,53	23,29
1045	15.08.20 17:18:24	0,72	3,26	56,65	6,44	26,91
1046	15.08.20 17:18:25	0,72	3,22	56,21	1,12	32,67
1047	15.08.20 17:18:26	0,76	3,18	52,80	0,61	36,58
1048	15.08.20 17:18:27	0,76	3,16	52,23	5,20	32,57
1049	15.08.20 17:18:28	0,76	3,12	53,43	1,24	35,33
1050	15.08.20 17:18:29	0,76	3,03	46,80	1,08	42,12
1051	15.08.20 17:18:30	0,80	2,92	45,03	-3,33	41,64
1052	15.08.20 17:18:31	0,92	2,86	47,80	-0,43	41,78
1053	15.08.20 17:18:32	1,04	2,82	49,55	1,70	38,75
1054	15.08.20 17:18:33	1,12	2,78	46,31	1,03	42,66
1055	15.08.20 17:18:34	1,20	2,69	41,10	-3,00	45,90
1056	15.08.20 17:18:35	1,24	2,63	42,74	-3,97	43,29
1057	15.08.20 17:18:36	1,28	2,57	43,30	-5,45	41,25
1058	15.08.20 17:18:37	1,32	2,50	40,94	-2,25	46,81
1059	15.08.20 17:18:38	1,59	2,42	35,73	-1,78	52,49
1060	15.08.20 17:18:39	1,79	2,40	37,07	0,21	52,72
1061	15.08.20 17:18:40	1,87	2,36	38,53	-1,90	49,57
1062	15.08.20 17:18:41	1,91	2,27	38,29	-0,32	51,39
1063	15.08.20 17:18:42	1,95	2,21	33,54	1,89	54,57
1064	15.08.20 17:18:43	1,91	2,15	34,11	2,99	52,90
1065	15.08.20 17:18:44	1,98	2,06	30,69	1,60	57,71
1066	15.08.20 17:18:45	2,06	2,04	44,03	-0,03	45,94
1067	15.08.20 17:18:46	2,22	2,04	44,64	-1,65	43,71
1068	15.08.20 17:18:47	2,29	2,02	34,64	6,99	48,37
1069	15.08.20 17:18:48	2,33	1,94	31,22	6,39	52,39
1070	15.08.20 17:18:49	2,41	1,87	33,07	7,57	49,36
1071	15.08.20 17:18:50	2,64	1,81	32,96	9,71	47,33
1072	15.08.20 17:18:51	2,79	1,75	28,29	13,07	48,64
1073	15.08.20 17:18:52	2,94	1,71	29,94	11,15	48,91
1074	15.08.20 17:18:53	3,21	1,65	32,97	11,39	45,64
1075	15.08.20 17:18:54	3,40	1,63	29,96	15,95	44,09
1076	15.08.20 17:18:55	3,47	1,61	28,97	16,13	44,90
1077	15.08.20 17:18:56	3,51	1,55	29,00	15,78	45,22
1078	15.08.20 17:18:57	3,55	1,50	25,87	18,23	45,90
1079	15.08.20 17:18:58	3,73	1,40	26,77	16,35	46,88
1080	15.08.20 17:18:59	4,25	1,34	30,24	13,15	46,61
1081	15.08.20 17:19:00	4,66	1,24	29,69	13,15	47,16
1082	15.08.20 17:19:01	5,17	1,22	28,96	9,72	51,32
1083	15.08.20 17:19:02	5,89	1,10	30,22	7,73	52,05
1084	15.08.20 17:19:03	6,70	0,98	33,08	7,91	49,00
1085	15.08.20 17:19:04	7,50	0,99	28,45	6,63	54,92
1086	15.08.20 17:19:05	8,01	0,93	27,21	9,82	52,97
1087	15.08.20 17:19:06	8,83	0,87	30,58	6,35	53,07
1088	15.08.20 17:19:07	9,46	0,84	33,54	4,38	52,09
1089	15.08.20 17:19:08	9,89	0,89	34,28	2,47	53,24
1090	15.08.20 17:19:09	10,03	0,89	29,36	4,56	56,08
1091	15.08.20 17:19:10	10,26	0,82	27,70	3,65	58,65
1092	15.08.20 17:19:11	10,58	0,79	28,86	0,50	60,65
1093	15.08.20 17:19:12	10,65	0,76	29,54	1,66	58,81
1094	15.08.20 17:19:13	10,85	0,77	33,17	-3,27	53,55
1095	15.08.20 17:19:14	11,20	0,68	30,74	-0,14	59,12
1096	15.08.20 17:19:15	11,49	0,69	30,05	0,40	59,55
1097	15.08.20 17:19:16	11,52	0,64	21,93	6,06	62,01
1098	15.08.20 17:19:17	11,59	0,65	27,87	4,94	57,19
1099	15.08.20 17:19:18	11,72	0,58	33,85	1,32	54,83
1100	15.08.20 17:19:19	11,75	0,56	30,55	2,29	57,16
1101	15.08.20 17:19:20	12,04	0,52	30,78	-4,94	54,28
1102	15.08.20 17:19:21	12,32	0,55	34,23	-3,83	51,95
1103	15.08.20 17:19:22	12,36	0,52	32,17	-5,58	52,25
1104	15.08.20 17:19:23	12,45	0,48	30,28	3,23	56,49
1105	15.08.20 17:19:24	12,61	0,48	24,79	7,40	57,81
1106	15.08.20 17:19:25	12,64	0,50	21,76	13,93	54,30
1107	15.08.20 17:19:26	12,64	0,45	27,30	14,36	48,34
1108	15.08.20 17:19:27	12,77	0,45	29,12	12,43	48,45
1109	15.08.20 17:19:28	12,93	0,43	29,37	4,37	56,27
1110	15.08.20 17:19:29	12,99	0,43	32,39	-5,15	52,46
1111	15.08.20 17:19:30	13,08	0,43	29,62	-7,44	52,94
1112	15.08.20 17:19:31	13,05	0,43	20,30	-12,39	57,32
1113	15.08.20 17:19:32	13,15	0,39	27,16	-15,07	47,76
1114	15.08.20 17:19:33	13,27	0,37	21,16	-13,45	55,39
1115	15.08.20 17:19:34	13,30	0,37	22,10	-9,90	58,00
1116	15.08.20 17:19:35	13,37	0,33	20,23	-13,38	56,39
1117	15.08.20 17:19:36	13,46	0,35	21,82	-10,02	58,16
1118	15.08.20 17:19:37	13,62	0,35	23,72	-10,09	56,20
1119	15.08.20 17:19:38	13,74	0,35	24,16	-9,94	55,90
1120	15.08.20 17:19:39	13,90	0,35	25,27	-11,20	53,54
1121	15.08.20 17:19:40	13,93	0,35	24,70	-8,86	56,44
1122	15.08.20 17:19:41	13,96	0,33	23,44	-9,09	57,47
1123	15.08.20 17:19:42	14,02	0,33	22,32	-11,13	56,55
1124	15.08.20 17:19:43	14,02	0,33	24,25	-15,31	50,44
1125	15.08.20 17:19:44	14,08	0,33	26,28	-11,70	52,02
1126	15.08.20 17:19:45	14,14	0,37	26,47	-13,83	49,69
1127	15.08.20 17:19:46	14,11	0,39	24,38	-13,82	51,80
1128	15.08.20 17:19:47	14,21	0,37	22,10	-15,92	51,97
1129	15.08.20 17:19:48	14,24	0,35	18,67	-14,44	56,89
1130	15.08.20 17:19:49	14,27	0,35	19,95	-13,16	56,89
1131	15.08.20 17:19:50	14,27	0,35	17,11	-13,63	59,26
1132	15.08.20 17:19:51	14,33	0,35	19,43	-18,06	52,50
1133	15.08.20 17:19:52	14,33	0,39	21,16	-21,97	46,86
1134	15.08.20 17:19:53	14,27	0,39	25,18	-11,28	53,54
1135	15.08.20 17:19:54	14,27	0,35	16,95	-2,71	70,34
1136	15.08.20 17:19:55	14,30	0,37	19,81	-2,46	67,72
1137	15.08.20 17:19:56	14,24	0,39	21,89	-4,94	63,17
1138	15.08.20 17:19:57	14,21	0,37	22,63	-8,98	58,39
1139	15.08.20 17:19:58	14,33	0,35	21,77	-10,92	57,31
1140	15.08.20 17:19:59	14,52	0,35	21,07	-12,73	56,20
1141	15.08.20 17:20:00	14,67	0,37	22,60	-18,29	49,10
1142	15.08.20 17:20:01	14,67	0,35	22,15	-12,77	55,07
1143	15.08.20 17:20:02	14,70	0,35	20,89	-16,80	52,32
1144	15.08.20 17:20:03	14,70	0,33	17,18	-14,82	58,00
1145	15.08.20 17:20:04	14,79	0,30	20,14	-13,40	56,47
1146	15.08.20 17:20:05	14,85	0,33	24,95	-8,54	56,50
1147	15.08.20 17:20:06	14,89	0,35	28,62	-11,80	49,59
1148	15.08.20 17:20:07	14,89	0,37	24,66	-11,15	54,19
1149	15.08.20 17:20:08	15,01	0,35	27,49	-9,57	52,94
1150	15.08.20 17:20:09	15,13	0,33	22,29	9,22	58,49
1151	15.08.20 17:20:10	15,13	0,35	25,84	7,21	56,95
1152	15.08.20 17:20:11	15,16	0,33	24,60	-4,83	60,56
1153	15.08.20 17:20:12	15,13	0,35	20,67	-14,35	54,97
1154	15.08.20 17:20:13	15,13	0,33	16,06	-12,00	61,94
1155	15.08.20 17:20:14	15,19	0,35	15,18	-15,68	59,14
1156	15.08.20 17:20:15	15,16	0,35	19,44	-21,96	48,59
1157	15.08.20 17:20:16	15,13	0,33	19,25	-13,65	57,11
1158	15.08.20 17:20:17	15,16	0,33	19,45	-15,61	54,94
1159	15.08.20 17:20:18	15,13	0,33	14,73	-20,32	54,94
1160	15.08.20 17:20:19	15,10	0,35	18,21	-17,22	54,57
1161	15.08.20 17:20:20	15,16	0,35	18,73	-32,62	38,65
1162	15.08.20 17:20:21	15,16	0,37	26,36	-20,14	43,50
1163	15.08.20 17:20:22	15,19	0,33	22,70	-15,82	51,48
1164	15.08.20 17:20:23	15,25	0,33	26,01	-17,85	46,14
1165	15.08.20 17:20:24	15,32	0,28	10,59	-22,46	56,95
1166	15.08.20 17:20:25	15,38	0,30	25,01	-18,33	46,66
1167	15.08.20 17:20:26	15,44	0,30	27,60	-11,25	51,15
1168	15.08.20 17:20:27	15,47	0,33	21,02	-17,45	51,53
1169	15.08.20 17:20:28	15,50	0,30	20,05	-14,95	54,99
1170	15.08.20 17:20:29	15,53	0,28	15,23	-17,71	57,06
1171	15.08.20 17:20:30	15,50	0,28	17,19	5,30	67,50
1172	15.08.20 17:20:31	15,56	0,30	21,80	6,26	61,94
1173	15.08.20 17:20:32	15,68	0,28	28,43	0,87	60,70
1174	15.08.20 17:20:33	15,74	0,28	31,90	-4,25	53,84
1175	15.08.20 17:20:34	15,74	0,28	22,03	-1,78	66,19
1176	15.08.20 17:20:35	15,80	0,24	18,77	-2,59	68,64
1177	15.08.20 17:20:36	15,77	0,26	16,54	16,88	56,59
1178	15.08.20 17:20:37	15,77	0,26	20,76	-16,97	52,27
1179	15.08.20 17:20:38	15,74	0,30	34,67	9,54	45,80
1180	15.08.20 17:20:39	15,80	0,22	17,46	-36,21	36,32
1181	15.08.20 17:20:40	15,93	0,26	26,64	-7,18	56,19
1182	15.08.20 17:20:41	15,93	0,28	18,06	-26,89	45,05
1183	15.08.20 17:20:42	15,93	0,33	31,19	-4,97	53,84
1184	15.08.20 17:20:43	15,99	0,26	30,28	-14,80	44,92
1185	15.08.20 17:20:44	16,05	0,20	26,00	3,95	60,05
1186	15.08.20 17:20:45	16,05	0,24	34,62	-0,95	54,43
1187	15.08.20 17:20:46	16,08	0,24	48,82	5,75	35,42
1188	15.08.20 17:20:47	16,08	0,24	61,76	22,00	6,24
1189	15.08.20 17:20:48	16,08	0,24	59,44	18,09	12,47
1190	15.08.20 17:20:49	16,08	0,26	33,33	42,59	14,08
1191	15.08.20 17:20:50	16,08	0,26	12,03	49,77	28,20
1192	15.08.20 17:20:51	16,08	0,30	49,08	34,91	6,00
1193	15.08.20 17:20:52	16,08	0,28	61,15	27,31	-1,53
1194	15.08.20 17:20:53	16,14	0,26	67,25	15,24	7,51
1195	15.08.20 17:20:54	16,14	0,28	46,54	31,47	11,99
1196	15.08.20 17:20:55	16,02	0,28	72,07	3,75	14,17
1197	15.08.20 17:20:56	15,89	0,33	69,22	-10,01	10,77
1198	15.08.20 17:20:57	15,74	0,33	62,34	-18,38	9,27
1199	15.08.20 17:20:58	15,56	0,33	60,58	-19,44	9,98
1200	15.08.20 17:20:59	15,41	0,30	66,97	-17,52	5,50
1201	15.08.20 17:21:00	15,25	0,35	41,44	-42,91	5,65
1202	15.08.20 17:21:01	15,13	0,33	45,95	-35,55	8,50
1203	15.08.20 17:21:02	15,01	0,33	60,77	-13,56	15,67
1204	15.08.20 17:21:03	14,92	0,33	47,79	-12,00	30,22
1205	15.08.20 17:21:04	14,82	0,35	48,17	-37,22	4,61
1206	15.08.20 17:21:05	14,73	0,35	83,34	-3,23	3,43
1207	15.08.20 17:21:06	14,64	0,35	63,56	22,98	3,46
1208	15.08.20 17:21:07	14,55	0,37	80,04	5,77	4,19
1209	15.08.20 17:21:08	14,45	0,37	72,11	-6,58	11,31
1210	15.08.20 17:21:09	14,39	0,37	74,16	-4,51	11,32
1211	15.08.20 17:21:10	14,30	0,35	45,34	4,53	40,13
1212	15.08.20 17:21:11	14,21	0,37	-10,55	17,64	-61,81
1213	15.08.20 17:21:12	14,14	0,35	-18,88	-32,16	38,97
1214	15.08.20 17:21:13	14,08	0,39	-17,43	34,35	38,23
1215	15.08.20 17:21:14	14,05	0,37	-13,43	-0,58	75,99
1216	15.08.20 17:21:15	13,99	0,37	-2,83	-1,51	85,65
1217	15.08.20 17:21:16	13,96	0,35	5,75	5,43	78,82
1218	15.08.20 17:21:17	13,90	0,35	-6,94	2,17	80,89
1219	15.08.20 17:21:18	13,83	0,33	-11,06	1,58	77,37
1220	15.08.20 17:21:19	13,80	0,35	-7,72	-0,33	81,95
1221	15.08.20 17:21:20	13,74	0,33	-5,05	-4,73	80,23
1222	15.08.20 17:21:21	13,68	0,35	-3,71	0,35	85,94
1223	15.08.20 17:21:22	13,65	0,35	-1,79	-2,48	85,72
1224	15.08.20 17:21:23	13,58	0,35	-4,52	-1,22	84,25
1225	15.08.20 17:21:24	13,55	0,35	-4,59	-1,97	83,45
1226	15.08.20 17:21:25	13,52	0,37	-1,08	-1,85	87,07
1227	15.08.20 17:21:26	13,49	0,35	-1,21	-6,17	82,61
1228	15.08.20 17:21:27	13,43	0,37	-60,81	3,08	-26,11
1229	15.08.20 17:21:28	13,43	0,37	-78,37	5,01	-6,62
1230	15.08.20 17:21:29	13,40	0,37	-81,92	3,48	-4,60
1231	15.08.20 17:21:30	13,37	0,35	-82,83	3,65	-3,53
1232	15.08.20 17:21:31	13,33	0,37	-80,23	4,32	-5,45
1233	15.08.20 17:21:32	13,30	0,37	-79,56	3,72	-6,72
1234	15.08.20 17:21:33	13,30	0,37	-82,49	2,49	-5,03
1235	15.08.20 17:21:34	13,27	0,37	-82,39	2,65	-4,96
1236	15.08.20 17:21:35	13,24	0,37	-75,29	9,33	5,38
1237	15.08.20 17:21:36	13,21	0,37	-88,09	0,89	-1,01
1238	15.08.20 17:21:37	13,21	0,37	-87,61	-0,06	-2,33
1239	15.08.20 17:21:38	13,18	0,37	-86,02	-0,19	-3,79
1240	15.08.20 17:21:39	13,15	0,37	-85,70	1,85	-2,45
1241	15.08.20 17:21:40	13,11	0,37	-86,84	1,69	-1,48
1242	15.08.20 17:21:41	13,08	0,37	-85,94	1,64	-2,42
1243	15.08.20 17:21:42	13,05	0,37	-84,34	1,52	-4,14
1244	15.08.20 17:21:43	13,02	0,39	-84,62	0,57	-4,81
1245	15.08.20 17:21:44	13,02	0,37	-85,01	1,16	-3,83
1246	15.08.20 17:21:45	12,99	0,39	-88,43	0,98	-0,59
1247	15.08.20 17:21:46	12,96	0,39	-88,52	0,89	-0,58
1248	15.08.20 17:21:47	12,96	0,37	-84,02	2,39	-3,59
1249	15.08.20 17:21:48	12,93	0,37	-84,63	0,77	-4,59
1250	15.08.20 17:21:49	12,89	0,39	-87,58	-0,20	-2,22
1251	15.08.20 17:21:50	12,86	0,39	-86,94	1,79	-1,27
1252	15.08.20 17:21:51	12,86	0,39	-83,82	2,85	-3,33
1253	15.08.20 17:21:52	12,83	0,39	-85,18	0,62	-4,21
1254	15.08.20 17:21:53	12,80	0,37	-86,36	-1,16	-2,48
1255	15.08.20 17:21:54	12,80	0,37	-87,24	1,21	-1,55
1256	15.08.20 17:21:55	12,77	0,39	-84,52	3,38	-2,10
1257	15.08.20 17:21:56	12,74	0,39	-86,28	1,11	-2,61
1258	15.08.20 17:21:57	12,74	0,41	-84,87	0,34	-4,80
1259	15.08.20 17:21:58	12,74	0,39	-86,13	0,27	-3,60
1260	15.08.20 17:21:59	12,70	0,39	-86,61	1,55	-1,84
1261	15.08.20 17:22:00	12,70	0,39	-87,08	1,79	-1,13
1262	15.08.20 17:22:01	12,67	0,39	-86,13	1,36	-2,50
1263	15.08.20 17:22:02	12,67	0,39	-87,26	-0,03	-2,71
1264	15.08.20 17:22:03	12,67	0,39	-86,44	0,43	-3,13
1265	15.08.20 17:22:04	12,64	0,39	-86,53	1,27	-2,19
1266	15.08.20 17:22:05	12,64	0,37	-85,38	2,88	-1,73
1267	15.08.20 17:22:06	12,64	0,39	-85,52	0,68	-3,80
1268	15.08.20 17:22:07	12,61	0,39	-85,20	-1,40	-3,40
1269	15.08.20 17:22:08	12,61	0,39	-86,54	-1,12	-2,34
1270	15.08.20 17:22:09	12,61	0,37	-87,34	0,98	-1,68
1271	15.08.20 17:22:10	12,61	0,37	-86,27	2,43	-1,30
1272	15.08.20 17:22:11	12,61	0,39	-87,12	0,12	-2,76
1273	15.08.20 17:22:12	12,58	0,37	-86,33	-0,53	-3,14
1274	15.08.20 17:22:13	12,58	0,39	-86,40	0,71	-2,89
1275	15.08.20 17:22:14	12,58	0,39	-87,42	0,26	-2,32
1276	15.08.20 17:22:15	12,58	0,39	-88,38	0,41	-1,21
1277	15.08.20 17:22:16	12,58	0,39	-88,85	1,00	0,15
1278	15.08.20 17:22:17	12,58	0,39	-88,70	-0,36	0,94
1279	15.08.20 17:22:18	12,55	0,39	-88,46	0,12	-1,42
1280	15.08.20 17:22:19	12,55	0,39	-85,62	1,26	-3,12
1281	15.08.20 17:22:20	12,55	0,39	-86,88	0,97	-2,15
1282	15.08.20 17:22:21	12,55	0,37	-89,35	-0,18	0,47
1283	15.08.20 17:22:22	12,55	0,39	-86,36	-1,15	2,48
1284	15.08.20 17:22:23	12,55	0,39	-87,59	-0,53	1,88
1285	15.08.20 17:22:24	12,55	0,37	-88,77	1,11	0,12
1286	15.08.20 17:22:25	12,51	0,41	-87,52	1,31	-1,16
1287	15.08.20 17:22:26	12,51	0,39	-88,86	0,55	-0,59
1288	15.08.20 17:22:27	12,51	0,39	-89,03	-0,59	0,38
1289	15.08.20 17:22:28	12,55	0,39	-87,10	-0,68	2,22
1290	15.08.20 17:22:29	12,51	0,39	-89,48	0,09	0,43
1291	15.08.20 17:22:30	12,55	0,39	-85,68	1,05	-3,27
1292	15.08.20 17:22:31	12,55	0,37	-83,15	2,30	-4,55
1293	15.08.20 17:22:32	12,55	0,39	-86,94	1,22	-1,84
1294	15.08.20 17:22:33	12,55	0,39	-89,17	-0,33	-0,50
1295	15.08.20 17:22:34	12,58	0,39	-87,50	0,15	-2,35
1296	15.08.20 17:22:35	12,58	0,37	-84,65	1,76	-3,59
1297	15.08.20 17:22:36	12,58	0,37	-84,33	2,11	-3,56
1298	15.08.20 17:22:37	12,58	0,37	-86,25	0,42	-3,33
1299	15.08.20 17:22:38	12,58	0,39	-85,45	0,39	-4,16
1300	15.08.20 17:22:39	12,58	0,39	-84,36	1,62	-4,02
1301	15.08.20 17:22:40	12,58	0,37	-83,59	1,96	-4,45
1302	15.08.20 17:22:41	12,58	0,37	-84,75	1,16	-4,10
1303	15.08.20 17:22:42	12,61	0,39	-85,24	1,21	-3,55
1304	15.08.20 17:22:43	12,61	0,39	-84,58	1,21	-4,21
1305	15.08.20 17:22:44	12,61	0,37	-83,97	1,56	-4,48
1306	15.08.20 17:22:45	12,61	0,39	-84,77	1,64	-3,60
1307	15.08.20 17:22:46	12,61	0,37	-87,03	0,57	-2,40
1308	15.08.20 17:22:47	12,64	0,39	-87,18	0,06	-2,76
1309	15.08.20 17:22:48	12,64	0,37	-85,65	0,89	-3,46
1310	15.08.20 17:22:49	12,64	0,39	-84,48	1,89	-3,63
1311	15.08.20 17:22:50	12,64	0,41	-84,95	1,62	-3,43
1312	15.08.20 17:22:51	12,64	0,39	-87,63	0,55	-1,82
1313	15.08.20 17:22:52	12,64	0,37	-88,87	0,38	-0,75
1314	15.08.20 17:22:53	12,64	0,39	-88,04	0,68	-1,28
1315	15.08.20 17:22:54	12,64	0,39	-86,51	0,06	-3,43
1316	15.08.20 17:22:55	12,64	0,39	-84,92	0,17	-4,90
1317	15.08.20 17:22:56	12,64	0,39	-83,47	2,23	-4,30
1318	15.08.20 17:22:57	12,67	0,39	-84,61	3,15	-2,24
1319	15.08.20 17:22:58	12,67	0,37	-87,95	1,19	-0,86
1320	15.08.20 17:22:59	12,67	0,39	-89,64	-0,18	-0,18
1321	15.08.20 17:23:00	12,67	0,39	-88,07	0,65	-1,28
1322	15.08.20 17:23:01	12,67	0,37	-87,92	0,53	-1,55
1323	15.08.20 17:23:02	12,67	0,39	-88,27	-0,58	-1,14
1324	15.08.20 17:23:03	12,67	0,39	-89,62	-0,09	0,29
1325	15.08.20 17:23:04	12,67	0,39	-86,65	0,61	2,75
1326	15.08.20 17:23:05	12,70	0,37	-83,41	-0,33	6,25
1327	15.08.20 17:23:06	12,70	0,37	-83,47	-1,12	5,40
1328	15.08.20 17:23:07	12,70	0,37	-86,13	-0,34	3,53
1329	15.08.20 17:23:08	12,74	0,39	-87,72	0,16	2,13
1330	15.08.20 17:23:09	12,74	0,37	-88,62	-0,86	0,52
1331	15.08.20 17:23:10	12,74	0,39	-89,52	0,11	-0,36
1332	15.08.20 17:23:11	12,77	0,39	-88,84	1,10	0,06
1333	15.08.20 17:23:12	12,77	0,39	-89,01	0,96	0,03
1334	15.08.20 17:23:13	12,77	0,37	-87,60	0,55	-1,85
1335	15.08.20 17:23:14	12,80	0,37	-86,58	1,19	-2,23
1336	15.08.20 17:23:15	12,80	0,39	-86,49	1,72	-1,79
1337	15.08.20 17:23:16	12,80	0,39	-86,55	0,77	-2,69
1338	15.08.20 17:23:17	12,80	0,37	-85,27	0,18	-4,55
1339	15.08.20 17:23:18	12,80	0,39	-80,31	1,70	-8,00
1340	15.08.20 17:23:19	12,83	0,39	-79,45	3,56	-6,99
1341	15.08.20 17:23:20	12,83	0,37	-82,84	2,77	-4,40
1342	15.08.20 17:23:21	12,83	0,37	-86,58	1,46	-1,96
1343	15.08.20 17:23:22	12,83	0,39	-88,90	-0,55	-0,54
1344	15.08.20 17:23:23	12,83	0,37	-85,10	0,46	-4,44
1345	15.08.20 17:23:24	12,83	0,37	-81,51	2,13	-6,36
1346	15.08.20 17:23:25	12,83	0,37	-83,00	2,02	-4,98
1347	15.08.20 17:23:26	12,86	0,37	-85,39	2,92	-1,69
1348	15.08.20 17:23:27	12,86	0,35	-87,63	1,37	1,00
1349	15.08.20 17:23:28	12,86	0,37	-88,22	0,29	-1,48
1350	15.08.20 17:23:29	12,89	0,37	-86,23	0,55	-3,23
1351	15.08.20 17:23:30	12,89	0,37	-87,66	1,35	-0,99
1352	15.08.20 17:23:31	12,89	0,37	-88,77	0,97	-0,27
1353	15.08.20 17:23:32	12,89	0,37	-87,98	0,12	-1,90
1354	15.08.20 17:23:33	12,93	0,37	-83,93	2,02	-4,06
1355	15.08.20 17:23:34	12,93	0,37	-84,23	2,44	-3,33
1356	15.08.20 17:23:35	12,93	0,37	-87,11	1,33	-1,56
1357	15.08.20 17:23:36	12,93	0,37	-89,76	-0,03	0,21
1358	15.08.20 17:23:37	12,93	0,37	-88,74	0,24	-1,02
1359	15.08.20 17:23:38	12,93	0,39	-86,68	1,06	-2,26
1360	15.08.20 17:23:39	12,93	0,39	-85,34	2,12	-2,55
1361	15.08.20 17:23:40	12,96	0,37	-84,69	1,38	-3,93
1362	15.08.20 17:23:41	12,96	0,37	-84,87	1,24	-3,89
1363	15.08.20 17:23:42	12,96	0,39	-84,36	1,82	-3,82
1364	15.08.20 17:23:43	12,96	0,37	-84,84	1,77	-3,39
1365	15.08.20 17:23:44	12,96	0,37	-85,99	1,42	-2,59
1366	15.08.20 17:23:45	12,96	0,37	-87,57	0,87	-1,55
1367	15.08.20 17:23:46	12,96	0,37	-87,21	1,59	-1,20
1368	15.08.20 17:23:47	12,96	0,37	-85,77	1,68	-2,55
1369	15.08.20 17:23:48	12,99	0,37	-84,91	1,00	-4,08
1370	15.08.20 17:23:49	12,99	0,37	-84,56	1,12	-4,32
1371	15.08.20 17:23:50	12,99	0,39	-86,74	1,17	-2,08
1372	15.08.20 17:23:51	12,99	0,37	-85,99	0,89	-3,12
1373	15.08.20 17:23:52	13,02	0,37	-85,41	2,44	-2,15
1374	15.08.20 17:23:53	13,02	0,37	-86,74	2,07	-1,20
1375	15.08.20 17:23:54	13,02	0,37	-88,46	0,61	-0,92
1376	15.08.20 17:23:55	13,02	0,37	-88,49	0,69	-0,82
1377	15.08.20 17:23:56	13,05	0,37	-87,42	0,85	-1,72
1378	15.08.20 17:23:57	13,05	0,39	-85,81	0,47	-3,71
1379	15.08.20 17:23:58	13,05	0,37	-82,04	3,00	-4,96
1380	15.08.20 17:23:59	13,05	0,39	-85,36	2,16	-2,48
1381	15.08.20 17:24:00	13,05	0,37	-87,03	1,99	-0,98
1382	15.08.20 17:24:01	13,05	0,37	-87,71	1,73	-0,55
1383	15.08.20 17:24:02	13,05	0,37	-89,04	0,55	-0,41
1384	15.08.20 17:24:03	13,05	0,39	-85,93	0,65	-3,42
1385	15.08.20 17:24:04	13,08	0,37	-83,66	1,13	-5,21
1386	15.08.20 17:24:05	13,08	0,37	-83,86	1,99	-4,16
1387	15.08.20 17:24:06	13,08	0,37	-84,42	2,37	-3,21
1388	15.08.20 17:24:07	13,08	0,37	-86,56	1,65	-1,79
1389	15.08.20 17:24:08	13,11	0,37	-87,74	1,36	-0,90
1390	15.08.20 17:24:09	13,11	0,37	-87,98	0,92	-1,10
1391	15.08.20 17:24:10	13,11	0,39	-86,84	0,06	-3,10
1392	15.08.20 17:24:11	13,11	0,37	-83,44	1,73	-4,83
1393	15.08.20 17:24:12	13,11	0,35	-82,29	2,83	-4,88
1394	15.08.20 17:24:13	13,11	0,37	-85,10	2,31	-2,58
1395	15.08.20 17:24:14	13,15	0,37	-87,56	1,39	-1,05
1396	15.08.20 17:24:15	13,15	0,37	-89,64	0,21	-0,15
1397	15.08.20 17:24:16	13,15	0,37	-87,83	0,53	-1,64
1398	15.08.20 17:24:17	13,15	0,35	-82,09	2,46	-5,45
1399	15.08.20 17:24:18	13,18	0,37	-84,19	1,91	-3,90
1400	15.08.20 17:24:19	13,18	0,35	-88,35	1,41	-0,24
1401	15.08.20 17:24:20	13,18	0,37	-89,23	0,27	0,50
1402	15.08.20 17:24:21	13,21	0,37	-86,74	1,69	-1,56
1403	15.08.20 17:24:22	13,21	0,37	-86,29	1,88	-1,83
1404	15.08.20 17:24:23	13,21	0,37	-85,61	1,70	-2,69
1405	15.08.20 17:24:24	13,24	0,37	-83,99	1,54	-4,46
1406	15.08.20 17:24:25	13,24	0,35	-86,38	0,60	-3,02
1407	15.08.20 17:24:26	13,24	0,37	-87,67	1,63	-0,70
1408	15.08.20 17:24:27	13,27	0,37	-87,05	1,51	-1,44
1409	15.08.20 17:24:28	13,27	0,37	-87,29	1,33	-1,38
1410	15.08.20 17:24:29	13,27	0,37	-86,34	0,85	-2,81
1411	15.08.20 17:24:30	13,27	0,37	-82,30	2,05	-5,66
1412	15.08.20 17:24:31	13,30	0,37	-83,38	2,00	-4,62
1413	15.08.20 17:24:32	13,30	0,37	-85,70	1,17	-3,13
1414	15.08.20 17:24:33	13,33	0,37	-86,79	1,09	-2,12
1415	15.08.20 17:24:34	13,33	0,37	-86,65	1,97	-1,38
1416	15.08.20 17:24:35	13,33	0,37	-87,86	1,48	-0,66
1417	15.08.20 17:24:36	13,33	0,37	-86,80	1,24	-1,97
1418	15.08.20 17:24:37	13,33	0,37	-83,92	1,80	-4,28
1419	15.08.20 17:24:38	13,33	0,37	-84,72	1,75	-3,53
1420	15.08.20 17:24:39	13,37	0,37	-89,04	0,55	-0,42
1421	15.08.20 17:24:40	13,37	0,37	-88,64	-0,36	1,00
1422	15.08.20 17:24:41	13,37	0,35	-89,33	0,47	-0,20
1423	15.08.20 17:24:42	13,37	0,37	-85,01	2,53	-2,46
1424	15.08.20 17:24:43	13,40	0,37	-84,54	2,10	-3,36
1425	15.08.20 17:24:44	13,40	0,37	-85,59	2,35	-2,05
1426	15.08.20 17:24:45	13,40	0,37	-88,56	0,91	-0,53
1427	15.08.20 17:24:46	13,40	0,37	-89,49	0,27	-0,24
1428	15.08.20 17:24:47	13,43	0,37	-87,40	0,71	-1,89
1429	15.08.20 17:24:48	13,43	0,39	-85,83	1,37	-2,81
1430	15.08.20 17:24:49	13,43	0,37	-81,52	5,08	-3,40
1431	15.08.20 17:24:50	13,43	0,37	-81,23	8,65	0,12
1432	15.08.20 17:24:51	13,43	0,35	-79,16	9,16	-1,68
1433	15.08.20 17:24:52	13,46	0,35	-77,94	10,64	1,41
1434	15.08.20 17:24:53	13,46	0,37	-83,59	6,10	0,30
1435	15.08.20 17:24:54	13,46	0,37	-80,00	9,50	-0,50
1436	15.08.20 17:24:55	13,46	0,35	-78,88	8,82	-2,30
1437	15.08.20 17:24:56	13,46	0,35	-78,74	9,81	-1,45
1438	15.08.20 17:24:57	13,46	0,37	-79,83	8,48	-1,69
1439	15.08.20 17:24:58	13,49	0,37	-81,31	7,77	-0,92
1440	15.08.20 17:24:59	13,49	0,37	-80,88	9,00	-0,12
1441	15.08.20 17:25:00	13,49	0,35	-81,69	6,43	-1,88
1442	15.08.20 17:25:01	13,49	0,35	-84,95	3,23	-1,82
1443	15.08.20 17:25:02	13,52	0,35	-85,75	3,26	-0,99
1444	15.08.20 17:25:03	13,52	0,35	-87,30	2,40	-0,30
1445	15.08.20 17:25:04	13,52	0,37	-84,47	2,51	-3,03
1446	15.08.20 17:25:05	13,52	0,35	-80,90	1,91	-7,18
1447	15.08.20 17:25:06	13,52	0,37	-82,50	2,10	-5,39
1448	15.08.20 17:25:07	13,52	0,37	-85,10	3,66	-1,25
1449	15.08.20 17:25:08	13,52	0,37	-86,73	2,57	0,70
1450	15.08.20 17:25:09	13,55	0,37	-86,19	2,10	-1,71
1451	15.08.20 17:25:10	13,55	0,35	-83,39	3,03	-3,58
1452	15.08.20 17:25:11	13,55	0,37	-82,04	3,25	-4,71
1453	15.08.20 17:25:12	13,55	0,37	-84,36	2,03	-3,61
1454	15.08.20 17:25:13	13,55	0,37	-84,65	2,91	-2,43
1455	15.08.20 17:25:14	13,58	0,37	-86,29	2,42	-1,29
1456	15.08.20 17:25:15	13,58	0,37	-85,28	1,65	-3,07
1457	15.08.20 17:25:16	13,58	0,37	-83,14	1,68	-5,18
1458	15.08.20 17:25:17	13,58	0,37	-83,62	2,41	-3,97
1459	15.08.20 17:25:18	13,62	0,37	-82,87	4,68	-2,45
1460	15.08.20 17:25:19	13,62	0,35	-85,99	3,25	-0,76
1461	15.08.20 17:25:20	13,62	0,37	-86,90	1,54	-1,56
1462	15.08.20 17:25:21	13,62	0,37	-83,56	3,14	-3,30
1463	15.08.20 17:25:22	13,62	0,37	-84,59	2,70	-2,72
1464	15.08.20 17:25:23	13,65	0,35	-84,29	1,20	-4,51
1465	15.08.20 17:25:24	13,65	0,35	-82,19	1,41	-6,40
1466	15.08.20 17:25:25	13,65	0,35	-80,84	4,18	-4,98
1467	15.08.20 17:25:26	13,65	0,37	-86,47	3,38	0,16
1468	15.08.20 17:25:27	13,65	0,37	-86,60	2,48	-0,91
1469	15.08.20 17:25:28	13,65	0,37	-85,22	2,83	-1,95
1470	15.08.20 17:25:29	13,65	0,37	-85,72	2,87	-1,41
1471	15.08.20 17:25:30	13,68	0,37	-83,49	1,67	-4,84
1472	15.08.20 17:25:31	13,68	0,37	-82,26	2,10	-5,64
1473	15.08.20 17:25:32	13,68	0,35	-83,08	2,48	-4,44
1474	15.08.20 17:25:33	13,71	0,37	-85,86	2,79	-1,36
1475	15.08.20 17:25:34	13,71	0,37	-85,13	3,36	-1,51
1476	15.08.20 17:25:35	13,71	0,37	-86,40	3,18	-0,41
1477	15.08.20 17:25:36	13,71	0,37	-85,89	2,58	-1,52
1478	15.08.20 17:25:37	13,71	0,37	-82,70	2,43	-4,88
1479	15.08.20 17:25:38	13,74	0,37	-84,55	2,56	-2,90
1480	15.08.20 17:25:39	13,74	0,35	-85,27	3,03	-1,70
1481	15.08.20 17:25:40	13,74	0,37	-86,08	2,91	-1,01
1482	15.08.20 17:25:41	13,74	0,35	-84,70	2,16	-3,14
1483	15.08.20 17:25:42	13,74	0,35	-82,15	2,63	-5,22
1484	15.08.20 17:25:43	13,77	0,37	-82,77	2,53	-4,70
1485	15.08.20 17:25:44	13,77	0,37	-83,14	2,00	-4,86
1486	15.08.20 17:25:45	13,77	0,37	-82,59	2,60	-4,82
1487	15.08.20 17:25:46	13,77	0,35	-82,30	3,61	-4,09
1488	15.08.20 17:25:47	13,80	0,37	-84,45	3,64	-1,91
1489	15.08.20 17:25:48	13,80	0,39	-85,81	2,34	-1,85
1490	15.08.20 17:25:49	13,80	0,37	-83,91	2,14	-3,95
1491	15.08.20 17:25:50	13,80	0,37	-83,77	1,84	-4,39
1492	15.08.20 17:25:51	13,83	0,35	-82,54	2,32	-5,14
1493	15.08.20 17:25:52	13,83	0,35	-82,64	2,71	-4,66
1494	15.08.20 17:25:53	13,86	0,37	-84,76	2,99	-2,26
1495	15.08.20 17:25:54	13,86	0,37	-85,75	2,42	-1,82
1496	15.08.20 17:25:55	13,86	0,35	-82,90	2,32	-4,78
1497	15.08.20 17:25:56	13,90	0,37	-80,39	3,21	-6,40
1498	15.08.20 17:25:57	13,90	0,37	-84,17	2,67	-3,16
1499	15.08.20 17:25:58	13,90	0,35	-85,98	2,42	-1,60
1500	15.08.20 17:25:59	13,90	0,37	-87,19	2,43	-0,38
1501	15.08.20 17:26:00	13,93	0,35	-87,78	2,16	0,06
1502	15.08.20 17:26:01	13,93	0,37	-85,79	2,38	-1,84
1503	15.08.20 17:26:02	13,93	0,35	-83,99	2,96	-3,05
1504	15.08.20 17:26:03	13,96	0,39	-84,86	3,27	-1,87
1505	15.08.20 17:26:04	13,96	0,37	-83,93	3,62	-2,45
1506	15.08.20 17:26:05	13,96	0,37	-83,70	2,87	-3,43
1507	15.08.20 17:26:06	13,96	0,39	-87,33	1,58	-1,09
1508	15.08.20 17:26:07	13,96	0,39	-86,65	3,09	-0,27
1509	15.08.20 17:26:08	13,96	0,37	-86,39	2,91	-0,70
1510	15.08.20 17:26:09	13,96	0,37	-85,38	2,01	-2,60
1511	15.08.20 17:26:10	13,96	0,37	-84,28	2,69	-3,03
1512	15.08.20 17:26:11	13,99	0,37	-83,05	2,83	-4,12
1513	15.08.20 17:26:12	13,99	0,39	-81,36	2,21	-6,43
1514	15.08.20 17:26:13	14,02	0,37	-81,76	2,55	-5,69
1515	15.08.20 17:26:14	14,02	0,37	-84,69	3,23	-2,09
1516	15.08.20 17:26:15	14,02	0,39	-85,90	3,20	-0,90
1517	15.08.20 17:26:16	14,02	0,37	-86,17	3,31	-0,52
1518	15.08.20 17:26:17	14,02	0,39	-87,88	1,91	-0,21
1519	15.08.20 17:26:18	14,02	0,39	-85,51	2,58	-1,90
1520	15.08.20 17:26:19	14,02	0,39	-82,20	2,39	-5,41
1521	15.08.20 17:26:20	14,02	0,39	-81,91	1,32	-6,77
1522	15.08.20 17:26:21	14,05	0,37	-81,73	2,95	-5,32
1523	15.08.20 17:26:22	14,05	0,37	-83,79	4,08	-2,12
1524	15.08.20 17:26:23	14,05	0,39	-86,85	2,97	-0,18
1525	15.08.20 17:26:24	14,05	0,37	-86,28	2,77	0,96
1526	15.08.20 17:26:25	14,05	0,39	-85,57	2,93	-1,50
1527	15.08.20 17:26:26	14,05	0,39	-84,06	2,11	-3,83
1528	15.08.20 17:26:27	14,08	0,39	-83,75	2,23	-4,03
1529	15.08.20 17:26:28	14,08	0,37	-83,82	2,16	-4,02
1530	15.08.20 17:26:29	14,08	0,37	-83,48	2,28	-4,25
1531	15.08.20 17:26:30	14,08	0,39	-81,65	3,24	-5,11
1532	15.08.20 17:26:31	14,08	0,39	-85,06	3,64	-1,30
1533	15.08.20 17:26:32	14,08	0,39	-86,74	3,14	-0,12
1534	15.08.20 17:26:33	14,11	0,37	-85,74	2,43	-1,83
1535	15.08.20 17:26:34	14,11	0,39	-83,89	2,40	-3,71
1536	15.08.20 17:26:35	14,11	0,39	-85,03	2,34	-2,63
1537	15.08.20 17:26:36	14,11	0,37	-85,86	1,61	-2,54
1538	15.08.20 17:26:37	14,11	0,39	-84,13	2,13	-3,74
1539	15.08.20 17:26:38	14,14	0,39	-83,11	3,63	-3,26
1540	15.08.20 17:26:39	14,14	0,37	-84,81	3,77	-1,42
1541	15.08.20 17:26:40	14,14	0,37	-85,45	2,73	-1,82
1542	15.08.20 17:26:41	14,14	0,37	-86,08	2,49	-1,42
1543	15.08.20 17:26:42	14,18	0,37	-85,10	2,67	-2,23
1544	15.08.20 17:26:43	14,18	0,39	-85,28	2,70	-2,02
1545	15.08.20 17:26:44	14,18	0,37	-84,93	2,12	-2,95
1546	15.08.20 17:26:45	14,18	0,37	-85,18	1,32	-3,50
1547	15.08.20 17:26:46	14,18	0,37	-82,50	3,53	-3,98
1548	15.08.20 17:26:47	14,18	0,37	-82,85	3,53	-3,62
1549	15.08.20 17:26:48	14,18	0,41	-84,97	2,09	-2,94
1550	15.08.20 17:26:49	14,18	0,37	-85,71	2,85	-1,45
1551	15.08.20 17:26:50	14,21	0,37	-86,23	2,85	-0,93
1552	15.08.20 17:26:51	14,21	0,37	-85,48	2,93	-1,59
1553	15.08.20 17:26:52	14,21	0,37	-86,52	2,60	-0,88
1554	15.08.20 17:26:53	14,21	0,35	-84,94	2,84	-2,22
1555	15.08.20 17:26:54	14,21	0,37	-83,03	2,16	-4,81
1556	15.08.20 17:26:55	14,21	0,37	-82,40	2,12	-5,48
1557	15.08.20 17:26:56	14,24	0,35	-84,44	2,60	-2,97
1558	15.08.20 17:26:57	14,24	0,37	-84,60	3,50	-1,89
1559	15.08.20 17:26:58	14,24	0,37	-87,41	1,94	-0,65
1560	15.08.20 17:26:59	14,27	0,37	-84,87	3,19	-1,95
1561	15.08.20 17:27:00	14,27	0,37	-84,35	3,67	-1,99
1562	15.08.20 17:27:01	14,27	0,37	-85,63	2,75	-1,63
1563	15.08.20 17:27:02	14,27	0,39	-85,05	1,87	-3,09
1564	15.08.20 17:27:03	14,27	0,37	-84,25	2,36	-3,39
1565	15.08.20 17:27:04	14,30	0,37	-82,65	2,12	-5,23
1566	15.08.20 17:27:05	14,30	0,39	-83,75	2,36	-3,89
1567	15.08.20 17:27:06	14,30	0,37	-82,95	3,83	-3,22
1568	15.08.20 17:27:07	14,30	0,37	-86,15	3,06	-0,80
1569	15.08.20 17:27:08	14,30	0,39	-86,67	2,92	-0,41
1570	15.08.20 17:27:09	14,30	0,39	-85,44	2,27	-2,30
1571	15.08.20 17:27:10	14,30	0,37	-83,90	3,13	-2,97
1572	15.08.20 17:27:11	14,30	0,37	-84,99	2,41	-2,61
1573	15.08.20 17:27:12	14,30	0,39	-85,01	1,95	-3,04
1574	15.08.20 17:27:13	14,33	0,39	-83,92	2,36	-3,72
1575	15.08.20 17:27:14	14,33	0,37	-83,34	2,68	-3,99
1576	15.08.20 17:27:15	14,33	0,35	-82,94	3,33	-3,73
1577	15.08.20 17:27:16	14,33	0,39	-84,67	3,79	-1,54
1578	15.08.20 17:27:17	14,33	0,39	-87,30	2,26	0,45
1579	15.08.20 17:27:18	14,33	0,37	-86,42	2,79	-0,78
1580	15.08.20 17:27:19	14,33	0,37	-85,41	2,72	-1,88
1581	15.08.20 17:27:20	14,33	0,37	-84,53	2,05	-3,42
1582	15.08.20 17:27:21	14,33	0,39	-84,42	1,98	-3,60
1583	15.08.20 17:27:22	14,33	0,39	-81,68	3,08	-5,24
1584	15.08.20 17:27:23	14,36	0,39	-83,92	3,27	-2,81
1585	15.08.20 17:27:24	14,36	0,37	-85,24	2,96	-1,81
1586	15.08.20 17:27:25	14,36	0,37	-85,28	3,01	-1,71
1587	15.08.20 17:27:26	14,36	0,39	-83,17	3,25	-3,58
1588	15.08.20 17:27:27	14,36	0,37	-84,57	1,55	-3,88
1589	15.08.20 17:27:28	14,36	0,39	-84,38	2,01	-3,61
1590	15.08.20 17:27:29	14,39	0,35	-83,83	3,09	-3,07
1591	15.08.20 17:27:30	14,39	0,39	-83,71	3,11	-3,18
1592	15.08.20 17:27:31	14,39	0,37	-84,26	2,65	-3,08
1593	15.08.20 17:27:32	14,39	0,37	-84,40	3,11	-2,49
1594	15.08.20 17:27:33	14,39	0,37	-86,10	2,76	-1,14
1595	15.08.20 17:27:34	14,42	0,37	-87,16	2,18	-0,66
1596	15.08.20 17:27:35	14,42	0,39	-84,19	2,52	-3,29
1597	15.08.20 17:27:36	14,42	0,37	-84,93	2,78	-2,30
1598	15.08.20 17:27:37	14,45	0,35	-83,40	3,71	-2,89
1599	15.08.20 17:27:38	14,45	0,37	-84,27	2,96	-2,77
1600	15.08.20 17:27:39	14,45	0,37	-85,71	2,67	-1,62
1601	15.08.20 17:27:40	14,45	0,37	-86,53	2,06	-1,42
1602	15.08.20 17:27:41	14,45	0,37	-85,24	2,00	-2,77
1603	15.08.20 17:27:42	14,45	0,39	-85,93	2,45	-1,61
1604	15.08.20 17:27:43	14,45	0,39	-82,51	3,38	-4,11
1605	15.08.20 17:27:44	14,45	0,35	-83,67	2,93	-3,40
1606	15.08.20 17:27:45	14,45	0,37	-85,70	2,47	-1,82
1607	15.08.20 17:27:46	14,45	0,37	2,33	69,16	-18,51
1608	15.08.20 17:27:47	14,49	0,37	15,32	31,43	-43,25
1609	15.08.20 17:27:48	14,49	0,37	57,82	5,14	-27,04
1610	15.08.20 17:27:49	14,52	0,35	38,60	-30,46	-20,95
1611	15.08.20 17:27:50	14,52	0,37	27,61	-27,78	-34,61
1612	15.08.20 17:27:51	14,52	0,37	4,13	-70,65	-15,22
1613	15.08.20 17:27:52	14,52	0,35	-46,21	-39,95	3,84
1614	15.08.20 17:27:53	14,55	0,37	-31,76	-56,21	-2,03
1615	15.08.20 17:27:54	14,58	0,37	-45,03	-35,27	-9,70
1616	15.08.20 17:27:55	14,58	0,37	9,74	-53,76	-26,50
1617	15.08.20 17:27:56	14,61	0,37	49,53	-31,85	8,62
1618	15.08.20 17:27:57	14,61	0,35	27,67	-48,74	13,59
1619	15.08.20 17:27:58	14,64	0,35	44,79	-11,64	33,57
1620	15.08.20 17:27:59	14,67	0,35	39,06	6,80	44,14
1621	15.08.20 17:28:00	14,67	0,30	-48,67	-38,01	3,32
1622	15.08.20 17:28:01	16,35	0,24	0,66	-55,83	33,51
1623	15.08.20 17:28:02	16,95	0,22	63,70	5,20	21,10
1624	15.08.20 17:28:03	17,04	0,24	-8,21	-42,53	-39,26
1625	15.08.20 17:28:04	17,07	0,24	-12,56	-76,79	-0,64
1626	15.08.20 17:28:05	17,07	0,26	10,02	-46,12	-33,87
1627	15.08.20 17:28:06	17,07	0,28	-15,06	-16,00	-58,94
1628	15.08.20 17:28:07	17,04	0,28	-33,79	-25,50	-30,71
1629	15.08.20 17:28:08	17,01	0,28	-75,36	-12,49	-2,15
1630	15.08.20 17:28:09	17,01	0,26	-63,81	-16,20	-9,98
1631	15.08.20 17:28:10	16,98	0,30	-69,73	-12,93	7,34
1632	15.08.20 17:28:11	16,98	0,30	-66,21	-18,20	5,59
1633	15.08.20 17:28:12	16,95	0,28	-67,97	-18,12	-3,91
1634	15.08.20 17:28:13	16,95	0,33	-78,46	-6,48	-5,06
1635	15.08.20 17:28:14	16,92	0,30	-77,60	-6,61	-5,79
1636	15.08.20 17:28:15	16,92	0,30	38,46	-13,30	38,25
1637	15.08.20 17:28:16	16,89	0,33	-38,25	-44,48	-7,27
1638	15.08.20 17:28:17	16,86	0,30	1,18	-25,24	-63,58
1639	15.08.20 17:28:18	16,86	0,33	-56,05	-9,93	-24,02
1640	15.08.20 17:28:19	16,83	0,30	-54,46	7,04	-28,50
1641	15.08.20 17:28:20	16,83	0,33	-59,29	4,35	-26,36
1642	15.08.20 17:28:21	16,80	0,35	-54,35	3,98	-31,67
1643	15.08.20 17:28:22	16,80	0,33	-56,87	0,63	-32,49
1644	15.08.20 17:28:23	16,77	0,33	-58,37	3,16	-28,47
1645	15.08.20 17:28:24	16,77	0,35	-58,12	3,13	-28,75
1646	15.08.20 17:28:25	16,77	0,37	-59,72	2,89	-27,39
1647	15.08.20 17:28:26	16,74	0,35	-54,59	3,01	-32,40
1648	15.08.20 17:28:27	16,74	0,33	-59,17	1,63	-29,19
1649	15.08.20 17:28:28	16,71	0,33	-60,77	0,53	-28,69
1650	15.08.20 17:28:29	16,71	0,35	-54,93	14,48	-20,59
1651	15.08.20 17:28:30	16,71	0,35	-73,87	-3,82	12,31
1652	15.08.20 17:28:31	16,71	0,33	-70,98	1,80	-17,23
1653	15.08.20 17:28:32	16,68	0,33	-72,34	0,99	-16,67
1654	15.08.20 17:28:33	16,68	0,33	-74,26	-0,70	-15,03
1655	15.08.20 17:28:34	16,68	0,35	-75,66	-1,12	-13,23
1656	15.08.20 17:28:35	16,65	0,35	-76,25	-0,64	-13,11
1657	15.08.20 17:28:36	16,65	0,35	-76,19	-1,09	-12,72
1658	15.08.20 17:28:37	16,65	0,35	-73,39	-1,84	-14,77
1659	15.08.20 17:28:38	16,65	0,35	-74,25	-1,09	-14,66
1660	15.08.20 17:28:39	16,65	0,33	-74,46	-0,56	-14,98
1661	15.08.20 17:28:40	16,62	0,35	-74,74	-0,83	-14,43
1662	15.08.20 17:28:41	16,62	0,35	-74,30	-1,24	-14,46
1663	15.08.20 17:28:42	16,62	0,35	-74,55	-1,73	-13,72
1664	15.08.20 17:28:43	16,62	0,37	-74,81	0,51	-14,67
1665	15.08.20 17:28:44	16,62	0,35	-73,16	-0,85	-15,99
1666	15.08.20 17:28:45	16,59	0,35	-74,01	0,46	-15,53
1667	15.08.20 17:28:46	16,59	0,37	-75,40	-1,16	-13,44
1668	15.08.20 17:28:47	16,59	0,35	-74,91	-2,97	-12,12
1669	15.08.20 17:28:48	16,59	0,35	-73,71	-1,35	-14,94
1670	15.08.20 17:28:49	16,59	0,35	-70,10	1,57	-18,33
1671	15.08.20 17:28:50	16,59	0,37	-71,58	1,42	-17,00
1672	15.08.20 17:28:51	16,59	0,35	-74,56	0,09	-15,35
1673	15.08.20 17:28:52	16,59	0,37	-74,50	-0,95	-14,55
1674	15.08.20 17:28:53	16,59	0,35	-74,89	-0,84	-14,27
1675	15.08.20 17:28:54	16,56	0,35	-74,19	-1,71	-14,10
1676	15.08.20 17:28:55	16,56	0,35	-74,85	-0,73	-14,42
1677	15.08.20 17:28:56	16,56	0,37	-74,14	-0,33	-15,53
1678	15.08.20 17:28:57	16,56	0,37	-74,56	-0,39	-15,05
1679	15.08.20 17:28:58	16,56	0,35	-74,70	-0,68	-14,61
1680	15.08.20 17:28:59	16,56	0,35	-75,24	-1,59	-13,18
1681	15.08.20 17:29:00	16,56	0,37	-75,16	-1,13	-13,71
1682	15.08.20 17:29:01	16,56	0,37	-73,88	-1,35	-14,77
1683	15.08.20 17:29:02	16,56	0,37	-74,21	-1,09	-14,70
1684	15.08.20 17:29:03	16,56	0,37	-74,23	0,36	-15,41
1685	15.08.20 17:29:04	16,56	0,35	-73,41	-0,69	-15,90
1686	15.08.20 17:29:05	16,56	0,35	-73,77	-0,74	-15,50
1687	15.08.20 17:29:06	16,56	0,37	-75,66	-0,83	-13,51
1688	15.08.20 17:29:07	16,56	0,35	-76,40	-0,85	-12,75
1689	15.08.20 17:29:08	16,56	0,37	-74,23	-1,97	-13,79
1690	15.08.20 17:29:09	16,56	0,35	-73,43	-0,74	-15,83
1691	15.08.20 17:29:10	16,56	0,37	-74,41	-0,85	-14,75
1692	15.08.20 17:29:11	16,56	0,37	-74,45	-0,94	-14,61
1693	15.08.20 17:29:12	16,56	0,37	-73,48	-0,25	-16,28
1694	15.08.20 17:29:13	16,56	0,35	-73,62	-1,13	-15,25
1695	15.08.20 17:29:14	16,56	0,37	-16,65	-0,03	-73,32
1696	15.08.20 17:29:15	16,56	0,35	-50,11	-11,35	-28,54
1697	15.08.20 17:29:16	16,56	0,37	-58,59	-7,75	-23,66
1698	15.08.20 17:29:17	16,56	0,37	-52,67	-9,26	-28,07
1699	15.08.20 17:29:18	16,56	0,35	-51,77	-9,62	-28,61
1700	15.08.20 17:29:19	16,56	0,35	-51,55	-10,44	-28,01
1701	15.08.20 17:29:20	16,56	0,35	-53,11	-9,74	-27,16
1702	15.08.20 17:29:21	16,56	0,35	-52,71	-9,29	-27,99
1703	15.08.20 17:29:22	16,56	0,35	-53,77	-6,06	-30,17
1704	15.08.20 17:29:23	16,56	0,37	-52,50	-9,21	-28,29
1705	15.08.20 17:29:24	16,56	0,35	-52,61	-9,47	-27,92
1706	15.08.20 17:29:25	16,56	0,35	-52,49	-10,52	-27,00
1707	15.08.20 17:29:26	16,56	0,35	-51,99	-9,77	-28,25
1708	15.08.20 17:29:27	16,56	0,37	-54,48	-9,67	-25,85
1709	15.08.20 17:29:28	16,56	0,37	-51,78	-10,45	-27,76
1710	15.08.20 17:29:29	16,56	0,37	-50,07	-10,11	-29,82
1711	15.08.20 17:29:30	16,56	0,35	-52,65	-10,17	-27,17
1712	15.08.20 17:29:31	16,56	0,35	-51,37	-9,60	-29,02
1713	15.08.20 17:29:32	16,56	0,35	-54,44	-9,36	-26,20
1714	15.08.20 17:29:33	16,56	0,35	-53,42	-8,55	-28,02
1715	15.08.20 17:29:34	16,56	0,35	-54,39	-6,32	-29,29
1716	15.08.20 17:29:35	16,56	0,37	-52,02	-9,61	-28,37
1717	15.08.20 17:29:36	16,56	0,37	-54,08	-9,84	-26,08
1718	15.08.20 17:29:37	16,59	0,37	-52,42	-10,14	-27,44
1719	15.08.20 17:29:38	16,59	0,35	-53,43	-9,58	-26,99
1720	15.08.20 17:29:39	16,59	0,35	-55,04	-5,47	-29,49
1721	15.08.20 17:29:40	16,59	0,37	-52,17	-9,88	-27,95
1722	15.08.20 17:29:41	16,59	0,37	-52,71	-10,13	-27,16
1723	15.08.20 17:29:42	16,59	0,35	-53,41	-9,16	-27,43
1724	15.08.20 17:29:43	16,59	0,37	-51,20	-9,46	-29,34
1725	15.08.20 17:29:44	16,59	0,35	-54,92	-8,63	-26,45
1726	15.08.20 17:29:45	16,59	0,37	-54,49	-8,75	-26,75
1727	15.08.20 17:29:46	16,59	0,37	-52,48	-9,66	-27,86
1728	15.08.20 17:29:47	16,59	0,37	-53,17	-10,26	-26,57
1729	15.08.20 17:29:48	16,62	0,37	-51,37	-10,51	-28,12
1730	15.08.20 17:29:49	16,62	0,37	-51,81	-10,04	-28,15
1731	15.08.20 17:29:50	16,62	0,35	-52,41	-9,81	-27,78
1732	15.08.20 17:29:51	16,62	0,35	-52,63	-9,74	-27,63
1733	15.08.20 17:29:52	16,62	0,37	-51,06	-9,03	-29,91
1734	15.08.20 17:29:53	16,62	0,37	-56,87	-8,73	-24,40
1735	15.08.20 17:29:54	16,62	0,37	-54,43	-3,51	-32,06
1736	15.08.20 17:29:55	16,62	0,37	-52,97	-9,27	-27,76
1737	15.08.20 17:29:56	16,62	0,37	-54,16	-9,33	-26,51
1738	15.08.20 17:29:57	16,62	0,37	-53,76	-9,33	-26,91
1739	15.08.20 17:29:58	16,65	0,35	-52,92	-9,79	-27,30
1740	15.08.20 17:29:59	16,65	0,35	-17,70	-14,07	-58,23
1741	15.08.20 17:30:00	16,65	0,35	-2,54	8,85	-78,61
1742	15.08.20 17:30:01	16,65	0,35	-16,50	8,01	-65,49
1743	15.08.20 17:30:02	16,65	0,35	-28,37	6,84	-54,79
1744	15.08.20 17:30:03	16,68	0,35	-28,78	6,46	-54,76
1745	15.08.20 17:30:04	16,68	0,35	-30,02	5,95	-54,04
1746	15.08.20 17:30:05	16,68	0,37	-28,63	6,69	-54,67
1747	15.08.20 17:30:06	16,68	0,35	-29,26	6,99	-53,75
1748	15.08.20 17:30:07	16,68	0,35	-29,07	7,22	-53,72
1749	15.08.20 17:30:08	16,68	0,37	-28,25	8,23	-53,52
1750	15.08.20 17:30:09	16,68	0,35	-27,90	7,62	-54,49
1751	15.08.20 17:30:10	16,68	0,35	-28,91	8,32	-52,77
1752	15.08.20 17:30:11	16,68	0,37	-28,67	8,21	-53,12
1753	15.08.20 17:30:12	16,71	0,35	-28,78	7,61	-53,61
1754	15.08.20 17:30:13	16,71	0,35	-28,87	6,67	-54,47
1755	15.08.20 17:30:14	16,71	0,35	-30,55	4,93	-54,51
1756	15.08.20 17:30:15	16,71	0,35	-28,70	4,19	-57,11
1757	15.08.20 17:30:16	16,71	0,35	-27,57	8,12	-54,31
1758	15.08.20 17:30:17	16,71	0,35	-28,88	8,82	-52,30
1759	15.08.20 17:30:18	16,71	0,35	-28,92	8,58	-52,50
1760	15.08.20 17:30:19	16,71	0,37	-29,38	5,98	-54,63
1761	15.08.20 17:30:20	16,71	0,37	-29,61	2,84	-57,54
1762	15.08.20 17:30:21	16,74	0,35	-29,42	2,20	-58,38
1763	15.08.20 17:30:22	16,74	0,37	-29,03	2,73	-58,24
1764	15.08.20 17:30:23	16,74	0,35	-28,51	4,47	-57,02
1765	15.08.20 17:30:24	16,74	0,37	-28,38	5,95	-55,67
1766	15.08.20 17:30:25	16,74	0,35	-29,39	4,21	-56,40
1767	15.08.20 17:30:26	16,74	0,35	-30,89	3,09	-56,02
1768	15.08.20 17:30:27	16,74	0,35	-29,63	2,87	-57,50
1769	15.08.20 17:30:28	16,74	0,35	-29,00	3,28	-57,72
1770	15.08.20 17:30:29	16,74	0,35	-28,22	5,79	-55,98
1771	15.08.20 17:30:30	16,74	0,35	-28,26	5,76	-55,99
1772	15.08.20 17:30:31	16,74	0,35	-29,40	3,30	-57,30
1773	15.08.20 17:30:32	16,77	0,35	-29,88	1,84	-58,29
1774	15.08.20 17:30:33	16,77	0,35	-30,84	2,53	-56,62
1775	15.08.20 17:30:34	16,77	0,37	-29,66	3,75	-56,59
1776	15.08.20 17:30:35	16,77	0,35	-27,24	4,83	-57,94
1777	15.08.20 17:30:36	16,77	0,35	-29,36	5,32	-55,32
1778	15.08.20 17:30:37	16,77	0,35	-30,15	5,96	-53,88
1779	15.08.20 17:30:38	16,77	0,35	-28,21	4,16	-57,63
1780	15.08.20 17:30:39	16,77	0,37	-29,17	2,64	-58,19
1781	15.08.20 17:30:40	16,77	0,35	-30,31	3,39	-56,30
1782	15.08.20 17:30:41	16,80	0,35	-29,86	2,59	-57,55
1783	15.08.20 17:30:42	16,80	0,35	-28,44	1,99	-59,58
1784	15.08.20 17:30:43	16,80	0,35	-28,65	3,61	-57,73
1785	15.08.20 17:30:44	16,80	0,35	-30,37	4,69	-54,94
1786	15.08.20 17:30:45	16,80	0,35	-29,63	2,52	-57,85
1787	15.08.20 17:30:46	16,80	0,35	-29,27	2,21	-58,51
1788	15.08.20 17:30:47	16,80	0,35	-30,14	0,53	-59,33
1789	15.08.20 17:30:48	16,80	0,35	-29,34	3,58	-57,08
1790	15.08.20 17:30:49	16,80	0,37	-28,68	4,65	-56,67
1791	15.08.20 17:30:50	16,80	0,37	-29,28	5,43	-55,29
1792	15.08.20 17:30:51	16,80	0,35	-29,43	3,66	-56,91
1793	15.08.20 17:30:52	16,80	0,37	-29,12	2,70	-58,18
1794	15.08.20 17:30:53	16,80	0,35	-28,12	4,72	-57,16
1795	15.08.20 17:30:54	16,80	0,35	-28,38	4,77	-56,85
1796	15.08.20 17:30:55	16,83	0,35	-28,93	4,33	-56,75
1797	15.08.20 17:30:56	16,83	0,35	-29,27	4,04	-56,69
1798	15.08.20 17:30:57	16,83	0,35	-29,51	3,20	-57,29
1799	15.08.20 17:30:58	16,83	0,37	-29,93	2,60	-57,46
1800	15.08.20 17:30:59	16,83	0,35	-28,94	4,25	-56,81
1801	15.08.20 17:31:00	16,83	0,35	-29,69	3,64	-56,66
1802	15.08.20 17:31:01	16,83	0,37	-29,16	3,47	-57,37
1803	15.08.20 17:31:02	16,83	0,37	-28,70	3,89	-57,41
1804	15.08.20 17:31:03	16,83	0,35	-28,91	3,78	-57,31
1805	15.08.20 17:31:04	16,83	0,35	-27,48	5,22	-57,29
1806	15.08.20 17:31:05	16,86	0,35	-28,61	5,47	-55,91
1807	15.08.20 17:31:06	16,86	0,35	-29,52	3,27	-57,21
1808	15.08.20 17:31:07	16,86	0,37	-30,98	2,50	-56,52
1809	15.08.20 17:31:08	16,86	0,35	-30,43	0,55	-59,02
1810	15.08.20 17:31:09	16,86	0,35	-29,40	1,03	-59,57
1811	15.08.20 17:31:10	16,86	0,35	-29,33	2,15	-58,52
1812	15.08.20 17:31:11	16,86	0,35	-29,67	4,10	-56,22
1813	15.08.20 17:31:12	16,86	0,35	-28,14	4,02	-57,84
1814	15.08.20 17:31:13	16,86	0,37	-27,94	3,88	-58,17
1815	15.08.20 17:31:14	16,86	0,37	-29,32	4,46	-56,21
1816	15.08.20 17:31:15	16,86	0,37	-30,78	2,37	-56,85
1817	15.08.20 17:31:16	16,86	0,35	-30,32	-0,06	-59,62
1818	15.08.20 17:31:17	16,86	0,35	-30,47	2,41	-57,12
1819	15.08.20 17:31:18	16,89	0,35	-29,64	2,72	-57,64
1820	15.08.20 17:31:19	16,89	0,35	-28,33	3,93	-57,74
1821	15.08.20 17:31:20	16,89	0,35	-27,11	5,00	-57,89
1822	15.08.20 17:31:21	16,89	0,35	-28,64	6,64	-54,72
1823	15.08.20 17:31:22	16,89	0,35	-30,82	3,75	-55,43
1824	15.08.20 17:31:23	16,89	0,35	-30,36	1,22	-58,41
1825	15.08.20 17:31:24	16,89	0,35	-29,22	2,28	-58,49
1826	15.08.20 17:31:25	16,89	0,35	-28,46	2,33	-59,21
1827	15.08.20 17:31:26	16,89	0,33	-28,25	4,87	-56,88
1828	15.08.20 17:31:27	16,89	0,35	-30,71	5,18	-54,12
1829	15.08.20 17:31:28	16,89	0,35	-29,73	3,99	-56,27
1830	15.08.20 17:31:29	16,89	0,37	-28,72	3,72	-57,56
1831	15.08.20 17:31:30	16,92	0,37	-29,17	1,62	-59,21
1832	15.08.20 17:31:31	16,92	0,35	-27,65	3,65	-58,70
1833	15.08.20 17:31:32	16,92	0,35	-29,26	6,53	-54,22
1834	15.08.20 17:31:33	16,92	0,35	-30,41	3,80	-55,79
1835	15.08.20 17:31:34	16,92	0,35	-29,99	1,79	-58,21
1836	15.08.20 17:31:35	16,92	0,37	-29,53	1,61	-58,86
1837	15.08.20 17:31:36	16,92	0,35	-28,09	5,23	-56,68
1838	15.08.20 17:31:37	16,92	0,35	-28,20	5,29	-56,52
1839	15.08.20 17:31:38	16,92	0,35	-29,36	5,79	-54,85
1840	15.08.20 17:31:39	16,92	0,35	-29,59	4,07	-56,34
1841	15.08.20 17:31:40	16,92	0,35	-31,51	2,02	-56,47
1842	15.08.20 17:31:41	16,95	0,37	-29,30	2,87	-57,83
1843	15.08.20 17:31:42	16,95	0,35	-27,31	3,16	-59,52
1844	15.08.20 17:31:43	16,95	0,35	-29,88	3,26	-56,86
1845	15.08.20 17:31:44	16,95	0,35	-30,21	4,68	-55,11
1846	15.08.20 17:31:45	16,95	0,35	-28,49	3,59	-57,92
1847	15.08.20 17:31:46	16,95	0,35	-29,13	3,79	-57,08
1848	15.08.20 17:31:47	16,95	0,33	-30,70	4,39	-54,91
1849	15.08.20 17:31:48	16,95	0,35	-28,59	4,79	-56,62
1850	15.08.20 17:31:49	16,95	0,35	-27,70	4,55	-57,74
1851	15.08.20 17:31:50	16,95	0,35	-30,99	3,16	-55,85
1852	15.08.20 17:31:51	16,95	0,35	-29,32	1,09	-59,59
1853	15.08.20 17:31:52	16,95	0,35	-29,02	1,95	-59,03
1854	15.08.20 17:31:53	16,98	0,35	-28,75	3,41	-57,84
1855	15.08.20 17:31:54	16,98	0,37	-29,74	4,07	-56,18
1856	15.08.20 17:31:55	16,98	0,35	-30,37	4,08	-55,55
1857	15.08.20 17:31:56	16,98	0,35	-29,69	2,95	-57,36
1858	15.08.20 17:31:57	16,98	0,35	-28,60	3,62	-57,77
1859	15.08.20 17:31:58	16,98	0,37	-27,51	5,96	-56,53
1860	15.08.20 17:31:59	16,98	0,35	-29,11	5,50	-55,39
1861	15.08.20 17:32:00	16,98	0,35	-29,97	2,46	-57,58
1862	15.08.20 17:32:01	16,98	0,35	-30,13	3,62	-56,26
1863	15.08.20 17:32:02	16,98	0,35	-27,77	4,09	-58,15
1864	15.08.20 17:32:03	16,98	0,37	-28,40	3,95	-57,66
1865	15.08.20 17:32:04	17,01	0,35	-31,26	3,97	-54,78
1866	15.08.20 17:32:05	17,01	0,35	-30,06	2,53	-57,41
1867	15.08.20 17:32:06	17,01	0,35	-28,69	2,33	-58,98
1868	15.08.20 17:32:07	17,01	0,35	-29,07	2,74	-58,19
1869	15.08.20 17:32:08	17,01	0,35	-29,49	3,31	-57,19
1870	15.08.20 17:32:09	17,01	0,37	-28,87	4,03	-57,10
1871	15.08.20 17:32:10	17,01	0,35	-28,20	5,48	-56,31
1872	15.08.20 17:32:11	17,01	0,35	-29,53	2,75	-57,72
1873	15.08.20 17:32:12	17,01	0,35	-31,28	2,43	-56,28
1874	15.08.20 17:32:13	17,01	0,37	-30,42	3,32	-56,26
1875	15.08.20 17:32:14	17,01	0,37	-28,06	2,57	-59,37
1876	15.08.20 17:32:15	17,04	0,35	-29,45	4,01	-56,55
1877	15.08.20 17:32:16	17,04	0,35	-28,82	3,82	-57,36
1878	15.08.20 17:32:17	17,04	0,33	-27,04	4,68	-58,28
1879	15.08.20 17:32:18	17,04	0,35	-30,40	3,55	-56,05
1880	15.08.20 17:32:19	17,04	0,35	-31,98	2,03	-55,99
1881	15.08.20 17:32:20	17,04	0,37	-30,73	1,21	-58,06
1882	15.08.20 17:32:21	17,04	0,35	-29,50	-0,14	-60,36
1883	15.08.20 17:32:22	17,04	0,33	-29,92	2,28	-57,80
1884	15.08.20 17:32:23	17,04	0,35	-26,68	6,05	-57,27
1885	15.08.20 17:32:24	17,04	0,35	-27,01	6,73	-56,26
1886	15.08.20 17:32:25	17,04	0,35	-29,83	6,32	-53,85
1887	15.08.20 17:32:26	17,04	0,37	-30,10	3,25	-56,66
1888	15.08.20 17:32:27	17,04	0,35	-30,72	0,27	-59,02
1889	15.08.20 17:32:28	17,04	0,35	-30,62	-0,18	-59,20
1890	15.08.20 17:32:29	17,04	0,35	-31,03	0,57	-58,40
1891	15.08.20 17:32:30	17,07	0,35	-29,18	2,18	-58,64
1892	15.08.20 17:32:31	17,07	0,35	-27,40	5,01	-57,59
1893	15.08.20 17:32:32	17,07	0,35	-29,03	5,24	-55,73
1894	15.08.20 17:32:33	17,07	0,33	-29,99	4,41	-55,60
1895	15.08.20 17:32:34	17,07	0,35	-29,52	2,66	-57,82
1896	15.08.20 17:32:35	17,07	0,35	-29,95	1,59	-58,46
1897	15.08.20 17:32:36	17,07	0,35	-30,10	3,20	-56,71
1898	15.08.20 17:32:37	17,07	0,35	-30,70	2,31	-56,98
1899	15.08.20 17:32:38	17,07	0,33	-29,64	1,54	-58,82
1900	15.08.20 17:32:39	17,07	0,35	-28,74	2,30	-58,97
1901	15.08.20 17:32:40	17,10	0,33	-29,11	3,93	-56,96
1902	15.08.20 17:32:41	17,10	0,35	-29,34	1,86	-58,80
1903	15.08.20 17:32:42	17,10	0,35	-29,22	3,57	-57,21
1904	15.08.20 17:32:43	17,10	0,33	-29,11	6,22	-54,67
1905	15.08.20 17:32:44	17,10	0,35	-28,78	5,84	-55,38
1906	15.08.20 17:32:45	17,10	0,35	-54,66	-13,71	-21,63
1907	15.08.20 17:32:46	17,10	0,33	-20,98	-48,11	20,91
1908	15.08.20 17:32:47	17,13	0,33	-57,85	-29,06	-3,09
1909	15.08.20 17:32:48	17,25	0,33	-68,51	-15,49	6,00
1910	15.08.20 17:32:49	17,37	0,30	-52,70	3,77	33,53
1911	15.08.20 17:32:50	17,46	0,30	0,06	42,55	47,39
1912	15.08.20 17:32:51	17,61	0,43	-50,06	4,91	35,03
1913	15.08.20 17:32:52	17,76	0,43	-34,31	28,19	27,50
1914	15.08.20 17:32:53	17,91	0,39	-5,60	35,62	48,78
1915	15.08.20 17:32:54	17,97	0,39	5,88	43,44	40,68
1916	15.08.20 17:32:55	17,97	0,39	-10,08	45,43	34,49
1917	15.08.20 17:32:56	17,94	0,41	0,91	24,15	64,94
1918	15.08.20 17:32:57	17,91	0,41	3,84	28,43	57,73
1919	15.08.20 17:32:58	17,88	0,39	-19,00	-48,61	22,39
1920	15.08.20 17:32:59	17,85	0,41	18,29	-67,71	4,00
1921	15.08.20 17:33:00	17,82	0,41	27,93	-53,78	-8,28
1922	15.08.20 17:33:01	17,79	0,43	29,33	-51,16	-9,51
1923	15.08.20 17:33:02	17,79	0,43	48,27	-29,71	12,01
1924	15.08.20 17:33:03	17,76	0,37	43,27	-44,15	2,58
1925	15.08.20 17:33:04	17,97	0,37	6,61	-39,99	43,40
1926	15.08.20 17:33:05	18,12	0,37	-7,82	-29,95	52,23
1927	15.08.20 17:33:06	18,27	0,35	-18,46	-8,78	62,76
1928	15.08.20 17:33:07	18,39	0,37	-63,36	-0,93	25,72
1929	15.08.20 17:33:08	18,51	0,37	-48,80	-15,50	-25,70
1930	15.08.20 17:33:09	18,69	0,33	-38,40	-32,58	-19,01
1931	15.08.20 17:33:10	18,89	0,35	-30,24	-9,66	-50,09
1932	15.08.20 17:33:11	19,10	0,45	-82,01	-4,82	-3,17
