#0	Date-time:	13/08/2020 10:37:43 AM
#1	Recorder:	41H1067
#2	File type:	1
#3	Columns:	7
#4	Channels:	5
#5	Field separation:	0
#6	Decimal point:	0
#7	Date def.:	0	0
#8	Time def.:	0
#9	Channel 1:	Temperature(°C)	Temp(°C)	2	1
#10	Channel 2:	Pressure(Bar)	Press(Bar)	2	1
#11	Reconvertion:	0
#14	Channel 3:	Tilt-X(°)	Tilt-X(°)	2	1
#18	Channel 4:	Tilt-Y(°)	Tilt-Y(°)	2	1
#19	Line color:	1	2	3	4
#22	Channel 5:	Tilt-Z(°)	Tilt-Z(°)	2	1
#30	Trend Type Number:	3
#33	Limit Temp. Corr. OTCR:	1
1	13.08.20 10:05:00	26,23	0,35	-3,30	-2,15	84,55
2	13.08.20 10:05:01	26,20	0,35	-2,71	-2,89	84,40
3	13.08.20 10:05:02	26,17	0,33	-3,06	-3,23	83,71
4	13.08.20 10:05:03	26,14	0,35	-3,45	-3,44	83,11
5	13.08.20 10:05:04	26,11	0,37	-3,44	-2,70	83,87
6	13.08.20 10:05:05	26,08	0,35	-2,48	-3,36	84,16
7	13.08.20 10:05:06	26,05	0,35	-2,55	-2,75	84,70
8	13.08.20 10:05:07	26,02	0,35	-3,36	-2,91	83,72
9	13.08.20 10:05:08	25,99	0,35	-2,27	-4,26	83,46
10	13.08.20 10:05:09	25,96	0,35	-2,12	-3,13	84,75
11	13.08.20 10:05:10	25,93	0,35	-1,51	-2,20	86,29
12	13.08.20 10:05:11	25,91	0,35	-1,08	-3,44	85,48
13	13.08.20 10:05:12	25,88	0,35	0,30	-4,03	85,67
14	13.08.20 10:05:13	25,85	0,35	-0,48	-3,25	86,28
15	13.08.20 10:05:14	25,85	0,35	-0,15	-3,69	86,16
16	13.08.20 10:05:15	25,82	0,35	-2,45	-2,72	84,83
17	13.08.20 10:05:16	25,79	0,37	-2,79	-3,02	84,18
18	13.08.20 10:05:17	25,76	0,35	-3,65	-3,43	82,91
19	13.08.20 10:05:18	25,73	0,35	-4,26	-3,30	82,44
20	13.08.20 10:05:19	25,70	0,35	-4,29	-2,45	83,26
21	13.08.20 10:05:20	25,70	0,35	-3,94	-2,48	83,59
22	13.08.20 10:05:21	25,67	0,35	-3,63	-3,70	82,67
23	13.08.20 10:05:22	25,64	0,35	-3,48	-3,50	83,01
24	13.08.20 10:05:23	25,62	0,35	-3,09	-2,50	84,41
25	13.08.20 10:05:24	25,59	0,35	-2,13	-3,45	84,42
26	13.08.20 10:05:25	25,59	0,35	-2,16	-4,22	83,62
27	13.08.20 10:05:26	25,56	0,33	-2,08	-2,14	85,78
28	13.08.20 10:05:27	25,53	0,35	-2,21	-3,07	84,72
29	13.08.20 10:05:28	25,53	0,35	-2,04	-4,39	83,57
30	13.08.20 10:05:29	25,50	0,35	-1,58	-3,04	85,37
31	13.08.20 10:05:30	25,47	0,35	-2,41	-2,58	85,01
32	13.08.20 10:05:31	25,47	0,37	-2,13	-3,62	84,26
33	13.08.20 10:05:32	25,44	0,35	-2,52	-3,11	84,37
34	13.08.20 10:05:33	25,41	0,35	-2,78	-2,98	84,24
35	13.08.20 10:05:34	25,41	0,35	-1,52	-3,33	85,14
36	13.08.20 10:05:35	25,38	0,37	-1,33	-3,39	85,28
37	13.08.20 10:05:36	25,38	0,37	-1,64	-3,61	84,75
38	13.08.20 10:05:37	25,35	0,35	-1,45	-3,28	85,27
39	13.08.20 10:05:38	25,35	0,35	-1,88	-2,59	85,53
40	13.08.20 10:05:39	25,33	0,35	-2,91	-4,02	83,06
41	13.08.20 10:05:40	25,30	0,35	-3,03	-3,03	83,94
42	13.08.20 10:05:41	25,30	0,35	-2,89	-2,67	84,44
43	13.08.20 10:05:42	25,27	0,35	-2,65	-2,68	84,67
44	13.08.20 10:05:43	25,27	0,33	-2,96	-3,83	83,22
45	13.08.20 10:05:44	25,24	0,35	-3,95	-3,22	82,83
46	13.08.20 10:05:45	25,21	0,37	21,75	-21,12	47,12
47	13.08.20 10:05:46	25,21	0,35	-55,65	3,46	-30,89
48	13.08.20 10:05:47	25,18	0,35	-55,47	5,44	-29,09
49	13.08.20 10:05:48	25,15	0,37	-56,21	4,85	-28,93
50	13.08.20 10:05:49	25,12	0,33	-55,92	5,84	-28,24
51	13.08.20 10:05:50	25,12	0,35	-55,52	5,78	-28,70
52	13.08.20 10:05:51	25,09	0,37	-55,05	5,95	-29,00
53	13.08.20 10:05:52	25,09	0,37	-56,06	4,29	-29,65
54	13.08.20 10:05:53	25,06	0,35	-52,57	5,58	-31,85
55	13.08.20 10:05:54	25,06	0,35	-53,76	3,92	-32,32
56	13.08.20 10:05:55	25,03	0,33	-56,81	4,37	-28,82
57	13.08.20 10:05:56	25,03	0,33	-57,03	4,49	-28,48
58	13.08.20 10:05:57	25,01	0,33	-53,66	5,35	-30,99
59	13.08.20 10:05:58	25,01	0,35	-48,59	4,69	-36,72
60	13.08.20 10:05:59	24,98	0,33	-55,51	4,29	-30,20
61	13.08.20 10:06:00	24,95	0,33	-56,75	5,93	-27,32
62	13.08.20 10:06:01	24,95	0,30	-55,86	4,01	-30,14
63	13.08.20 10:06:02	24,92	0,33	-53,96	5,64	-30,39
64	13.08.20 10:06:03	24,92	0,33	-55,98	5,72	-28,30
65	13.08.20 10:06:04	24,89	0,35	-54,95	6,12	-28,94
66	13.08.20 10:06:05	24,86	0,30	-54,11	6,97	-28,92
67	13.08.20 10:06:06	24,83	0,33	-43,13	-1,36	-45,51
68	13.08.20 10:06:07	24,83	0,35	-55,87	-9,64	-24,49
69	13.08.20 10:06:08	24,80	0,35	-54,05	8,63	-27,32
70	13.08.20 10:06:09	24,80	0,33	-47,68	-38,70	3,62
71	13.08.20 10:06:10	24,77	0,35	-9,46	-54,29	26,25
72	13.08.20 10:06:11	24,77	0,33	3,79	-45,45	40,75
73	13.08.20 10:06:12	24,80	0,33	-5,20	-61,75	23,04
74	13.08.20 10:06:13	24,80	0,33	-10,29	-77,63	2,09
75	13.08.20 10:06:14	24,77	0,33	-9,52	-63,58	16,91
76	13.08.20 10:06:15	24,74	0,33	-10,10	-68,62	11,28
77	13.08.20 10:06:16	24,74	0,35	-21,69	-58,89	9,42
78	13.08.20 10:06:17	24,72	0,30	15,72	-73,54	-0,74
79	13.08.20 10:06:18	24,72	0,33	16,53	-65,72	-7,75
80	13.08.20 10:06:19	24,72	0,33	14,39	-62,61	-13,00
81	13.08.20 10:06:20	24,69	0,33	-2,07	-78,02	-9,92
82	13.08.20 10:06:21	24,69	0,33	-5,37	-70,13	-14,50
83	13.08.20 10:06:22	24,69	0,33	-27,60	-29,57	32,83
84	13.08.20 10:06:23	24,66	0,33	-1,92	-18,71	69,37
85	13.08.20 10:06:24	24,66	0,33	-0,51	-15,30	74,19
86	13.08.20 10:06:25	24,69	0,33	-20,70	-8,50	60,80
87	13.08.20 10:06:26	24,66	0,33	-20,02	-8,11	61,88
88	13.08.20 10:06:27	24,66	0,33	-20,62	-7,51	61,87
89	13.08.20 10:06:28	24,63	0,33	-20,32	-8,26	61,42
90	13.08.20 10:06:29	24,63	0,33	-20,97	-8,95	60,09
91	13.08.20 10:06:30	24,63	0,33	-20,84	-8,63	60,52
92	13.08.20 10:06:31	24,60	0,33	-20,11	-9,08	60,80
93	13.08.20 10:06:32	24,60	0,33	-20,33	-7,91	61,76
94	13.08.20 10:06:33	24,60	0,35	-21,34	-6,64	62,02
95	13.08.20 10:06:34	24,60	0,33	-20,72	-6,55	62,73
96	13.08.20 10:06:35	24,57	0,33	-19,79	-6,65	63,55
97	13.08.20 10:06:36	24,57	0,33	-20,07	-6,64	63,29
98	13.08.20 10:06:37	24,57	0,33	-21,58	-6,07	62,35
99	13.08.20 10:06:38	24,54	0,33	-20,63	-7,17	62,20
100	13.08.20 10:06:39	24,54	0,33	-19,13	-7,41	63,45
101	13.08.20 10:06:40	24,54	0,30	-20,72	-4,46	64,82
102	13.08.20 10:06:41	24,54	0,33	-20,06	-4,98	64,95
103	13.08.20 10:06:42	24,51	0,33	-19,49	-5,99	64,51
104	13.08.20 10:06:43	24,51	0,33	-19,40	-6,08	64,52
105	13.08.20 10:06:44	24,51	0,30	-20,76	-6,71	62,53
106	13.08.20 10:06:45	24,51	0,33	-19,26	-8,10	62,64
107	13.08.20 10:06:46	24,48	0,33	-18,48	-8,35	63,17
108	13.08.20 10:06:47	24,48	0,30	-20,44	-8,55	61,01
109	13.08.20 10:06:48	24,48	0,33	-19,70	-8,60	61,70
110	13.08.20 10:06:49	24,48	0,33	-19,03	-7,55	63,41
111	13.08.20 10:06:50	24,48	0,33	-20,05	-6,70	63,25
112	13.08.20 10:06:51	24,45	0,33	-20,89	-6,72	62,40
113	13.08.20 10:06:52	24,45	0,33	-20,41	-6,08	63,51
114	13.08.20 10:06:53	24,45	0,33	-19,59	-5,49	64,92
115	13.08.20 10:06:54	24,45	0,35	-19,64	-4,31	66,05
116	13.08.20 10:06:55	24,42	0,33	-20,86	-3,68	65,46
117	13.08.20 10:06:56	24,42	0,35	-19,98	-3,45	66,58
118	13.08.20 10:06:57	24,42	0,33	-19,32	-2,84	67,84
119	13.08.20 10:06:58	24,42	0,33	-19,80	-3,64	66,56
120	13.08.20 10:06:59	24,40	0,33	-20,39	-5,33	64,28
121	13.08.20 10:07:00	24,40	0,33	-19,67	-5,31	65,02
122	13.08.20 10:07:01	24,40	0,33	-19,91	-5,14	64,95
123	13.08.20 10:07:02	24,40	0,35	-18,15	-6,79	65,06
124	13.08.20 10:07:03	24,37	0,33	-19,91	-7,94	62,15
125	13.08.20 10:07:04	24,37	0,33	-20,40	-8,51	61,10
126	13.08.20 10:07:05	24,37	0,33	-18,88	-8,55	62,56
127	13.08.20 10:07:06	24,37	0,33	-19,54	-8,81	61,65
128	13.08.20 10:07:07	24,37	0,33	-20,37	-7,79	61,84
129	13.08.20 10:07:08	24,34	0,35	-19,25	-7,40	63,35
130	13.08.20 10:07:09	24,34	0,33	-19,45	-6,36	64,20
131	13.08.20 10:07:10	24,34	0,33	-20,37	-5,98	63,64
132	13.08.20 10:07:11	24,34	0,33	-19,95	-4,53	65,52
133	13.08.20 10:07:12	24,31	0,30	-19,70	-3,86	66,43
134	13.08.20 10:07:13	24,31	0,33	-20,09	-5,13	64,78
135	13.08.20 10:07:14	24,31	0,33	-20,37	-5,16	64,47
136	13.08.20 10:07:15	24,31	0,33	-19,71	-4,85	65,44
137	13.08.20 10:07:16	24,31	0,33	-19,91	-6,28	63,81
138	13.08.20 10:07:17	24,28	0,33	-21,25	-6,61	62,14
139	13.08.20 10:07:18	24,28	0,33	-20,40	-6,28	63,32
140	13.08.20 10:07:19	24,28	0,30	-19,08	-6,62	64,30
141	13.08.20 10:07:20	24,28	0,33	-20,11	-5,67	64,22
142	13.08.20 10:07:21	24,28	0,33	-19,67	-6,30	64,03
143	13.08.20 10:07:22	24,25	0,33	-19,10	-6,07	64,83
144	13.08.20 10:07:23	24,25	0,33	-19,88	-6,51	63,61
145	13.08.20 10:07:24	24,25	0,33	-19,64	-6,78	63,57
146	13.08.20 10:07:25	24,25	0,35	-20,03	-5,85	64,12
147	13.08.20 10:07:26	24,25	0,35	-19,56	-5,44	65,00
148	13.08.20 10:07:27	24,22	0,35	-19,84	-5,81	64,35
149	13.08.20 10:07:28	24,22	0,33	-20,03	-5,28	64,69
150	13.08.20 10:07:29	24,22	0,33	-19,48	-4,99	65,53
151	13.08.20 10:07:30	24,22	0,33	-19,59	-4,96	65,46
152	13.08.20 10:07:31	24,22	0,33	-20,23	-4,60	65,17
153	13.08.20 10:07:32	24,19	0,35	-20,22	-5,13	64,65
154	13.08.20 10:07:33	24,19	0,33	-19,78	-4,81	65,41
155	13.08.20 10:07:34	24,19	0,33	-18,56	-4,29	67,15
156	13.08.20 10:07:35	24,19	0,30	43,48	46,43	0,09
157	13.08.20 10:07:36	24,19	0,33	72,45	-12,52	5,03
158	13.08.20 10:07:37	24,16	0,33	65,98	-18,89	5,13
159	13.08.20 10:07:38	24,16	0,33	73,28	5,74	10,97
160	13.08.20 10:07:39	24,16	0,30	73,07	-3,51	13,42
161	13.08.20 10:07:40	24,16	0,33	74,20	-3,82	11,98
162	13.08.20 10:07:41	24,16	0,33	73,32	-4,93	11,75
163	13.08.20 10:07:42	24,13	0,30	72,69	-0,86	16,45
164	13.08.20 10:07:43	24,13	0,35	68,93	-5,06	16,01
165	13.08.20 10:07:44	24,13	0,33	65,18	-9,48	15,34
166	13.08.20 10:07:45	24,13	0,33	67,76	-7,85	14,39
167	13.08.20 10:07:46	24,13	0,33	68,51	-8,64	12,85
168	13.08.20 10:07:47	24,11	0,33	65,23	-9,38	15,40
169	13.08.20 10:07:48	24,11	0,35	68,76	-5,86	15,37
170	13.08.20 10:07:49	24,11	0,33	70,78	-6,83	12,38
171	13.08.20 10:07:50	24,11	0,33	76,13	-2,04	11,83
172	13.08.20 10:07:51	24,11	0,35	75,67	-3,46	10,87
173	13.08.20 10:07:52	24,08	0,35	70,42	-9,65	9,93
174	13.08.20 10:07:53	24,08	0,33	63,71	-17,81	8,49
175	13.08.20 10:07:54	24,08	0,33	64,90	-5,21	19,88
176	13.08.20 10:07:55	24,05	0,33	78,37	9,57	-2,06
177	13.08.20 10:07:56	24,05	0,33	68,02	15,14	-6,84
178	13.08.20 10:07:57	24,05	0,33	69,52	15,45	-5,03
179	13.08.20 10:07:58	24,05	0,33	68,06	20,56	1,38
180	13.08.20 10:07:59	24,02	0,33	66,66	20,10	-3,24
181	13.08.20 10:08:00	24,02	0,33	66,88	18,77	-4,36
182	13.08.20 10:08:01	24,02	0,33	74,23	13,08	-2,70
183	13.08.20 10:08:02	24,02	0,33	32,91	52,34	4,75
184	13.08.20 10:08:03	24,02	0,33	23,11	54,91	11,98
185	13.08.20 10:08:04	24,02	0,33	-10,30	-5,21	74,50
186	13.08.20 10:08:05	24,02	0,33	-4,78	-4,04	81,19
187	13.08.20 10:08:06	24,02	0,33	-15,64	-14,63	59,73
188	13.08.20 10:08:07	23,70	0,48	87,29	0,50	-2,21
189	13.08.20 10:08:08	23,12	0,43	87,40	-0,45	2,15
190	13.08.20 10:08:09	22,88	0,39	72,19	-0,73	17,09
191	13.08.20 10:08:10	22,74	0,41	51,11	-3,47	35,42
192	13.08.20 10:08:11	22,56	0,45	40,87	-5,46	43,68
193	13.08.20 10:08:12	22,36	0,43	23,09	-8,97	57,94
194	13.08.20 10:08:13	22,30	0,39	24,62	-14,46	50,92
195	13.08.20 10:08:14	22,21	0,41	29,29	-7,45	53,26
196	13.08.20 10:08:15	22,10	0,41	33,27	-25,21	31,52
197	13.08.20 10:08:16	22,04	0,41	13,52	-33,88	42,59
198	13.08.20 10:08:17	21,92	0,43	18,39	-12,51	59,11
199	13.08.20 10:08:18	21,86	0,39	-0,81	-19,08	70,11
200	13.08.20 10:08:19	21,78	0,43	11,55	-35,40	43,05
201	13.08.20 10:08:20	21,72	0,43	19,95	-32,71	37,34
202	13.08.20 10:08:21	21,66	0,43	15,78	-73,14	1,08
203	13.08.20 10:08:22	21,60	0,43	32,35	-44,76	12,89
204	13.08.20 10:08:23	21,57	0,39	23,65	-51,03	15,32
205	13.08.20 10:08:24	21,51	0,37	18,61	-11,28	60,11
206	13.08.20 10:08:25	21,45	0,39	14,50	-34,74	40,76
207	13.08.20 10:08:26	21,37	0,39	21,86	-56,50	-11,64
208	13.08.20 10:08:27	21,34	0,41	36,63	-4,15	49,22
209	13.08.20 10:08:28	21,31	0,39	18,24	-4,40	67,36
210	13.08.20 10:08:29	21,25	0,39	19,46	-0,03	70,51
211	13.08.20 10:08:30	21,19	0,41	21,52	-4,24	64,24
212	13.08.20 10:08:31	21,16	0,45	37,59	13,04	39,37
213	13.08.20 10:08:32	21,13	0,48	28,90	0,45	60,65
214	13.08.20 10:08:33	21,10	0,45	25,90	11,20	52,90
215	13.08.20 10:08:34	21,07	0,50	40,66	9,52	39,83
216	13.08.20 10:08:35	21,04	0,52	36,17	0,55	53,29
217	13.08.20 10:08:36	21,02	0,50	25,17	-14,03	50,80
218	13.08.20 10:08:37	21,02	0,54	28,03	-6,35	55,63
219	13.08.20 10:08:38	21,02	0,57	40,08	11,51	38,42
220	13.08.20 10:08:39	20,99	0,59	39,70	9,54	40,76
221	13.08.20 10:08:40	20,96	0,57	28,18	-9,36	52,45
222	13.08.20 10:08:41	20,93	0,57	27,88	-14,66	47,46
223	13.08.20 10:08:42	20,87	0,56	27,46	-6,11	56,42
224	13.08.20 10:08:43	20,84	0,59	33,01	5,97	51,02
225	13.08.20 10:08:44	20,84	0,59	20,26	-25,76	43,98
226	13.08.20 10:08:45	20,84	0,67	54,09	-2,55	33,36
227	13.08.20 10:08:46	20,81	0,63	36,51	-7,28	46,21
228	13.08.20 10:08:47	20,78	0,63	33,34	-9,03	47,63
229	13.08.20 10:08:48	20,75	0,63	35,51	3,03	51,46
230	13.08.20 10:08:49	20,75	0,63	41,81	1,19	47,00
231	13.08.20 10:08:50	20,75	0,61	36,71	-2,42	50,87
232	13.08.20 10:08:51	20,75	0,63	36,32	0,12	53,56
233	13.08.20 10:08:52	20,72	0,65	31,93	-6,69	51,38
234	13.08.20 10:08:53	20,69	0,65	47,14	-11,12	31,74
235	13.08.20 10:08:54	20,66	0,69	40,83	-12,97	36,20
236	13.08.20 10:08:55	20,60	0,67	39,13	-11,84	39,03
237	13.08.20 10:08:56	20,60	0,65	45,35	-3,48	41,17
238	13.08.20 10:08:57	20,60	0,67	42,28	-12,40	35,32
239	13.08.20 10:08:58	20,60	0,67	40,08	-12,24	37,68
240	13.08.20 10:08:59	20,63	0,65	34,43	-12,16	43,41
241	13.08.20 10:09:00	20,63	0,67	37,69	-16,56	35,75
242	13.08.20 10:09:01	20,60	0,67	39,49	-9,49	41,02
243	13.08.20 10:09:02	20,60	0,67	38,58	-13,31	38,11
244	13.08.20 10:09:03	20,60	0,67	35,84	-13,32	40,84
245	13.08.20 10:09:04	20,58	0,69	42,46	-5,11	42,43
246	13.08.20 10:09:05	20,58	0,67	40,65	-1,49	47,86
247	13.08.20 10:09:06	20,58	0,67	42,82	1,53	45,65
248	13.08.20 10:09:07	20,55	0,69	47,23	-1,08	41,69
249	13.08.20 10:09:08	20,55	0,71	50,37	-4,22	35,40
250	13.08.20 10:09:09	20,49	0,73	47,82	-2,36	39,82
251	13.08.20 10:09:10	20,43	0,75	47,52	-5,06	37,42
252	13.08.20 10:09:11	20,40	0,73	48,96	-5,13	35,92
253	13.08.20 10:09:12	20,40	0,75	43,06	-3,14	43,80
254	13.08.20 10:09:13	20,37	0,75	44,57	-4,55	40,88
255	13.08.20 10:09:14	20,34	0,75	43,63	3,54	42,83
256	13.08.20 10:09:15	20,31	0,77	41,83	-4,12	44,05
257	13.08.20 10:09:16	20,31	0,77	46,21	-7,63	36,16
258	13.08.20 10:09:17	20,31	0,79	50,13	-3,48	36,38
259	13.08.20 10:09:18	20,31	0,82	46,61	-6,64	36,74
260	13.08.20 10:09:19	20,28	0,79	52,36	-4,51	33,13
261	13.08.20 10:09:20	20,28	0,79	45,91	-0,06	44,03
262	13.08.20 10:09:21	20,25	0,82	48,98	-3,64	37,38
263	13.08.20 10:09:22	20,28	0,82	55,81	-0,77	33,42
264	13.08.20 10:09:23	20,28	0,79	50,45	-2,65	36,90
265	13.08.20 10:09:24	20,28	0,79	54,51	-4,41	31,09
266	13.08.20 10:09:25	20,28	0,82	54,36	-0,46	35,18
267	13.08.20 10:09:26	20,22	0,82	40,39	-4,76	44,85
268	13.08.20 10:09:27	20,19	0,79	48,74	0,12	41,15
269	13.08.20 10:09:28	20,19	0,77	44,57	-1,99	43,44
270	13.08.20 10:09:29	20,19	0,77	41,40	-0,50	48,10
271	13.08.20 10:09:30	20,19	0,77	45,90	0,95	43,15
272	13.08.20 10:09:31	20,19	0,77	43,52	2,53	43,95
273	13.08.20 10:09:32	20,16	0,75	41,58	2,17	46,24
274	13.08.20 10:09:33	20,13	0,75	38,97	6,74	44,29
275	13.08.20 10:09:34	20,13	0,73	38,10	3,16	48,74
276	13.08.20 10:09:35	20,13	0,73	44,29	0,03	45,68
277	13.08.20 10:09:36	20,13	0,73	42,92	0,78	46,30
278	13.08.20 10:09:37	20,08	0,73	38,33	-11,46	40,21
279	13.08.20 10:09:38	20,08	0,73	36,61	-12,68	40,71
280	13.08.20 10:09:39	20,05	0,73	41,44	-11,51	37,05
281	13.08.20 10:09:40	20,05	0,73	32,70	-14,85	42,45
282	13.08.20 10:09:41	20,05	0,69	33,89	-10,35	45,76
283	13.08.20 10:09:42	20,05	0,71	40,71	-10,29	38,99
284	13.08.20 10:09:43	20,05	0,73	45,02	-7,06	37,92
285	13.08.20 10:09:44	20,05	0,71	36,89	-8,74	44,37
286	13.08.20 10:09:45	20,02	0,68	35,52	-9,46	45,02
287	13.08.20 10:09:46	20,02	0,68	35,01	-13,90	41,08
288	13.08.20 10:09:47	19,99	0,68	30,84	-13,71	45,45
289	13.08.20 10:09:48	19,99	0,68	37,62	-5,39	46,98
290	13.08.20 10:09:49	19,96	0,71	37,18	-8,88	43,94
291	13.08.20 10:09:50	19,96	0,73	35,61	-13,12	41,27
292	13.08.20 10:09:51	19,93	0,71	31,01	-4,88	54,10
293	13.08.20 10:09:52	19,93	0,73	38,60	-14,23	37,17
294	13.08.20 10:09:53	19,93	0,75	38,88	-2,84	48,27
295	13.08.20 10:09:54	19,93	0,75	41,24	-11,53	37,24
296	13.08.20 10:09:55	19,93	0,75	37,88	-7,78	44,34
297	13.08.20 10:09:56	19,93	0,77	43,17	-8,63	38,20
298	13.08.20 10:09:57	19,93	0,79	48,75	0,21	41,05
299	13.08.20 10:09:58	19,93	0,77	41,37	-11,60	37,03
300	13.08.20 10:09:59	19,96	0,79	38,59	-9,29	42,12
301	13.08.20 10:10:00	19,96	0,81	50,49	-2,60	36,92
302	13.08.20 10:10:01	19,93	0,81	43,52	-8,23	38,25
303	13.08.20 10:10:02	19,93	0,79	39,23	-12,05	38,72
304	13.08.20 10:10:03	19,93	0,81	45,07	-7,01	37,92
305	13.08.20 10:10:04	19,93	0,81	42,88	-6,12	41,01
306	13.08.20 10:10:05	19,93	0,83	40,10	-9,26	40,63
307	13.08.20 10:10:06	19,93	0,81	44,35	-10,57	35,08
308	13.08.20 10:10:07	19,93	0,83	42,31	-9,14	38,56
309	13.08.20 10:10:08	19,93	0,83	40,36	-12,48	37,16
310	13.08.20 10:10:09	19,93	0,86	42,41	-12,77	34,82
311	13.08.20 10:10:10	19,93	0,88	43,21	-11,34	35,45
312	13.08.20 10:10:11	19,93	0,88	40,81	-12,84	36,35
313	13.08.20 10:10:12	19,90	0,90	40,20	-10,89	38,91
314	13.08.20 10:10:13	19,90	0,90	45,02	-9,01	35,97
315	13.08.20 10:10:14	19,90	0,94	44,00	-10,62	35,38
316	13.08.20 10:10:15	19,87	0,92	35,92	-4,54	49,54
317	13.08.20 10:10:16	19,87	0,90	32,45	-10,45	47,09
318	13.08.20 10:10:17	19,87	0,92	42,08	-10,36	37,56
319	13.08.20 10:10:18	19,84	0,94	44,19	-6,39	39,42
320	13.08.20 10:10:19	19,84	0,96	48,51	-3,54	37,95
321	13.08.20 10:10:20	19,84	0,98	49,17	-3,16	37,67
322	13.08.20 10:10:21	19,84	0,98	43,66	-6,42	39,92
323	13.08.20 10:10:22	19,84	1,00	50,02	2,92	37,06
324	13.08.20 10:10:23	19,84	1,00	49,69	6,99	33,32
325	13.08.20 10:10:24	19,84	1,03	50,06	0,47	39,47
326	13.08.20 10:10:25	19,84	1,00	46,44	-2,26	41,30
327	13.08.20 10:10:26	19,81	1,05	49,86	5,52	34,62
328	13.08.20 10:10:27	19,81	1,07	51,00	5,38	33,62
329	13.08.20 10:10:28	19,81	1,05	47,95	-4,56	37,49
330	13.08.20 10:10:29	19,81	1,05	46,50	-2,01	41,49
331	13.08.20 10:10:30	19,81	1,05	48,54	5,57	35,88
332	13.08.20 10:10:31	19,78	1,07	51,24	3,41	35,35
333	13.08.20 10:10:32	19,75	1,07	50,17	-4,41	35,42
334	13.08.20 10:10:33	19,75	1,07	41,29	-10,42	38,29
335	13.08.20 10:10:34	19,75	1,05	39,22	-11,14	39,65
336	13.08.20 10:10:35	19,72	1,09	39,14	-9,80	41,06
337	13.08.20 10:10:36	19,69	1,09	37,56	-10,82	41,62
338	13.08.20 10:10:37	19,66	1,07	38,78	-13,39	37,83
339	13.08.20 10:10:38	19,63	1,09	40,45	-7,87	41,68
340	13.08.20 10:10:39	19,60	1,09	42,11	-9,50	38,39
341	13.08.20 10:10:40	19,60	1,09	42,81	-6,41	40,78
342	13.08.20 10:10:41	19,60	1,11	46,64	-4,12	39,24
343	13.08.20 10:10:42	19,60	1,11	48,98	-0,30	40,72
344	13.08.20 10:10:43	19,57	1,11	48,45	-2,39	39,16
345	13.08.20 10:10:44	19,55	1,15	49,45	-1,18	39,37
346	13.08.20 10:10:45	19,52	1,15	47,89	-3,58	38,53
347	13.08.20 10:10:46	19,49	1,15	50,46	-2,56	36,98
348	13.08.20 10:10:47	19,46	1,17	49,43	-3,02	37,55
349	13.08.20 10:10:48	19,43	1,15	45,85	-4,15	40,00
350	13.08.20 10:10:49	19,40	1,15	42,97	-5,97	41,05
351	13.08.20 10:10:50	19,31	1,15	39,59	-7,67	42,73
352	13.08.20 10:10:51	19,28	1,17	37,21	-5,81	46,98
353	13.08.20 10:10:52	19,25	1,13	36,28	-8,76	44,97
354	13.08.20 10:10:53	19,22	1,15	32,64	-14,00	43,36
355	13.08.20 10:10:54	19,22	1,13	27,73	-25,36	36,91
356	13.08.20 10:10:55	19,16	1,13	32,55	-10,13	47,33
357	13.08.20 10:10:56	19,10	1,15	41,24	-12,22	36,55
358	13.08.20 10:10:57	19,10	1,17	41,31	-6,96	41,73
359	13.08.20 10:10:58	19,10	1,17	43,06	-6,37	40,57
360	13.08.20 10:10:59	19,10	1,19	42,75	-9,09	38,16
361	13.08.20 10:11:00	19,10	1,19	40,45	-8,76	40,78
362	13.08.20 10:11:01	19,10	1,19	42,70	-4,51	42,79
363	13.08.20 10:11:02	19,10	1,19	42,53	-7,69	39,77
364	13.08.20 10:11:03	19,10	1,17	38,73	-11,56	39,72
365	13.08.20 10:11:04	19,07	1,19	40,11	-8,15	41,74
366	13.08.20 10:11:05	19,04	1,21	44,10	-1,11	44,78
367	13.08.20 10:11:06	19,01	1,21	41,35	2,63	46,02
368	13.08.20 10:11:07	18,98	1,21	38,67	6,34	44,99
369	13.08.20 10:11:08	18,92	1,23	39,91	3,85	46,24
370	13.08.20 10:11:09	18,86	1,23	37,59	5,93	46,48
371	13.08.20 10:11:10	18,86	1,23	37,36	5,65	46,99
372	13.08.20 10:11:11	18,84	1,23	32,79	-1,91	55,30
373	13.08.20 10:11:12	18,86	1,25	35,41	1,69	52,90
374	13.08.20 10:11:13	18,86	1,25	38,28	4,71	47,00
375	13.08.20 10:11:14	18,84	1,25	33,65	0,38	55,96
376	13.08.20 10:11:15	18,84	1,27	31,23	-2,25	56,52
377	13.08.20 10:11:16	18,81	1,31	34,80	5,89	49,31
378	13.08.20 10:11:17	18,78	1,31	36,38	2,02	51,60
379	13.08.20 10:11:18	18,72	1,29	28,56	-6,43	55,01
380	13.08.20 10:11:19	18,63	1,33	32,21	0,92	56,87
381	13.08.20 10:11:20	18,57	1,33	38,50	4,40	47,10
382	13.08.20 10:11:21	18,54	1,35	27,37	-7,59	55,04
383	13.08.20 10:11:22	18,51	1,38	31,40	-2,00	56,61
384	13.08.20 10:11:23	18,45	1,40	41,82	2,50	45,68
385	13.08.20 10:11:24	18,39	1,40	28,51	-9,54	51,94
386	13.08.20 10:11:25	18,39	1,40	34,23	-1,94	53,83
387	13.08.20 10:11:26	18,36	1,40	36,65	0,12	53,24
388	13.08.20 10:11:27	18,30	1,44	27,27	-10,40	52,33
389	13.08.20 10:11:28	18,24	1,44	36,49	-0,63	52,88
390	13.08.20 10:11:29	18,18	1,46	35,61	-2,01	52,38
391	13.08.20 10:11:30	18,12	1,50	27,41	-9,99	52,60
392	13.08.20 10:11:31	18,09	1,50	36,81	2,87	50,32
393	13.08.20 10:11:32	18,03	1,50	27,92	-8,33	53,74
394	13.08.20 10:11:33	17,94	1,56	33,88	-1,66	54,47
395	13.08.20 10:11:34	17,85	1,56	29,41	-8,39	52,20
396	13.08.20 10:11:35	17,76	1,60	30,45	-4,11	55,44
397	13.08.20 10:11:36	17,67	1,60	34,41	-1,42	54,17
398	13.08.20 10:11:37	17,52	1,64	37,49	0,39	52,12
399	13.08.20 10:11:38	17,34	1,69	32,72	-4,85	52,43
400	13.08.20 10:11:39	17,25	1,71	32,91	-3,66	53,43
401	13.08.20 10:11:40	17,01	1,75	36,38	-1,01	52,61
402	13.08.20 10:11:41	16,80	1,79	33,96	-3,23	52,81
403	13.08.20 10:11:42	16,56	1,81	36,06	-2,09	51,84
404	13.08.20 10:11:43	16,41	1,80	35,20	-0,09	54,71
405	13.08.20 10:11:44	16,32	1,82	35,75	0,21	54,04
406	13.08.20 10:11:45	16,23	1,85	36,38	0,09	53,52
407	13.08.20 10:11:46	16,17	1,87	31,55	-4,72	53,73
408	13.08.20 10:11:47	16,05	1,89	36,20	1,19	52,61
409	13.08.20 10:11:48	15,99	1,95	34,12	-2,86	53,01
410	13.08.20 10:11:49	15,83	1,93	30,46	-5,73	53,81
411	13.08.20 10:11:50	15,77	1,99	32,62	-2,40	54,99
412	13.08.20 10:11:51	15,62	1,97	33,43	-3,02	53,55
413	13.08.20 10:11:52	15,59	1,99	31,55	-2,75	55,70
414	13.08.20 10:11:53	15,44	2,01	35,32	2,06	52,61
415	13.08.20 10:11:54	15,32	2,03	30,86	-4,43	54,71
416	13.08.20 10:11:55	14,89	2,09	34,23	0,61	55,16
417	13.08.20 10:11:56	14,73	2,07	34,36	1,35	54,29
418	13.08.20 10:11:57	14,70	2,11	35,09	2,82	52,09
419	13.08.20 10:11:58	14,61	2,13	30,33	-3,82	55,85
420	13.08.20 10:11:59	14,55	2,13	35,03	2,17	52,80
421	13.08.20 10:12:00	14,52	2,15	33,31	1,27	55,42
422	13.08.20 10:12:01	14,49	2,13	31,45	-2,13	56,41
423	13.08.20 10:12:02	14,49	2,13	31,48	-1,56	56,96
424	13.08.20 10:12:03	14,45	2,19	32,81	1,71	55,48
425	13.08.20 10:12:04	14,36	2,21	26,97	-5,92	57,11
426	13.08.20 10:12:05	14,21	2,27	35,46	1,83	52,70
427	13.08.20 10:12:06	14,05	2,25	25,02	-7,17	57,80
428	13.08.20 10:12:07	14,05	2,25	33,25	0,90	55,85
429	13.08.20 10:12:08	13,99	2,29	35,48	0,29	54,23
430	13.08.20 10:12:09	13,96	2,32	23,98	-9,03	56,99
431	13.08.20 10:12:10	13,77	2,33	32,69	4,23	53,08
432	13.08.20 10:12:11	13,58	2,33	31,79	0,88	57,33
433	13.08.20 10:12:12	13,46	2,40	23,96	-8,10	57,94
434	13.08.20 10:12:13	13,18	2,46	32,80	6,32	50,89
435	13.08.20 10:12:14	12,83	2,43	22,72	-7,93	59,35
436	13.08.20 10:12:15	12,67	2,45	32,05	2,00	55,95
437	13.08.20 10:12:16	12,45	2,47	32,43	4,00	53,57
438	13.08.20 10:12:17	12,26	2,51	25,90	-3,89	60,21
439	13.08.20 10:12:18	12,13	2,51	31,14	5,92	52,94
440	13.08.20 10:12:19	12,04	2,53	27,30	-2,57	60,13
441	13.08.20 10:12:20	11,78	2,61	28,68	-1,46	59,86
442	13.08.20 10:12:21	11,59	2,61	31,51	9,06	49,43
443	13.08.20 10:12:22	11,30	2,61	19,33	-9,79	60,87
444	13.08.20 10:12:23	11,23	2,65	29,78	8,81	51,41
445	13.08.20 10:12:24	11,14	2,63	27,35	-1,77	60,88
446	13.08.20 10:12:25	10,98	2,71	22,50	-5,37	62,13
447	13.08.20 10:12:26	10,85	2,71	19,18	-7,01	63,80
448	13.08.20 10:12:27	10,58	2,71	20,79	-5,90	63,31
449	13.08.20 10:12:28	10,32	2,75	26,23	-1,27	62,50
450	13.08.20 10:12:29	10,16	2,77	21,38	-5,32	63,30
451	13.08.20 10:12:30	10,09	2,85	20,81	-6,26	62,93
452	13.08.20 10:12:31	9,86	2,83	18,88	-7,83	63,30
453	13.08.20 10:12:32	9,76	2,81	32,33	12,24	45,43
454	13.08.20 10:12:33	9,73	2,81	22,86	-5,19	61,95
455	13.08.20 10:12:34	9,63	2,87	21,98	-5,87	62,16
456	13.08.20 10:12:35	9,53	2,89	18,78	-7,62	63,61
457	13.08.20 10:12:36	9,23	2,93	29,69	6,95	53,36
458	13.08.20 10:12:37	9,03	2,93	24,01	-3,11	62,88
459	13.08.20 10:12:38	9,10	2,91	22,11	-6,59	61,30
460	13.08.20 10:12:39	9,06	2,99	24,38	-2,02	63,60
461	13.08.20 10:12:40	8,90	3,06	27,18	3,13	59,69
462	13.08.20 10:12:41	8,73	3,03	23,49	-5,58	60,93
463	13.08.20 10:12:42	8,66	3,08	26,92	0,43	62,65
464	13.08.20 10:12:43	8,46	3,07	23,29	-2,85	63,86
465	13.08.20 10:12:44	8,39	3,09	24,32	-3,89	61,79
466	13.08.20 10:12:45	8,25	3,11	29,81	-0,42	59,78
467	13.08.20 10:12:46	8,08	3,18	22,90	-2,88	64,23
468	13.08.20 10:12:47	8,01	3,18	29,94	6,81	53,25
469	13.08.20 10:12:48	7,91	3,22	28,05	-2,04	59,91
470	13.08.20 10:12:49	7,84	3,26	28,29	-1,57	60,14
471	13.08.20 10:12:50	7,74	3,26	26,93	1,26	61,81
472	13.08.20 10:12:51	7,64	3,26	23,70	-2,70	63,60
473	13.08.20 10:12:52	7,57	3,28	23,15	-5,32	61,53
474	13.08.20 10:12:53	7,53	3,34	24,79	-4,54	60,67
475	13.08.20 10:12:54	7,43	3,34	22,48	-3,76	63,76
476	13.08.20 10:12:55	7,33	3,38	21,45	-6,04	62,51
477	13.08.20 10:12:56	7,26	3,43	28,09	0,15	61,76
478	13.08.20 10:12:57	7,08	3,40	29,46	1,11	59,42
479	13.08.20 10:12:58	7,12	3,42	23,02	-2,83	64,14
480	13.08.20 10:12:59	7,08	3,49	25,14	-2,40	62,46
481	13.08.20 10:13:00	6,91	3,49	27,43	0,92	61,64
482	13.08.20 10:13:01	6,77	3,55	26,21	-1,32	62,47
483	13.08.20 10:13:02	6,73	3,53	27,53	-1,77	60,70
484	13.08.20 10:13:03	6,73	3,53	20,22	-5,05	64,73
485	13.08.20 10:13:04	6,77	3,57	27,49	0,57	61,94
486	13.08.20 10:13:05	6,70	3,61	26,66	-3,74	59,60
487	13.08.20 10:13:06	6,70	3,68	21,13	-5,17	63,69
488	13.08.20 10:13:07	6,59	3,65	29,80	2,85	57,36
489	13.08.20 10:13:08	6,59	3,68	23,80	-2,84	63,35
490	13.08.20 10:13:09	6,66	3,72	30,23	4,90	54,87
491	13.08.20 10:13:10	6,66	3,74	28,93	-1,50	59,57
492	13.08.20 10:13:11	6,66	3,76	25,08	-4,28	60,64
493	13.08.20 10:13:12	6,70	3,80	20,82	-7,99	61,18
494	13.08.20 10:13:13	6,59	3,83	31,58	2,11	56,30
495	13.08.20 10:13:14	6,45	3,87	25,19	-4,94	59,87
496	13.08.20 10:13:15	6,45	3,89	24,26	-3,38	62,36
497	13.08.20 10:13:16	6,35	3,91	26,83	-2,17	61,00
498	13.08.20 10:13:17	6,28	3,97	25,16	-6,43	58,40
499	13.08.20 10:13:18	6,31	3,95	31,27	-3,10	55,63
500	13.08.20 10:13:19	6,35	3,99	28,27	-3,59	58,14
501	13.08.20 10:13:20	6,42	4,04	31,23	-2,73	56,05
502	13.08.20 10:13:21	6,45	4,04	30,44	1,28	58,27
503	13.08.20 10:13:22	6,49	4,08	32,28	0,59	57,14
504	13.08.20 10:13:23	6,52	4,10	33,31	1,51	55,18
505	13.08.20 10:13:24	6,56	4,12	22,77	-6,63	60,60
506	13.08.20 10:13:25	6,56	4,17	33,32	1,74	54,95
507	13.08.20 10:13:26	6,56	4,19	27,98	-6,16	55,87
508	13.08.20 10:13:27	6,59	4,23	29,12	-1,43	59,45
509	13.08.20 10:13:28	6,59	4,23	32,41	3,93	53,66
510	13.08.20 10:13:29	6,56	4,23	27,45	-5,40	57,15
511	13.08.20 10:13:30	6,56	4,30	30,22	3,40	56,38
512	13.08.20 10:13:31	6,52	4,30	30,67	1,94	57,40
513	13.08.20 10:13:32	6,45	4,34	22,75	-6,96	60,29
514	13.08.20 10:13:33	6,35	4,40	30,14	4,07	55,79
515	13.08.20 10:13:34	6,14	4,40	24,21	-6,36	59,43
516	13.08.20 10:13:35	6,03	4,44	30,87	4,03	55,10
517	13.08.20 10:13:36	5,92	4,46	28,31	1,22	60,47
518	13.08.20 10:13:37	5,78	4,48	20,87	-9,05	60,08
519	13.08.20 10:13:38	5,78	4,50	27,32	-2,07	60,62
520	13.08.20 10:13:39	5,78	4,52	21,11	-6,87	62,02
521	13.08.20 10:13:40	5,74	4,54	23,19	-3,83	62,99
522	13.08.20 10:13:41	5,67	4,56	28,87	0,99	60,14
523	13.08.20 10:13:42	5,67	4,59	23,75	-4,81	61,44
524	13.08.20 10:13:43	5,71	4,65	24,81	-3,24	61,95
525	13.08.20 10:13:44	5,64	4,65	22,81	-5,15	62,04
526	13.08.20 10:13:45	5,53	4,69	23,35	-5,24	61,41
527	13.08.20 10:13:46	5,46	4,71	23,98	-5,90	60,12
528	13.08.20 10:13:47	5,46	4,71	25,52	-0,34	64,14
529	13.08.20 10:13:48	5,38	4,75	28,99	2,69	58,31
530	13.08.20 10:13:49	5,31	4,77	23,76	-6,42	59,82
531	13.08.20 10:13:50	5,31	4,80	24,10	-4,61	61,28
532	13.08.20 10:13:51	5,20	4,82	23,06	-5,74	61,20
533	13.08.20 10:13:52	5,10	4,86	29,88	5,50	54,62
534	13.08.20 10:13:53	5,02	4,88	21,24	-6,15	62,61
535	13.08.20 10:13:54	5,02	4,88	22,25	-5,57	62,19
536	13.08.20 10:13:55	4,99	4,92	20,16	-7,76	62,08
537	13.08.20 10:13:56	4,91	4,94	20,57	-7,83	61,60
538	13.08.20 10:13:57	4,91	4,98	25,19	-4,06	60,76
539	13.08.20 10:13:58	4,88	5,01	30,41	1,28	58,31
540	13.08.20 10:13:59	4,91	5,03	20,36	-9,74	59,90
541	13.08.20 10:14:00	4,95	5,09	28,90	-1,31	59,79
542	13.08.20 10:14:01	4,95	5,07	29,10	-3,77	57,12
543	13.08.20 10:14:02	4,91	5,11	33,22	-0,62	56,16
544	13.08.20 10:14:03	4,88	5,15	29,38	-4,47	56,15
545	13.08.20 10:14:04	4,88	5,18	26,47	-5,49	58,04
546	13.08.20 10:14:05	4,91	5,24	32,51	-0,20	57,29
547	13.08.20 10:14:06	4,84	5,24	24,07	-10,41	55,52
548	13.08.20 10:14:07	4,84	5,26	28,75	-3,54	57,71
549	13.08.20 10:14:08	4,84	5,26	31,00	-0,56	58,44
550	13.08.20 10:14:09	4,80	5,30	25,89	-5,75	58,36
551	13.08.20 10:14:10	4,77	5,32	31,32	3,61	55,08
552	13.08.20 10:14:11	4,70	5,32	22,36	-10,95	56,69
553	13.08.20 10:14:12	4,70	5,37	25,16	-5,95	58,88
554	13.08.20 10:14:13	4,66	5,37	32,79	3,29	53,92
555	13.08.20 10:14:14	4,70	5,43	24,23	-8,52	57,24
556	13.08.20 10:14:15	4,70	5,45	22,62	-9,00	58,38
557	13.08.20 10:14:16	4,66	5,49	23,85	-9,20	56,95
558	13.08.20 10:14:17	4,55	5,49	27,39	-3,40	59,21
559	13.08.20 10:14:18	4,51	5,54	31,50	2,13	56,37
560	13.08.20 10:14:19	4,51	5,56	27,98	-4,33	57,69
561	13.08.20 10:14:20	4,51	5,60	31,78	5,74	52,48
562	13.08.20 10:14:21	4,44	5,58	31,23	0,84	57,93
563	13.08.20 10:14:22	4,44	5,62	24,76	-6,37	58,87
564	13.08.20 10:14:23	4,40	5,68	31,33	3,95	54,72
565	13.08.20 10:14:24	4,40	5,64	29,50	-0,52	59,99
566	13.08.20 10:14:25	4,37	5,71	30,56	-0,27	59,17
567	13.08.20 10:14:26	4,33	5,73	30,38	2,37	57,25
568	13.08.20 10:14:27	4,29	5,75	22,35	-8,36	59,29
569	13.08.20 10:14:28	4,25	5,79	31,05	-1,21	57,75
570	13.08.20 10:14:29	4,22	5,81	22,53	-6,65	60,82
571	13.08.20 10:14:30	4,14	5,83	30,56	2,43	57,01
572	13.08.20 10:14:31	4,07	5,87	28,24	-3,29	58,47
573	13.08.20 10:14:32	4,03	5,89	32,11	3,98	53,91
574	13.08.20 10:14:33	3,96	5,92	29,80	0,95	59,26
575	13.08.20 10:14:34	3,96	5,96	26,62	-3,37	60,01
576	13.08.20 10:14:35	3,96	5,98	32,71	0,68	56,62
577	13.08.20 10:14:36	3,92	5,98	33,19	3,69	53,12
578	13.08.20 10:14:37	3,88	6,04	22,46	-8,15	59,39
579	13.08.20 10:14:38	3,85	6,06	33,88	2,86	53,25
580	13.08.20 10:14:39	3,81	6,08	22,61	-7,52	59,87
581	13.08.20 10:14:40	3,81	6,11	22,00	-7,31	60,68
582	13.08.20 10:14:41	3,77	6,13	27,87	-4,48	57,64
583	13.08.20 10:14:42	3,77	6,17	31,24	2,81	55,95
584	13.08.20 10:14:43	3,77	6,19	24,96	-4,85	60,19
585	13.08.20 10:14:44	3,77	6,23	28,96	-5,78	55,26
586	13.08.20 10:14:45	3,77	6,30	28,29	-7,83	53,88
587	13.08.20 10:14:46	3,81	6,32	30,39	-7,19	52,42
588	13.08.20 10:14:47	3,70	6,40	31,76	-12,34	45,90
589	13.08.20 10:14:48	3,66	6,40	27,75	-24,02	38,23
590	13.08.20 10:14:49	3,62	6,40	27,16	-7,08	55,77
591	13.08.20 10:14:50	3,66	6,40	26,12	-6,15	57,72
592	13.08.20 10:14:51	3,70	6,43	26,87	-2,98	60,15
593	13.08.20 10:14:52	3,70	6,43	29,14	-0,51	60,35
594	13.08.20 10:14:53	3,59	6,47	30,47	3,21	56,32
595	13.08.20 10:14:54	3,59	6,47	30,67	0,21	59,12
596	13.08.20 10:14:55	3,59	6,49	31,98	6,07	51,95
597	13.08.20 10:14:56	3,62	6,51	36,89	4,46	48,66
598	13.08.20 10:14:57	3,62	6,53	35,99	-0,03	53,98
599	13.08.20 10:14:58	3,66	6,53	33,55	-1,69	54,77
600	13.08.20 10:14:59	3,62	6,57	40,04	-1,38	48,59
601	13.08.20 10:15:00	3,55	6,62	38,67	-3,78	47,55
602	13.08.20 10:15:01	3,47	6,62	35,60	-9,15	45,26
603	13.08.20 10:15:02	3,47	6,64	40,59	-7,50	41,91
604	13.08.20 10:15:03	3,47	6,68	40,39	-10,88	38,72
605	13.08.20 10:15:04	3,44	6,68	42,19	-10,31	37,50
606	13.08.20 10:15:05	3,47	6,70	42,86	-10,69	36,45
607	13.08.20 10:15:06	3,51	6,72	45,03	-10,47	34,51
608	13.08.20 10:15:07	3,51	6,74	45,10	-10,29	34,61
609	13.08.20 10:15:08	3,51	6,77	44,93	-11,18	33,89
610	13.08.20 10:15:09	3,47	6,79	48,56	-10,37	31,07
611	13.08.20 10:15:10	3,47	6,81	47,94	-9,96	32,10
612	13.08.20 10:15:11	3,51	6,83	48,80	-11,33	29,87
613	13.08.20 10:15:12	3,55	6,87	50,35	-10,95	28,70
614	13.08.20 10:15:13	3,59	6,90	49,29	-9,41	31,30
615	13.08.20 10:15:14	3,59	6,92	51,56	-9,95	28,49
616	13.08.20 10:15:15	3,62	6,92	52,28	-10,09	27,63
617	13.08.20 10:15:16	3,66	6,98	50,47	-9,01	30,52
618	13.08.20 10:15:17	3,66	7,00	51,49	-9,10	29,41
619	13.08.20 10:15:18	3,70	7,00	52,04	-9,36	28,60
620	13.08.20 10:15:19	3,70	7,03	46,86	-4,75	38,39
621	13.08.20 10:15:20	3,73	7,05	46,53	-6,81	36,67
622	13.08.20 10:15:21	3,77	7,09	50,16	-6,06	33,78
623	13.08.20 10:15:22	3,77	7,09	42,55	-5,74	41,71
624	13.08.20 10:15:23	3,77	7,11	40,89	-6,04	43,07
625	13.08.20 10:15:24	3,77	7,11	21,63	-18,24	50,13
626	13.08.20 10:15:25	3,77	7,15	19,41	-21,15	49,45
627	13.08.20 10:15:26	3,70	7,15	11,04	-20,44	58,52
628	13.08.20 10:15:27	3,55	7,13	-2,25	-18,84	68,91
629	13.08.20 10:15:28	3,44	7,17	9,53	-14,53	65,94
630	13.08.20 10:15:29	3,40	7,15	-25,16	-14,91	49,93
631	13.08.20 10:15:30	3,36	7,15	13,08	-5,68	71,24
632	13.08.20 10:15:31	3,32	7,15	-18,91	-10,08	61,02
633	13.08.20 10:15:32	3,25	7,17	16,04	-20,55	53,40
634	13.08.20 10:15:33	3,21	7,19	16,36	-9,26	64,38
635	13.08.20 10:15:34	3,17	7,17	0,96	5,63	83,41
636	13.08.20 10:15:35	3,13	7,17	-10,96	-24,70	54,34
637	13.08.20 10:15:36	3,13	7,17	-5,74	-14,42	69,83
638	13.08.20 10:15:37	3,10	7,19	6,40	-8,03	75,57
639	13.08.20 10:15:38	3,06	7,17	8,22	-30,49	51,29
640	13.08.20 10:15:39	3,06	7,15	-11,51	-6,33	72,16
641	13.08.20 10:15:40	3,02	7,17	2,65	-9,47	77,88
642	13.08.20 10:15:41	3,02	7,17	4,78	-14,27	70,95
643	13.08.20 10:15:42	2,98	7,19	-14,64	-9,76	65,60
644	13.08.20 10:15:43	2,98	7,15	-30,42	-8,00	51,58
645	13.08.20 10:15:44	2,94	7,19	-10,01	-7,80	72,19
646	13.08.20 10:15:45	2,94	7,19	16,19	-8,43	65,38
647	13.08.20 10:15:46	2,91	7,17	-1,81	3,56	84,63
648	13.08.20 10:15:47	2,91	7,19	2,86	-10,08	77,06
649	13.08.20 10:15:48	2,87	7,19	-38,08	3,32	48,60
650	13.08.20 10:15:49	2,83	7,16	-12,48	-7,47	70,05
651	13.08.20 10:15:50	2,83	7,16	-27,62	-4,72	57,66
652	13.08.20 10:15:51	2,79	7,19	-9,15	-4,73	76,12
653	13.08.20 10:15:52	2,79	7,16	-9,73	-7,49	72,78
654	13.08.20 10:15:53	2,79	7,23	11,03	-9,83	69,14
655	13.08.20 10:15:54	2,75	7,16	5,58	-0,26	84,16
656	13.08.20 10:15:55	2,72	7,16	16,89	-16,26	56,85
657	13.08.20 10:15:56	2,72	7,16	-2,23	-4,44	83,33
658	13.08.20 10:15:57	2,72	7,16	-37,87	-2,72	49,41
659	13.08.20 10:15:58	2,68	7,16	-3,33	2,78	83,89
660	13.08.20 10:15:59	2,68	7,18	-8,92	-5,39	75,69
661	13.08.20 10:16:00	2,68	7,16	-15,15	-21,38	53,47
662	13.08.20 10:16:01	2,64	7,18	10,61	-13,99	65,41
663	13.08.20 10:16:02	2,60	7,18	0,63	-10,94	78,43
664	13.08.20 10:16:03	2,60	7,18	2,09	-10,89	77,02
665	13.08.20 10:16:04	2,60	7,18	-17,82	-10,37	61,81
666	13.08.20 10:16:05	2,60	7,18	-17,12	-9,16	63,71
667	13.08.20 10:16:06	2,56	7,16	-5,50	-26,90	57,60
668	13.08.20 10:16:07	2,56	7,18	-13,01	-9,49	67,50
669	13.08.20 10:16:08	2,56	7,27	-2,90	-12,96	74,14
670	13.08.20 10:16:09	2,52	7,16	21,38	-10,13	58,49
671	13.08.20 10:16:10	2,49	7,18	-2,10	25,07	62,83
672	13.08.20 10:16:11	2,49	7,18	0,84	-7,07	82,09
673	13.08.20 10:16:12	2,49	7,18	-4,28	-10,16	75,55
674	13.08.20 10:16:13	2,45	7,20	-3,24	-5,92	80,84
675	13.08.20 10:16:14	2,45	7,18	-15,70	-5,02	69,28
676	13.08.20 10:16:15	2,45	7,18	-10,65	1,24	78,11
677	13.08.20 10:16:16	2,45	7,20	-13,93	-1,56	74,51
678	13.08.20 10:16:17	2,41	7,18	-11,68	-16,20	62,12
679	13.08.20 10:16:18	2,41	7,18	10,79	-9,03	70,18
680	13.08.20 10:16:19	2,37	7,18	-10,02	-4,24	75,74
681	13.08.20 10:16:20	2,37	7,16	-25,71	-19,55	44,74
682	13.08.20 10:16:21	2,33	7,20	9,95	-22,26	57,79
683	13.08.20 10:16:22	2,33	7,12	-7,06	-11,00	71,94
684	13.08.20 10:16:23	2,29	7,22	-30,14	-19,90	39,96
685	13.08.20 10:16:24	2,26	7,18	16,23	-23,42	50,36
686	13.08.20 10:16:25	2,26	7,16	13,63	-4,54	71,83
687	13.08.20 10:16:26	2,22	7,29	6,23	-1,64	82,13
688	13.08.20 10:16:27	2,18	7,22	27,37	1,43	61,20
689	13.08.20 10:16:28	2,18	7,20	-10,59	-7,24	72,17
690	13.08.20 10:16:29	2,18	7,20	9,40	-16,91	63,69
691	13.08.20 10:16:30	2,18	7,20	-10,48	-9,67	69,85
692	13.08.20 10:16:31	2,18	7,22	26,02	0,66	63,32
693	13.08.20 10:16:32	2,14	7,20	1,07	-9,39	79,54
694	13.08.20 10:16:33	2,18	7,20	-13,70	-12,00	64,30
695	13.08.20 10:16:34	2,14	7,22	-43,02	-8,62	38,36
696	13.08.20 10:16:35	2,14	7,18	-11,21	-9,54	69,25
697	13.08.20 10:16:36	2,14	7,20	2,70	-5,47	81,83
698	13.08.20 10:16:37	2,10	7,18	14,99	-9,50	65,51
699	13.08.20 10:16:38	2,06	7,20	-15,73	-14,74	59,53
700	13.08.20 10:16:39	2,06	7,20	-10,48	-16,31	63,21
701	13.08.20 10:16:40	2,06	7,20	1,45	-26,50	62,04
702	13.08.20 10:16:41	2,06	7,20	-19,84	-7,66	62,50
703	13.08.20 10:16:42	2,06	7,22	-14,81	-3,31	71,89
704	13.08.20 10:16:43	2,02	7,20	-0,31	-7,31	82,38
705	13.08.20 10:16:44	2,02	7,20	-5,15	-12,70	72,15
706	13.08.20 10:16:45	2,02	7,20	6,58	-3,47	79,94
707	13.08.20 10:16:46	2,02	7,18	-35,68	-6,78	47,54
708	13.08.20 10:16:47	1,98	7,24	3,04	-10,49	76,47
709	13.08.20 10:16:48	1,95	7,22	-2,13	33,72	54,15
710	13.08.20 10:16:49	1,95	7,20	9,57	-5,22	75,21
711	13.08.20 10:16:50	1,95	7,22	-12,87	-21,85	55,28
712	13.08.20 10:16:51	1,91	7,20	-4,17	-14,11	71,72
713	13.08.20 10:16:52	1,91	7,22	1,17	1,59	87,23
714	13.08.20 10:16:53	1,87	7,22	-9,49	7,89	72,62
715	13.08.20 10:16:54	1,87	7,20	-9,91	7,13	72,96
716	13.08.20 10:16:55	1,87	7,24	-23,26	-4,22	62,52
717	13.08.20 10:16:56	1,87	7,20	17,85	-12,68	59,47
718	13.08.20 10:16:57	1,83	7,22	25,13	-6,09	58,78
719	13.08.20 10:16:58	1,79	7,22	12,46	-8,60	68,94
720	13.08.20 10:16:59	1,79	7,19	-25,74	-17,02	47,25
721	13.08.20 10:17:00	1,79	7,19	6,24	2,20	81,57
722	13.08.20 10:17:01	1,79	7,22	-4,11	-3,44	82,45
723	13.08.20 10:17:02	1,79	7,19	-23,25	-7,08	59,67
724	13.08.20 10:17:03	1,79	7,22	-10,32	-0,61	79,07
725	13.08.20 10:17:04	1,75	7,24	3,24	-11,31	75,45
726	13.08.20 10:17:05	1,75	7,22	-13,05	-1,35	75,60
727	13.08.20 10:17:06	1,71	7,19	-14,15	-15,54	60,30
728	13.08.20 10:17:07	1,71	7,19	1,06	-15,19	73,75
729	13.08.20 10:17:08	1,71	7,22	-12,57	-3,78	73,65
730	13.08.20 10:17:09	1,71	7,22	5,25	-15,33	69,42
731	13.08.20 10:17:10	1,67	7,24	0,52	-20,76	68,72
732	13.08.20 10:17:11	1,67	7,26	27,89	-8,61	53,50
733	13.08.20 10:17:12	1,67	7,21	0,41	-7,66	81,93
734	13.08.20 10:17:13	1,67	7,21	-6,05	-8,40	75,54
735	13.08.20 10:17:14	1,67	7,26	-5,99	-17,29	66,72
736	13.08.20 10:17:15	1,67	7,21	-23,92	-8,75	57,33
737	13.08.20 10:17:16	1,67	7,24	22,76	-19,97	47,27
738	13.08.20 10:17:17	1,67	7,24	-27,37	-7,35	55,28
739	13.08.20 10:17:18	1,63	7,24	0,62	0,52	88,86
740	13.08.20 10:17:19	1,63	7,24	3,82	-11,65	74,53
741	13.08.20 10:17:20	1,63	7,24	-21,11	-3,04	65,85
742	13.08.20 10:17:21	1,63	7,24	-44,59	-1,59	43,82
743	13.08.20 10:17:22	1,63	7,24	8,89	-15,00	66,10
744	13.08.20 10:17:23	1,56	7,23	-26,02	5,79	58,19
745	13.08.20 10:17:24	1,56	7,23	10,78	-18,51	60,71
746	13.08.20 10:17:25	1,56	7,23	16,14	-18,60	55,26
747	13.08.20 10:17:26	1,56	7,21	-7,68	-5,65	76,67
748	13.08.20 10:17:27	1,56	7,23	-7,20	-10,17	72,63
749	13.08.20 10:17:28	1,56	7,26	-21,00	-15,33	53,66
750	13.08.20 10:17:29	1,56	7,23	-3,10	-5,70	81,20
751	13.08.20 10:17:30	1,56	7,23	-27,23	-5,42	57,35
752	13.08.20 10:17:31	1,52	7,23	-11,73	0,08	78,20
753	13.08.20 10:17:32	1,52	7,23	-17,82	-9,29	62,89
754	13.08.20 10:17:33	1,52	7,23	-29,66	-7,41	52,93
755	13.08.20 10:17:34	1,52	7,23	-19,76	-6,43	63,81
756	13.08.20 10:17:35	1,48	7,23	6,11	9,05	74,84
757	13.08.20 10:17:36	1,48	7,23	-3,94	-14,36	71,69
758	13.08.20 10:17:37	1,48	7,21	-24,60	-13,87	51,52
759	13.08.20 10:17:38	1,44	7,25	3,64	1,51	84,85
760	13.08.20 10:17:39	1,44	7,25	8,35	-40,15	41,51
761	13.08.20 10:17:40	1,44	7,19	-4,44	-8,45	77,11
762	13.08.20 10:17:41	1,40	7,25	-12,34	-13,47	64,19
763	13.08.20 10:17:42	1,40	7,25	-6,76	-10,68	72,56
764	13.08.20 10:17:43	1,40	7,23	-18,78	-11,22	60,00
765	13.08.20 10:17:44	1,40	7,25	9,36	-4,97	75,68
766	13.08.20 10:17:45	1,36	7,23	-33,36	3,65	52,99
767	13.08.20 10:17:46	1,36	7,21	-1,86	-4,04	84,10
768	13.08.20 10:17:47	1,36	7,23	-41,66	-14,60	33,74
769	13.08.20 10:17:48	1,36	7,23	-3,13	-14,09	72,78
770	13.08.20 10:17:49	1,36	7,25	-11,77	-13,05	65,18
771	13.08.20 10:17:50	1,36	7,25	-6,13	-1,48	82,39
772	13.08.20 10:17:51	1,36	7,23	7,36	-2,54	80,10
773	13.08.20 10:17:52	1,36	7,25	-19,48	-5,45	65,07
774	13.08.20 10:17:53	1,36	7,23	-10,40	-11,08	68,53
775	13.08.20 10:17:54	1,32	7,27	-7,56	-10,04	72,40
776	13.08.20 10:17:55	1,36	7,23	-17,98	-6,09	65,93
777	13.08.20 10:17:56	1,32	7,25	-3,67	0,22	86,10
778	13.08.20 10:17:57	1,32	7,27	-9,01	-1,99	79,00
779	13.08.20 10:17:58	1,32	7,23	4,55	2,48	82,97
780	13.08.20 10:17:59	1,32	7,25	-1,06	-2,26	86,68
781	13.08.20 10:18:00	1,32	7,25	-14,24	-5,33	70,43
782	13.08.20 10:18:01	1,32	7,27	-8,87	-4,95	76,18
783	13.08.20 10:18:02	1,32	7,23	-25,72	-3,75	60,53
784	13.08.20 10:18:03	1,32	7,25	-14,60	0,65	74,75
785	13.08.20 10:18:04	1,28	7,25	-5,93	-12,38	71,69
786	13.08.20 10:18:05	1,28	7,25	-7,51	4,75	77,74
787	13.08.20 10:18:06	1,28	7,25	-18,99	-10,51	60,50
788	13.08.20 10:18:07	1,28	7,25	-6,22	-5,11	78,68
789	13.08.20 10:18:08	1,28	7,23	-0,56	-19,26	70,18
790	13.08.20 10:18:09	1,28	7,25	-11,94	-10,29	67,77
791	13.08.20 10:18:10	1,28	7,23	-6,53	-3,98	79,49
792	13.08.20 10:18:11	1,28	7,30	-1,26	-6,01	82,73
793	13.08.20 10:18:12	1,28	7,25	-9,21	-0,65	80,14
794	13.08.20 10:18:13	1,28	7,25	-7,69	-22,43	59,88
795	13.08.20 10:18:14	1,28	7,25	19,83	-3,52	66,65
796	13.08.20 10:18:15	1,28	7,25	5,35	-22,54	62,11
797	13.08.20 10:18:16	1,24	7,25	-23,25	-9,21	57,54
798	13.08.20 10:18:17	1,24	7,21	14,95	-20,94	54,11
799	13.08.20 10:18:18	1,24	7,25	-0,79	-8,25	80,95
800	13.08.20 10:18:19	1,24	7,27	-12,66	-4,90	72,44
801	13.08.20 10:18:20	1,24	7,27	-1,63	-0,74	87,63
802	13.08.20 10:18:21	1,24	7,25	6,14	-5,70	78,16
803	13.08.20 10:18:22	1,24	7,23	-10,45	-15,38	64,18
804	13.08.20 10:18:23	1,24	7,25	10,46	0,30	79,24
805	13.08.20 10:18:24	1,20	7,23	-20,33	-15,25	54,43
806	13.08.20 10:18:25	1,20	7,27	-15,60	-1,12	73,28
807	13.08.20 10:18:26	1,20	7,25	-15,61	-1,06	73,33
808	13.08.20 10:18:27	1,20	7,27	-15,60	-1,06	73,34
809	13.08.20 10:18:28	1,20	7,25	-15,69	-0,92	73,39
810	13.08.20 10:18:29	1,20	7,27	-15,74	-0,74	73,52
811	13.08.20 10:18:30	1,20	7,25	-15,76	-0,56	73,68
812	13.08.20 10:18:31	1,20	7,29	-15,46	-0,97	73,57
813	13.08.20 10:18:32	1,20	7,27	-4,57	-7,91	77,52
814	13.08.20 10:18:33	1,24	7,29	-6,90	-5,33	77,76
815	13.08.20 10:18:34	1,20	7,29	3,40	-13,79	72,81
816	13.08.20 10:18:35	1,20	7,29	-4,00	-18,33	67,66
817	13.08.20 10:18:36	1,20	7,25	-1,39	-29,75	58,86
818	13.08.20 10:18:37	1,20	7,27	16,20	-22,89	50,91
819	13.08.20 10:18:38	1,20	7,27	8,30	2,10	79,60
820	13.08.20 10:18:39	1,16	7,25	2,32	-6,75	80,94
821	13.08.20 10:18:40	1,16	7,25	-11,92	-9,61	68,47
822	13.08.20 10:18:41	1,16	7,27	-4,05	9,77	76,18
823	13.08.20 10:18:42	1,16	7,38	6,23	-10,64	73,13
824	13.08.20 10:18:43	1,16	7,27	-8,31	-6,27	75,42
825	13.08.20 10:18:44	1,16	7,27	-10,24	7,14	72,62
826	13.08.20 10:18:45	1,12	7,25	3,85	4,14	82,00
827	13.08.20 10:18:46	1,12	7,25	-8,99	10,51	70,50
828	13.08.20 10:18:47	1,12	7,27	-4,05	-2,33	83,63
829	13.08.20 10:18:48	1,12	7,27	-9,49	-12,06	68,45
830	13.08.20 10:18:49	1,12	7,27	-21,55	-31,07	37,39
831	13.08.20 10:18:50	1,12	7,27	-29,19	-30,18	30,63
832	13.08.20 10:18:51	1,12	7,21	1,49	-34,28	54,23
833	13.08.20 10:18:52	1,12	7,29	-21,54	-22,54	45,92
834	13.08.20 10:18:53	1,12	7,31	1,67	-33,28	55,06
835	13.08.20 10:18:54	1,12	7,25	-3,98	0,38	85,64
836	13.08.20 10:18:55	1,12	7,27	-7,87	5,52	76,60
837	13.08.20 10:18:56	1,08	7,23	-10,98	-5,78	73,24
838	13.08.20 10:18:57	1,08	7,29	18,22	-12,32	59,46
839	13.08.20 10:18:58	1,08	7,23	-34,72	-5,63	49,65
840	13.08.20 10:18:59	1,12	7,21	3,69	-12,00	74,31
841	13.08.20 10:19:00	1,08	7,27	-11,39	-7,01	71,61
842	13.08.20 10:19:01	1,08	7,25	4,20	-11,25	74,55
843	13.08.20 10:19:02	1,08	7,27	-0,87	-4,86	84,27
844	13.08.20 10:19:03	1,08	7,27	-4,76	-19,48	65,76
845	13.08.20 10:19:04	1,08	7,25	-7,87	-1,95	80,19
846	13.08.20 10:19:05	1,08	7,29	-11,04	-19,24	59,72
847	13.08.20 10:19:06	1,08	7,31	-11,50	-11,77	66,73
848	13.08.20 10:19:07	1,08	7,27	10,89	-5,07	74,05
849	13.08.20 10:19:08	1,08	7,27	6,66	-4,83	78,51
850	13.08.20 10:19:09	1,08	7,29	3,63	-14,87	71,50
851	13.08.20 10:19:10	1,12	7,25	-29,30	-5,95	54,75
852	13.08.20 10:19:11	1,08	7,29	-9,15	-16,96	63,89
853	13.08.20 10:19:12	1,08	7,25	-15,23	-4,39	70,37
854	13.08.20 10:19:13	1,08	7,31	0,12	-12,03	77,85
855	13.08.20 10:19:14	1,08	7,25	-12,04	-14,77	63,19
856	13.08.20 10:19:15	1,08	7,27	-7,46	-16,42	66,12
857	13.08.20 10:19:16	1,08	7,29	-17,94	-12,90	59,15
858	13.08.20 10:19:17	1,08	7,27	-9,29	-6,22	74,49
859	13.08.20 10:19:18	1,04	7,29	-1,24	-13,58	75,18
860	13.08.20 10:19:19	1,04	7,27	-12,66	8,45	68,89
861	13.08.20 10:19:20	1,04	7,29	-15,74	-4,47	69,79
862	13.08.20 10:19:21	1,04	7,29	-10,60	-3,15	76,25
863	13.08.20 10:19:22	1,04	7,27	-2,72	-10,18	77,11
864	13.08.20 10:19:23	1,04	7,29	-9,09	-13,91	67,00
865	13.08.20 10:19:24	1,04	7,29	-24,34	-2,92	62,74
866	13.08.20 10:19:25	1,04	7,29	-6,64	-15,79	67,57
867	13.08.20 10:19:26	1,04	7,31	-5,71	-19,48	64,80
868	13.08.20 10:19:27	1,04	7,27	-5,49	-16,04	68,48
869	13.08.20 10:19:28	1,04	7,29	-1,80	-10,22	77,98
870	13.08.20 10:19:29	1,04	7,27	-12,37	-14,33	63,29
871	13.08.20 10:19:30	1,04	7,29	-10,46	-11,09	68,45
872	13.08.20 10:19:31	1,04	7,29	-9,42	-14,53	66,05
873	13.08.20 10:19:32	1,04	7,29	-4,59	-16,49	68,93
874	13.08.20 10:19:33	1,04	7,29	-17,87	-15,38	56,75
875	13.08.20 10:19:34	1,04	7,29	-0,79	-34,44	54,77
876	13.08.20 10:19:35	1,04	7,29	-12,63	-6,04	71,33
877	13.08.20 10:19:36	1,04	7,31	-5,88	-10,35	73,77
878	13.08.20 10:19:37	1,04	7,29	-22,90	-21,38	45,72
879	13.08.20 10:19:38	1,04	7,29	-6,06	-2,83	81,11
880	13.08.20 10:19:39	1,04	7,29	-2,99	-13,80	73,21
881	13.08.20 10:19:40	1,04	7,31	-19,31	-9,30	61,40
882	13.08.20 10:19:41	1,04	7,29	-18,11	-9,24	62,65
883	13.08.20 10:19:42	1,04	7,29	-14,42	-12,62	62,96
884	13.08.20 10:19:43	1,04	7,29	1,28	-6,04	82,67
885	13.08.20 10:19:44	1,04	7,31	-7,78	-13,43	68,79
886	13.08.20 10:19:45	1,00	7,31	-6,38	-13,23	70,39
887	13.08.20 10:19:46	1,00	7,27	-5,31	-20,41	64,28
888	13.08.20 10:19:47	1,00	7,27	3,34	-16,66	70,00
889	13.08.20 10:19:48	1,00	7,29	7,09	-11,68	71,23
890	13.08.20 10:19:49	1,00	7,29	-10,09	-7,90	72,00
891	13.08.20 10:19:50	1,00	7,29	-12,18	-8,26	69,56
892	13.08.20 10:19:51	1,00	7,31	-1,83	-18,56	69,61
893	13.08.20 10:19:52	1,00	7,27	-10,55	-19,47	59,98
894	13.08.20 10:19:53	1,00	7,29	-4,57	-15,81	69,61
895	13.08.20 10:19:54	1,00	7,27	-25,21	-12,88	51,92
896	13.08.20 10:19:55	1,00	7,29	-7,32	-14,78	67,90
897	13.08.20 10:19:56	1,00	7,29	-6,49	-16,12	67,38
898	13.08.20 10:19:57	1,00	7,29	-5,13	-17,40	67,47
899	13.08.20 10:19:58	1,04	7,27	-18,90	-0,39	70,71
900	13.08.20 10:19:59	1,00	7,29	-19,19	-6,19	64,61
901	13.08.20 10:20:00	1,00	7,29	-4,65	-5,61	79,74
902	13.08.20 10:20:01	1,00	7,29	-1,11	-19,07	69,81
903	13.08.20 10:20:02	1,00	7,29	-15,19	-9,95	64,86
904	13.08.20 10:20:03	1,00	7,27	-16,22	-5,96	67,82
905	13.08.20 10:20:04	1,00	7,29	-12,56	-21,91	55,53
906	13.08.20 10:20:05	1,00	7,29	-7,34	-21,22	61,43
907	13.08.20 10:20:06	1,04	7,29	-7,97	-8,36	73,67
908	13.08.20 10:20:07	1,00	7,29	-10,83	-11,35	67,82
909	13.08.20 10:20:08	1,00	7,29	-17,37	-4,79	67,84
910	13.08.20 10:20:09	1,00	7,27	-16,00	-10,18	63,82
911	13.08.20 10:20:10	1,00	7,31	-15,14	-11,84	63,02
912	13.08.20 10:20:11	1,00	7,29	-6,87	-6,09	77,03
913	13.08.20 10:20:12	1,00	7,29	-6,04	-17,61	66,35
914	13.08.20 10:20:13	1,00	7,29	-7,19	-25,98	56,82
915	13.08.20 10:20:14	1,00	7,27	-7,74	-20,53	61,72
916	13.08.20 10:20:15	1,04	7,29	-4,10	-13,28	72,61
917	13.08.20 10:20:16	1,00	7,27	-0,44	-11,40	78,16
918	13.08.20 10:20:17	1,00	7,27	-16,73	-8,85	64,42
919	13.08.20 10:20:18	1,00	7,31	-4,99	-11,64	73,37
920	13.08.20 10:20:19	1,04	7,29	-4,39	-15,32	70,29
921	13.08.20 10:20:20	1,00	7,29	-6,95	-20,15	62,90
922	13.08.20 10:20:21	1,00	7,31	-3,55	-16,04	70,41
923	13.08.20 10:20:22	1,00	7,29	-5,49	-16,89	67,62
924	13.08.20 10:20:23	1,00	7,31	-3,84	-19,06	67,10
925	13.08.20 10:20:24	1,00	7,31	-10,28	-10,31	69,42
926	13.08.20 10:20:25	1,00	7,29	-12,23	-6,91	70,86
927	13.08.20 10:20:26	1,00	7,31	5,53	-10,71	73,76
928	13.08.20 10:20:27	1,00	7,29	4,22	-2,64	83,14
929	13.08.20 10:20:28	1,00	7,29	-8,50	-11,42	70,08
930	13.08.20 10:20:29	1,00	7,27	-22,46	-6,92	60,62
931	13.08.20 10:20:30	1,00	7,31	7,69	-19,35	62,96
932	13.08.20 10:20:31	1,00	7,31	6,89	5,12	77,98
933	13.08.20 10:20:32	1,00	7,29	-28,19	5,99	55,82
934	13.08.20 10:20:33	1,00	7,29	-23,67	-9,57	56,75
935	13.08.20 10:20:34	1,00	7,29	-15,31	-9,57	65,12
936	13.08.20 10:20:35	1,00	7,31	-11,47	-8,29	70,24
937	13.08.20 10:20:36	1,00	7,29	-6,56	-4,10	79,34
938	13.08.20 10:20:37	1,00	7,29	-6,58	-18,79	64,64
939	13.08.20 10:20:38	1,00	7,29	-13,36	-8,31	68,33
940	13.08.20 10:20:39	1,00	7,29	-1,50	-1,48	87,03
941	13.08.20 10:20:40	1,00	7,29	-1,67	-10,64	77,69
942	13.08.20 10:20:41	1,00	7,29	-10,25	-18,67	61,08
943	13.08.20 10:20:42	1,00	7,29	6,55	-2,79	80,66
944	13.08.20 10:20:43	1,00	7,29	-3,03	-0,35	86,62
945	13.08.20 10:20:44	1,00	7,29	-8,75	-10,93	70,32
946	13.08.20 10:20:45	1,00	7,27	-15,16	-11,34	63,50
947	13.08.20 10:20:46	1,00	7,31	-3,99	-15,13	70,88
948	13.08.20 10:20:47	1,00	7,27	-33,60	-11,72	44,67
949	13.08.20 10:20:48	1,00	7,27	-7,98	-8,26	73,77
950	13.08.20 10:20:49	1,00	7,29	-18,55	-10,65	60,79
951	13.08.20 10:20:50	1,00	7,33	2,62	-5,88	81,50
952	13.08.20 10:20:51	1,00	7,29	-5,72	3,42	80,86
953	13.08.20 10:20:52	1,04	7,33	25,13	-4,64	60,23
954	13.08.20 10:20:53	1,00	7,36	-12,01	-2,73	75,26
955	13.08.20 10:20:54	1,00	7,27	0,83	-7,92	81,24
956	13.08.20 10:20:55	1,00	7,29	1,07	-13,02	75,91
957	13.08.20 10:20:56	1,00	7,27	15,53	-16,77	57,70
958	13.08.20 10:20:57	1,00	7,27	3,86	-8,51	77,62
959	13.08.20 10:20:58	1,00	7,25	-1,17	-19,08	69,75
960	13.08.20 10:20:59	1,00	7,31	0,55	-6,55	82,91
961	13.08.20 10:21:00	1,00	7,29	1,75	-6,69	81,56
962	13.08.20 10:21:01	1,00	7,29	17,57	-11,64	60,79
963	13.08.20 10:21:02	1,00	7,25	5,30	-9,74	74,95
964	13.08.20 10:21:03	1,00	7,31	-15,71	-6,73	67,57
965	13.08.20 10:21:04	1,00	7,36	-17,15	-10,92	61,93
966	13.08.20 10:21:05	1,00	7,27	5,81	-7,13	77,06
967	13.08.20 10:21:06	1,00	7,27	-15,03	-18,07	56,90
968	13.08.20 10:21:07	1,00	7,31	14,07	-17,96	57,97
969	13.08.20 10:21:08	1,00	7,25	3,45	-18,92	67,63
970	13.08.20 10:21:09	1,00	7,27	18,22	-10,44	61,34
971	13.08.20 10:21:10	1,00	7,27	6,01	-3,74	80,25
972	13.08.20 10:21:11	1,00	7,25	-25,33	-10,15	54,52
973	13.08.20 10:21:12	1,00	7,27	-1,54	-18,84	69,62
974	13.08.20 10:21:13	1,00	7,25	-1,31	-16,11	72,58
975	13.08.20 10:21:14	1,00	7,27	1,86	-12,06	76,08
976	13.08.20 10:21:15	1,00	7,25	11,46	-10,04	68,50
977	13.08.20 10:21:16	1,00	7,27	13,99	-17,04	58,97
978	13.08.20 10:21:17	1,00	7,25	3,76	-21,52	64,71
979	13.08.20 10:21:18	1,00	7,25	-12,62	-16,61	60,78
980	13.08.20 10:21:19	1,00	7,25	-7,91	-8,31	73,78
981	13.08.20 10:21:20	1,00	7,25	-15,82	-26,31	47,88
982	13.08.20 10:21:21	1,00	7,25	-12,35	-7,78	69,87
983	13.08.20 10:21:22	1,00	7,23	-4,81	-6,03	79,16
984	13.08.20 10:21:23	1,00	7,27	-2,36	-31,48	56,16
985	13.08.20 10:21:24	1,00	7,27	12,27	-18,12	59,61
986	13.08.20 10:21:25	1,00	7,25	10,17	-25,57	54,26
987	13.08.20 10:21:26	1,00	7,27	-10,96	-9,78	69,27
988	13.08.20 10:21:27	1,00	7,25	17,97	-0,98	71,06
989	13.08.20 10:21:28	1,00	7,25	-19,19	-9,20	61,62
990	13.08.20 10:21:29	1,00	7,27	-8,05	-12,39	69,56
991	13.08.20 10:21:30	1,00	7,29	3,32	-21,63	65,05
992	13.08.20 10:21:31	1,00	7,25	-9,08	-4,87	76,05
993	13.08.20 10:21:32	1,00	7,27	-5,80	-17,00	67,20
994	13.08.20 10:21:33	1,00	7,25	-4,79	-0,75	84,47
995	13.08.20 10:21:34	1,00	7,23	-1,08	-29,21	59,71
996	13.08.20 10:21:35	0,96	7,25	-7,23	-19,17	63,61
997	13.08.20 10:21:36	1,00	7,25	-8,27	-12,08	69,65
998	13.08.20 10:21:37	0,96	7,25	-0,72	-8,80	80,48
999	13.08.20 10:21:38	0,96	7,25	-3,52	-3,50	82,98
1000	13.08.20 10:21:39	0,96	7,27	-2,68	8,63	78,68
1001	13.08.20 10:21:40	0,96	7,27	24,69	4,61	60,71
1002	13.08.20 10:21:41	0,96	7,23	-5,13	-4,40	80,47
1003	13.08.20 10:21:42	0,96	7,23	-3,84	-10,45	75,72
1004	13.08.20 10:21:43	0,96	7,27	6,22	-9,20	74,58
1005	13.08.20 10:21:44	0,96	7,27	17,34	-7,04	65,62
1006	13.08.20 10:21:45	0,96	7,27	16,00	-3,99	70,00
1007	13.08.20 10:21:46	0,96	7,25	12,57	1,83	75,60
1008	13.08.20 10:21:47	0,96	7,25	-22,37	-9,82	57,81
1009	13.08.20 10:21:48	0,96	7,23	-8,01	-4,77	77,21
1010	13.08.20 10:21:49	0,96	7,27	22,75	6,32	60,93
1011	13.08.20 10:21:50	0,92	7,25	2,12	-17,90	69,98
1012	13.08.20 10:21:51	0,92	7,25	3,78	2,86	83,36
1013	13.08.20 10:21:52	0,92	7,25	31,20	17,24	41,55
1014	13.08.20 10:21:53	0,92	7,23	12,24	-25,77	51,99
1015	13.08.20 10:21:54	0,92	7,27	10,32	-1,16	78,52
1016	13.08.20 10:21:55	0,88	7,27	22,35	4,79	62,86
1017	13.08.20 10:21:56	0,92	7,25	11,92	-14,37	63,71
1018	13.08.20 10:21:57	0,88	7,27	17,44	9,81	62,75
1019	13.08.20 10:21:58	0,88	7,27	7,60	-18,80	63,60
1020	13.08.20 10:21:59	0,88	7,27	-34,41	-11,33	44,26
1021	13.08.20 10:22:00	0,88	7,27	-22,77	-3,53	63,70
1022	13.08.20 10:22:01	0,88	7,27	-7,01	-29,34	53,64
1023	13.08.20 10:22:02	0,88	7,25	-6,49	-11,77	71,74
1024	13.08.20 10:22:03	0,88	7,27	-15,36	-12,34	62,30
1025	13.08.20 10:22:04	0,88	7,29	-13,64	2,54	73,82
1026	13.08.20 10:22:05	0,88	7,27	3,91	-16,05	70,04
1027	13.08.20 10:22:06	0,84	7,29	0,80	-7,06	82,14
1028	13.08.20 10:22:07	0,84	7,27	2,71	-11,42	75,86
1029	13.08.20 10:22:08	0,84	7,27	-5,25	-17,42	67,33
1030	13.08.20 10:22:09	0,84	7,31	9,15	-18,84	62,01
1031	13.08.20 10:22:10	0,84	7,29	10,66	-12,17	67,17
1032	13.08.20 10:22:11	0,84	7,31	5,32	-29,40	55,27
1033	13.08.20 10:22:12	0,84	7,29	23,55	-25,93	40,52
1034	13.08.20 10:22:13	0,84	7,27	-1,27	-26,72	62,01
1035	13.08.20 10:22:14	0,84	7,31	-18,28	-9,07	62,65
1036	13.08.20 10:22:15	0,84	7,31	-9,29	-2,76	77,95
1037	13.08.20 10:22:16	0,84	7,31	-13,51	-12,74	63,75
1038	13.08.20 10:22:17	0,84	7,29	-21,29	-16,84	51,87
1039	13.08.20 10:22:18	0,84	7,31	9,14	-10,62	70,24
1040	13.08.20 10:22:19	0,84	7,29	-1,81	-5,07	83,12
1041	13.08.20 10:22:20	0,84	7,29	33,48	-19,13	37,40
1042	13.08.20 10:22:21	0,84	7,29	-20,82	-12,09	57,09
1043	13.08.20 10:22:22	0,84	7,31	-4,29	-52,03	33,68
1044	13.08.20 10:22:23	0,84	7,29	-24,28	-17,87	47,85
1045	13.08.20 10:22:24	0,84	7,29	-9,39	-20,35	60,26
1046	13.08.20 10:22:25	0,84	7,29	9,10	-21,10	59,80
1047	13.08.20 10:22:26	0,84	7,31	16,78	-10,09	63,13
1048	13.08.20 10:22:27	0,84	7,33	9,20	-26,18	54,62
1049	13.08.20 10:22:28	0,80	7,29	10,50	-4,37	75,13
1050	13.08.20 10:22:29	0,80	7,29	-8,34	7,84	73,82
1051	13.08.20 10:22:30	0,80	7,31	-19,95	-9,82	60,23
1052	13.08.20 10:22:31	0,80	7,29	7,61	-7,81	74,59
1053	13.08.20 10:22:32	0,80	7,29	2,42	-2,30	85,28
1054	13.08.20 10:22:33	0,80	7,33	14,05	22,96	52,99
1055	13.08.20 10:22:34	0,80	7,33	5,27	20,54	64,19
1056	13.08.20 10:22:35	0,80	7,33	14,86	28,48	46,66
1057	13.08.20 10:22:36	0,80	7,31	19,45	9,24	61,31
1058	13.08.20 10:22:37	0,80	7,33	40,70	-9,58	39,72
1059	13.08.20 10:22:38	0,80	7,31	38,98	-14,09	36,93
1060	13.08.20 10:22:39	0,80	7,29	38,27	-13,88	37,85
1061	13.08.20 10:22:40	0,80	7,27	38,83	-12,13	39,04
1062	13.08.20 10:22:41	0,80	7,27	36,48	-11,41	42,12
1063	13.08.20 10:22:42	0,80	7,27	40,07	-11,29	38,63
1064	13.08.20 10:22:43	0,80	7,25	40,09	-10,78	39,13
1065	13.08.20 10:22:44	0,76	7,20	37,87	-11,21	40,92
1066	13.08.20 10:22:45	0,76	7,18	36,69	-8,62	44,69
1067	13.08.20 10:22:46	0,76	7,16	39,41	-6,54	44,04
1068	13.08.20 10:22:47	0,76	7,12	39,52	-9,12	41,35
1069	13.08.20 10:22:48	0,76	7,07	36,90	-6,89	46,21
1070	13.08.20 10:22:49	0,76	7,07	39,50	-7,12	43,39
1071	13.08.20 10:22:50	0,76	7,05	41,40	-7,75	40,84
1072	13.08.20 10:22:51	0,76	7,05	40,26	-7,57	42,17
1073	13.08.20 10:22:52	0,76	6,99	38,84	-7,17	43,99
1074	13.08.20 10:22:53	0,76	6,95	37,38	-4,82	47,80
1075	13.08.20 10:22:54	0,76	6,95	38,56	-7,23	44,21
1076	13.08.20 10:22:55	0,76	6,90	38,73	-7,70	43,58
1077	13.08.20 10:22:56	0,76	6,84	39,09	-5,47	45,44
1078	13.08.20 10:22:57	0,76	6,80	33,11	-11,40	45,49
1079	13.08.20 10:22:58	0,76	6,77	38,60	-6,48	44,92
1080	13.08.20 10:22:59	0,76	6,75	39,86	-7,90	42,23
1081	13.08.20 10:23:00	0,76	6,69	42,38	-7,42	40,20
1082	13.08.20 10:23:01	0,76	6,67	45,98	-5,74	38,28
1083	13.08.20 10:23:02	0,76	6,65	54,14	-7,39	28,48
1084	13.08.20 10:23:03	0,76	6,65	59,39	-7,88	22,73
1085	13.08.20 10:23:04	0,76	6,62	58,94	-8,15	22,91
1086	13.08.20 10:23:05	0,76	6,60	60,31	-8,25	21,44
1087	13.08.20 10:23:06	0,76	6,58	67,61	-6,60	15,79
1088	13.08.20 10:23:07	0,76	6,54	69,49	-5,59	14,92
1089	13.08.20 10:23:08	0,76	6,52	70,09	-7,23	12,67
1090	13.08.20 10:23:09	0,76	6,50	73,33	-5,59	11,09
1091	13.08.20 10:23:10	0,76	6,47	66,65	-7,26	16,09
1092	13.08.20 10:23:11	0,76	6,43	68,52	-6,17	15,31
1093	13.08.20 10:23:12	0,76	6,39	73,72	-6,16	10,12
1094	13.08.20 10:23:13	0,76	6,37	66,61	-6,90	16,49
1095	13.08.20 10:23:14	0,76	6,35	68,51	-6,58	14,91
1096	13.08.20 10:23:15	0,76	6,33	70,67	-5,76	13,57
1097	13.08.20 10:23:16	0,76	6,30	72,24	-6,13	11,63
1098	13.08.20 10:23:17	0,76	6,26	70,56	-6,81	12,63
1099	13.08.20 10:23:18	0,76	6,22	65,47	-7,36	17,16
1100	13.08.20 10:23:19	0,76	6,18	68,31	-5,24	16,45
1101	13.08.20 10:23:20	0,76	6,15	70,19	-4,32	15,50
1102	13.08.20 10:23:21	0,76	6,11	64,92	-6,69	18,39
1103	13.08.20 10:23:22	0,76	6,07	67,39	-4,32	18,29
1104	13.08.20 10:23:23	0,76	6,05	65,69	-6,35	17,97
1105	13.08.20 10:23:24	0,76	6,00	53,54	-4,38	32,08
1106	13.08.20 10:23:25	0,76	5,94	53,32	-3,56	33,12
1107	13.08.20 10:23:26	0,76	5,92	52,45	-3,92	33,62
1108	13.08.20 10:23:27	0,76	5,85	50,55	-4,85	34,60
1109	13.08.20 10:23:28	0,76	5,79	53,78	-4,72	31,51
1110	13.08.20 10:23:29	0,76	5,75	54,99	-7,62	27,38
1111	13.08.20 10:23:30	0,76	5,75	51,06	-8,22	30,72
1112	13.08.20 10:23:31	0,76	5,66	57,10	-8,12	24,79
1113	13.08.20 10:23:32	0,76	5,64	60,45	-9,21	20,34
1114	13.08.20 10:23:33	0,76	5,60	68,78	-10,71	10,52
1115	13.08.20 10:23:34	0,76	5,55	60,85	-6,76	22,39
1116	13.08.20 10:23:35	0,76	5,47	60,52	-10,33	19,16
1117	13.08.20 10:23:36	0,76	5,43	69,67	-11,86	8,47
1118	13.08.20 10:23:37	0,76	5,38	58,23	-8,26	23,51
1119	13.08.20 10:23:38	0,76	5,34	56,71	-10,75	22,53
1120	13.08.20 10:23:39	0,76	5,26	67,62	-11,88	10,51
1121	13.08.20 10:23:40	0,76	5,21	59,19	-9,97	20,84
1122	13.08.20 10:23:41	0,76	5,17	58,70	-9,90	21,40
1123	13.08.20 10:23:42	0,76	5,13	71,42	-11,41	7,17
1124	13.08.20 10:23:43	0,76	5,04	55,76	-9,43	24,81
1125	13.08.20 10:23:44	0,76	5,00	70,58	-8,97	10,45
1126	13.08.20 10:23:45	0,76	4,96	63,94	-10,61	15,45
1127	13.08.20 10:23:46	0,80	4,89	57,15	-10,96	21,88
1128	13.08.20 10:23:47	0,80	4,83	70,58	-11,91	7,51
1129	13.08.20 10:23:48	0,80	4,78	57,67	-8,81	23,51
1130	13.08.20 10:23:49	0,80	4,72	68,08	-13,42	8,50
1131	13.08.20 10:23:50	0,80	4,68	60,05	-15,02	14,94
1132	13.08.20 10:23:51	0,84	4,59	57,39	-11,31	21,31
1133	13.08.20 10:23:52	0,84	4,55	68,03	-10,58	11,40
1134	13.08.20 10:23:53	0,84	4,53	66,26	-4,68	19,07
1135	13.08.20 10:23:54	0,84	4,53	61,01	3,37	25,62
1136	13.08.20 10:23:55	0,84	4,55	63,24	5,54	21,22
1137	13.08.20 10:23:56	0,88	4,57	66,94	6,17	16,89
1138	13.08.20 10:23:57	0,88	4,53	71,03	6,14	12,83
1139	13.08.20 10:23:58	0,92	4,53	70,58	6,52	12,90
1140	13.08.20 10:23:59	0,92	4,53	64,49	5,36	20,15
1141	13.08.20 10:24:00	0,92	4,53	54,40	8,73	26,88
1142	13.08.20 10:24:01	0,92	4,53	54,71	9,72	25,58
1143	13.08.20 10:24:02	0,92	4,49	54,52	-0,79	34,69
1144	13.08.20 10:24:03	0,92	4,44	59,75	-2,88	27,37
1145	13.08.20 10:24:04	0,92	4,42	67,85	-1,69	20,46
1146	13.08.20 10:24:05	0,92	4,44	68,73	-2,94	18,32
1147	13.08.20 10:24:06	0,92	4,42	69,56	-3,76	16,68
1148	13.08.20 10:24:07	0,96	4,42	68,44	-5,25	16,31
1149	13.08.20 10:24:08	0,96	4,38	66,50	-7,34	16,16
1150	13.08.20 10:24:09	0,96	4,34	66,29	-8,01	15,70
1151	13.08.20 10:24:10	0,96	4,34	65,29	-8,32	16,39
1152	13.08.20 10:24:11	0,96	4,32	65,34	-8,77	15,89
1153	13.08.20 10:24:12	0,96	4,29	63,18	-10,19	16,63
1154	13.08.20 10:24:13	0,92	4,27	64,23	-7,76	18,02
1155	13.08.20 10:24:14	0,92	4,23	63,69	-8,40	17,91
1156	13.08.20 10:24:15	0,92	4,23	62,15	-10,18	17,66
1157	13.08.20 10:24:16	0,92	4,21	61,58	-9,20	19,22
1158	13.08.20 10:24:17	0,92	4,17	61,29	-9,68	19,03
1159	13.08.20 10:24:18	0,92	4,14	60,45	-9,88	19,66
1160	13.08.20 10:24:19	0,92	4,12	58,54	-8,76	22,70
1161	13.08.20 10:24:20	0,92	4,10	57,42	-9,51	23,07
1162	13.08.20 10:24:21	0,92	4,06	55,93	-9,05	25,02
1163	13.08.20 10:24:22	0,92	3,99	50,46	-8,92	30,61
1164	13.08.20 10:24:23	0,92	3,95	56,01	-1,85	32,14
1165	13.08.20 10:24:24	0,92	3,87	47,25	-9,97	32,78
1166	13.08.20 10:24:25	0,92	3,82	47,85	-8,27	33,88
1167	13.08.20 10:24:26	0,92	3,72	48,59	-7,08	34,33
1168	13.08.20 10:24:27	0,92	3,70	51,79	-6,77	31,44
1169	13.08.20 10:24:28	0,92	3,65	54,70	-5,55	29,74
1170	13.08.20 10:24:29	0,92	3,59	53,54	-4,96	31,51
1171	13.08.20 10:24:30	0,96	3,55	53,67	-5,45	30,87
1172	13.08.20 10:24:31	0,96	3,44	46,59	-7,41	36,00
1173	13.08.20 10:24:32	0,96	3,37	46,45	-8,70	34,86
1174	13.08.20 10:24:33	0,96	3,27	44,73	-9,86	35,42
1175	13.08.20 10:24:34	1,00	3,18	45,17	-9,58	35,25
1176	13.08.20 10:24:35	1,00	3,10	39,91	-11,83	38,26
1177	13.08.20 10:24:36	1,04	2,97	39,13	-12,45	38,42
1178	13.08.20 10:24:37	1,16	2,89	38,81	-12,61	38,58
1179	13.08.20 10:24:38	1,20	2,82	39,08	-10,65	40,26
1180	13.08.20 10:24:39	1,24	2,72	37,95	-10,78	41,27
1181	13.08.20 10:24:40	1,28	2,61	35,99	-10,27	43,74
1182	13.08.20 10:24:41	1,32	2,52	36,90	-7,96	45,14
1183	13.08.20 10:24:42	1,44	2,46	35,70	-7,61	46,70
1184	13.08.20 10:24:43	1,52	2,38	38,64	-7,25	44,12
1185	13.08.20 10:24:44	1,59	2,29	36,99	-6,05	46,96
1186	13.08.20 10:24:45	1,67	2,21	37,11	-5,39	47,50
1187	13.08.20 10:24:46	1,79	2,12	32,80	-6,63	50,57
1188	13.08.20 10:24:47	1,95	2,04	31,77	-6,63	51,59
1189	13.08.20 10:24:48	2,06	1,98	30,12	-1,10	58,78
1190	13.08.20 10:24:49	2,18	1,98	30,54	-6,16	53,30
1191	13.08.20 10:24:50	2,45	1,83	29,16	-7,13	53,71
1192	13.08.20 10:24:51	2,75	1,79	29,42	-5,42	55,16
1193	13.08.20 10:24:52	2,94	1,73	29,46	-6,86	53,68
1194	13.08.20 10:24:53	3,10	1,69	25,91	-9,38	54,71
1195	13.08.20 10:24:54	3,21	1,61	25,80	-10,18	54,01
1196	13.08.20 10:24:55	3,36	1,52	28,65	-7,29	54,06
1197	13.08.20 10:24:56	3,51	1,44	26,43	-11,71	51,85
1198	13.08.20 10:24:57	3,66	1,40	23,89	-13,58	52,53
1199	13.08.20 10:24:58	3,85	1,36	26,08	-12,70	51,22
1200	13.08.20 10:24:59	4,22	1,28	27,31	-13,43	49,26
1201	13.08.20 10:25:00	4,62	1,19	25,35	-16,26	48,39
1202	13.08.20 10:25:01	5,06	1,16	23,37	-16,31	50,33
1203	13.08.20 10:25:02	5,53	1,14	25,03	-13,32	51,65
1204	13.08.20 10:25:03	6,38	1,00	23,76	-14,11	52,13
1205	13.08.20 10:25:04	7,12	0,94	24,43	-12,95	52,63
1206	13.08.20 10:25:05	7,53	0,90	24,43	-13,54	52,03
1207	13.08.20 10:25:06	7,84	0,89	26,41	-11,24	52,35
1208	13.08.20 10:25:07	8,25	0,87	25,30	-13,15	51,55
1209	13.08.20 10:25:08	8,59	0,83	24,15	-15,03	50,82
1210	13.08.20 10:25:09	9,06	0,79	26,54	-13,80	49,66
1211	13.08.20 10:25:10	9,53	0,75	28,57	-9,61	51,81
1212	13.08.20 10:25:11	9,93	0,65	26,54	-9,53	53,93
1213	13.08.20 10:25:12	10,16	0,65	27,11	-11,48	51,41
1214	13.08.20 10:25:13	10,42	0,61	24,42	-16,32	49,25
1215	13.08.20 10:25:14	10,62	0,59	25,52	-12,38	52,10
1216	13.08.20 10:25:15	10,78	0,52	21,21	-17,53	51,26
1217	13.08.20 10:25:16	10,91	0,52	23,96	-19,34	46,70
1218	13.08.20 10:25:17	10,98	0,43	23,86	-25,66	40,48
1219	13.08.20 10:25:18	11,07	0,41	18,67	-23,09	48,24
1220	13.08.20 10:25:19	11,17	0,43	20,82	-23,61	45,58
1221	13.08.20 10:25:20	11,23	0,39	17,92	-17,62	54,45
1222	13.08.20 10:25:21	11,27	0,37	19,87	-14,21	55,92
1223	13.08.20 10:25:22	11,52	0,33	19,94	-22,04	48,02
1224	13.08.20 10:25:23	11,65	0,35	22,04	-16,65	51,32
1225	13.08.20 10:25:24	11,75	0,33	26,75	-14,49	48,76
1226	13.08.20 10:25:25	11,91	0,33	21,68	-15,23	53,09
1227	13.08.20 10:25:26	11,94	0,35	25,94	-14,28	49,79
1228	13.08.20 10:25:27	11,94	0,35	20,75	-18,32	50,94
1229	13.08.20 10:25:28	12,04	0,33	20,02	-23,81	46,17
1230	13.08.20 10:25:29	12,10	0,28	20,31	-20,55	49,13
1231	13.08.20 10:25:30	12,32	0,26	21,56	-16,98	51,46
1232	13.08.20 10:25:31	12,42	0,30	19,95	-10,92	59,13
1233	13.08.20 10:25:32	12,42	0,33	21,17	-2,62	66,21
1234	13.08.20 10:25:33	12,55	0,33	22,52	-10,63	56,85
1235	13.08.20 10:25:34	12,67	0,30	16,35	-2,81	70,84
1236	13.08.20 10:25:35	12,70	0,30	18,35	-4,76	66,89
1237	13.08.20 10:25:36	12,77	0,33	22,31	-6,18	61,52
1238	13.08.20 10:25:37	12,89	0,26	21,45	-1,82	66,73
1239	13.08.20 10:25:38	12,96	0,30	20,22	-5,04	64,74
1240	13.08.20 10:25:39	12,99	0,28	21,06	-0,73	68,20
1241	13.08.20 10:25:40	13,11	0,28	22,23	-3,31	64,46
1242	13.08.20 10:25:41	13,24	0,28	13,11	-5,70	71,19
1243	13.08.20 10:25:42	13,40	0,28	14,08	-1,69	74,24
1244	13.08.20 10:25:43	13,49	0,30	21,25	7,61	61,13
1245	13.08.20 10:25:44	13,52	0,33	22,84	6,14	61,03
1246	13.08.20 10:25:45	13,52	0,30	19,28	-5,15	65,57
1247	13.08.20 10:25:46	13,58	0,30	19,08	-17,41	53,51
1248	13.08.20 10:25:47	13,58	0,30	12,90	-15,88	61,21
1249	13.08.20 10:25:48	13,68	0,30	5,97	-19,95	64,07
1250	13.08.20 10:25:49	13,71	0,28	16,44	-20,77	52,79
1251	13.08.20 10:25:50	13,71	0,33	20,33	-22,37	47,29
1252	13.08.20 10:25:51	13,77	0,30	24,38	-14,83	50,78
1253	13.08.20 10:25:52	13,83	0,30	19,87	-15,61	54,52
1254	13.08.20 10:25:53	13,86	0,33	25,00	-4,12	60,88
1255	13.08.20 10:25:54	13,83	0,33	21,31	1,49	67,20
1256	13.08.20 10:25:55	13,86	0,33	21,85	-9,65	58,50
1257	13.08.20 10:25:56	13,90	0,33	18,38	-12,07	59,55
1258	13.08.20 10:25:57	13,93	0,30	16,50	-15,40	58,10
1259	13.08.20 10:25:58	14,02	0,33	21,70	-14,50	53,80
1260	13.08.20 10:25:59	14,08	0,33	22,26	-14,20	53,53
1261	13.08.20 10:26:00	14,18	0,30	17,84	-17,23	54,93
1262	13.08.20 10:26:01	14,24	0,33	27,26	-10,68	52,06
1263	13.08.20 10:26:02	14,27	0,33	21,95	-12,91	55,14
1264	13.08.20 10:26:03	14,30	0,35	21,17	-13,85	54,98
1265	13.08.20 10:26:04	14,33	0,35	17,44	-14,87	57,70
1266	13.08.20 10:26:05	14,33	0,37	21,39	-17,72	50,88
1267	13.08.20 10:26:06	14,39	0,35	15,90	-19,46	54,64
1268	13.08.20 10:26:07	14,42	0,35	18,90	-13,80	57,30
1269	13.08.20 10:26:08	14,42	0,35	21,10	-12,45	56,45
1270	13.08.20 10:26:09	14,45	0,35	18,65	-9,88	61,47
1271	13.08.20 10:26:10	14,49	0,33	11,46	0,21	78,33
1272	13.08.20 10:26:11	14,49	0,37	20,92	-7,59	61,48
1273	13.08.20 10:26:12	14,52	0,35	18,07	-16,54	55,39
1274	13.08.20 10:26:13	14,64	0,33	20,52	-16,30	53,18
1275	13.08.20 10:26:14	14,70	0,35	10,85	-11,72	67,43
1276	13.08.20 10:26:15	14,76	0,30	16,41	-23,73	49,86
1277	13.08.20 10:26:16	14,82	0,35	15,16	-19,34	55,49
1278	13.08.20 10:26:17	14,92	0,35	16,24	-11,95	61,82
1279	13.08.20 10:26:18	15,01	0,37	19,61	-15,87	54,52
1280	13.08.20 10:26:19	15,01	0,33	20,69	-22,23	47,08
1281	13.08.20 10:26:20	15,07	0,35	22,21	-19,50	48,28
1282	13.08.20 10:26:21	15,10	0,35	17,54	-16,55	55,91
1283	13.08.20 10:26:22	15,16	0,35	14,13	-12,36	63,51
1284	13.08.20 10:26:23	15,19	0,35	11,76	1,33	76,91
1285	13.08.20 10:26:24	15,22	0,33	17,35	-12,59	60,06
1286	13.08.20 10:26:25	15,25	0,33	13,49	-15,55	60,97
1287	13.08.20 10:26:26	15,25	0,30	22,94	-31,55	35,51
1288	13.08.20 10:26:27	15,25	0,30	14,31	-14,70	60,99
1289	13.08.20 10:26:28	15,28	0,33	19,01	-14,75	56,24
1290	13.08.20 10:26:29	15,35	0,33	25,87	-29,13	35,00
1291	13.08.20 10:26:30	15,38	0,33	16,07	-25,05	48,88
1292	13.08.20 10:26:31	15,38	0,30	18,10	-29,09	42,81
1293	13.08.20 10:26:32	15,44	0,30	26,14	-29,41	34,46
1294	13.08.20 10:26:33	15,47	0,30	20,03	-21,10	48,88
1295	13.08.20 10:26:34	15,44	0,30	20,69	-25,62	43,68
1296	13.08.20 10:26:35	15,53	0,28	19,11	-17,85	53,05
1297	13.08.20 10:26:36	15,59	0,28	16,69	-20,94	52,36
1298	13.08.20 10:26:37	15,62	0,28	20,73	-8,54	60,73
1299	13.08.20 10:26:38	15,71	0,28	25,22	-32,56	32,21
1300	13.08.20 10:26:39	15,74	0,28	12,19	-10,05	67,75
1301	13.08.20 10:26:40	15,74	0,26	15,16	-15,90	58,94
1302	13.08.20 10:26:41	15,80	0,30	19,83	-9,95	60,22
1303	13.08.20 10:26:42	15,83	0,30	30,15	-16,95	42,90
1304	13.08.20 10:26:43	15,89	0,28	22,93	-27,26	39,80
1305	13.08.20 10:26:44	15,93	0,26	25,60	-29,25	35,16
1306	13.08.20 10:26:45	15,96	0,28	53,24	-32,64	-4,12
1307	13.08.20 10:26:46	15,99	0,28	44,75	-36,20	-9,05
1308	13.08.20 10:26:47	16,02	0,26	32,88	-37,36	-19,76
1309	13.08.20 10:26:48	16,05	0,24	31,70	-27,68	-30,62
1310	13.08.20 10:26:49	16,05	0,24	36,38	-37,22	-16,39
1311	13.08.20 10:26:50	16,08	0,22	56,30	-17,66	-16,04
1312	13.08.20 10:26:51	16,11	0,24	13,34	-20,72	55,94
1313	13.08.20 10:26:52	16,11	0,28	31,54	-20,35	38,11
1314	13.08.20 10:26:53	16,08	0,33	28,48	2,83	58,68
1315	13.08.20 10:26:54	16,11	0,33	35,39	-15,60	39,00
1316	13.08.20 10:26:55	16,11	0,30	35,98	17,84	36,18
1317	13.08.20 10:26:56	16,11	0,24	20,80	4,82	64,38
1318	13.08.20 10:26:57	16,17	0,24	19,89	-25,21	44,91
1319	13.08.20 10:26:58	16,20	0,24	37,24	-7,30	45,46
1320	13.08.20 10:26:59	16,23	0,24	25,31	-4,28	60,41
1321	13.08.20 10:27:00	16,29	0,28	20,15	12,28	57,57
1322	13.08.20 10:27:01	16,35	0,28	17,75	-32,16	40,09
1323	13.08.20 10:27:02	16,41	0,24	-1,76	25,94	62,30
1324	13.08.20 10:27:03	16,44	0,24	15,89	32,97	41,15
1325	13.08.20 10:27:04	16,44	0,26	21,16	-43,74	25,10
1326	13.08.20 10:27:05	16,44	0,26	32,58	12,34	45,08
1327	13.08.20 10:27:06	16,47	0,26	67,43	2,35	20,22
1328	13.08.20 10:27:07	16,47	0,24	67,95	11,86	10,20
1329	13.08.20 10:27:08	16,47	0,20	55,91	21,01	13,08
1330	13.08.20 10:27:09	16,47	0,24	53,25	17,76	18,99
1331	13.08.20 10:27:10	16,38	0,26	40,54	13,04	36,42
1332	13.08.20 10:27:11	16,29	0,26	28,86	12,78	48,36
1333	13.08.20 10:27:12	16,17	0,26	3,68	-21,29	65,03
1334	13.08.20 10:27:13	16,05	0,26	-15,25	-5,35	69,40
1335	13.08.20 10:27:14	15,96	0,26	-11,52	-2,34	76,14
1336	13.08.20 10:27:15	15,89	0,26	-7,78	-4,35	77,87
1337	13.08.20 10:27:16	15,83	0,26	-0,45	25,56	63,99
1338	13.08.20 10:27:17	15,77	0,26	1,53	24,50	63,98
1339	13.08.20 10:27:18	15,74	0,28	-3,61	32,79	53,60
1340	13.08.20 10:27:19	15,68	0,26	21,75	22,32	45,93
1341	13.08.20 10:27:20	15,65	0,26	30,12	16,71	43,17
1342	13.08.20 10:27:21	15,59	0,28	10,50	-77,55	1,95
1343	13.08.20 10:27:22	15,56	0,28	5,01	-69,88	15,11
1344	13.08.20 10:27:23	15,53	0,26	7,38	-80,69	1,93
1345	13.08.20 10:27:24	15,50	0,26	-1,21	3,27	-85,52
1346	13.08.20 10:27:25	15,47	0,26	64,57	-17,84	-7,59
1347	13.08.20 10:27:26	15,44	0,28	67,15	-11,57	11,28
1348	13.08.20 10:27:27	15,38	0,28	77,38	-4,34	8,28
1349	13.08.20 10:27:28	15,32	0,28	52,35	-29,93	-7,72
1350	13.08.20 10:27:29	15,25	0,30	24,54	-54,98	-10,48
1351	13.08.20 10:27:30	15,22	0,30	29,23	-47,52	-13,24
1352	13.08.20 10:27:31	15,19	0,30	41,35	-41,10	-7,55
1353	13.08.20 10:27:32	15,13	0,28	27,11	-41,56	-21,34
1354	13.08.20 10:27:33	15,10	0,30	-21,28	-44,78	23,94
1355	13.08.20 10:27:34	15,07	0,28	-11,36	-3,86	74,78
1356	13.08.20 10:27:35	15,04	0,30	-14,79	-0,66	74,55
1357	13.08.20 10:27:36	15,01	0,30	-13,80	-5,14	71,05
1358	13.08.20 10:27:37	14,98	0,30	-15,03	-7,52	67,45
1359	13.08.20 10:27:38	14,98	0,30	-2,15	-1,71	86,14
1360	13.08.20 10:27:39	14,95	0,30	-3,81	-4,74	81,46
1361	13.08.20 10:27:40	14,92	0,30	-7,92	-3,80	78,28
1362	13.08.20 10:27:41	14,89	0,30	-5,22	-3,69	81,08
1363	13.08.20 10:27:42	14,89	0,30	-6,14	-4,63	79,22
1364	13.08.20 10:27:43	14,85	0,30	-4,01	-4,90	81,10
1365	13.08.20 10:27:44	14,82	0,30	-3,22	-4,60	82,18
1366	13.08.20 10:27:45	14,79	0,30	-3,72	-7,51	78,77
1367	13.08.20 10:27:46	14,76	0,30	-2,28	-2,84	84,88
1368	13.08.20 10:27:47	14,76	0,30	-3,55	-5,14	81,31
1369	13.08.20 10:27:48	14,73	0,33	-3,89	-5,35	80,76
1370	13.08.20 10:27:49	14,70	0,30	-3,41	-4,67	81,92
1371	13.08.20 10:27:50	14,70	0,30	0,44	-6,87	82,69
1372	13.08.20 10:27:51	14,67	0,33	-51,10	8,89	-30,01
1373	13.08.20 10:27:52	14,67	0,30	-36,91	48,87	4,22
1374	13.08.20 10:27:53	14,67	0,30	3,14	82,03	4,84
1375	13.08.20 10:27:54	14,67	0,33	3,19	81,57	5,24
1376	13.08.20 10:27:55	14,64	0,33	2,36	82,62	5,02
1377	13.08.20 10:27:56	14,64	0,30	2,46	82,60	4,94
1378	13.08.20 10:27:57	14,61	0,30	2,22	83,35	4,43
1379	13.08.20 10:27:58	14,61	0,33	2,51	82,80	4,69
1380	13.08.20 10:27:59	14,58	0,33	2,49	82,73	4,78
1381	13.08.20 10:28:00	14,58	0,33	1,70	83,70	4,60
1382	13.08.20 10:28:01	14,55	0,30	2,52	83,58	3,90
1383	13.08.20 10:28:02	14,55	0,35	2,63	82,65	4,72
1384	13.08.20 10:28:03	14,52	0,33	1,62	83,09	5,30
1385	13.08.20 10:28:04	14,52	0,33	9,48	70,00	-10,52
1386	13.08.20 10:28:05	14,52	0,30	-3,67	85,37	-0,96
1387	13.08.20 10:28:06	14,52	0,33	3,42	81,25	5,33
1388	13.08.20 10:28:07	14,49	0,33	1,28	84,31	4,41
1389	13.08.20 10:28:08	14,49	0,33	3,50	81,28	5,22
1390	13.08.20 10:28:09	14,45	0,30	3,83	80,84	5,33
1391	13.08.20 10:28:10	14,45	0,35	1,04	81,01	7,96
1392	13.08.20 10:28:11	14,45	0,33	5,27	-18,24	66,48
1393	13.08.20 10:28:12	14,42	0,33	-5,56	55,53	28,91
1394	13.08.20 10:28:13	14,42	0,33	-23,82	13,74	52,44
1395	13.08.20 10:28:14	14,42	0,30	10,72	24,05	55,24
1396	13.08.20 10:28:15	14,42	0,33	16,28	26,59	47,13
1397	13.08.20 10:28:16	14,42	0,33	15,04	27,52	47,44
1398	13.08.20 10:28:17	14,39	0,33	16,21	25,20	48,59
1399	13.08.20 10:28:18	14,39	0,33	16,55	25,39	48,06
1400	13.08.20 10:28:19	14,39	0,33	13,96	28,80	47,25
1401	13.08.20 10:28:20	14,36	0,33	17,37	21,47	51,15
1402	13.08.20 10:28:21	14,36	0,33	12,01	28,87	49,12
1403	13.08.20 10:28:22	14,36	0,30	11,18	27,29	51,53
1404	13.08.20 10:28:23	14,36	0,33	6,65	23,30	60,06
1405	13.08.20 10:28:24	14,33	0,30	14,93	20,23	54,85
1406	13.08.20 10:28:25	14,33	0,33	10,96	27,98	51,06
1407	13.08.20 10:28:26	14,33	0,33	13,93	23,63	52,44
1408	13.08.20 10:28:27	14,33	0,30	37,26	12,47	40,27
1409	13.08.20 10:28:28	14,33	0,33	31,43	22,53	36,04
1410	13.08.20 10:28:29	14,30	0,33	22,65	32,09	35,26
1411	13.08.20 10:28:30	14,30	0,30	-25,64	36,72	27,64
1412	13.08.20 10:28:31	14,30	0,33	-20,19	58,30	11,51
1413	13.08.20 10:28:32	14,30	0,30	10,90	72,16	6,94
1414	13.08.20 10:28:33	14,30	0,33	12,16	70,21	7,63
1415	13.08.20 10:28:34	14,30	0,33	10,59	72,51	6,90
1416	13.08.20 10:28:35	14,27	0,33	11,03	71,81	7,16
1417	13.08.20 10:28:36	14,27	0,33	11,20	71,40	7,40
1418	13.08.20 10:28:37	14,27	0,30	11,22	71,50	7,27
1419	13.08.20 10:28:38	14,27	0,33	11,08	71,38	7,54
1420	13.08.20 10:28:39	14,27	0,33	10,75	72,16	7,09
1421	13.08.20 10:28:40	14,24	0,35	11,01	71,80	7,20
1422	13.08.20 10:28:41	14,24	0,30	11,16	71,03	7,81
1423	13.08.20 10:28:42	14,24	0,30	10,41	72,67	6,92
1424	13.08.20 10:28:43	14,24	0,30	11,35	70,88	7,77
1425	13.08.20 10:28:44	14,24	0,30	11,21	71,23	7,56
1426	13.08.20 10:28:45	14,24	0,33	10,24	72,37	7,39
1427	13.08.20 10:28:46	14,24	0,33	11,14	71,10	7,76
1428	13.08.20 10:28:47	14,24	0,30	10,89	72,22	6,89
1429	13.08.20 10:28:48	14,24	0,33	11,12	70,85	8,03
1430	13.08.20 10:28:49	14,24	0,33	10,88	72,11	7,01
1431	13.08.20 10:28:50	14,21	0,33	11,06	71,65	7,29
1432	13.08.20 10:28:51	14,21	0,35	10,36	71,79	7,84
1433	13.08.20 10:28:52	14,21	0,33	10,84	72,07	7,09
1434	13.08.20 10:28:53	14,21	0,30	11,15	70,82	8,03
1435	13.08.20 10:28:54	14,21	0,30	10,28	71,76	7,96
1436	13.08.20 10:28:55	14,21	0,33	11,08	72,15	6,77
1437	13.08.20 10:28:56	14,21	0,30	10,72	71,50	7,79
1438	13.08.20 10:28:57	14,21	0,30	10,96	71,05	7,98
1439	13.08.20 10:28:58	14,21	0,33	11,10	71,86	7,05
1440	13.08.20 10:28:59	14,21	0,33	10,37	71,83	7,80
1441	13.08.20 10:29:00	14,21	0,33	10,99	71,01	7,99
1442	13.08.20 10:29:01	14,21	0,30	10,43	72,23	7,34
1443	13.08.20 10:29:02	14,24	0,33	10,48	71,37	8,15
1444	13.08.20 10:29:03	14,24	0,33	10,70	71,16	8,14
1445	13.08.20 10:29:04	14,27	0,30	10,18	71,79	8,03
1446	13.08.20 10:29:05	14,27	0,33	10,52	71,80	7,67
1447	13.08.20 10:29:06	14,27	0,30	10,79	71,65	7,56
1448	13.08.20 10:29:07	14,27	0,33	10,72	71,39	7,89
1449	13.08.20 10:29:08	14,27	0,30	10,86	70,85	8,29
1450	13.08.20 10:29:09	14,27	0,30	9,65	72,33	8,02
1451	13.08.20 10:29:10	14,30	0,30	10,97	71,54	7,49
1452	13.08.20 10:29:11	14,30	0,30	11,24	71,02	7,73
1453	13.08.20 10:29:12	14,30	0,33	10,39	71,27	8,34
1454	13.08.20 10:29:13	14,30	0,33	10,25	72,30	7,45
1455	13.08.20 10:29:14	14,33	0,30	10,57	71,72	7,71
1456	13.08.20 10:29:15	14,33	0,30	10,76	70,78	8,47
1457	13.08.20 10:29:16	14,33	0,30	11,04	71,17	7,79
1458	13.08.20 10:29:17	14,33	0,30	9,83	72,54	7,64
1459	13.08.20 10:29:18	14,36	0,30	10,48	71,38	8,14
1460	13.08.20 10:29:19	14,36	0,30	11,01	70,68	8,31
1461	13.08.20 10:29:20	14,36	0,30	10,37	72,20	7,43
1462	13.08.20 10:29:21	14,36	0,30	10,57	71,52	7,90
1463	13.08.20 10:29:22	14,36	0,30	11,01	70,91	8,07
1464	13.08.20 10:29:23	14,36	0,33	9,93	72,25	7,82
1465	13.08.20 10:29:24	14,39	0,30	11,02	71,17	7,81
1466	13.08.20 10:29:25	14,39	0,30	10,62	71,14	8,24
1467	13.08.20 10:29:26	14,39	0,30	9,93	73,27	6,81
1468	13.08.20 10:29:27	14,39	0,33	11,27	69,97	8,75
1469	13.08.20 10:29:28	14,39	0,30	10,70	71,23	8,08
1470	13.08.20 10:29:29	14,42	0,33	10,04	73,19	6,77
1471	13.08.20 10:29:30	14,42	0,30	10,93	70,42	8,65
1472	13.08.20 10:29:31	14,42	0,30	10,85	71,82	7,33
1473	13.08.20 10:29:32	14,45	0,28	10,90	72,08	7,02
1474	13.08.20 10:29:33	14,45	0,30	10,55	70,95	8,50
1475	13.08.20 10:29:34	14,45	0,30	10,85	71,30	7,85
1476	13.08.20 10:29:35	14,49	0,30	10,58	72,12	7,31
1477	13.08.20 10:29:36	14,49	0,28	10,28	71,51	8,21
1478	13.08.20 10:29:37	14,49	0,30	11,17	71,39	7,44
1479	13.08.20 10:29:38	14,52	0,30	10,24	71,49	8,26
1480	13.08.20 10:29:39	14,52	0,30	10,27	72,03	7,71
1481	13.08.20 10:29:40	14,52	0,33	11,44	71,08	7,48
1482	13.08.20 10:29:41	14,52	0,30	10,75	71,21	8,04
1483	13.08.20 10:29:42	14,52	0,30	10,37	72,66	6,97
1484	13.08.20 10:29:43	14,52	0,30	11,19	70,74	8,07
1485	13.08.20 10:29:44	14,55	0,30	10,50	71,53	7,97
1486	13.08.20 10:29:45	14,55	0,30	10,44	71,89	7,67
1487	13.08.20 10:29:46	14,55	0,30	10,89	71,06	8,05
1488	13.08.20 10:29:47	14,58	0,30	10,18	72,19	7,63
1489	13.08.20 10:29:48	14,58	0,28	10,75	71,18	8,07
1490	13.08.20 10:29:49	14,58	0,30	11,23	71,09	7,68
1491	13.08.20 10:29:50	14,61	0,33	10,35	72,49	7,16
1492	13.08.20 10:29:51	14,61	0,28	10,84	71,00	8,16
1493	13.08.20 10:29:52	14,61	0,30	11,20	71,17	7,63
1494	13.08.20 10:29:53	14,64	0,30	10,12	72,65	7,23
1495	13.08.20 10:29:54	14,64	0,30	11,09	70,78	8,13
1496	13.08.20 10:29:55	14,64	0,30	10,80	71,26	7,94
1497	13.08.20 10:29:56	14,64	0,30	10,13	72,23	7,64
1498	13.08.20 10:29:57	14,67	0,30	11,11	70,89	8,00
1499	13.08.20 10:29:58	14,67	0,30	10,56	72,28	7,17
1500	13.08.20 10:29:59	14,67	0,30	10,61	64,54	14,84
1501	13.08.20 10:30:00	14,67	0,30	-1,84	-36,17	51,99
1502	13.08.20 10:30:01	14,67	0,28	-21,03	-32,60	36,37
1503	13.08.20 10:30:02	14,67	0,30	-39,51	-0,56	49,93
1504	13.08.20 10:30:03	14,73	0,28	-31,34	-8,88	49,77
1505	13.08.20 10:30:04	14,73	0,30	-17,10	-11,47	61,43
1506	13.08.20 10:30:05	14,76	0,30	-17,65	-15,30	57,05
1507	13.08.20 10:30:06	14,79	0,30	-23,82	2,71	63,47
1508	13.08.20 10:30:07	14,79	0,30	-18,91	-1,95	69,14
1509	13.08.20 10:30:08	14,82	0,30	20,50	41,25	28,25
1510	13.08.20 10:30:09	14,82	0,33	10,33	40,81	38,86
1511	13.08.20 10:30:10	14,82	0,30	23,81	28,05	38,14
1512	13.08.20 10:30:11	14,82	0,30	25,52	40,17	24,30
1513	13.08.20 10:30:12	14,82	0,30	23,07	44,53	22,40
1514	13.08.20 10:30:13	14,82	0,30	12,98	47,22	29,80
1515	13.08.20 10:30:14	14,82	0,33	21,13	43,46	25,41
1516	13.08.20 10:30:15	14,82	0,30	28,92	28,26	32,82
1517	13.08.20 10:30:16	14,85	0,30	29,99	24,51	35,50
1518	13.08.20 10:30:17	14,85	0,30	30,51	30,57	28,92
1519	13.08.20 10:30:18	14,85	0,30	13,53	50,34	26,14
1520	13.08.20 10:30:19	14,85	0,30	26,09	28,82	35,09
1521	13.08.20 10:30:20	14,89	0,30	15,98	38,81	35,21
1522	13.08.20 10:30:21	14,89	0,30	21,58	41,27	27,14
1523	13.08.20 10:30:22	14,89	0,30	4,40	54,59	31,00
1524	13.08.20 10:30:23	14,89	0,30	3,32	54,50	32,19
1525	13.08.20 10:30:24	14,89	0,30	6,72	54,80	28,47
1526	13.08.20 10:30:25	14,89	0,33	-1,29	50,73	37,98
1527	13.08.20 10:30:26	14,89	0,33	11,46	48,94	29,60
1528	13.08.20 10:30:27	14,92	0,33	-2,07	53,23	34,70
1529	13.08.20 10:30:28	14,92	0,28	5,26	54,54	30,19
1530	13.08.20 10:30:29	14,92	0,33	5,60	46,34	38,06
1531	13.08.20 10:30:30	14,92	0,30	5,50	47,51	36,99
1532	13.08.20 10:30:31	14,92	0,30	4,00	53,29	32,70
1533	13.08.20 10:30:32	14,95	0,30	4,49	48,31	37,20
1534	13.08.20 10:30:33	14,95	0,28	5,88	48,56	35,57
1535	13.08.20 10:30:34	14,95	0,30	3,13	49,38	37,49
1536	13.08.20 10:30:35	14,95	0,30	1,19	51,18	37,63
1537	13.08.20 10:30:36	14,95	0,30	10,38	48,90	30,72
1538	13.08.20 10:30:37	14,95	0,30	4,07	50,47	35,46
1539	13.08.20 10:30:38	14,95	0,30	-1,57	43,62	44,81
1540	13.08.20 10:30:39	14,95	0,30	12,13	43,15	34,72
1541	13.08.20 10:30:40	14,98	0,30	1,87	41,91	46,22
1542	13.08.20 10:30:41	14,98	0,30	-3,18	47,96	38,86
1543	13.08.20 10:30:42	14,98	0,30	-1,20	48,37	40,42
1544	13.08.20 10:30:43	14,98	0,33	0,36	44,90	44,74
1545	13.08.20 10:30:44	14,98	0,30	7,98	40,86	41,17
1546	13.08.20 10:30:45	15,01	0,30	10,78	40,55	38,67
1547	13.08.20 10:30:46	15,01	0,30	3,84	34,72	51,44
1548	13.08.20 10:30:47	15,01	0,30	10,02	27,05	52,93
1549	13.08.20 10:30:48	15,04	0,30	11,67	40,18	38,15
1550	13.08.20 10:30:49	15,04	0,28	11,00	36,81	42,19
1551	13.08.20 10:30:50	15,07	0,28	26,54	21,00	42,46
1552	13.08.20 10:30:51	15,07	0,30	27,99	12,75	49,26
1553	13.08.20 10:30:52	15,10	0,30	28,77	7,66	53,57
1554	13.08.20 10:30:53	15,10	0,30	21,23	11,82	56,95
1555	13.08.20 10:30:54	15,10	0,28	7,52	37,98	44,50
1556	13.08.20 10:30:55	15,13	0,28	2,39	59,68	-27,94
1557	13.08.20 10:30:56	15,13	0,30	1,94	60,84	-27,22
1558	13.08.20 10:30:57	15,16	0,30	2,27	60,52	-27,20
1559	13.08.20 10:30:58	15,16	0,30	2,45	60,03	-27,52
1560	13.08.20 10:30:59	15,16	0,33	1,66	61,31	-27,03
1561	13.08.20 10:31:00	15,16	0,30	2,54	60,25	-27,21
1562	13.08.20 10:31:01	15,16	0,30	2,92	59,65	-27,43
1563	13.08.20 10:31:02	15,16	0,28	1,62	61,35	-27,03
1564	13.08.20 10:31:03	15,16	0,30	1,74	60,14	-28,13
1565	13.08.20 10:31:04	15,16	0,30	2,46	60,42	-27,12
1566	13.08.20 10:31:05	15,16	0,33	2,54	60,73	-26,73
1567	13.08.20 10:31:06	15,16	0,30	2,08	60,01	-27,91
1568	13.08.20 10:31:07	15,19	0,30	2,23	60,40	-27,37
1569	13.08.20 10:31:08	15,19	0,30	2,78	59,94	-27,28
1570	13.08.20 10:31:09	15,19	0,30	1,75	60,70	-27,55
1571	13.08.20 10:31:10	15,19	0,28	2,72	59,90	-27,39
1572	13.08.20 10:31:11	15,22	0,30	2,87	60,39	-26,74
1573	13.08.20 10:31:12	15,22	0,28	1,26	60,53	-28,20
1574	13.08.20 10:31:13	15,22	0,30	2,67	59,51	-27,82
1575	13.08.20 10:31:14	15,22	0,28	2,41	61,48	-26,11
1576	13.08.20 10:31:15	15,22	0,33	1,53	60,78	-27,69
1577	13.08.20 10:31:16	15,25	0,30	3,10	58,83	-28,07
1578	13.08.20 10:31:17	15,25	0,28	1,75	61,42	-26,84
1579	13.08.20 10:31:18	15,25	0,30	1,71	61,05	-27,25
1580	13.08.20 10:31:19	15,28	0,30	2,47	59,84	-27,69
1581	13.08.20 10:31:20	15,28	0,28	2,92	60,55	-26,54
1582	13.08.20 10:31:21	15,28	0,30	1,58	60,38	-28,04
1583	13.08.20 10:31:22	15,32	0,30	2,17	59,83	-28,00
1584	13.08.20 10:31:23	15,32	0,28	2,51	61,07	-26,43
1585	13.08.20 10:31:24	15,32	0,30	2,06	60,53	-27,40
1586	13.08.20 10:31:25	15,32	0,30	2,26	59,38	-28,36
1587	13.08.20 10:31:26	15,32	0,30	2,41	60,78	-26,81
1588	13.08.20 10:31:27	15,32	0,30	1,55	61,30	-27,14
1589	13.08.20 10:31:28	15,35	0,28	2,38	59,43	-28,19
1590	13.08.20 10:31:29	15,35	0,28	2,46	60,66	-26,88
1591	13.08.20 10:31:30	15,38	0,30	2,19	60,79	-27,02
1592	13.08.20 10:31:31	15,38	0,28	1,91	59,60	-28,49
1593	13.08.20 10:31:32	15,38	0,28	2,57	60,75	-26,68
1594	13.08.20 10:31:33	15,38	0,28	-0,30	63,87	-25,82
1595	13.08.20 10:31:34	15,41	0,30	-0,76	61,35	-27,89
1596	13.08.20 10:31:35	15,41	0,30	0,45	63,34	-26,21
1597	13.08.20 10:31:36	15,41	0,30	0,09	63,89	-26,02
1598	13.08.20 10:31:37	15,41	0,30	-0,31	62,53	-27,16
1599	13.08.20 10:31:38	15,44	0,28	-0,15	63,73	-26,12
1600	13.08.20 10:31:39	15,44	0,30	-0,15	62,78	-27,06
1601	13.08.20 10:31:40	15,44	0,28	0,27	63,01	-26,71
1602	13.08.20 10:31:41	15,47	0,28	0,12	64,00	-25,88
1603	13.08.20 10:31:42	15,47	0,33	0,34	62,63	-27,04
1604	13.08.20 10:31:43	15,47	0,28	-0,82	62,33	-26,85
1605	13.08.20 10:31:44	15,47	0,28	0,03	64,07	-25,90
1606	13.08.20 10:31:45	15,47	0,28	-0,27	62,85	-26,88
1607	13.08.20 10:31:46	15,47	0,28	-0,61	62,32	-27,06
1608	13.08.20 10:31:47	15,50	0,30	0,51	64,09	-25,40
1609	13.08.20 10:31:48	15,50	0,28	-0,66	62,44	-26,90
1610	13.08.20 10:31:49	15,50	0,28	-0,15	62,31	-27,53
1611	13.08.20 10:31:50	15,50	0,30	0,63	63,95	-25,42
1612	13.08.20 10:31:51	15,50	0,30	-0,83	62,88	-26,29
1613	13.08.20 10:31:52	15,50	0,28	0,12	62,35	-27,53
1614	13.08.20 10:31:53	15,53	0,30	0,21	63,49	-26,30
1615	13.08.20 10:31:54	15,53	0,28	-0,66	62,99	-26,36
1616	13.08.20 10:31:55	15,53	0,30	0,15	63,03	-26,81
1617	13.08.20 10:31:56	15,53	0,30	-0,18	63,27	-26,55
1618	13.08.20 10:31:57	15,53	0,30	-0,33	63,04	-26,63
1619	13.08.20 10:31:58	15,53	0,30	0,30	63,13	-26,57
1620	13.08.20 10:31:59	15,56	0,28	-0,25	63,19	-26,57
1621	13.08.20 10:32:00	15,56	0,28	-0,24	62,97	-26,79
1622	13.08.20 10:32:01	15,56	0,28	0,15	63,39	-26,46
1623	13.08.20 10:32:02	15,59	0,28	-0,58	62,87	-26,56
1624	13.08.20 10:32:03	15,59	0,28	0,25	62,67	-27,09
1625	13.08.20 10:32:04	15,59	0,28	-0,30	63,28	-26,42
1626	13.08.20 10:32:05	15,62	0,30	0,06	63,52	-26,42
1627	13.08.20 10:32:06	15,62	0,28	0,24	62,87	-26,89
1628	13.08.20 10:32:07	15,62	0,28	0,06	62,88	-27,06
1629	13.08.20 10:32:08	15,62	0,28	-0,31	63,42	-26,27
1630	13.08.20 10:32:09	15,62	0,28	0,48	63,18	-26,33
1631	13.08.20 10:32:10	15,65	0,30	-0,12	62,67	-27,21
1632	13.08.20 10:32:11	15,65	0,28	0,49	63,12	-26,38
1633	13.08.20 10:32:12	15,65	0,30	-0,93	63,28	-25,79
1634	13.08.20 10:32:13	15,68	0,26	-0,18	62,15	-27,67
1635	13.08.20 10:32:14	15,68	0,30	0,33	63,65	-26,02
1636	13.08.20 10:32:15	15,68	0,28	0,45	63,10	-26,45
1637	13.08.20 10:32:16	15,68	0,28	0,19	62,02	-27,79
1638	13.08.20 10:32:17	15,68	0,28	-0,24	64,36	-25,40
1639	13.08.20 10:32:18	15,71	0,28	0,27	63,04	-26,69
1640	13.08.20 10:32:19	15,71	0,28	0,00	61,55	-28,45
1641	13.08.20 10:32:20	15,71	0,28	0,00	64,39	-25,61
1642	13.08.20 10:32:21	15,74	0,26	0,12	64,36	-25,52
1643	13.08.20 10:32:22	15,74	0,30	0,13	61,42	-28,46
1644	13.08.20 10:32:23	15,74	0,28	0,00	63,00	-27,00
1645	13.08.20 10:32:24	15,77	0,30	0,50	64,28	-25,22
1646	13.08.20 10:32:25	15,77	0,30	-0,64	62,46	-26,90
1647	13.08.20 10:32:26	15,77	0,30	-0,37	62,75	-26,88
1648	13.08.20 10:32:27	15,80	0,28	0,24	63,29	-26,47
1649	13.08.20 10:32:28	15,80	0,28	-1,31	61,72	-26,97
1650	13.08.20 10:32:29	15,80	0,28	0,42	63,70	-25,88
1651	13.08.20 10:32:30	15,80	0,26	-0,03	63,78	-26,19
1652	13.08.20 10:32:31	15,83	0,26	-1,19	61,32	-27,49
1653	13.08.20 10:32:32	15,83	0,30	0,15	63,20	-26,65
1654	13.08.20 10:32:33	15,83	0,28	-0,24	64,18	-25,59
1655	13.08.20 10:32:34	15,83	0,28	0,28	62,19	-27,54
1656	13.08.20 10:32:35	15,83	0,28	-0,37	62,73	-26,90
1657	13.08.20 10:32:36	15,83	0,30	-0,75	63,26	-25,99
1658	13.08.20 10:32:37	15,86	0,28	0,24	63,47	-26,29
1659	13.08.20 10:32:38	15,86	0,28	-0,76	62,17	-27,07
1660	13.08.20 10:32:39	15,86	0,28	-1,15	62,11	-26,74
1661	13.08.20 10:32:40	15,86	0,30	0,03	64,02	-25,95
1662	13.08.20 10:32:41	15,86	0,28	0,03	63,13	-26,84
1663	13.08.20 10:32:42	15,86	0,28	-0,52	62,24	-27,24
1664	13.08.20 10:32:43	15,89	0,28	0,43	63,23	-26,33
1665	13.08.20 10:32:44	15,89	0,26	-0,51	63,06	-26,44
1666	13.08.20 10:32:45	15,93	0,28	0,39	62,64	-26,97
1667	13.08.20 10:32:46	15,93	0,28	0,28	63,11	-26,61
1668	13.08.20 10:32:47	15,93	0,28	-1,15	62,53	-26,32
1669	13.08.20 10:32:48	15,96	0,30	-0,18	63,07	-26,75
1670	13.08.20 10:32:49	15,96	0,28	0,00	63,35	-26,65
1671	13.08.20 10:32:50	15,96	0,28	-0,15	62,76	-27,09
1672	13.08.20 10:32:51	15,96	0,28	-0,19	63,23	-26,59
1673	13.08.20 10:32:52	15,99	0,28	0,57	63,61	-25,83
1674	13.08.20 10:32:53	15,99	0,28	-0,18	62,00	-27,81
1675	13.08.20 10:32:54	15,99	0,28	-0,06	62,43	-27,51
1676	13.08.20 10:32:55	15,99	0,28	0,89	64,22	-24,88
1677	13.08.20 10:32:56	16,02	0,28	-1,10	62,31	-26,59
1678	13.08.20 10:32:57	16,02	0,26	-0,19	62,00	-27,82
1679	13.08.20 10:32:58	16,02	0,30	0,06	63,53	-26,41
1680	13.08.20 10:32:59	16,02	0,30	-1,03	63,02	-25,95
1681	13.08.20 10:33:00	16,02	0,28	0,78	62,47	-26,75
1682	13.08.20 10:33:01	16,02	0,28	0,00	63,39	-26,61
1683	13.08.20 10:33:02	16,02	0,28	-0,48	62,37	-27,15
1684	13.08.20 10:33:03	16,02	0,28	1,42	62,05	-26,53
1685	13.08.20 10:33:04	16,05	0,26	-0,53	63,62	-25,85
1686	13.08.20 10:33:05	16,05	0,28	-0,40	62,24	-27,37
1687	13.08.20 10:33:06	16,08	0,28	0,59	62,48	-26,93
1688	13.08.20 10:33:07	16,08	0,28	-0,91	63,32	-25,77
1689	13.08.20 10:33:08	16,08	0,28	-0,66	62,79	-26,54
1690	13.08.20 10:33:09	16,08	0,28	1,30	61,55	-27,15
1691	13.08.20 10:33:10	16,08	0,28	-1,02	62,72	-26,25
1692	13.08.20 10:33:11	16,08	0,30	0,58	63,10	-26,32
1693	13.08.20 10:33:12	16,08	0,28	0,62	62,73	-26,65
1694	13.08.20 10:33:13	16,11	0,28	-0,71	62,24	-27,05
1695	13.08.20 10:33:14	16,11	0,28	0,09	63,15	-26,75
1696	13.08.20 10:33:15	16,11	0,28	0,28	63,12	-26,60
1697	13.08.20 10:33:16	16,14	0,33	-1,01	62,53	-26,46
1698	13.08.20 10:33:17	16,14	0,30	0,06	63,37	-26,57
1699	13.08.20 10:33:18	16,14	0,30	0,06	62,97	-26,97
1700	13.08.20 10:33:19	16,14	0,30	-0,30	62,66	-27,04
1701	13.08.20 10:33:20	16,17	0,30	0,37	63,51	-26,12
1702	13.08.20 10:33:21	16,17	0,30	-0,24	62,94	-26,82
1703	13.08.20 10:33:22	16,17	0,33	-0,12	62,52	-27,36
1704	13.08.20 10:33:23	16,17	0,30	0,89	62,67	-26,44
1705	13.08.20 10:33:24	16,20	0,30	-1,29	62,40	-26,31
1706	13.08.20 10:33:25	16,20	0,30	-0,72	63,30	-25,98
1707	13.08.20 10:33:26	16,20	0,30	0,73	62,08	-27,19
1708	13.08.20 10:33:27	16,23	0,30	-1,11	61,63	-27,26
1709	13.08.20 10:33:28	16,23	0,30	0,18	64,38	-25,43
1710	13.08.20 10:33:29	16,23	0,30	0,30	62,44	-27,26
1711	13.08.20 10:33:30	16,23	0,30	-0,72	61,90	-27,38
1712	13.08.20 10:33:31	16,23	0,30	0,37	63,97	-25,66
1713	13.08.20 10:33:32	16,23	0,30	0,15	62,32	-27,53
1714	13.08.20 10:33:33	16,23	0,30	-0,48	62,68	-26,84
1715	13.08.20 10:33:34	16,26	0,33	-0,09	64,12	-25,79
1716	13.08.20 10:33:35	16,26	0,30	0,62	61,91	-27,47
1717	13.08.20 10:33:36	16,26	0,28	-0,66	62,43	-26,91
1718	13.08.20 10:33:37	16,29	0,30	-0,54	63,63	-25,83
1719	13.08.20 10:33:38	16,29	0,30	0,77	62,33	-26,90
1720	13.08.20 10:33:39	16,29	0,30	-0,03	63,12	-26,85
1721	13.08.20 10:33:40	16,29	0,30	-0,60	62,76	-26,64
1722	13.08.20 10:33:41	16,29	0,30	0,84	62,29	-26,88
1723	13.08.20 10:33:42	16,29	0,30	-0,48	63,06	-26,47
1724	13.08.20 10:33:43	16,29	0,30	-0,18	63,31	-26,51
1725	13.08.20 10:33:44	16,32	0,30	0,25	62,74	-27,01
1726	13.08.20 10:33:45	16,32	0,30	-0,93	62,26	-26,81
1727	13.08.20 10:33:46	16,32	0,33	0,27	63,50	-26,22
1728	13.08.20 10:33:47	16,35	0,28	-0,09	63,08	-26,82
1729	13.08.20 10:33:48	16,35	0,30	0,12	62,37	-27,51
1730	13.08.20 10:33:49	16,35	0,30	-0,33	63,49	-26,18
1731	13.08.20 10:33:50	16,38	0,30	-0,36	63,36	-26,28
1732	13.08.20 10:33:51	16,38	0,30	0,76	62,04	-27,20
1733	13.08.20 10:33:52	16,38	0,30	0,40	61,48	-28,12
1734	13.08.20 10:33:53	16,44	0,30	54,42	-15,68	19,90
1735	13.08.20 10:33:54	16,62	0,28	-22,61	6,13	61,27
1736	13.08.20 10:33:55	16,68	0,28	-26,06	20,53	43,41
1737	13.08.20 10:33:56	16,95	0,22	-22,28	22,46	45,26
1738	13.08.20 10:33:57	17,13	0,22	-19,84	25,92	44,24
1739	13.08.20 10:33:58	17,25	0,20	-18,07	27,04	44,89
1740	13.08.20 10:33:59	17,34	0,22	-18,55	25,35	46,10
1741	13.08.20 10:34:00	17,43	0,22	-17,34	25,64	47,02
1742	13.08.20 10:34:01	17,46	0,20	-17,88	24,98	47,13
1743	13.08.20 10:34:02	17,52	0,22	-22,35	22,41	45,24
1744	13.08.20 10:34:03	17,58	0,24	-24,55	21,78	43,67
1745	13.08.20 10:34:04	17,61	0,22	-23,86	-13,68	52,46
1746	13.08.20 10:34:05	17,67	0,22	-24,27	-6,43	59,30
1747	13.08.20 10:34:06	17,70	0,22	-22,31	-5,10	62,59
1748	13.08.20 10:34:07	17,73	0,22	-23,72	-5,28	61,00
1749	13.08.20 10:34:08	17,79	0,24	-23,08	-0,53	66,39
1750	13.08.20 10:34:09	17,82	0,24	-30,65	-6,05	53,30
1751	13.08.20 10:34:10	17,85	0,22	-30,05	-4,01	55,93
1752	13.08.20 10:34:11	17,88	0,22	-28,95	-3,21	57,85
1753	13.08.20 10:34:12	17,91	0,22	-28,94	-1,83	59,24
1754	13.08.20 10:34:13	17,94	0,22	-28,27	-3,00	58,73
1755	13.08.20 10:34:14	17,97	0,22	-29,06	-3,49	57,44
1756	13.08.20 10:34:15	18,00	0,22	-29,06	-2,23	58,70
1757	13.08.20 10:34:16	18,03	0,20	-30,66	-2,13	57,21
1758	13.08.20 10:34:17	18,03	0,24	-30,46	-1,15	58,39
1759	13.08.20 10:34:18	18,06	0,24	-28,84	0,45	60,72
1760	13.08.20 10:34:19	18,09	0,22	-19,78	11,62	58,60
1761	13.08.20 10:34:20	18,09	0,24	-1,41	21,03	67,56
1762	13.08.20 10:34:21	18,09	0,22	4,24	31,54	54,22
1763	13.08.20 10:34:22	18,15	0,43	-39,04	0,10	50,86
1764	13.08.20 10:34:23	18,24	0,41	-15,80	14,41	59,80
1765	13.08.20 10:34:24	18,30	0,43	-35,38	-2,04	52,57
1766	13.08.20 10:34:25	18,39	0,37	-13,31	36,08	40,62
1767	13.08.20 10:34:26	18,42	0,39	-20,21	32,23	37,56
1768	13.08.20 10:34:27	18,45	0,39	-20,84	33,39	35,77
1769	13.08.20 10:34:28	18,48	0,41	-17,43	34,60	37,97
1770	13.08.20 10:34:29	18,51	0,39	9,51	30,50	49,99
1771	13.08.20 10:34:30	18,54	0,37	3,36	42,41	44,23
1772	13.08.20 10:34:31	18,54	0,41	-12,77	-62,24	14,99
1773	13.08.20 10:34:32	18,51	0,41	17,04	-65,78	-7,19
1774	13.08.20 10:34:33	18,45	0,39	27,35	-53,82	-8,83
1775	13.08.20 10:34:34	18,39	0,41	38,11	-36,37	-15,52
1776	13.08.20 10:34:35	18,42	0,37	18,41	-67,14	-4,44
1777	13.08.20 10:34:36	18,75	0,39	33,34	-13,23	43,43
1778	13.08.20 10:34:37	18,95	0,37	43,57	-31,84	14,59
1779	13.08.20 10:34:38	19,16	0,37	-68,36	-5,49	16,15
1780	13.08.20 10:34:39	19,31	0,37	-41,74	15,22	-33,04
1781	13.08.20 10:34:40	19,40	0,33	-66,44	3,00	20,56
1782	13.08.20 10:34:41	19,52	0,33	-77,01	-1,76	11,23
1783	13.08.20 10:34:42	19,57	0,35	-74,90	3,13	11,97
1784	13.08.20 10:34:43	19,57	0,37	-73,09	4,46	12,45
1785	13.08.20 10:34:44	19,57	0,35	-73,05	3,59	13,36
1786	13.08.20 10:34:45	19,55	0,35	-74,35	4,13	11,52
1787	13.08.20 10:34:46	19,55	0,37	-73,44	4,44	12,12
1788	13.08.20 10:34:47	19,52	0,37	-72,91	3,72	13,37
1789	13.08.20 10:34:48	19,49	0,39	-73,58	4,85	11,56
1790	13.08.20 10:34:49	19,49	0,37	-72,46	4,68	12,86
1791	13.08.20 10:34:50	19,46	0,39	-73,15	3,67	13,17
1792	13.08.20 10:34:51	19,43	0,39	-73,17	5,01	11,82
1793	13.08.20 10:34:52	19,43	0,39	-71,95	5,30	12,74
1794	13.08.20 10:34:53	19,40	0,39	-73,35	3,70	12,94
1795	13.08.20 10:34:54	19,40	0,37	-72,58	4,99	12,44
1796	13.08.20 10:34:55	19,37	0,39	-72,62	5,03	12,34
1797	13.08.20 10:34:56	19,37	0,39	-73,06	4,11	12,83
1798	13.08.20 10:34:57	19,37	0,39	-72,73	5,18	12,09
1799	13.08.20 10:34:58	19,34	0,41	-72,42	5,26	12,32
1800	13.08.20 10:34:59	19,34	0,39	-72,63	3,73	13,64
1801	13.08.20 10:35:00	19,34	0,41	-72,48	4,83	12,69
1802	13.08.20 10:35:01	19,31	0,39	-71,75	5,91	12,34
1803	13.08.20 10:35:02	19,31	0,41	-72,40	4,44	13,16
1804	13.08.20 10:35:03	19,28	0,39	-71,84	4,29	13,86
1805	13.08.20 10:35:04	19,28	0,41	-72,09	5,39	12,52
1806	13.08.20 10:35:05	19,28	0,41	-72,69	5,17	12,14
1807	13.08.20 10:35:06	19,28	0,39	-72,41	4,27	13,32
1808	13.08.20 10:35:07	19,25	0,39	-71,91	5,00	13,10
1809	13.08.20 10:35:08	19,25	0,41	-72,74	4,94	12,32
1810	13.08.20 10:35:09	19,25	0,41	-71,50	5,23	13,27
1811	13.08.20 10:35:10	19,25	0,41	-72,47	4,49	13,04
1812	13.08.20 10:35:11	19,22	0,41	-72,57	4,53	12,89
1813	13.08.20 10:35:12	19,22	0,41	-71,24	6,12	12,64
1814	13.08.20 10:35:13	19,22	0,41	-71,67	4,87	13,46
1815	13.08.20 10:35:14	19,22	0,41	-73,74	3,51	12,75
1816	13.08.20 10:35:15	19,22	0,41	-70,55	6,26	13,19
1817	13.08.20 10:35:16	19,22	0,41	-72,28	4,90	12,82
1818	13.08.20 10:35:17	19,19	0,43	-72,98	4,35	12,67
1819	13.08.20 10:35:18	19,19	0,41	-70,35	5,81	13,83
1820	13.08.20 10:35:19	19,19	0,41	-72,79	4,27	12,94
1821	13.08.20 10:35:20	19,19	0,43	-72,30	4,66	13,04
1822	13.08.20 10:35:21	19,19	0,43	-69,82	6,69	13,49
1823	13.08.20 10:35:22	19,19	0,43	-72,92	4,01	13,07
1824	13.08.20 10:35:23	19,19	0,41	-72,05	4,41	13,54
1825	13.08.20 10:35:24	19,19	0,41	-70,39	6,64	12,97
1826	13.08.20 10:35:25	19,19	0,41	-72,51	4,55	12,94
1827	13.08.20 10:35:26	19,19	0,41	-72,41	4,17	13,43
1828	13.08.20 10:35:27	19,19	0,41	-70,90	5,78	13,32
1829	13.08.20 10:35:28	19,16	0,43	-72,06	5,61	12,33
1830	13.08.20 10:35:29	19,16	0,43	-72,18	4,07	13,75
1831	13.08.20 10:35:30	19,16	0,41	-71,29	4,89	13,83
1832	13.08.20 10:35:31	19,16	0,41	-72,10	6,15	11,75
1833	13.08.20 10:35:32	19,16	0,43	-71,51	4,73	13,76
1834	13.08.20 10:35:33	19,16	0,41	-72,30	4,10	13,61
1835	13.08.20 10:35:34	19,16	0,43	-73,17	5,25	11,57
1836	13.08.20 10:35:35	19,16	0,43	-71,38	5,90	12,72
1837	13.08.20 10:35:36	19,16	0,41	-71,89	4,40	13,70
1838	13.08.20 10:35:37	19,16	0,43	-73,23	4,41	12,37
1839	13.08.20 10:35:38	19,16	0,41	-71,16	5,70	13,14
1840	13.08.20 10:35:39	19,16	0,43	-71,86	5,22	12,91
1841	13.08.20 10:35:40	19,16	0,43	-73,02	4,56	12,43
1842	13.08.20 10:35:41	19,16	0,43	-70,94	5,53	13,53
1843	13.08.20 10:35:42	19,16	0,43	-72,73	4,70	12,56
1844	13.08.20 10:35:43	19,16	0,43	-72,60	4,51	12,90
1845	13.08.20 10:35:44	19,16	0,43	-71,17	6,21	12,62
1846	13.08.20 10:35:45	19,16	0,43	-73,01	4,45	12,54
1847	13.08.20 10:35:46	19,16	0,41	-72,55	4,14	13,30
1848	13.08.20 10:35:47	19,16	0,41	-69,74	6,81	13,44
1849	13.08.20 10:35:48	19,16	0,41	-72,45	4,57	12,98
1850	13.08.20 10:35:49	19,19	0,41	-71,42	4,59	13,99
1851	13.08.20 10:35:50	19,16	0,41	-70,92	6,10	12,98
1852	13.08.20 10:35:51	19,16	0,41	-72,56	4,62	12,82
1853	13.08.20 10:35:52	19,19	0,43	-71,56	4,99	13,44
1854	13.08.20 10:35:53	19,19	0,43	-71,32	5,81	12,87
1855	13.08.20 10:35:54	19,19	0,43	-73,35	4,40	12,25
1856	13.08.20 10:35:55	19,19	0,41	-71,23	5,19	13,58
1857	13.08.20 10:35:56	19,19	0,43	-71,29	5,55	13,16
1858	13.08.20 10:35:57	19,19	0,41	-71,17	5,36	13,48
1859	13.08.20 10:35:58	19,19	0,41	-72,14	4,63	13,23
1860	13.08.20 10:35:59	19,19	0,43	-71,25	5,91	12,84
1861	13.08.20 10:36:00	19,19	0,41	-71,03	5,00	13,97
1862	13.08.20 10:36:01	19,22	0,43	-72,53	4,73	12,75
1863	13.08.20 10:36:02	19,22	0,43	-71,32	5,75	12,93
1864	13.08.20 10:36:03	19,22	0,43	-71,50	5,13	13,37
1865	13.08.20 10:36:04	19,22	0,41	-73,57	4,32	12,11
1866	13.08.20 10:36:05	19,22	0,41	-71,86	5,23	12,91
1867	13.08.20 10:36:06	19,22	0,43	-71,09	6,00	12,91
1868	13.08.20 10:36:07	19,22	0,41	-71,66	4,75	13,58
1869	13.08.20 10:36:08	19,22	0,43	-73,22	4,30	12,48
1870	13.08.20 10:36:09	19,22	0,41	-70,08	6,27	13,65
1871	13.08.20 10:36:10	19,25	0,41	-71,68	5,35	12,97
1872	13.08.20 10:36:11	19,25	0,41	-71,66	5,12	13,22
1873	13.08.20 10:36:12	19,25	0,41	-71,85	4,82	13,33
1874	13.08.20 10:36:13	19,25	0,41	-71,77	5,19	13,04
1875	13.08.20 10:36:14	19,25	0,43	-71,42	5,83	12,76
1876	13.08.20 10:36:15	19,25	0,41	-71,55	5,03	13,42
1877	13.08.20 10:36:16	19,25	0,41	-71,57	4,66	13,77
1878	13.08.20 10:36:17	19,28	0,43	-70,86	6,01	13,13
1879	13.08.20 10:36:18	19,28	0,43	-71,29	5,52	13,20
1880	13.08.20 10:36:19	19,28	0,43	-71,16	4,54	14,31
1881	13.08.20 10:36:20	19,28	0,43	-71,70	5,43	12,88
1882	13.08.20 10:36:21	19,28	0,41	-70,69	6,35	12,96
1883	13.08.20 10:36:22	19,28	0,41	-71,92	4,49	13,59
1884	13.08.20 10:36:23	19,28	0,43	-71,99	4,68	13,33
1885	13.08.20 10:36:24	19,28	0,41	-70,64	6,52	12,84
1886	13.08.20 10:36:25	19,31	0,43	-71,30	4,86	13,84
1887	13.08.20 10:36:26	19,31	0,39	-70,76	4,94	14,30
1888	13.08.20 10:36:27	19,31	0,43	-70,80	6,60	12,59
1889	13.08.20 10:36:28	19,31	0,41	-71,52	4,65	13,83
1890	13.08.20 10:36:29	19,31	0,41	-72,29	4,24	13,47
1891	13.08.20 10:36:30	19,31	0,41	-69,92	6,60	13,48
1892	13.08.20 10:36:31	19,34	0,41	-71,97	5,21	12,83
1893	13.08.20 10:36:32	19,34	0,41	-72,10	4,72	13,18
1894	13.08.20 10:36:33	19,34	0,43	-70,91	5,48	13,61
1895	13.08.20 10:36:34	19,34	0,39	47,22	-41,60	1,18
1896	13.08.20 10:36:35	19,46	0,35	-48,87	-7,30	33,83
1897	13.08.20 10:36:36	19,69	0,41	-43,36	-23,68	22,96
1898	13.08.20 10:36:37	19,90	0,39	-43,70	-25,47	20,83
1899	13.08.20 10:36:38	20,08	0,37	-18,02	-64,78	-7,20
1900	13.08.20 10:36:39	20,28	0,39	-83,49	-5,46	-1,05
