#0	Date-time:	10/08/2020 8:29:50 AM
#1	Recorder:	3H1067
#2	File type:	1
#3	Columns:	7
#4	Channels:	5
#5	Field separation:	0
#6	Decimal point:	0
#7	Date def.:	0	0
#8	Time def.:	0
#9	Channel 1:	Temperature(°C)	Temp(°C)	2	1
#10	Channel 2:	Pressure(Bar)	Press(Bar)	2	1
#11	Reconvertion:	0
#14	Channel 3:	Tilt-X(°)	Tilt-X(°)	2	1
#18	Channel 4:	Tilt-Y(°)	Tilt-Y(°)	2	1
#19	Line color:	1	2	3	4
#22	Channel 5:	Tilt-Z(°)	Tilt-Z(°)	2	1
#30	Trend Type Number:	3
#33	Limit Temp. Corr. OTCR:	1
1	10.08.20 07:58:00	21,86	0,30	-22,75	-6,59	60,65
2	10.08.20 07:58:01	21,86	0,30	-22,45	-6,48	61,08
3	10.08.20 07:58:02	21,86	0,28	-21,56	-6,07	62,37
4	10.08.20 07:58:03	21,86	0,33	-22,33	-5,59	62,08
5	10.08.20 07:58:04	21,86	0,30	-22,32	-5,50	62,18
6	10.08.20 07:58:05	21,86	0,30	-22,24	-5,26	62,50
7	10.08.20 07:58:06	21,83	0,30	-21,93	-5,11	62,97
8	10.08.20 07:58:07	21,83	0,28	14,95	47,11	27,94
9	10.08.20 07:58:08	21,83	0,33	-3,02	34,65	52,33
10	10.08.20 07:58:09	21,83	0,30	35,40	54,03	-0,58
11	10.08.20 07:58:10	21,83	0,30	31,81	38,71	-19,49
12	10.08.20 07:58:11	21,83	0,30	70,90	18,84	-0,26
13	10.08.20 07:58:12	21,81	0,30	78,28	-2,14	9,58
14	10.08.20 07:58:13	21,81	0,30	66,70	-14,97	8,33
15	10.08.20 07:58:14	21,81	0,33	74,78	-6,56	8,66
16	10.08.20 07:58:15	21,81	0,28	75,58	-4,22	10,20
17	10.08.20 07:58:16	21,81	0,30	80,29	-0,45	9,26
18	10.08.20 07:58:17	21,81	0,30	67,23	20,87	1,91
19	10.08.20 07:58:18	21,81	0,28	76,66	5,41	7,93
20	10.08.20 07:58:19	21,78	0,33	71,92	-12,94	5,14
21	10.08.20 07:58:20	21,78	0,30	80,04	2,50	7,45
22	10.08.20 07:58:21	21,78	0,30	77,87	-4,72	7,41
23	10.08.20 07:58:22	21,78	0,30	80,75	-1,34	7,91
24	10.08.20 07:58:23	21,78	0,30	81,88	1,84	6,28
25	10.08.20 07:58:24	21,78	0,33	80,84	1,17	8,00
26	10.08.20 07:58:25	21,78	0,30	81,11	-1,16	7,74
27	10.08.20 07:58:26	21,78	0,28	80,72	1,46	7,81
28	10.08.20 07:58:27	21,78	0,30	80,03	1,76	8,21
29	10.08.20 07:58:28	21,75	0,30	81,43	-0,45	8,13
30	10.08.20 07:58:29	21,75	0,30	83,31	-0,03	6,66
31	10.08.20 07:58:30	21,75	0,30	78,89	3,31	7,80
32	10.08.20 07:58:31	21,75	0,30	79,63	2,37	8,00
33	10.08.20 07:58:32	21,75	0,28	81,02	6,94	-2,04
34	10.08.20 07:58:33	21,75	0,28	5,77	7,79	-76,45
35	10.08.20 07:58:34	21,75	0,30	12,48	9,93	-67,60
36	10.08.20 07:58:35	21,75	0,28	47,46	12,68	29,86
37	10.08.20 07:58:36	21,75	0,30	59,89	22,86	7,25
38	10.08.20 07:58:37	21,72	0,30	40,66	29,74	19,61
39	10.08.20 07:58:38	21,43	0,43	49,49	19,45	21,06
40	10.08.20 07:58:39	21,16	0,39	24,08	-3,46	62,46
41	10.08.20 07:58:40	20,96	0,41	14,09	25,88	50,02
42	10.08.20 07:58:41	20,81	0,39	9,81	3,39	76,80
43	10.08.20 07:58:42	20,69	0,43	22,99	5,21	61,80
44	10.08.20 07:58:43	20,60	0,43	32,60	9,61	47,79
45	10.08.20 07:58:44	20,55	0,43	25,30	-4,44	60,26
46	10.08.20 07:58:45	20,46	0,39	17,21	13,00	59,80
47	10.08.20 07:58:46	20,40	0,43	31,84	15,53	42,63
48	10.08.20 07:58:47	20,31	0,43	23,50	8,46	58,04
49	10.08.20 07:58:48	20,28	0,45	6,18	-7,77	76,05
50	10.08.20 07:58:49	20,25	0,50	24,34	-7,95	57,70
51	10.08.20 07:58:50	20,19	0,52	30,87	-4,06	55,07
52	10.08.20 07:58:51	20,16	0,50	26,37	10,73	52,91
53	10.08.20 07:58:52	20,16	0,43	9,88	33,14	46,98
54	10.08.20 07:58:53	20,11	0,43	20,70	14,40	54,90
55	10.08.20 07:58:54	20,11	0,43	26,44	8,93	54,63
56	10.08.20 07:58:55	20,11	0,41	17,41	9,57	63,02
57	10.08.20 07:58:56	20,08	0,39	8,74	15,00	66,26
58	10.08.20 07:58:57	20,05	0,41	30,09	-4,69	55,22
59	10.08.20 07:58:58	20,02	0,41	29,88	7,09	53,03
60	10.08.20 07:58:59	20,02	0,43	18,73	7,41	63,86
61	10.08.20 07:59:00	19,99	0,43	19,63	6,18	64,19
62	10.08.20 07:59:01	19,99	0,41	22,65	6,90	60,45
63	10.08.20 07:59:02	19,96	0,43	12,29	36,95	40,76
64	10.08.20 07:59:03	19,93	0,43	17,73	17,68	54,59
65	10.08.20 07:59:04	19,93	0,45	22,53	7,34	60,13
66	10.08.20 07:59:05	19,90	0,45	24,90	11,76	53,33
67	10.08.20 07:59:06	19,90	0,45	28,53	-0,56	60,91
68	10.08.20 07:59:07	19,87	0,45	16,49	11,88	61,63
69	10.08.20 07:59:08	19,87	0,45	14,92	13,92	61,16
70	10.08.20 07:59:09	19,84	0,48	24,39	3,80	61,82
71	10.08.20 07:59:10	19,84	0,45	27,10	-3,37	59,53
72	10.08.20 07:59:11	19,81	0,48	19,92	5,13	64,95
73	10.08.20 07:59:12	19,81	0,45	11,84	25,52	52,64
74	10.08.20 07:59:13	19,78	0,48	15,33	16,71	57,96
75	10.08.20 07:59:14	19,78	0,50	20,91	14,52	54,57
76	10.08.20 07:59:15	19,75	0,52	24,88	12,82	52,30
77	10.08.20 07:59:16	19,75	0,50	19,79	23,10	47,11
78	10.08.20 07:59:17	19,75	0,52	26,33	12,82	50,85
79	10.08.20 07:59:18	19,72	0,55	37,87	5,05	47,08
80	10.08.20 07:59:19	19,72	0,58	32,72	10,74	46,54
81	10.08.20 07:59:20	19,72	0,58	29,55	13,73	46,72
82	10.08.20 07:59:21	19,72	0,60	29,30	13,76	46,94
83	10.08.20 07:59:22	19,69	0,64	25,87	16,91	47,23
84	10.08.20 07:59:23	19,69	0,62	28,39	13,64	47,98
85	10.08.20 07:59:24	19,69	0,62	30,92	13,79	45,29
86	10.08.20 07:59:25	19,72	0,64	39,23	7,67	43,10
87	10.08.20 07:59:26	19,72	0,66	38,14	8,82	43,04
88	10.08.20 07:59:27	19,72	0,70	45,18	6,52	38,30
89	10.08.20 07:59:28	19,72	0,70	46,37	6,25	37,37
90	10.08.20 07:59:29	19,72	0,72	51,27	3,86	34,87
91	10.08.20 07:59:30	19,72	0,75	52,33	2,43	35,24
92	10.08.20 07:59:31	19,72	0,72	52,89	2,15	34,96
93	10.08.20 07:59:32	19,72	0,77	58,82	0,52	30,66
94	10.08.20 07:59:33	19,72	0,77	59,24	-0,73	30,02
95	10.08.20 07:59:34	19,72	0,77	57,52	-0,27	32,21
96	10.08.20 07:59:35	19,72	0,79	61,92	0,66	27,42
97	10.08.20 07:59:36	19,72	0,81	64,49	-0,41	25,10
98	10.08.20 07:59:37	19,69	0,81	59,10	0,06	30,84
99	10.08.20 07:59:38	19,69	0,85	57,15	2,27	30,58
100	10.08.20 07:59:39	19,69	0,85	58,71	4,27	27,02
101	10.08.20 07:59:40	19,69	0,85	58,64	4,75	26,61
102	10.08.20 07:59:41	19,69	0,87	57,12	4,95	27,92
103	10.08.20 07:59:42	19,66	0,87	58,69	5,19	26,12
104	10.08.20 07:59:43	19,66	0,92	63,17	4,14	22,69
105	10.08.20 07:59:44	19,66	0,92	65,78	2,93	21,29
106	10.08.20 07:59:45	19,66	0,94	67,17	-0,95	21,88
107	10.08.20 07:59:46	19,66	0,96	64,78	-1,73	23,48
108	10.08.20 07:59:47	19,63	0,96	63,60	-2,51	23,88
109	10.08.20 07:59:48	19,60	0,98	67,42	-5,74	16,83
110	10.08.20 07:59:49	19,52	1,00	61,80	-8,37	19,84
111	10.08.20 07:59:50	19,40	1,02	60,21	-9,30	20,49
112	10.08.20 07:59:51	19,34	1,04	60,14	-12,25	17,61
113	10.08.20 07:59:52	19,31	1,06	59,61	-14,12	16,27
114	10.08.20 07:59:53	19,31	1,08	56,50	-15,72	17,78
115	10.08.20 07:59:54	19,31	1,06	53,18	-18,25	18,58
116	10.08.20 07:59:55	19,31	1,11	52,29	-20,88	16,83
117	10.08.20 07:59:56	19,28	1,11	52,24	-22,09	15,67
118	10.08.20 07:59:57	19,25	1,15	51,51	-23,11	15,38
119	10.08.20 07:59:58	19,16	1,15	50,02	-24,04	15,94
120	10.08.20 07:59:59	19,10	1,17	50,57	-25,45	13,97
121	10.08.20 08:00:00	19,07	1,19	50,19	-26,61	13,20
122	10.08.20 08:00:01	19,07	1,21	51,12	-25,17	13,71
123	10.08.20 08:00:02	19,04	1,23	49,03	-26,94	14,03
124	10.08.20 08:00:03	18,98	1,25	48,11	-29,68	12,21
125	10.08.20 08:00:04	18,86	1,27	50,13	-27,04	12,83
126	10.08.20 08:00:05	18,72	1,31	52,17	-22,17	15,66
127	10.08.20 08:00:06	18,48	1,33	48,79	-26,93	14,28
128	10.08.20 08:00:07	18,36	1,37	49,97	-27,04	12,99
129	10.08.20 08:00:08	18,18	1,37	53,14	-20,41	16,45
130	10.08.20 08:00:09	17,91	1,41	53,00	-19,03	17,97
131	10.08.20 08:00:10	17,73	1,41	53,20	-21,28	15,52
132	10.08.20 08:00:11	17,46	1,47	54,89	-18,56	16,55
133	10.08.20 08:00:12	17,22	1,51	54,02	-17,41	18,57
134	10.08.20 08:00:13	17,04	1,49	52,75	-18,83	18,42
135	10.08.20 08:00:14	16,83	1,53	52,80	-18,17	19,03
136	10.08.20 08:00:15	16,71	1,55	51,81	-18,43	19,76
137	10.08.20 08:00:16	16,65	1,59	50,01	-18,29	21,71
138	10.08.20 08:00:17	16,47	1,61	50,67	-16,61	22,72
139	10.08.20 08:00:18	16,35	1,61	49,77	-18,63	21,59
140	10.08.20 08:00:19	16,20	1,63	48,79	-20,69	20,53
141	10.08.20 08:00:20	16,08	1,63	47,60	-21,59	20,82
142	10.08.20 08:00:21	15,86	1,69	47,56	-23,68	18,76
143	10.08.20 08:00:22	15,77	1,71	44,22	-29,06	16,72
144	10.08.20 08:00:23	15,62	1,73	42,70	-29,72	17,58
145	10.08.20 08:00:24	15,50	1,75	41,11	-32,61	16,28
146	10.08.20 08:00:25	15,44	1,79	48,10	-25,65	16,25
147	10.08.20 08:00:26	15,41	1,79	47,18	-25,10	17,72
148	10.08.20 08:00:27	15,35	1,82	50,86	-21,40	17,74
149	10.08.20 08:00:28	15,32	1,84	46,00	-27,01	16,99
150	10.08.20 08:00:29	15,25	1,86	54,16	-18,00	17,84
151	10.08.20 08:00:30	15,22	1,88	46,39	-20,86	22,75
152	10.08.20 08:00:31	15,19	1,86	42,55	-16,19	31,26
153	10.08.20 08:00:32	15,16	1,86	49,33	-16,47	24,20
154	10.08.20 08:00:33	15,07	1,86	57,42	-14,51	18,07
155	10.08.20 08:00:34	14,95	1,92	50,29	-17,93	21,78
156	10.08.20 08:00:35	14,76	1,92	53,31	-13,97	22,72
157	10.08.20 08:00:36	14,61	1,94	57,51	-14,36	18,13
158	10.08.20 08:00:37	14,52	1,98	56,69	-15,09	18,22
159	10.08.20 08:00:38	14,42	1,98	55,01	-15,94	19,06
160	10.08.20 08:00:39	14,33	1,98	54,95	-17,88	17,17
161	10.08.20 08:00:40	14,30	2,02	54,60	-19,58	15,82
162	10.08.20 08:00:41	14,27	2,04	52,56	-21,47	15,97
163	10.08.20 08:00:42	14,18	2,06	50,51	-26,05	13,45
164	10.08.20 08:00:43	14,05	2,12	52,49	-22,10	15,41
165	10.08.20 08:00:44	13,86	2,12	49,91	-23,11	16,99
166	10.08.20 08:00:45	13,77	2,12	52,19	-22,24	15,58
167	10.08.20 08:00:46	13,74	2,14	53,60	-19,62	16,78
168	10.08.20 08:00:47	13,71	2,16	51,85	-19,69	18,46
169	10.08.20 08:00:48	13,71	2,16	51,33	-21,12	17,55
170	10.08.20 08:00:49	13,71	2,16	48,80	-16,93	24,27
171	10.08.20 08:00:50	13,74	2,14	46,13	-15,49	28,38
172	10.08.20 08:00:51	13,77	2,12	43,97	-17,55	28,48
173	10.08.20 08:00:52	13,83	2,14	44,87	-17,84	27,29
174	10.08.20 08:00:53	13,86	2,14	43,02	-17,32	29,66
175	10.08.20 08:00:54	13,77	2,14	42,91	-17,10	29,99
176	10.08.20 08:00:55	13,65	2,14	43,83	-19,17	27,00
177	10.08.20 08:00:56	13,55	2,18	44,95	-17,62	27,43
178	10.08.20 08:00:57	13,43	2,18	43,80	-15,90	30,30
179	10.08.20 08:00:58	13,33	2,18	43,88	-18,55	27,58
180	10.08.20 08:00:59	13,21	2,22	46,48	-17,55	25,97
181	10.08.20 08:01:00	13,02	2,24	45,55	-16,81	27,64
182	10.08.20 08:01:01	12,89	2,24	46,39	-16,14	27,47
183	10.08.20 08:01:02	12,80	2,26	47,16	-16,67	26,17
184	10.08.20 08:01:03	12,70	2,26	47,85	-15,46	26,69
185	10.08.20 08:01:04	12,64	2,24	47,28	-13,80	28,92
186	10.08.20 08:01:05	12,58	2,22	46,76	-11,69	31,55
187	10.08.20 08:01:06	12,39	2,21	46,39	-8,34	35,27
188	10.08.20 08:01:07	12,29	2,17	42,98	-7,05	39,97
189	10.08.20 08:01:08	12,29	2,13	40,42	-7,66	41,92
190	10.08.20 08:01:09	12,32	2,13	28,95	8,77	52,28
191	10.08.20 08:01:10	12,23	2,11	37,67	8,39	43,94
192	10.08.20 08:01:11	12,13	2,21	39,77	7,98	42,25
193	10.08.20 08:01:12	11,97	2,12	34,69	11,94	43,37
194	10.08.20 08:01:13	11,85	2,08	28,66	16,44	44,90
195	10.08.20 08:01:14	11,81	2,06	28,49	21,16	40,35
196	10.08.20 08:01:15	11,75	2,06	28,16	17,92	43,92
197	10.08.20 08:01:16	11,69	2,04	25,39	19,97	44,65
198	10.08.20 08:01:17	11,69	2,01	33,55	16,21	40,24
199	10.08.20 08:01:18	11,69	1,99	35,69	14,06	40,25
200	10.08.20 08:01:19	11,62	1,99	25,19	19,98	44,82
201	10.08.20 08:01:20	11,52	2,01	25,03	19,57	45,40
202	10.08.20 08:01:21	11,36	2,05	40,87	7,95	41,17
203	10.08.20 08:01:22	11,27	1,97	41,83	4,06	44,11
204	10.08.20 08:01:23	11,30	1,97	36,94	4,72	48,34
205	10.08.20 08:01:24	11,33	1,97	33,39	-0,15	56,47
206	10.08.20 08:01:25	11,30	1,93	30,18	-2,30	57,52
207	10.08.20 08:01:26	11,23	1,90	26,59	-4,07	59,34
208	10.08.20 08:01:27	11,20	1,92	21,32	-7,92	60,76
209	10.08.20 08:01:28	11,04	1,97	23,04	-10,50	56,46
210	10.08.20 08:01:29	10,85	1,94	18,96	-13,75	57,30
211	10.08.20 08:01:30	10,68	1,92	17,08	-15,61	57,32
212	10.08.20 08:01:31	10,58	1,92	19,16	-16,80	54,04
213	10.08.20 08:01:32	10,49	1,92	22,77	-15,75	51,48
214	10.08.20 08:01:33	10,45	1,92	18,63	-19,22	52,15
215	10.08.20 08:01:34	10,45	1,92	32,45	-6,98	50,57
216	10.08.20 08:01:35	10,42	1,92	30,61	-9,98	49,41
217	10.08.20 08:01:36	10,42	1,90	25,08	-16,01	48,90
218	10.08.20 08:01:37	10,39	1,87	22,27	-20,84	46,89
219	10.08.20 08:01:38	10,39	1,87	16,44	-30,39	43,17
220	10.08.20 08:01:39	10,39	1,90	9,75	-38,77	41,48
221	10.08.20 08:01:40	10,39	1,92	16,35	-33,43	40,23
222	10.08.20 08:01:41	10,39	1,90	26,52	-17,08	46,39
223	10.08.20 08:01:42	10,36	1,92	28,90	-14,73	46,37
224	10.08.20 08:01:43	10,32	1,89	25,17	-24,01	40,82
225	10.08.20 08:01:44	10,26	1,89	10,35	-45,31	34,35
226	10.08.20 08:01:45	10,22	1,91	22,83	-27,52	39,65
227	10.08.20 08:01:46	10,19	1,94	25,63	-22,00	42,37
228	10.08.20 08:01:47	10,19	1,94	14,16	-34,79	41,05
229	10.08.20 08:01:48	10,19	1,94	9,04	-40,67	40,29
230	10.08.20 08:01:49	10,19	1,94	20,75	-27,01	42,24
231	10.08.20 08:01:50	10,19	1,94	20,42	-25,66	43,92
232	10.08.20 08:01:51	10,22	1,96	14,56	-29,54	45,90
233	10.08.20 08:01:52	10,26	1,94	10,75	-29,91	49,34
234	10.08.20 08:01:53	10,22	1,96	7,89	-30,70	51,41
235	10.08.20 08:01:54	10,19	1,98	7,59	-31,06	51,35
236	10.08.20 08:01:55	10,13	2,00	9,81	-29,59	50,60
237	10.08.20 08:01:56	10,09	1,98	7,42	-30,34	52,24
238	10.08.20 08:01:57	10,06	2,00	9,80	-29,43	50,77
239	10.08.20 08:01:58	10,06	2,02	8,39	-30,36	51,26
240	10.08.20 08:01:59	10,06	2,04	9,36	-29,20	51,44
241	10.08.20 08:02:00	10,03	2,08	3,70	-29,62	56,68
242	10.08.20 08:02:01	9,96	2,08	10,54	-26,60	52,85
243	10.08.20 08:02:02	9,93	2,10	10,36	-26,92	52,72
244	10.08.20 08:02:03	9,93	2,13	8,48	-24,94	56,58
245	10.08.20 08:02:04	9,83	2,15	11,52	-22,77	55,71
246	10.08.20 08:02:05	9,80	2,15	12,62	-22,19	55,19
247	10.08.20 08:02:06	9,73	2,15	11,74	-22,40	55,85
248	10.08.20 08:02:07	9,66	2,17	8,65	-18,50	62,86
249	10.08.20 08:02:08	9,56	2,19	11,51	-17,72	60,77
250	10.08.20 08:02:09	9,43	2,21	11,40	-16,81	61,79
251	10.08.20 08:02:10	9,33	2,23	10,13	-14,80	65,07
252	10.08.20 08:02:11	9,23	2,25	10,40	-13,11	66,48
253	10.08.20 08:02:12	9,13	2,27	11,63	-12,79	65,57
254	10.08.20 08:02:13	9,06	2,29	10,69	-11,83	67,47
255	10.08.20 08:02:14	9,00	2,29	11,48	-10,24	68,28
256	10.08.20 08:02:15	8,93	2,33	12,62	-10,22	67,16
257	10.08.20 08:02:16	8,90	2,31	9,70	-9,41	70,90
258	10.08.20 08:02:17	8,86	2,35	12,30	-9,87	67,83
259	10.08.20 08:02:18	8,79	2,35	15,40	-8,83	65,77
260	10.08.20 08:02:19	8,76	2,39	16,05	-9,79	64,16
261	10.08.20 08:02:20	8,69	2,41	13,39	-8,74	67,87
262	10.08.20 08:02:21	8,63	2,46	14,47	-8,38	67,15
263	10.08.20 08:02:22	8,59	2,48	15,49	-8,38	66,13
264	10.08.20 08:02:23	8,52	2,48	16,85	-7,79	65,37
265	10.08.20 08:02:24	8,42	2,50	19,39	-8,95	61,66
266	10.08.20 08:02:25	8,39	2,52	20,49	-8,61	60,90
267	10.08.20 08:02:26	8,35	2,54	18,37	-8,59	63,04
268	10.08.20 08:02:27	8,29	2,56	22,60	-8,14	59,26
269	10.08.20 08:02:28	8,25	2,56	24,41	-8,72	56,87
270	10.08.20 08:02:29	8,18	2,60	16,86	-8,10	65,04
271	10.08.20 08:02:30	8,12	2,62	19,70	-8,31	61,99
272	10.08.20 08:02:31	8,05	2,66	21,59	-7,41	61,00
273	10.08.20 08:02:32	8,01	2,66	18,91	-8,27	62,81
274	10.08.20 08:02:33	7,95	2,68	18,65	-7,82	63,54
275	10.08.20 08:02:34	7,84	2,70	24,34	-7,22	58,44
276	10.08.20 08:02:35	7,77	2,72	24,75	-6,59	58,66
277	10.08.20 08:02:36	7,74	2,77	24,31	-5,45	60,23
278	10.08.20 08:02:37	7,64	2,79	23,09	-5,56	61,35
279	10.08.20 08:02:38	7,60	2,81	28,04	-5,64	56,32
280	10.08.20 08:02:39	7,57	2,83	26,05	-4,95	59,00
281	10.08.20 08:02:40	7,53	2,85	30,81	-3,63	55,56
282	10.08.20 08:02:41	7,50	2,89	30,96	-2,39	56,65
283	10.08.20 08:02:42	7,50	2,89	30,07	-2,84	57,10
284	10.08.20 08:02:43	7,50	2,94	30,19	-1,61	58,20
285	10.08.20 08:02:44	7,46	2,94	37,33	-0,70	51,97
286	10.08.20 08:02:45	7,43	2,98	44,84	-0,75	44,41
287	10.08.20 08:02:46	7,43	3,00	41,03	-0,37	48,60
288	10.08.20 08:02:47	7,43	3,02	41,95	0,12	47,93
289	10.08.20 08:02:48	7,43	3,06	46,63	2,32	41,05
290	10.08.20 08:02:49	7,46	3,09	46,00	3,46	40,54
291	10.08.20 08:02:50	7,50	3,11	44,20	4,26	41,54
292	10.08.20 08:02:51	7,53	3,15	47,10	6,11	36,80
293	10.08.20 08:02:52	7,57	3,17	48,69	6,50	34,82
294	10.08.20 08:02:53	7,57	3,19	47,95	7,26	34,79
295	10.08.20 08:02:54	7,60	3,24	49,61	8,58	31,81
296	10.08.20 08:02:55	7,64	3,24	51,63	8,29	30,08
297	10.08.20 08:02:56	7,64	3,26	53,80	10,30	25,89
298	10.08.20 08:02:57	7,67	3,30	55,33	9,82	24,85
299	10.08.20 08:02:58	7,67	3,37	54,82	10,16	25,02
300	10.08.20 08:02:59	7,60	3,36	54,08	10,59	25,34
301	10.08.20 08:03:00	7,50	3,45	53,90	10,69	25,41
302	10.08.20 08:03:01	7,46	3,47	52,57	12,26	25,17
303	10.08.20 08:03:02	7,43	3,49	51,17	11,75	27,08
304	10.08.20 08:03:03	7,40	3,53	52,25	12,13	25,61
305	10.08.20 08:03:04	7,40	3,53	51,73	12,59	25,68
306	10.08.20 08:03:05	7,40	3,60	52,74	12,24	25,02
307	10.08.20 08:03:06	7,36	3,62	50,92	13,12	25,97
308	10.08.20 08:03:07	7,29	3,64	51,15	13,55	25,30
309	10.08.20 08:03:08	7,26	3,70	51,98	12,86	25,16
310	10.08.20 08:03:09	7,26	3,70	51,10	13,32	25,58
311	10.08.20 08:03:10	7,22	3,75	52,20	13,32	24,48
312	10.08.20 08:03:11	7,26	3,77	53,06	13,45	23,49
313	10.08.20 08:03:12	7,26	3,81	55,39	12,16	22,45
314	10.08.20 08:03:13	7,29	3,83	54,51	12,87	22,62
315	10.08.20 08:03:14	7,29	3,85	53,94	13,58	22,48
316	10.08.20 08:03:15	7,22	3,92	56,92	12,75	20,32
317	10.08.20 08:03:16	7,05	3,96	57,86	12,45	19,68
318	10.08.20 08:03:17	6,98	4,00	56,96	12,47	20,57
319	10.08.20 08:03:18	6,91	4,04	59,83	13,25	16,91
320	10.08.20 08:03:19	6,91	4,06	46,22	12,18	-31,60
321	10.08.20 08:03:20	6,87	4,08	52,45	27,72	-9,83
322	10.08.20 08:03:21	6,56	4,10	58,23	24,84	-6,93
323	10.08.20 08:03:22	6,42	4,12	31,28	16,40	-42,33
324	10.08.20 08:03:23	6,31	4,14	55,09	19,20	15,71
325	10.08.20 08:03:24	6,17	4,23	42,59	19,97	-27,44
326	10.08.20 08:03:25	6,06	4,23	47,29	27,93	-14,77
327	10.08.20 08:03:26	5,96	4,27	56,34	18,79	14,87
328	10.08.20 08:03:27	5,89	4,31	30,89	10,79	-48,32
329	10.08.20 08:03:28	5,74	4,31	55,43	28,12	-6,45
330	10.08.20 08:03:29	5,67	4,35	60,06	19,84	10,10
331	10.08.20 08:03:30	5,60	4,37	29,66	10,90	-49,44
332	10.08.20 08:03:31	5,53	4,41	58,14	24,88	6,98
333	10.08.20 08:03:32	5,46	4,48	61,79	25,05	-3,15
334	10.08.20 08:03:33	5,38	4,48	32,84	16,45	-40,71
335	10.08.20 08:03:34	5,35	4,50	52,70	17,74	19,56
336	10.08.20 08:03:35	5,31	4,56	40,13	18,98	-30,90
337	10.08.20 08:03:36	5,24	4,58	43,13	25,58	-21,29
338	10.08.20 08:03:37	5,20	4,62	55,33	15,92	18,76
339	10.08.20 08:03:38	5,20	4,64	32,15	15,42	-42,43
340	10.08.20 08:03:39	5,13	4,69	50,74	27,84	-11,42
341	10.08.20 08:03:40	5,02	4,71	56,01	19,52	14,47
342	10.08.20 08:03:41	4,99	4,75	29,59	13,25	-47,17
343	10.08.20 08:03:42	4,95	4,77	61,19	28,70	-0,12
344	10.08.20 08:03:43	4,95	4,79	65,40	22,98	1,62
345	10.08.20 08:03:44	4,88	4,83	27,98	12,54	-49,47
346	10.08.20 08:03:45	4,77	4,85	56,44	20,91	12,65
347	10.08.20 08:03:46	4,70	4,90	54,54	25,47	-9,99
348	10.08.20 08:03:47	4,66	4,92	35,09	21,09	-33,82
349	10.08.20 08:03:48	4,62	4,96	56,83	18,13	15,04
350	10.08.20 08:03:49	4,55	5,00	37,44	18,21	-34,35
351	10.08.20 08:03:50	4,51	5,02	44,71	27,07	-18,21
352	10.08.20 08:03:51	4,48	5,04	58,14	19,93	11,93
353	10.08.20 08:03:52	4,44	5,06	33,27	15,98	-40,75
354	10.08.20 08:03:53	4,37	5,11	56,30	23,52	10,17
355	10.08.20 08:03:54	4,37	5,13	56,04	26,97	-6,99
356	10.08.20 08:03:55	4,37	5,15	31,28	18,75	-39,97
357	10.08.20 08:03:56	4,33	5,19	53,20	19,91	16,89
358	10.08.20 08:03:57	4,25	5,26	41,70	19,53	-28,78
359	10.08.20 08:03:58	4,18	5,28	45,28	25,76	-18,96
360	10.08.20 08:03:59	4,14	5,30	57,93	18,78	13,29
361	10.08.20 08:04:00	4,14	5,32	34,08	16,12	-39,80
362	10.08.20 08:04:01	4,11	5,34	58,23	25,75	6,03
363	10.08.20 08:04:02	4,03	5,38	54,73	22,99	-12,28
364	10.08.20 08:04:03	4,00	5,40	43,15	24,09	-22,76
365	10.08.20 08:04:04	3,96	5,42	54,73	20,46	14,81
366	10.08.20 08:04:05	3,92	5,44	32,80	15,02	-42,19
367	10.08.20 08:04:06	3,92	5,44	54,18	28,32	-7,49
368	10.08.20 08:04:07	3,85	5,49	58,84	23,95	7,22
369	10.08.20 08:04:08	3,77	5,51	31,57	16,27	-42,16
370	10.08.20 08:04:09	3,77	5,55	59,73	27,85	2,42
371	10.08.20 08:04:10	3,73	5,61	61,49	24,98	3,53
372	10.08.20 08:04:11	3,66	5,59	30,50	17,57	-41,93
373	10.08.20 08:04:12	3,62	5,63	56,25	24,53	9,22
374	10.08.20 08:04:13	3,59	5,68	56,42	26,22	-7,36
375	10.08.20 08:04:14	3,55	5,68	37,29	22,09	-30,62
376	10.08.20 08:04:15	3,55	5,70	57,41	21,87	10,72
377	10.08.20 08:04:16	3,55	5,74	39,96	18,77	-31,27
378	10.08.20 08:04:17	3,55	5,74	43,29	25,38	-21,33
379	10.08.20 08:04:18	3,47	5,78	57,85	21,40	10,75
380	10.08.20 08:04:19	3,44	5,82	30,43	15,87	-43,70
381	10.08.20 08:04:20	3,40	5,82	57,92	28,34	-3,74
382	10.08.20 08:04:21	3,32	5,87	59,54	21,96	8,50
383	10.08.20 08:04:22	3,28	5,91	31,86	16,47	-41,67
384	10.08.20 08:04:23	3,25	5,93	56,73	22,55	10,72
385	10.08.20 08:04:24	3,21	5,95	53,34	23,22	-13,44
386	10.08.20 08:04:25	3,17	5,99	37,65	21,76	-30,60
387	10.08.20 08:04:26	3,13	6,01	53,86	18,24	17,90
388	10.08.20 08:04:27	3,10	6,06	38,49	17,85	-33,67
389	10.08.20 08:04:28	3,10	6,06	51,30	27,30	-11,40
390	10.08.20 08:04:29	3,02	6,10	61,03	22,26	6,71
391	10.08.20 08:04:30	3,02	6,14	32,52	13,74	-43,74
392	10.08.20 08:04:31	2,98	6,16	55,02	21,98	13,00
393	10.08.20 08:04:32	2,94	6,20	58,42	26,88	-4,70
394	10.08.20 08:04:33	2,94	6,20	35,95	19,23	-34,82
395	10.08.20 08:04:34	2,91	6,22	52,18	16,73	21,09
396	10.08.20 08:04:35	2,91	6,29	46,38	23,13	-20,49
397	10.08.20 08:04:36	2,87	6,29	45,30	25,28	-19,42
398	10.08.20 08:04:37	2,83	6,33	52,93	16,96	20,11
399	10.08.20 08:04:38	2,79	6,35	37,63	18,03	-34,34
400	10.08.20 08:04:39	2,75	6,37	59,14	27,38	3,48
401	10.08.20 08:04:40	2,75	6,41	62,44	23,41	4,15
402	10.08.20 08:04:41	2,75	6,41	37,53	19,56	-32,91
403	10.08.20 08:04:42	2,72	6,46	50,31	17,55	22,14
404	10.08.20 08:04:43	2,68	6,48	45,16	18,71	-26,12
405	10.08.20 08:04:44	2,68	6,50	43,97	25,10	-20,93
406	10.08.20 08:04:45	2,64	6,54	56,31	19,00	14,69
407	10.08.20 08:04:46	2,60	6,58	34,74	17,11	-38,15
408	10.08.20 08:04:47	2,60	6,58	55,91	26,30	7,79
409	10.08.20 08:04:48	2,56	6,61	58,20	25,02	-6,77
410	10.08.20 08:04:49	2,56	6,63	35,41	18,67	-35,93
411	10.08.20 08:04:50	2,52	6,69	50,74	16,24	23,01
412	10.08.20 08:04:51	2,49	6,69	46,67	22,30	-21,03
413	10.08.20 08:04:52	2,49	6,71	40,45	23,02	-26,54
414	10.08.20 08:04:53	2,45	6,73	52,53	16,60	20,87
415	10.08.20 08:04:54	2,45	6,77	40,34	18,50	-31,15
416	10.08.20 08:04:55	2,41	6,82	47,79	28,55	-13,66
417	10.08.20 08:04:56	2,41	6,84	59,87	21,30	8,83
418	10.08.20 08:04:57	2,37	6,86	32,80	15,80	-41,40
419	10.08.20 08:04:58	2,37	6,90	55,02	21,12	13,85
420	10.08.20 08:04:59	2,33	6,92	64,43	25,17	0,40
421	10.08.20 08:05:00	2,33	6,94	29,54	15,75	-44,71
422	10.08.20 08:05:01	2,29	6,99	55,31	18,59	16,09
423	10.08.20 08:05:02	2,26	7,01	56,29	25,16	-8,55
424	10.08.20 08:05:03	2,26	7,03	33,37	17,52	-39,11
425	10.08.20 08:05:04	2,26	7,05	52,29	16,26	21,45
426	10.08.20 08:05:05	2,22	7,11	48,25	22,73	-19,02
427	10.08.20 08:05:06	2,22	7,11	42,33	23,35	-24,31
428	10.08.20 08:05:07	2,22	7,14	53,17	14,67	22,17
429	10.08.20 08:05:08	2,22	7,18	44,25	20,28	-25,47
430	10.08.20 08:05:09	2,18	7,20	44,28	25,21	-20,51
431	10.08.20 08:05:10	2,18	7,22	52,81	15,63	21,56
432	10.08.20 08:05:11	2,14	7,26	39,72	18,91	-31,37
433	10.08.20 08:05:12	2,18	7,29	55,78	28,71	-5,52
434	10.08.20 08:05:13	2,14	7,31	59,19	19,85	10,97
435	10.08.20 08:05:14	2,14	7,33	34,58	16,44	-38,98
436	10.08.20 08:05:15	2,10	7,37	54,80	21,45	13,75
437	10.08.20 08:05:16	2,10	7,39	60,14	26,07	-3,79
438	10.08.20 08:05:17	2,10	7,41	35,54	18,11	-36,35
439	10.08.20 08:05:18	2,06	7,43	52,49	17,74	19,77
440	10.08.20 08:05:19	2,06	7,48	50,45	22,97	-16,58
441	10.08.20 08:05:20	2,06	7,50	40,42	22,90	-26,68
442	10.08.20 08:05:21	2,02	7,52	56,40	17,07	16,54
443	10.08.20 08:05:22	2,02	7,54	36,04	16,25	-37,72
444	10.08.20 08:05:23	2,02	7,56	55,20	27,93	-6,87
445	10.08.20 08:05:24	2,02	7,60	59,27	21,04	9,69
446	10.08.20 08:05:25	2,02	7,63	31,90	14,72	-43,38
447	10.08.20 08:05:26	1,98	7,65	54,58	23,70	11,72
448	10.08.20 08:05:27	1,98	7,69	62,92	25,30	1,78
449	10.08.20 08:05:28	1,98	7,71	32,99	16,00	-41,01
450	10.08.20 08:05:29	1,98	7,73	54,23	20,12	15,65
451	10.08.20 08:05:30	1,95	7,77	42,21	19,32	-28,47
452	10.08.20 08:05:31	1,95	7,80	46,05	26,85	-17,10
453	10.08.20 08:05:32	1,95	7,82	59,05	19,69	11,25
454	10.08.20 08:05:33	1,95	7,84	32,13	15,95	-41,92
455	10.08.20 08:05:34	1,95	7,88	58,61	27,08	4,31
456	10.08.20 08:05:35	1,91	7,90	63,79	25,94	0,26
457	10.08.20 08:05:36	1,91	7,92	34,03	16,09	-39,88
458	10.08.20 08:05:37	1,91	7,97	53,45	20,82	15,74
459	10.08.20 08:05:38	1,91	8,01	38,17	16,67	-35,16
460	10.08.20 08:05:39	1,91	8,03	47,59	25,77	-16,64
461	10.08.20 08:05:40	1,87	8,07	59,60	23,00	7,41
462	10.08.20 08:05:41	1,87	8,07	30,30	17,58	-42,12
463	10.08.20 08:05:42	1,87	8,12	60,59	26,12	3,28
464	10.08.20 08:05:43	1,87	8,14	61,30	24,45	4,25
465	10.08.20 08:05:44	1,83	8,16	33,63	16,58	-39,79
466	10.08.20 08:05:45	1,83	8,18	54,65	26,82	8,53
467	10.08.20 08:05:46	1,83	8,22	56,94	21,51	11,56
468	10.08.20 08:05:47	1,83	8,27	34,90	16,30	-38,80
469	10.08.20 08:05:48	1,83	8,27	51,22	22,99	15,79
470	10.08.20 08:05:49	1,83	8,33	60,70	21,23	8,07
471	10.08.20 08:05:50	1,79	8,37	37,31	14,27	-38,43
472	10.08.20 08:05:51	1,79	8,37	46,83	15,93	27,24
473	10.08.20 08:05:52	1,79	8,42	60,29	20,65	9,06
474	10.08.20 08:05:53	1,79	8,46	41,58	15,29	-33,13
475	10.08.20 08:05:54	1,79	8,48	50,54	14,05	25,41
476	10.08.20 08:05:55	1,79	8,50	19,76	-16,25	53,99
477	10.08.20 08:05:56	1,75	8,50	9,71	-23,78	56,50
478	10.08.20 08:05:57	1,75	8,54	12,81	-21,38	55,81
479	10.08.20 08:05:58	1,75	8,56	12,68	-23,10	54,22
480	10.08.20 08:05:59	1,75	8,59	10,90	-25,78	53,32
481	10.08.20 08:06:00	1,75	8,63	24,13	-16,93	48,94
482	10.08.20 08:06:01	1,75	8,65	23,34	5,92	60,74
483	10.08.20 08:06:02	1,75	8,63	14,89	-2,05	73,06
484	10.08.20 08:06:03	1,71	8,65	17,70	-3,15	69,15
485	10.08.20 08:06:04	1,71	8,67	20,36	-4,25	65,38
486	10.08.20 08:06:05	1,67	8,67	21,23	-4,88	63,89
487	10.08.20 08:06:06	1,67	8,67	19,60	-3,86	66,53
488	10.08.20 08:06:07	1,67	8,69	21,53	-3,82	64,65
489	10.08.20 08:06:08	1,63	8,69	24,79	-4,18	61,03
490	10.08.20 08:06:09	1,63	8,69	30,62	-0,78	58,60
491	10.08.20 08:06:10	1,63	8,73	27,13	-3,26	59,60
492	10.08.20 08:06:11	1,63	8,69	27,90	-3,06	59,03
493	10.08.20 08:06:12	1,63	8,73	29,68	-5,19	55,13
494	10.08.20 08:06:13	1,63	8,73	32,30	-5,32	52,38
495	10.08.20 08:06:14	1,63	8,73	30,88	-5,85	53,27
496	10.08.20 08:06:15	1,67	8,76	30,63	-6,44	52,93
497	10.08.20 08:06:16	1,67	8,78	36,01	-6,25	47,74
498	10.08.20 08:06:17	1,67	8,80	37,88	-6,93	45,19
499	10.08.20 08:06:18	1,67	8,82	37,88	-6,67	45,46
500	10.08.20 08:06:19	1,67	8,82	37,22	-7,73	45,05
501	10.08.20 08:06:20	1,67	8,84	40,96	-6,66	42,38
502	10.08.20 08:06:21	1,67	8,86	43,82	-7,48	38,70
503	10.08.20 08:06:22	1,67	8,91	43,93	-5,70	40,37
504	10.08.20 08:06:23	1,67	8,91	41,83	-7,42	40,75
505	10.08.20 08:06:24	1,67	8,95	45,21	-7,64	37,16
506	10.08.20 08:06:25	1,67	8,97	45,14	-7,16	37,70
507	10.08.20 08:06:26	1,63	8,99	44,90	-7,74	37,36
508	10.08.20 08:06:27	1,63	9,01	46,04	-8,35	35,61
509	10.08.20 08:06:28	1,67	9,03	45,80	-8,35	35,85
510	10.08.20 08:06:29	1,67	9,06	45,38	-8,00	36,62
511	10.08.20 08:06:30	1,67	9,08	46,08	-8,67	35,25
512	10.08.20 08:06:31	1,67	9,12	45,72	-7,03	37,25
513	10.08.20 08:06:32	1,67	9,14	41,80	-4,95	43,25
514	10.08.20 08:06:33	1,67	9,14	41,55	-6,22	42,23
515	10.08.20 08:06:34	1,67	9,18	46,72	-5,10	38,18
516	10.08.20 08:06:35	1,67	9,21	44,11	-3,35	42,54
517	10.08.20 08:06:36	1,67	9,25	41,84	-3,73	44,43
518	10.08.20 08:06:37	1,71	9,25	47,03	-3,92	39,05
519	10.08.20 08:06:38	1,71	9,29	51,73	-3,53	34,74
520	10.08.20 08:06:39	1,71	9,33	52,29	-2,29	35,42
521	10.08.20 08:06:40	1,71	9,33	50,20	-2,56	37,24
522	10.08.20 08:06:41	1,71	9,36	39,64	-5,53	44,82
523	10.08.20 08:06:42	1,71	9,38	13,10	-22,00	54,90
524	10.08.20 08:06:43	1,71	9,40	-0,28	-25,14	64,58
525	10.08.20 08:06:44	1,71	9,40	-7,96	-16,86	65,18
526	10.08.20 08:06:45	1,67	9,42	-3,12	-8,41	78,47
527	10.08.20 08:06:46	1,67	9,40	-3,04	-5,87	81,09
528	10.08.20 08:06:47	1,63	9,40	-9,97	3,00	77,03
529	10.08.20 08:06:48	1,59	9,40	-1,53	-0,86	87,61
530	10.08.20 08:06:49	1,59	9,40	-8,73	-5,86	75,41
531	10.08.20 08:06:50	1,56	9,40	-4,74	3,87	81,39
532	10.08.20 08:06:51	1,56	9,40	-2,74	-0,95	86,31
533	10.08.20 08:06:52	1,56	9,40	-4,97	-1,90	83,14
534	10.08.20 08:06:53	1,56	9,42	-2,62	5,10	82,28
535	10.08.20 08:06:54	1,52	9,42	-4,28	2,11	83,60
536	10.08.20 08:06:55	1,52	9,42	-2,11	2,73	85,17
537	10.08.20 08:06:56	1,52	9,38	-10,30	-3,23	76,48
538	10.08.20 08:06:57	1,52	9,42	-12,97	-6,28	70,75
539	10.08.20 08:06:58	1,48	9,40	-16,27	2,30	71,43
540	10.08.20 08:06:59	1,48	9,40	-15,36	0,92	73,72
541	10.08.20 08:07:00	1,48	9,42	19,13	-10,48	60,38
542	10.08.20 08:07:01	1,48	9,44	-5,10	-1,33	83,57
543	10.08.20 08:07:02	1,48	9,42	-6,32	-3,80	79,88
544	10.08.20 08:07:03	1,48	9,44	-3,07	5,88	81,04
545	10.08.20 08:07:04	1,48	9,42	-0,58	-1,00	88,41
546	10.08.20 08:07:05	1,44	9,42	-7,92	0,09	81,99
547	10.08.20 08:07:06	1,44	9,42	-6,24	-3,45	80,32
548	10.08.20 08:07:07	1,44	9,42	-5,21	-2,65	82,14
549	10.08.20 08:07:08	1,44	9,42	-10,79	-8,20	71,00
550	10.08.20 08:07:09	1,44	9,44	-10,47	-3,38	76,15
551	10.08.20 08:07:10	1,44	9,44	-5,47	-1,01	83,51
552	10.08.20 08:07:11	1,44	9,42	-5,80	2,94	81,26
553	10.08.20 08:07:12	1,44	9,42	-7,90	0,70	81,41
554	10.08.20 08:07:13	1,44	9,42	-1,22	3,77	85,01
555	10.08.20 08:07:14	1,44	9,42	-5,15	0,97	83,88
556	10.08.20 08:07:15	1,44	9,42	-4,33	-2,35	83,32
557	10.08.20 08:07:16	1,40	9,44	-7,81	-5,74	76,44
558	10.08.20 08:07:17	1,44	9,44	-8,75	-3,99	77,25
559	10.08.20 08:07:18	1,44	9,44	-3,22	4,62	82,16
560	10.08.20 08:07:19	1,44	9,44	-3,39	1,04	85,57
561	10.08.20 08:07:20	1,44	9,44	-16,71	-5,13	68,16
562	10.08.20 08:07:21	1,40	9,44	-4,17	-2,61	83,22
563	10.08.20 08:07:22	1,40	9,44	-8,42	0,78	80,80
564	10.08.20 08:07:23	1,40	9,44	3,73	0,84	85,43
565	10.08.20 08:07:24	1,40	9,42	-9,75	-1,80	78,45
566	10.08.20 08:07:25	1,40	9,42	-9,29	-3,96	76,74
567	10.08.20 08:07:26	1,40	9,44	-1,67	-0,70	87,63
568	10.08.20 08:07:27	1,40	9,44	-9,48	1,32	79,19
569	10.08.20 08:07:28	1,40	9,44	-3,54	1,70	84,76
570	10.08.20 08:07:29	1,40	9,44	-7,49	-3,19	79,32
571	10.08.20 08:07:30	1,40	9,44	-7,00	-2,14	80,86
572	10.08.20 08:07:31	1,40	9,44	-8,06	-2,28	79,66
573	10.08.20 08:07:32	1,40	9,44	-2,48	-2,22	85,30
574	10.08.20 08:07:33	1,40	9,44	-9,79	-9,01	71,20
575	10.08.20 08:07:34	1,40	9,44	-5,94	-3,47	80,59
576	10.08.20 08:07:35	1,40	9,44	-1,49	4,01	84,50
577	10.08.20 08:07:36	1,36	9,46	-7,22	1,62	81,16
578	10.08.20 08:07:37	1,36	9,44	-8,05	0,78	81,17
579	10.08.20 08:07:38	1,36	9,44	-7,02	-5,36	77,62
580	10.08.20 08:07:39	1,36	9,44	-7,05	1,59	81,36
581	10.08.20 08:07:40	1,36	9,44	-9,16	3,85	76,99
582	10.08.20 08:07:41	1,36	9,44	-2,08	0,00	87,92
583	10.08.20 08:07:42	1,36	9,44	-2,44	2,12	85,45
584	10.08.20 08:07:43	1,36	9,46	-6,87	3,21	79,92
585	10.08.20 08:07:44	1,36	9,44	-4,41	-2,62	82,97
586	10.08.20 08:07:45	1,36	9,44	-4,67	-4,08	81,25
587	10.08.20 08:07:46	1,36	9,44	-1,29	6,00	82,72
588	10.08.20 08:07:47	1,36	9,44	-5,84	6,13	78,02
589	10.08.20 08:07:48	1,36	9,44	-9,12	-1,16	79,72
590	10.08.20 08:07:49	1,36	9,44	-4,25	7,40	78,35
591	10.08.20 08:07:50	1,36	9,44	-6,19	-3,81	79,99
592	10.08.20 08:07:51	1,36	9,44	-3,60	3,44	82,96
593	10.08.20 08:07:52	1,36	9,44	-2,88	5,94	81,18
594	10.08.20 08:07:53	1,32	9,44	-7,11	-10,85	72,04
595	10.08.20 08:07:54	1,32	9,46	-8,94	1,37	79,69
596	10.08.20 08:07:55	1,32	9,44	6,81	0,26	82,92
597	10.08.20 08:07:56	1,32	9,44	-7,60	-1,04	81,36
598	10.08.20 08:07:57	1,32	9,44	0,72	6,87	82,41
599	10.08.20 08:07:58	1,32	9,44	11,18	-3,93	74,89
600	10.08.20 08:07:59	1,32	9,46	-4,48	3,73	81,79
601	10.08.20 08:08:00	1,32	9,44	-4,72	3,84	81,44
602	10.08.20 08:08:01	1,32	9,44	-4,48	0,08	85,44
603	10.08.20 08:08:02	1,32	9,44	-8,56	4,93	76,51
604	10.08.20 08:08:03	1,32	9,44	-1,56	-0,31	88,13
605	10.08.20 08:08:04	1,32	9,44	-8,40	-0,99	80,61
606	10.08.20 08:08:05	1,32	9,44	-6,05	0,80	83,15
607	10.08.20 08:08:06	1,32	9,44	-4,23	-3,20	82,57
608	10.08.20 08:08:07	1,32	9,44	-5,77	-1,57	82,66
609	10.08.20 08:08:08	1,32	9,44	-0,27	-6,56	83,17
610	10.08.20 08:08:09	1,32	9,44	7,97	7,78	74,25
611	10.08.20 08:08:10	1,32	9,46	-5,72	-2,20	82,08
612	10.08.20 08:08:11	1,32	9,44	-6,21	1,12	82,68
613	10.08.20 08:08:12	1,32	9,44	-7,07	6,25	76,69
614	10.08.20 08:08:13	1,32	9,46	-2,69	6,00	81,31
615	10.08.20 08:08:14	1,32	9,44	-5,54	3,26	81,20
616	10.08.20 08:08:15	1,32	9,46	-2,56	1,72	85,72
617	10.08.20 08:08:16	1,32	9,46	-2,16	8,09	79,75
618	10.08.20 08:08:17	1,32	9,44	-6,61	0,06	83,33
619	10.08.20 08:08:18	1,32	9,46	-1,44	-2,07	86,49
620	10.08.20 08:08:19	1,32	9,46	-1,39	0,97	87,64
621	10.08.20 08:08:20	1,32	9,46	-5,70	-2,93	81,37
622	10.08.20 08:08:21	1,32	9,46	-9,89	-5,65	74,46
623	10.08.20 08:08:22	1,32	9,46	-6,91	1,85	81,24
624	10.08.20 08:08:23	1,32	9,46	-5,96	-1,81	82,23
625	10.08.20 08:08:24	1,32	9,46	-11,49	-2,32	76,19
626	10.08.20 08:08:25	1,32	9,44	-9,71	9,41	70,88
627	10.08.20 08:08:26	1,28	9,44	-0,99	-5,66	83,36
628	10.08.20 08:08:27	1,28	9,46	-0,81	-1,08	88,12
629	10.08.20 08:08:28	1,28	9,46	-0,16	11,49	78,35
630	10.08.20 08:08:29	1,28	9,46	-3,26	-6,37	80,37
631	10.08.20 08:08:30	1,28	9,46	-3,64	-7,71	78,65
632	10.08.20 08:08:31	1,28	9,46	0,24	-2,09	87,67
633	10.08.20 08:08:32	1,28	9,46	-5,84	-5,18	78,99
634	10.08.20 08:08:33	1,28	9,44	-9,53	-3,86	76,61
635	10.08.20 08:08:34	1,28	9,44	-6,38	-8,48	75,14
636	10.08.20 08:08:35	1,28	9,44	-1,62	-4,38	84,01
637	10.08.20 08:08:36	1,28	9,44	-12,04	-6,88	71,08
638	10.08.20 08:08:37	1,28	9,44	-6,01	-4,82	79,16
639	10.08.20 08:08:38	1,28	9,44	-9,56	-3,30	77,14
640	10.08.20 08:08:39	1,28	9,44	3,46	-6,46	80,07
641	10.08.20 08:08:40	1,28	9,46	15,63	-5,72	68,65
642	10.08.20 08:08:41	1,28	9,44	2,33	-6,89	80,78
643	10.08.20 08:08:42	1,28	9,44	-3,16	3,07	83,76
644	10.08.20 08:08:43	1,28	9,44	17,39	8,79	63,82
645	10.08.20 08:08:44	1,28	9,48	2,41	-8,90	78,69
646	10.08.20 08:08:45	1,24	9,46	7,25	5,95	76,81
647	10.08.20 08:08:46	1,24	9,46	9,32	1,78	78,91
648	10.08.20 08:08:47	1,24	9,44	-3,49	3,69	82,82
649	10.08.20 08:08:48	1,24	9,48	-8,05	-10,03	71,92
650	10.08.20 08:08:49	1,24	9,46	2,15	1,67	86,18
651	10.08.20 08:08:50	1,24	9,46	-2,12	-0,53	87,35
652	10.08.20 08:08:51	1,24	9,46	-3,58	-5,56	80,86
653	10.08.20 08:08:52	1,24	9,41	-8,00	-4,72	77,28
654	10.08.20 08:08:53	1,24	9,44	2,67	-8,98	78,35
655	10.08.20 08:08:54	1,24	9,46	-12,38	-3,73	73,89
656	10.08.20 08:08:55	1,20	9,46	0,88	-4,55	84,57
657	10.08.20 08:08:56	1,20	9,46	-9,89	-3,85	76,26
658	10.08.20 08:08:57	1,20	9,48	-8,17	-3,76	78,07
659	10.08.20 08:08:58	1,20	9,48	0,34	-2,56	87,10
660	10.08.20 08:08:59	1,20	9,46	-15,20	-2,90	71,89
661	10.08.20 08:09:00	1,20	9,46	-4,88	3,16	81,95
662	10.08.20 08:09:01	1,20	9,48	16,37	4,16	69,47
663	10.08.20 08:09:02	1,20	9,52	-8,48	-1,68	79,84
664	10.08.20 08:09:03	1,20	9,50	-4,83	1,82	83,35
665	10.08.20 08:09:04	1,20	9,50	-7,19	-4,22	78,58
666	10.08.20 08:09:05	1,20	9,50	-10,98	-1,35	77,67
667	10.08.20 08:09:06	1,20	9,50	14,35	-7,32	68,33
668	10.08.20 08:09:07	1,20	9,50	-12,35	-7,56	70,09
669	10.08.20 08:09:08	1,20	9,50	-8,69	-4,28	77,03
670	10.08.20 08:09:09	1,20	9,48	-4,25	-4,58	81,17
671	10.08.20 08:09:10	1,20	9,48	-10,72	-7,21	72,07
672	10.08.20 08:09:11	1,20	9,50	-11,11	-8,14	70,76
673	10.08.20 08:09:12	1,20	9,48	7,45	5,75	76,80
674	10.08.20 08:09:13	1,20	9,50	-13,40	-14,03	62,57
675	10.08.20 08:09:14	1,20	9,50	-4,80	2,14	83,07
676	10.08.20 08:09:15	1,20	9,50	-5,02	2,78	82,20
677	10.08.20 08:09:16	1,20	9,50	-9,32	1,68	79,00
678	10.08.20 08:09:17	1,20	9,50	-6,16	-4,94	78,90
679	10.08.20 08:09:18	1,20	9,50	-15,26	-0,36	74,39
680	10.08.20 08:09:19	1,16	9,50	1,86	-2,45	85,69
681	10.08.20 08:09:20	1,16	9,50	10,63	-6,10	73,27
682	10.08.20 08:09:21	1,16	9,50	-18,92	-2,95	68,13
683	10.08.20 08:09:22	1,16	9,50	-0,38	0,32	89,29
684	10.08.20 08:09:23	1,16	9,52	-18,02	4,74	67,23
685	10.08.20 08:09:24	1,16	9,50	-2,84	8,41	78,75
686	10.08.20 08:09:25	1,16	9,52	1,12	11,85	77,03
687	10.08.20 08:09:26	1,16	9,52	0,26	-1,15	88,59
688	10.08.20 08:09:27	1,16	9,50	-0,55	2,35	87,10
689	10.08.20 08:09:28	1,16	9,52	-8,32	-1,08	80,60
690	10.08.20 08:09:29	1,16	9,52	-9,78	-3,74	76,48
691	10.08.20 08:09:30	1,16	9,52	-11,55	-7,69	70,76
692	10.08.20 08:09:31	1,16	9,50	4,79	-8,00	77,21
693	10.08.20 08:09:32	1,16	9,52	12,50	-13,55	63,95
694	10.08.20 08:09:33	1,16	9,50	-13,42	-5,34	71,24
695	10.08.20 08:09:34	1,16	9,56	-1,47	-3,60	84,93
696	10.08.20 08:09:35	1,16	9,52	-1,72	3,62	84,66
697	10.08.20 08:09:36	1,12	9,52	-15,56	-7,91	66,53
698	10.08.20 08:09:37	1,16	9,52	8,23	0,54	81,23
699	10.08.20 08:09:38	1,16	9,52	10,85	0,38	78,78
700	10.08.20 08:09:39	1,12	9,52	-9,53	-3,79	76,68
701	10.08.20 08:09:40	1,12	9,52	-4,04	-16,76	69,20
702	10.08.20 08:09:41	1,16	9,54	5,65	-2,27	82,09
703	10.08.20 08:09:42	1,12	9,54	4,38	-17,85	67,77
704	10.08.20 08:09:43	1,16	9,54	-2,78	11,59	75,63
705	10.08.20 08:09:44	1,16	9,52	8,66	4,48	76,86
706	10.08.20 08:09:45	1,12	9,50	-5,90	-5,39	78,72
707	10.08.20 08:09:46	1,12	9,52	-17,91	-2,81	69,28
708	10.08.20 08:09:47	1,12	9,54	3,56	2,39	84,06
709	10.08.20 08:09:48	1,12	9,54	0,12	1,97	87,92
710	10.08.20 08:09:49	1,12	9,54	2,09	0,23	87,68
711	10.08.20 08:09:50	1,12	9,52	-2,69	-0,71	86,60
712	10.08.20 08:09:51	1,12	9,54	-1,65	0,19	88,16
713	10.08.20 08:09:52	1,12	9,52	-7,44	-7,00	75,56
714	10.08.20 08:09:53	1,12	9,54	-11,47	-3,55	74,98
715	10.08.20 08:09:54	1,12	9,54	1,96	-12,01	76,03
716	10.08.20 08:09:55	1,12	9,54	-0,89	-0,74	88,37
717	10.08.20 08:09:56	1,12	9,58	0,79	6,00	83,21
718	10.08.20 08:09:57	1,12	9,54	-8,78	3,09	78,14
719	10.08.20 08:09:58	1,12	9,54	-6,27	-8,74	74,99
720	10.08.20 08:09:59	1,12	9,54	-0,06	-3,14	86,80
721	10.08.20 08:10:00	1,12	9,52	0,58	1,90	87,52
722	10.08.20 08:10:01	1,12	9,52	4,20	-15,24	70,56
723	10.08.20 08:10:02	1,12	9,52	4,74	-15,52	69,74
724	10.08.20 08:10:03	1,12	9,52	20,96	5,76	63,29
725	10.08.20 08:10:04	1,12	9,52	-0,47	-2,41	87,12
726	10.08.20 08:10:05	1,12	9,52	-7,71	-11,79	70,50
727	10.08.20 08:10:06	1,12	9,50	-1,87	-4,75	83,38
728	10.08.20 08:10:07	1,12	9,52	4,99	-5,16	79,85
729	10.08.20 08:10:08	1,12	9,52	-3,96	-1,49	84,55
730	10.08.20 08:10:09	1,12	9,52	14,90	-1,74	73,36
731	10.08.20 08:10:10	1,12	9,50	1,32	2,03	86,65
732	10.08.20 08:10:11	1,12	9,50	-8,80	-11,77	69,43
733	10.08.20 08:10:12	1,12	9,50	-6,93	4,14	78,93
734	10.08.20 08:10:13	1,12	9,50	13,94	5,19	70,87
735	10.08.20 08:10:14	1,08	9,50	23,74	6,23	60,04
736	10.08.20 08:10:15	1,08	9,52	-1,48	9,83	78,69
737	10.08.20 08:10:16	1,08	9,50	-8,74	4,01	77,26
738	10.08.20 08:10:17	1,08	9,48	-0,31	7,02	82,66
739	10.08.20 08:10:18	1,08	9,50	-2,28	0,59	87,13
740	10.08.20 08:10:19	1,08	9,50	-5,60	5,25	79,15
741	10.08.20 08:10:20	1,08	9,50	3,82	4,95	81,22
742	10.08.20 08:10:21	1,08	9,50	-1,75	3,10	85,15
743	10.08.20 08:10:22	1,08	9,46	-4,75	5,97	79,28
744	10.08.20 08:10:23	1,08	9,48	0,24	3,67	86,09
745	10.08.20 08:10:24	1,08	9,52	1,22	2,44	86,34
746	10.08.20 08:10:25	1,08	9,46	5,70	9,63	74,67
747	10.08.20 08:10:26	1,08	9,48	-16,12	-4,41	69,48
748	10.08.20 08:10:27	1,08	9,50	-19,12	-5,67	65,21
749	10.08.20 08:10:28	1,08	9,48	9,05	-6,92	74,02
750	10.08.20 08:10:29	1,08	9,48	-6,50	-4,06	79,43
751	10.08.20 08:10:30	1,08	9,48	-6,22	0,82	82,96
752	10.08.20 08:10:31	1,08	9,48	4,15	-4,53	81,32
753	10.08.20 08:10:32	1,08	9,50	-1,92	-7,83	80,25
754	10.08.20 08:10:33	1,04	9,48	45,01	-4,09	40,90
755	10.08.20 08:10:34	1,04	9,45	0,31	9,08	80,61
756	10.08.20 08:10:35	1,04	9,48	13,21	-4,27	72,52
757	10.08.20 08:10:36	1,04	9,48	2,47	5,26	82,27
758	10.08.20 08:10:37	1,04	9,48	-0,03	-0,11	89,86
759	10.08.20 08:10:38	1,04	9,50	-0,16	-0,66	89,18
760	10.08.20 08:10:39	1,04	9,50	-1,37	-0,38	88,25
761	10.08.20 08:10:40	1,04	9,50	-5,31	1,02	83,67
762	10.08.20 08:10:41	1,04	9,45	8,21	-1,89	79,90
763	10.08.20 08:10:42	1,04	9,50	10,43	-39,81	39,76
764	10.08.20 08:10:43	1,04	9,48	15,19	8,45	66,36
765	10.08.20 08:10:44	1,04	9,48	-10,00	16,21	63,79
766	10.08.20 08:10:45	1,04	9,50	10,74	-5,20	74,06
767	10.08.20 08:10:46	1,04	9,48	2,29	-2,73	84,98
768	10.08.20 08:10:47	1,04	9,50	10,06	-6,17	73,76
769	10.08.20 08:10:48	1,04	9,48	27,41	2,21	60,38
770	10.08.20 08:10:49	1,04	9,45	27,33	-0,27	62,40
771	10.08.20 08:10:50	1,00	9,50	0,71	-23,61	65,68
772	10.08.20 08:10:51	1,00	9,48	-2,87	-1,60	85,53
773	10.08.20 08:10:52	1,00	9,45	13,17	9,22	67,61
774	10.08.20 08:10:53	1,00	9,50	11,77	-10,22	68,01
775	10.08.20 08:10:54	1,00	9,50	6,39	-8,78	74,83
776	10.08.20 08:10:55	1,00	9,50	6,38	-4,96	78,66
777	10.08.20 08:10:56	1,00	9,54	16,31	-12,41	61,28
778	10.08.20 08:10:57	1,00	9,48	-1,71	7,73	80,56
779	10.08.20 08:10:58	1,00	9,50	-4,72	-2,82	82,46
780	10.08.20 08:10:59	1,00	9,52	1,64	-5,39	82,97
781	10.08.20 08:11:00	1,00	9,54	-5,27	-14,42	70,31
782	10.08.20 08:11:01	1,00	9,54	8,14	-7,89	73,97
783	10.08.20 08:11:02	1,00	9,54	6,24	-9,32	74,43
784	10.08.20 08:11:03	1,00	9,54	-10,32	-4,57	75,10
785	10.08.20 08:11:04	1,00	9,54	8,91	-0,09	81,00
786	10.08.20 08:11:05	1,00	9,54	-7,50	0,63	81,87
787	10.08.20 08:11:06	1,00	9,54	-15,75	4,26	69,99
788	10.08.20 08:11:07	1,00	9,52	-3,01	-1,22	85,77
789	10.08.20 08:11:08	1,00	9,54	-6,62	-0,09	83,29
790	10.08.20 08:11:09	1,00	9,54	-10,50	-11,93	67,58
791	10.08.20 08:11:10	1,00	9,54	-3,86	-2,31	83,83
792	10.08.20 08:11:11	1,00	9,52	-0,50	-2,90	86,60
793	10.08.20 08:11:12	1,00	9,52	-7,17	-2,27	80,56
794	10.08.20 08:11:13	1,00	9,54	-4,12	-4,43	81,44
795	10.08.20 08:11:14	1,00	9,56	-7,26	-4,52	78,22
796	10.08.20 08:11:15	1,00	9,52	-4,27	-1,03	84,69
797	10.08.20 08:11:16	1,00	9,52	2,14	-6,19	81,67
798	10.08.20 08:11:17	1,00	9,52	-2,23	-0,87	86,90
799	10.08.20 08:11:18	1,00	9,52	-2,29	4,64	83,07
800	10.08.20 08:11:19	1,00	9,52	-2,07	2,15	85,78
801	10.08.20 08:11:20	1,00	9,54	-3,76	-2,45	83,79
802	10.08.20 08:11:21	1,00	9,52	-4,01	0,80	85,19
803	10.08.20 08:11:22	1,00	9,52	9,22	5,61	75,16
804	10.08.20 08:11:23	1,00	9,52	-4,67	-2,32	83,01
805	10.08.20 08:11:24	1,00	9,52	6,57	-6,32	77,11
806	10.08.20 08:11:25	1,00	9,52	-1,32	-2,35	86,34
807	10.08.20 08:11:26	1,00	9,52	3,25	-3,91	82,84
808	10.08.20 08:11:27	1,00	9,50	-3,60	-7,64	78,76
809	10.08.20 08:11:28	0,96	9,52	-6,20	-2,96	80,84
810	10.08.20 08:11:29	0,96	9,52	0,21	-2,46	87,33
811	10.08.20 08:11:30	0,96	9,54	-5,03	13,81	71,16
812	10.08.20 08:11:31	0,96	9,52	4,57	13,54	71,89
813	10.08.20 08:11:32	0,96	9,52	10,14	-0,55	79,31
814	10.08.20 08:11:33	0,96	9,52	-0,56	-2,40	87,03
815	10.08.20 08:11:34	0,96	9,50	8,14	-1,09	80,77
816	10.08.20 08:11:35	0,96	9,50	-0,15	-4,15	85,70
817	10.08.20 08:11:36	0,96	9,50	9,26	-8,16	72,58
818	10.08.20 08:11:37	0,96	9,47	10,85	-3,93	75,21
819	10.08.20 08:11:38	0,96	9,50	3,66	-7,97	78,37
820	10.08.20 08:11:39	0,96	9,50	-11,42	-2,12	76,46
821	10.08.20 08:11:40	0,96	9,52	32,87	-8,39	48,73
822	10.08.20 08:11:41	0,96	9,50	18,99	2,32	68,69
823	10.08.20 08:11:42	0,96	9,50	-2,00	30,13	57,87
824	10.08.20 08:11:43	0,96	9,50	-4,65	-12,25	73,10
825	10.08.20 08:11:44	0,96	9,50	-6,17	-6,52	77,31
826	10.08.20 08:11:45	0,92	9,50	6,68	0,72	82,60
827	10.08.20 08:11:46	0,96	9,54	5,87	-5,65	78,48
828	10.08.20 08:11:47	0,92	9,47	2,83	-4,59	82,59
829	10.08.20 08:11:48	0,96	9,50	6,95	-8,30	74,75
830	10.08.20 08:11:49	0,92	9,50	-5,06	-16,93	68,01
831	10.08.20 08:11:50	0,92	9,50	6,48	-4,02	79,50
832	10.08.20 08:11:51	0,92	9,50	10,96	-20,49	58,55
833	10.08.20 08:11:52	0,92	9,50	7,84	-5,85	76,30
834	10.08.20 08:11:53	0,92	9,50	13,83	-1,29	74,88
835	10.08.20 08:11:54	0,92	9,47	11,06	-5,11	73,83
836	10.08.20 08:11:55	0,92	9,43	23,83	-8,39	57,77
837	10.08.20 08:11:56	0,92	9,47	1,34	-7,20	81,45
838	10.08.20 08:11:57	0,92	9,47	1,44	-4,01	84,55
839	10.08.20 08:11:58	0,92	9,50	-8,23	-6,95	74,82
840	10.08.20 08:11:59	0,92	9,50	2,61	-1,00	86,39
841	10.08.20 08:12:00	0,92	9,47	-4,80	2,35	82,85
842	10.08.20 08:12:01	0,92	9,50	-1,02	-2,08	86,90
843	10.08.20 08:12:02	0,92	9,50	-4,25	-4,50	81,25
844	10.08.20 08:12:03	0,92	9,47	4,40	-4,30	81,30
845	10.08.20 08:12:04	0,92	9,50	3,33	-2,66	84,02
846	10.08.20 08:12:05	0,92	9,50	-1,91	-5,73	82,35
847	10.08.20 08:12:06	0,92	9,50	-6,71	-0,31	82,98
848	10.08.20 08:12:07	0,92	9,47	-3,22	3,34	83,45
849	10.08.20 08:12:08	0,92	9,47	8,14	-12,21	69,65
850	10.08.20 08:12:09	0,92	9,47	-8,79	4,67	76,54
851	10.08.20 08:12:10	0,92	9,47	6,22	5,63	78,16
852	10.08.20 08:12:11	0,92	9,47	-16,70	-0,23	73,07
853	10.08.20 08:12:12	0,92	9,47	12,99	-0,79	76,22
854	10.08.20 08:12:13	0,92	9,50	23,42	-3,58	62,99
855	10.08.20 08:12:14	0,92	9,47	2,29	4,37	83,34
856	10.08.20 08:12:15	0,92	9,50	-0,12	-9,93	79,95
857	10.08.20 08:12:16	0,92	9,50	-8,01	-5,20	76,78
858	10.08.20 08:12:17	0,92	9,47	-13,67	0,32	76,00
859	10.08.20 08:12:18	0,92	9,47	0,95	-17,02	72,03
860	10.08.20 08:12:19	0,92	9,50	-7,20	-4,65	78,15
861	10.08.20 08:12:20	0,92	9,47	-7,61	-5,05	77,34
862	10.08.20 08:12:21	0,92	9,47	-10,95	-4,65	74,40
863	10.08.20 08:12:22	0,92	9,47	10,82	-6,06	73,12
864	10.08.20 08:12:23	0,92	9,47	-9,10	5,52	75,38
865	10.08.20 08:12:24	0,92	9,45	-19,61	2,41	67,98
866	10.08.20 08:12:25	0,92	9,47	3,52	-18,30	68,18
867	10.08.20 08:12:26	0,92	9,50	1,90	-0,95	87,15
868	10.08.20 08:12:27	0,92	9,47	-1,84	-5,58	82,58
869	10.08.20 08:12:28	0,92	9,47	-7,95	3,27	78,78
870	10.08.20 08:12:29	0,92	9,45	8,39	-12,67	68,94
871	10.08.20 08:12:30	0,88	9,47	1,06	5,90	83,04
872	10.08.20 08:12:31	0,88	9,47	3,69	-5,61	80,70
873	10.08.20 08:12:32	0,92	9,45	2,10	-8,59	79,32
874	10.08.20 08:12:33	0,92	9,45	0,38	2,32	87,31
875	10.08.20 08:12:34	0,92	9,47	3,65	-6,86	79,49
876	10.08.20 08:12:35	0,92	9,45	5,68	-6,50	77,81
877	10.08.20 08:12:36	0,92	9,50	13,80	1,20	75,00
878	10.08.20 08:12:37	0,88	9,45	4,09	6,47	79,44
879	10.08.20 08:12:38	0,88	9,45	0,99	-2,50	86,51
880	10.08.20 08:12:39	0,88	9,50	11,40	-5,09	73,51
881	10.08.20 08:12:40	0,88	9,47	-3,19	-7,50	79,31
882	10.08.20 08:12:41	0,88	9,47	-0,34	-4,76	84,90
883	10.08.20 08:12:42	0,88	9,43	2,35	-5,39	82,26
884	10.08.20 08:12:43	0,88	9,45	1,27	-6,33	82,41
885	10.08.20 08:12:44	0,88	9,45	2,81	-7,26	79,92
886	10.08.20 08:12:45	0,88	9,47	-10,56	-2,19	77,25
887	10.08.20 08:12:46	0,88	9,45	-1,00	-2,53	86,47
888	10.08.20 08:12:47	0,88	9,45	-9,80	-15,30	64,90
889	10.08.20 08:12:48	0,88	9,47	3,53	-9,78	76,68
890	10.08.20 08:12:49	0,88	9,45	3,55	1,65	84,80
891	10.08.20 08:12:50	0,88	9,45	3,85	-2,13	84,01
892	10.08.20 08:12:51	0,88	9,47	5,44	-6,76	77,80
893	10.08.20 08:12:52	0,88	9,47	-4,54	-8,98	76,48
894	10.08.20 08:12:53	0,88	9,45	-2,50	-7,09	80,40
895	10.08.20 08:12:54	0,88	9,45	-7,89	-9,14	72,97
896	10.08.20 08:12:55	0,88	9,45	-2,59	-2,63	84,78
897	10.08.20 08:12:56	0,88	9,45	-10,46	-10,98	68,57
898	10.08.20 08:12:57	0,88	9,45	0,49	-4,07	85,43
899	10.08.20 08:12:58	0,88	9,45	-4,93	-4,08	80,99
900	10.08.20 08:12:59	0,88	9,45	-9,91	-11,78	68,32
901	10.08.20 08:13:00	0,88	9,43	-6,54	-0,78	82,68
902	10.08.20 08:13:01	0,88	9,43	-6,40	-10,64	72,97
903	10.08.20 08:13:02	0,88	9,45	-7,20	-6,33	76,47
904	10.08.20 08:13:03	0,88	9,47	-1,98	-3,76	84,26
905	10.08.20 08:13:04	0,88	9,47	-8,59	0,47	80,94
906	10.08.20 08:13:05	0,88	9,47	-2,39	-13,78	73,83
907	10.08.20 08:13:06	0,88	9,45	4,70	-6,00	79,29
908	10.08.20 08:13:07	0,88	9,43	5,63	-9,34	75,03
909	10.08.20 08:13:08	0,88	9,45	-9,78	-11,78	68,44
910	10.08.20 08:13:09	0,88	9,45	-1,51	9,00	79,49
911	10.08.20 08:13:10	0,88	9,45	-8,68	-1,49	79,83
912	10.08.20 08:13:11	0,88	9,45	-11,79	-4,13	74,08
913	10.08.20 08:13:12	0,88	9,45	15,30	0,00	74,70
914	10.08.20 08:13:13	0,88	9,45	-6,48	-5,03	78,49
915	10.08.20 08:13:14	0,88	9,47	-2,45	-3,93	83,61
916	10.08.20 08:13:15	0,88	9,47	-2,16	1,07	86,78
917	10.08.20 08:13:16	0,88	9,47	1,10	-5,75	83,14
918	10.08.20 08:13:17	0,88	9,45	1,77	-4,29	83,94
919	10.08.20 08:13:18	0,88	9,47	-1,25	-15,10	73,66
920	10.08.20 08:13:19	0,88	9,47	0,73	-7,25	82,02
921	10.08.20 08:13:20	0,88	9,50	0,63	6,94	82,43
922	10.08.20 08:13:21	0,88	9,47	-6,15	-3,34	80,51
923	10.08.20 08:13:22	0,88	9,47	-0,11	-0,22	89,67
924	10.08.20 08:13:23	0,88	9,47	-6,94	2,16	80,90
925	10.08.20 08:13:24	0,88	9,47	-2,06	-1,04	86,89
926	10.08.20 08:13:25	0,88	9,47	3,02	12,29	74,68
927	10.08.20 08:13:26	0,88	9,47	-1,54	13,72	74,75
928	10.08.20 08:13:27	0,88	9,47	9,12	6,20	74,68
929	10.08.20 08:13:28	0,88	9,47	-0,81	16,13	73,06
930	10.08.20 08:13:29	0,88	9,47	-0,46	17,79	71,75
931	10.08.20 08:13:30	0,88	9,45	4,57	34,85	50,58
932	10.08.20 08:13:31	0,88	9,47	11,29	32,85	45,86
933	10.08.20 08:13:32	0,88	9,47	17,31	25,35	47,34
934	10.08.20 08:13:33	0,88	9,50	24,35	27,85	37,81
935	10.08.20 08:13:34	0,88	9,45	40,06	2,88	47,06
936	10.08.20 08:13:35	0,88	9,45	30,18	8,81	51,01
937	10.08.20 08:13:36	0,88	9,45	34,50	7,76	47,74
938	10.08.20 08:13:37	0,88	9,43	36,02	6,36	47,61
939	10.08.20 08:13:38	0,88	9,41	31,67	9,76	48,58
940	10.08.20 08:13:39	0,88	9,41	26,90	12,70	50,40
941	10.08.20 08:13:40	0,88	9,41	29,80	14,34	45,86
942	10.08.20 08:13:41	0,88	9,41	29,39	12,96	47,65
943	10.08.20 08:13:42	0,88	9,39	28,97	15,33	45,70
944	10.08.20 08:13:43	0,88	9,37	28,36	15,54	46,10
945	10.08.20 08:13:44	0,88	9,35	26,58	16,42	47,00
946	10.08.20 08:13:45	0,88	9,35	30,32	15,65	44,04
947	10.08.20 08:13:46	0,88	9,32	32,15	15,33	42,52
948	10.08.20 08:13:47	0,88	9,32	32,32	14,20	43,48
949	10.08.20 08:13:48	0,88	9,30	31,63	13,82	44,56
950	10.08.20 08:13:49	0,88	9,28	31,98	12,73	45,29
951	10.08.20 08:13:50	0,88	9,28	34,03	12,41	43,56
952	10.08.20 08:13:51	0,84	9,24	28,78	16,38	44,84
953	10.08.20 08:13:52	0,88	9,24	29,45	17,73	42,82
954	10.08.20 08:13:53	0,88	9,20	31,78	16,27	41,95
955	10.08.20 08:13:54	0,88	9,17	29,00	17,37	43,62
956	10.08.20 08:13:55	0,84	9,15	32,04	13,67	44,29
957	10.08.20 08:13:56	0,88	9,13	29,12	16,42	44,47
958	10.08.20 08:13:57	0,84	9,11	28,95	16,63	44,42
959	10.08.20 08:13:58	0,84	9,09	27,28	18,82	43,90
960	10.08.20 08:13:59	0,84	9,07	36,43	11,62	41,95
961	10.08.20 08:14:00	0,84	9,05	29,44	16,07	44,49
962	10.08.20 08:14:01	0,84	9,02	27,01	18,09	44,90
963	10.08.20 08:14:02	0,84	8,98	33,33	14,85	41,81
964	10.08.20 08:14:03	0,84	8,96	32,59	13,78	43,63
965	10.08.20 08:14:04	0,84	8,94	29,95	14,69	45,36
966	10.08.20 08:14:05	0,84	8,90	30,23	16,25	43,52
967	10.08.20 08:14:06	0,84	8,90	31,97	15,15	42,88
968	10.08.20 08:14:07	0,84	8,85	32,07	14,49	43,45
969	10.08.20 08:14:08	0,84	8,81	30,97	15,19	43,85
970	10.08.20 08:14:09	0,84	8,81	31,39	14,89	43,72
971	10.08.20 08:14:10	0,84	8,79	28,03	15,04	46,92
972	10.08.20 08:14:11	0,84	8,75	33,71	13,06	43,22
973	10.08.20 08:14:12	0,84	8,70	30,44	14,59	44,97
974	10.08.20 08:14:13	0,84	8,68	30,85	13,41	45,73
975	10.08.20 08:14:14	0,84	8,64	32,09	13,38	44,53
976	10.08.20 08:14:15	0,84	8,60	33,73	12,42	43,85
977	10.08.20 08:14:16	0,84	8,55	33,74	11,19	45,07
978	10.08.20 08:14:17	0,80	8,53	34,43	11,55	44,02
979	10.08.20 08:14:18	0,80	8,51	33,89	11,07	45,03
980	10.08.20 08:14:19	0,80	8,47	35,57	10,33	44,09
981	10.08.20 08:14:20	0,80	8,42	38,24	9,46	42,29
982	10.08.20 08:14:21	0,80	8,38	36,70	9,71	43,59
983	10.08.20 08:14:22	0,80	8,34	35,11	8,97	45,93
984	10.08.20 08:14:23	0,80	8,32	38,35	8,95	42,70
985	10.08.20 08:14:24	0,80	8,23	37,88	9,08	43,04
986	10.08.20 08:14:25	0,80	8,21	38,73	8,29	42,98
987	10.08.20 08:14:26	0,76	8,17	41,01	8,23	40,76
988	10.08.20 08:14:27	0,76	8,12	38,71	8,43	42,87
989	10.08.20 08:14:28	0,76	8,08	35,69	8,32	45,99
990	10.08.20 08:14:29	0,76	8,04	40,30	6,50	43,20
991	10.08.20 08:14:30	0,76	8,02	45,09	6,32	38,59
992	10.08.20 08:14:31	0,76	7,95	38,83	6,39	44,78
993	10.08.20 08:14:32	0,76	7,89	38,32	5,94	45,74
994	10.08.20 08:14:33	0,76	7,84	43,32	4,08	42,59
995	10.08.20 08:14:34	0,76	7,80	47,63	4,35	38,02
996	10.08.20 08:14:35	0,76	7,76	41,45	5,23	43,32
997	10.08.20 08:14:36	0,76	7,67	38,49	4,61	46,90
998	10.08.20 08:14:37	0,72	7,63	50,72	1,90	37,38
999	10.08.20 08:14:38	0,72	7,61	51,98	2,20	35,82
1000	10.08.20 08:14:39	0,72	7,54	40,54	4,16	45,30
1001	10.08.20 08:14:40	0,72	7,48	49,64	3,79	36,57
1002	10.08.20 08:14:41	0,72	7,46	67,30	2,69	20,01
1003	10.08.20 08:14:42	0,72	7,46	71,16	2,39	16,46
1004	10.08.20 08:14:43	0,72	7,42	75,14	1,14	13,71
1005	10.08.20 08:14:44	0,72	7,39	75,19	3,46	11,35
1006	10.08.20 08:14:45	0,72	7,35	75,24	3,48	11,28
1007	10.08.20 08:14:46	0,72	7,33	76,82	2,28	10,90
1008	10.08.20 08:14:47	0,72	7,29	74,76	5,52	9,72
1009	10.08.20 08:14:48	0,72	7,24	77,06	4,31	8,63
1010	10.08.20 08:14:49	0,72	7,20	79,07	2,04	8,89
1011	10.08.20 08:14:50	0,72	7,18	79,61	2,79	7,60
1012	10.08.20 08:14:51	0,72	7,12	78,77	2,29	8,95
1013	10.08.20 08:14:52	0,72	7,10	79,24	4,07	6,69
1014	10.08.20 08:14:53	0,72	7,07	82,78	2,46	4,75
1015	10.08.20 08:14:54	0,72	7,01	73,96	2,19	13,85
1016	10.08.20 08:14:55	0,72	6,97	72,79	1,01	16,20
1017	10.08.20 08:14:56	0,72	6,92	82,09	1,70	6,21
1018	10.08.20 08:14:57	0,72	6,88	76,22	1,06	12,72
1019	10.08.20 08:14:58	0,72	6,82	79,09	-0,40	10,51
1020	10.08.20 08:14:59	0,72	6,80	86,36	1,82	1,82
1021	10.08.20 08:15:00	0,72	6,73	60,18	5,28	24,54
1022	10.08.20 08:15:01	0,72	6,67	53,33	4,42	32,25
1023	10.08.20 08:15:02	0,72	6,62	61,97	2,35	25,68
1024	10.08.20 08:15:03	0,68	6,58	66,98	1,65	21,37
1025	10.08.20 08:15:04	0,68	6,52	79,64	-0,61	9,74
1026	10.08.20 08:15:05	0,68	6,47	77,32	-2,44	10,24
1027	10.08.20 08:15:06	0,68	6,41	78,23	-1,50	10,27
1028	10.08.20 08:15:07	0,64	6,34	82,92	2,10	4,98
1029	10.08.20 08:15:08	0,64	6,30	61,23	4,73	24,04
1030	10.08.20 08:15:09	0,64	6,24	55,88	2,16	31,96
1031	10.08.20 08:15:10	0,64	6,20	60,07	2,10	27,83
1032	10.08.20 08:15:11	0,64	6,13	67,78	2,06	20,16
1033	10.08.20 08:15:12	0,64	6,07	78,46	-0,81	10,73
1034	10.08.20 08:15:13	0,60	6,02	79,05	-1,78	9,17
1035	10.08.20 08:15:14	0,60	5,96	73,95	-1,25	14,80
1036	10.08.20 08:15:15	0,60	5,89	80,04	-1,81	8,15
1037	10.08.20 08:15:16	0,60	5,83	76,59	-1,05	12,36
1038	10.08.20 08:15:17	0,60	5,79	61,65	6,48	21,87
1039	10.08.20 08:15:18	0,60	5,72	64,86	0,15	24,99
1040	10.08.20 08:15:19	0,60	5,64	63,88	-1,06	25,06
1041	10.08.20 08:15:20	0,60	5,62	72,25	-2,31	15,45
1042	10.08.20 08:15:21	0,60	5,55	84,63	-1,03	4,34
1043	10.08.20 08:15:22	0,60	5,49	59,44	2,77	27,79
1044	10.08.20 08:15:23	0,60	5,42	59,91	-0,86	29,23
1045	10.08.20 08:15:24	0,60	5,36	64,98	-0,44	24,58
1046	10.08.20 08:15:25	0,64	5,27	70,42	-1,32	18,26
1047	10.08.20 08:15:26	0,64	5,23	81,39	-2,78	5,84
1048	10.08.20 08:15:27	0,64	5,17	65,17	-1,53	23,29
1049	10.08.20 08:15:28	0,64	5,12	60,12	4,00	25,88
1050	10.08.20 08:15:29	0,68	5,06	83,25	-1,78	4,97
1051	10.08.20 08:15:30	0,68	5,02	68,49	-0,59	20,92
1052	10.08.20 08:15:31	0,68	4,93	64,85	3,35	21,80
1053	10.08.20 08:15:32	0,68	4,95	65,01	13,17	11,82
1054	10.08.20 08:15:33	0,68	5,00	65,74	16,50	7,77
1055	10.08.20 08:15:34	0,68	4,98	71,15	15,42	3,43
1056	10.08.20 08:15:35	0,68	4,98	65,93	15,22	8,85
1057	10.08.20 08:15:36	0,68	4,98	61,03	16,64	12,34
1058	10.08.20 08:15:37	0,68	4,98	63,96	15,24	10,80
1059	10.08.20 08:15:38	0,72	4,95	66,32	13,95	9,73
1060	10.08.20 08:15:39	0,72	4,95	65,48	15,01	9,51
1061	10.08.20 08:15:40	0,72	4,95	61,99	16,29	11,73
1062	10.08.20 08:15:41	0,72	4,93	60,49	14,44	15,07
1063	10.08.20 08:15:42	0,72	4,91	55,66	14,92	19,42
1064	10.08.20 08:15:43	0,72	4,91	59,92	5,87	24,21
1065	10.08.20 08:15:44	0,72	4,91	46,58	-15,05	28,37
1066	10.08.20 08:15:45	0,72	4,87	47,25	-22,33	20,42
1067	10.08.20 08:15:46	0,72	4,85	54,32	-20,91	14,77
1068	10.08.20 08:15:47	0,72	4,87	52,95	-23,36	13,69
1069	10.08.20 08:15:48	0,72	4,83	54,73	-21,83	13,44
1070	10.08.20 08:15:49	0,72	4,81	53,06	-21,52	15,42
1071	10.08.20 08:15:50	0,72	4,78	53,45	-21,61	14,94
1072	10.08.20 08:15:51	0,72	4,78	56,40	-20,82	12,78
1073	10.08.20 08:15:52	0,72	4,74	55,77	-19,71	14,52
1074	10.08.20 08:15:53	0,72	4,72	54,59	-19,29	16,12
1075	10.08.20 08:15:54	0,72	4,68	56,23	-18,67	15,11
1076	10.08.20 08:15:55	0,72	4,66	56,89	-17,84	15,27
1077	10.08.20 08:15:56	0,72	4,63	56,70	-17,00	16,30
1078	10.08.20 08:15:57	0,72	4,59	57,22	-15,74	17,05
1079	10.08.20 08:15:58	0,72	4,55	56,61	-14,90	18,49
1080	10.08.20 08:15:59	0,76	4,53	56,78	-14,38	18,84
1081	10.08.20 08:16:00	0,76	4,51	57,29	-12,91	19,80
1082	10.08.20 08:16:01	0,76	4,44	56,02	-12,52	21,46
1083	10.08.20 08:16:02	0,76	4,38	57,56	-10,40	22,05
1084	10.08.20 08:16:03	0,76	4,27	53,75	-7,93	28,32
1085	10.08.20 08:16:04	0,76	4,19	54,14	-7,44	28,42
1086	10.08.20 08:16:05	0,76	4,12	53,24	-7,16	29,60
1087	10.08.20 08:16:06	0,76	4,04	54,85	-4,16	30,99
1088	10.08.20 08:16:07	0,80	3,95	56,22	0,00	33,78
1089	10.08.20 08:16:08	0,80	3,86	48,48	5,03	36,49
1090	10.08.20 08:16:09	0,80	3,78	43,16	8,53	38,31
1091	10.08.20 08:16:10	0,80	3,67	39,28	11,05	39,67
1092	10.08.20 08:16:11	0,80	3,57	38,85	11,36	39,79
1093	10.08.20 08:16:12	0,92	3,50	42,49	8,19	39,32
1094	10.08.20 08:16:13	0,96	3,42	36,30	14,02	39,69
1095	10.08.20 08:16:14	1,04	3,33	41,03	10,63	38,34
1096	10.08.20 08:16:15	1,08	3,25	43,35	6,62	40,03
1097	10.08.20 08:16:16	1,12	3,18	36,22	12,89	40,89
1098	10.08.20 08:16:17	1,16	3,12	42,70	9,00	38,30
1099	10.08.20 08:16:18	1,16	3,04	46,01	4,49	39,49
1100	10.08.20 08:16:19	1,20	2,99	48,25	3,91	37,84
1101	10.08.20 08:16:20	1,20	2,91	40,55	0,13	49,32
1102	10.08.20 08:16:21	1,20	2,86	44,33	-5,41	40,26
1103	10.08.20 08:16:22	1,20	2,82	42,43	-9,06	38,51
1104	10.08.20 08:16:23	1,24	2,76	33,66	-15,51	40,83
1105	10.08.20 08:16:24	1,28	2,69	30,17	-17,63	42,20
1106	10.08.20 08:16:25	1,36	2,65	30,05	-18,81	41,14
1107	10.08.20 08:16:26	1,56	2,61	29,97	-19,61	40,42
1108	10.08.20 08:16:27	1,75	2,57	29,31	-19,35	41,34
1109	10.08.20 08:16:28	1,95	2,57	35,23	-19,19	35,58
1110	10.08.20 08:16:29	2,02	2,55	44,68	-18,24	27,07
1111	10.08.20 08:16:30	2,10	2,58	49,86	-18,84	21,31
1112	10.08.20 08:16:31	2,14	2,60	52,43	-20,77	16,80
1113	10.08.20 08:16:32	2,18	2,60	54,83	-20,25	14,92
1114	10.08.20 08:16:33	2,18	2,62	56,07	-19,30	14,62
1115	10.08.20 08:16:34	2,18	2,62	58,57	-18,04	13,38
1116	10.08.20 08:16:35	2,18	2,64	61,01	-16,63	12,35
1117	10.08.20 08:16:36	2,18	2,66	61,75	-15,93	12,31
1118	10.08.20 08:16:37	2,22	2,71	62,57	-15,03	12,40
1119	10.08.20 08:16:38	2,26	2,71	66,07	-12,86	11,07
1120	10.08.20 08:16:39	2,29	2,75	67,26	-12,13	10,61
1121	10.08.20 08:16:40	2,29	2,75	64,92	-12,27	12,81
1122	10.08.20 08:16:41	2,33	2,75	62,93	-13,01	14,06
1123	10.08.20 08:16:42	2,33	2,77	59,93	-14,47	15,60
1124	10.08.20 08:16:43	2,37	2,79	57,37	-15,81	16,82
1125	10.08.20 08:16:44	2,41	2,79	54,73	-17,21	18,07
1126	10.08.20 08:16:45	2,41	2,79	54,19	-16,76	19,06
1127	10.08.20 08:16:46	2,41	2,79	54,04	-16,09	19,87
1128	10.08.20 08:16:47	2,41	2,77	54,05	-14,51	21,43
1129	10.08.20 08:16:48	2,41	2,73	52,06	-13,08	24,86
1130	10.08.20 08:16:49	2,41	2,73	45,74	-14,30	29,96
1131	10.08.20 08:16:50	2,41	2,67	34,38	-20,39	35,23
1132	10.08.20 08:16:51	2,41	2,58	33,47	-20,31	36,22
1133	10.08.20 08:16:52	2,49	2,50	35,56	-19,15	35,29
1134	10.08.20 08:16:53	2,52	2,43	31,50	-21,12	37,38
1135	10.08.20 08:16:54	2,52	2,39	36,82	-16,86	36,32
1136	10.08.20 08:16:55	2,56	2,30	33,03	-18,38	38,59
1137	10.08.20 08:16:56	2,64	2,22	32,88	-17,11	40,02
1138	10.08.20 08:16:57	2,72	2,16	32,13	-17,14	40,73
1139	10.08.20 08:16:58	2,75	2,09	32,92	-12,33	44,74
1140	10.08.20 08:16:59	2,79	2,01	32,02	-14,97	43,00
1141	10.08.20 08:17:00	2,87	1,88	29,73	-12,50	47,76
1142	10.08.20 08:17:01	3,02	1,86	32,31	-9,74	47,95
1143	10.08.20 08:17:02	3,21	1,78	32,87	-7,32	49,81
1144	10.08.20 08:17:03	3,32	1,71	29,44	-7,70	52,85
1145	10.08.20 08:17:04	3,44	1,67	29,93	-4,89	55,18
1146	10.08.20 08:17:05	3,47	1,61	31,17	-6,86	51,98
1147	10.08.20 08:17:06	3,59	1,53	26,95	-10,19	52,86
1148	10.08.20 08:17:07	3,73	1,48	26,91	-10,41	52,68
1149	10.08.20 08:17:08	3,92	1,44	26,45	-11,89	51,65
1150	10.08.20 08:17:09	4,03	1,40	28,94	-9,96	51,10
1151	10.08.20 08:17:10	4,22	1,32	27,13	-13,34	49,53
1152	10.08.20 08:17:11	4,40	1,26	24,24	-12,61	53,15
1153	10.08.20 08:17:12	4,55	1,22	26,76	-12,80	50,44
1154	10.08.20 08:17:13	4,70	1,15	27,59	-11,44	50,97
1155	10.08.20 08:17:14	4,84	1,18	29,12	-9,40	51,47
1156	10.08.20 08:17:15	4,99	1,09	28,73	-9,90	51,37
1157	10.08.20 08:17:16	5,13	1,14	31,34	-6,84	51,82
1158	10.08.20 08:17:17	5,28	1,14	33,45	-3,54	53,01
1159	10.08.20 08:17:18	5,56	1,08	30,67	-5,21	54,13
1160	10.08.20 08:17:19	5,89	1,14	28,90	-6,40	54,70
1161	10.08.20 08:17:20	6,52	0,94	33,04	-5,03	51,92
1162	10.08.20 08:17:21	6,87	0,92	28,29	-5,68	56,04
1163	10.08.20 08:17:22	7,15	0,88	30,44	-5,44	54,13
1164	10.08.20 08:17:23	7,40	0,80	35,43	-4,42	50,14
1165	10.08.20 08:17:24	7,77	0,82	32,20	-3,10	54,70
1166	10.08.20 08:17:25	8,05	0,74	23,25	-11,91	54,85
1167	10.08.20 08:17:26	8,49	0,66	25,13	-10,88	53,99
1168	10.08.20 08:17:27	8,90	0,68	28,45	-7,69	53,86
1169	10.08.20 08:17:28	9,10	0,64	23,51	-11,13	55,36
1170	10.08.20 08:17:29	9,33	0,60	25,63	-12,67	51,70
1171	10.08.20 08:17:30	9,46	0,52	21,22	-13,43	55,35
1172	10.08.20 08:17:31	9,60	0,58	29,40	-4,28	56,33
1173	10.08.20 08:17:32	9,86	0,52	25,63	-2,68	61,69
1174	10.08.20 08:17:33	9,99	0,50	31,14	-3,27	55,58
1175	10.08.20 08:17:34	10,03	0,48	27,11	-3,17	59,72
1176	10.08.20 08:17:35	10,09	0,52	21,86	-4,77	63,37
1177	10.08.20 08:17:36	10,26	0,43	26,76	-4,95	58,29
1178	10.08.20 08:17:37	10,36	0,43	23,18	-6,11	60,71
1179	10.08.20 08:17:38	10,45	0,39	27,58	-8,08	54,34
1180	10.08.20 08:17:39	10,49	0,39	30,13	-11,22	48,65
1181	10.08.20 08:17:40	10,55	0,37	22,67	-10,32	57,01
1182	10.08.20 08:17:41	10,68	0,33	25,75	0,45	63,80
1183	10.08.20 08:17:42	10,91	0,41	28,94	-4,24	56,81
1184	10.08.20 08:17:43	11,07	0,35	27,20	-1,70	61,11
1185	10.08.20 08:17:44	11,10	0,39	27,72	-0,76	61,52
1186	10.08.20 08:17:45	11,17	0,37	27,23	1,74	61,03
1187	10.08.20 08:17:46	11,20	0,37	21,00	-6,18	62,82
1188	10.08.20 08:17:47	11,23	0,35	29,19	-2,38	58,43
1189	10.08.20 08:17:48	11,30	0,35	27,53	-4,86	57,61
1190	10.08.20 08:17:49	11,46	0,35	28,80	-7,91	53,29
1191	10.08.20 08:17:50	11,56	0,37	28,25	-9,08	52,68
1192	10.08.20 08:17:51	11,62	0,39	20,97	-9,68	59,35
1193	10.08.20 08:17:52	11,72	0,39	22,76	-11,67	55,56
1194	10.08.20 08:17:53	11,85	0,39	28,17	-9,10	52,73
1195	10.08.20 08:17:54	11,88	0,37	25,31	-8,99	55,70
1196	10.08.20 08:17:55	11,97	0,39	24,70	-6,44	58,87
1197	10.08.20 08:17:56	12,10	0,39	28,38	-6,67	54,95
1198	10.08.20 08:17:57	12,20	0,37	30,67	-1,40	57,93
1199	10.08.20 08:17:58	12,26	0,33	28,30	-3,94	57,76
1200	10.08.20 08:17:59	12,36	0,35	21,78	-7,31	60,92
1201	10.08.20 08:18:00	12,42	0,33	26,32	6,45	57,23
1202	10.08.20 08:18:01	12,51	0,33	20,35	-4,82	64,83
1203	10.08.20 08:18:02	12,55	0,33	25,22	-5,99	58,79
1204	10.08.20 08:18:03	12,61	0,35	23,55	1,70	64,75
1205	10.08.20 08:18:04	12,74	0,33	25,45	-1,30	63,25
1206	10.08.20 08:18:05	12,74	0,37	23,24	-3,83	62,93
1207	10.08.20 08:18:06	12,77	0,35	26,35	-2,71	60,94
1208	10.08.20 08:18:07	12,77	0,35	22,45	-7,55	60,00
1209	10.08.20 08:18:08	12,77	0,35	23,56	-5,80	60,64
1210	10.08.20 08:18:09	12,83	0,37	26,06	-11,01	52,93
1211	10.08.20 08:18:10	12,89	0,33	22,40	-0,29	67,31
1212	10.08.20 08:18:11	12,89	0,35	23,00	-9,34	57,66
1213	10.08.20 08:18:12	12,93	0,33	24,74	-8,38	56,87
1214	10.08.20 08:18:13	13,02	0,30	23,80	-5,91	60,29
1215	10.08.20 08:18:14	13,11	0,30	24,42	-8,01	57,57
1216	10.08.20 08:18:15	13,15	0,28	23,00	-5,92	61,08
1217	10.08.20 08:18:16	13,24	0,28	21,31	-5,99	62,70
1218	10.08.20 08:18:17	13,27	0,33	23,38	-8,33	58,28
1219	10.08.20 08:18:18	13,30	0,30	23,46	-1,91	64,63
1220	10.08.20 08:18:19	13,30	0,28	20,92	-2,63	66,45
1221	10.08.20 08:18:20	13,33	0,33	29,22	-4,47	56,31
1222	10.08.20 08:18:21	13,46	0,28	20,40	7,44	62,15
1223	10.08.20 08:18:22	13,62	0,28	23,81	2,23	63,96
1224	10.08.20 08:18:23	13,65	0,26	29,73	-1,91	58,36
1225	10.08.20 08:18:24	13,68	0,24	21,30	1,95	66,75
1226	10.08.20 08:18:25	13,83	0,24	2,42	28,83	58,75
1227	10.08.20 08:18:26	13,93	0,26	27,02	10,02	52,96
1228	10.08.20 08:18:27	13,96	0,33	24,61	9,75	55,63
1229	10.08.20 08:18:28	14,02	0,26	17,77	14,19	58,04
1230	10.08.20 08:18:29	14,08	0,30	30,79	-4,04	55,17
1231	10.08.20 08:18:30	14,11	0,30	25,95	-0,64	63,41
1232	10.08.20 08:18:31	14,14	0,26	28,25	-0,57	61,18
1233	10.08.20 08:18:32	14,21	0,24	6,63	45,44	37,94
1234	10.08.20 08:18:33	14,24	0,30	35,14	0,15	54,71
1235	10.08.20 08:18:34	14,30	0,30	29,56	16,65	43,79
1236	10.08.20 08:18:35	14,33	0,28	25,79	26,96	37,25
1237	10.08.20 08:18:36	14,39	0,28	21,26	23,59	45,15
1238	10.08.20 08:18:37	14,39	0,33	23,06	18,58	48,37
1239	10.08.20 08:18:38	14,39	0,30	23,50	16,67	49,82
1240	10.08.20 08:18:39	14,39	0,33	42,75	-7,36	39,89
1241	10.08.20 08:18:40	14,42	0,28	22,13	17,23	50,64
1242	10.08.20 08:18:41	14,49	0,24	23,50	17,62	48,88
1243	10.08.20 08:18:42	14,52	0,28	32,08	4,94	52,98
1244	10.08.20 08:18:43	14,52	0,35	30,75	10,97	48,28
1245	10.08.20 08:18:44	14,52	0,33	24,96	17,84	47,20
1246	10.08.20 08:18:45	14,52	0,24	20,29	18,03	51,67
1247	10.08.20 08:18:46	14,67	0,22	15,31	19,68	55,01
1248	10.08.20 08:18:47	14,73	0,20	24,87	14,82	50,31
1249	10.08.20 08:18:48	14,79	0,24	36,02	21,94	32,04
1250	10.08.20 08:18:49	14,76	0,26	43,87	28,88	17,25
1251	10.08.20 08:18:50	14,70	0,22	37,02	30,20	22,78
1252	10.08.20 08:18:51	14,70	0,28	70,15	12,88	6,98
1253	10.08.20 08:18:52	14,58	0,28	67,60	15,39	7,01
1254	10.08.20 08:18:53	14,45	0,26	57,43	25,85	6,72
1255	10.08.20 08:18:54	14,33	0,33	53,07	34,56	2,37
1256	10.08.20 08:18:55	14,36	0,24	54,75	29,27	5,98
1257	10.08.20 08:18:56	14,49	0,24	34,48	32,81	22,71
1258	10.08.20 08:18:57	14,58	0,24	30,31	34,29	25,40
1259	10.08.20 08:18:58	14,67	0,22	43,15	36,71	10,14
1260	10.08.20 08:18:59	14,76	0,24	37,20	40,96	11,84
1261	10.08.20 08:19:00	14,82	0,22	30,95	34,26	24,78
1262	10.08.20 08:19:01	14,92	0,26	36,48	35,77	17,75
1263	10.08.20 08:19:02	14,95	0,22	42,11	35,44	12,45
1264	10.08.20 08:19:03	15,01	0,22	51,94	28,99	9,07
1265	10.08.20 08:19:04	15,01	0,24	49,25	36,15	4,60
1266	10.08.20 08:19:05	15,04	0,24	52,42	36,23	1,35
1267	10.08.20 08:19:06	15,04	0,24	50,88	38,38	0,74
1268	10.08.20 08:19:07	15,04	0,24	48,53	40,76	-0,71
1269	10.08.20 08:19:08	15,01	0,24	42,03	44,38	-3,59
1270	10.08.20 08:19:09	15,01	0,24	44,65	42,53	2,81
1271	10.08.20 08:19:10	15,01	0,26	50,24	36,71	3,05
1272	10.08.20 08:19:11	15,01	0,28	44,38	38,33	7,29
1273	10.08.20 08:19:12	15,01	0,22	44,37	39,83	5,80
1274	10.08.20 08:19:13	15,07	0,28	42,55	37,67	9,78
1275	10.08.20 08:19:14	15,04	0,26	48,30	32,62	9,08
1276	10.08.20 08:19:15	15,01	0,28	57,41	31,61	0,97
1277	10.08.20 08:19:16	14,92	0,28	33,28	54,44	2,28
1278	10.08.20 08:19:17	14,85	0,26	52,32	30,87	-6,82
1279	10.08.20 08:19:18	14,76	0,28	42,38	42,81	-4,81
1280	10.08.20 08:19:19	14,67	0,30	19,29	36,77	-33,94
1281	10.08.20 08:19:20	14,58	0,30	11,85	34,13	-44,02
1282	10.08.20 08:19:21	14,52	0,30	12,18	41,93	-35,89
1283	10.08.20 08:19:22	14,45	0,30	10,57	35,46	-43,97
1284	10.08.20 08:19:23	14,42	0,30	2,94	30,60	-56,46
1285	10.08.20 08:19:24	14,36	0,30	-9,79	13,11	-67,10
1286	10.08.20 08:19:25	14,33	0,30	-6,55	3,30	-80,15
1287	10.08.20 08:19:26	14,30	0,30	-30,71	-1,67	-57,62
1288	10.08.20 08:19:27	14,27	0,33	-8,65	-12,75	-68,60
1289	10.08.20 08:19:28	14,24	0,30	53,81	35,81	0,39
1290	10.08.20 08:19:29	14,21	0,30	-48,05	20,20	21,74
1291	10.08.20 08:19:30	14,18	0,33	79,53	5,51	4,97
1292	10.08.20 08:19:31	14,14	0,33	81,57	-2,70	5,73
1293	10.08.20 08:19:32	14,08	0,30	63,71	-14,04	-12,25
1294	10.08.20 08:19:33	14,05	0,33	30,80	-45,29	-13,91
1295	10.08.20 08:19:34	14,02	0,30	32,01	-41,55	-16,44
1296	10.08.20 08:19:35	13,99	0,30	37,63	-47,48	-4,89
1297	10.08.20 08:19:36	13,96	0,33	4,35	-8,52	-77,13
1298	10.08.20 08:19:37	13,93	0,30	-2,36	-1,76	-85,88
1299	10.08.20 08:19:38	13,90	0,28	-3,04	-3,04	-83,92
1300	10.08.20 08:19:39	13,86	0,30	2,35	-1,99	-85,66
1301	10.08.20 08:19:40	13,83	0,30	-2,69	-0,15	-87,16
1302	10.08.20 08:19:41	13,80	0,30	-3,30	-2,69	-84,01
1303	10.08.20 08:19:42	13,80	0,28	0,46	-0,63	-88,91
1304	10.08.20 08:19:43	13,77	0,30	1,38	-0,73	-87,89
1305	10.08.20 08:19:44	13,74	0,30	1,87	0,86	-87,27
1306	10.08.20 08:19:45	13,74	0,30	2,94	-2,34	-84,71
1307	10.08.20 08:19:46	13,71	0,30	3,58	-1,02	-85,41
1308	10.08.20 08:19:47	13,71	0,33	4,49	-2,22	-83,29
1309	10.08.20 08:19:48	13,68	0,30	5,45	-1,87	-82,68
1310	10.08.20 08:19:49	13,65	0,30	2,74	-6,98	-80,28
1311	10.08.20 08:19:50	13,65	0,28	3,46	-0,75	-85,79
1312	10.08.20 08:19:51	13,62	0,33	-34,76	10,67	-44,58
1313	10.08.20 08:19:52	13,62	0,30	-81,25	6,79	1,96
1314	10.08.20 08:19:53	13,62	0,33	-84,03	-3,15	-2,81
1315	10.08.20 08:19:54	13,62	0,30	-83,46	-2,68	-3,86
1316	10.08.20 08:19:55	13,62	0,30	-83,17	-2,83	-4,00
1317	10.08.20 08:19:56	13,62	0,30	-83,51	-3,27	-3,22
1318	10.08.20 08:19:57	13,58	0,33	-83,80	-3,33	-2,87
1319	10.08.20 08:19:58	13,58	0,30	-83,00	-2,62	-4,37
1320	10.08.20 08:19:59	13,58	0,33	-83,01	-3,15	-3,85
1321	10.08.20 08:20:00	13,55	0,33	-83,41	-3,48	-3,11
1322	10.08.20 08:20:01	13,55	0,33	-83,98	-3,09	-2,93
1323	10.08.20 08:20:02	13,52	0,33	-82,62	-3,00	-4,38
1324	10.08.20 08:20:03	13,52	0,33	-83,19	-3,07	-3,74
1325	10.08.20 08:20:04	13,52	0,33	-83,78	-3,47	-2,75
1326	10.08.20 08:20:05	13,52	0,33	-83,43	-2,73	-3,84
1327	10.08.20 08:20:06	13,52	0,30	-82,67	-3,47	-3,87
1328	10.08.20 08:20:07	13,49	0,35	-83,49	-3,25	-3,26
1329	10.08.20 08:20:08	13,49	0,33	-84,06	-2,66	-3,28
1330	10.08.20 08:20:09	13,49	0,30	52,42	-28,69	8,90
1331	10.08.20 08:20:10	13,49	0,33	65,29	8,63	16,08
1332	10.08.20 08:20:11	13,46	0,30	36,30	-15,94	-37,76
1333	10.08.20 08:20:12	13,46	0,33	73,99	-0,11	15,90
1334	10.08.20 08:20:13	13,46	0,30	9,78	70,59	9,63
1335	10.08.20 08:20:14	13,46	0,33	-8,82	68,90	-12,28
1336	10.08.20 08:20:15	13,46	0,30	-17,71	61,34	-10,95
1337	10.08.20 08:20:16	13,46	0,33	-32,80	44,11	13,09
1338	10.08.20 08:20:17	13,49	0,33	-26,02	53,13	-10,85
1339	10.08.20 08:20:18	13,49	0,30	-22,63	35,93	-31,44
1340	10.08.20 08:20:19	13,49	0,39	-31,00	40,34	-18,66
1341	10.08.20 08:20:20	14,55	0,22	8,56	57,39	-24,04
1342	10.08.20 08:20:21	14,73	0,26	5,29	55,26	-29,45
1343	10.08.20 08:20:22	14,79	0,26	31,63	-24,09	-34,27
1344	10.08.20 08:20:23	14,82	0,26	-3,04	-62,98	23,98
1345	10.08.20 08:20:24	14,82	0,26	-8,44	-37,55	44,01
1346	10.08.20 08:20:25	14,82	0,26	12,12	-38,52	39,36
1347	10.08.20 08:20:26	14,82	0,26	20,24	-60,45	9,31
1348	10.08.20 08:20:27	14,79	0,28	-1,28	-50,00	-38,72
1349	10.08.20 08:20:28	14,79	0,28	13,57	-0,14	-76,30
1350	10.08.20 08:20:29	14,76	0,28	3,38	5,17	-81,45
1351	10.08.20 08:20:30	14,73	0,30	2,57	5,49	-81,94
1352	10.08.20 08:20:31	14,70	0,30	2,66	5,52	-81,82
1353	10.08.20 08:20:32	14,70	0,28	2,83	5,80	-81,37
1354	10.08.20 08:20:33	14,67	0,30	-14,94	-16,25	-58,81
1355	10.08.20 08:20:34	14,64	0,28	-42,60	-22,90	-24,50
1356	10.08.20 08:20:35	14,64	0,28	-45,10	-22,95	-21,95
1357	10.08.20 08:20:36	14,67	0,28	-47,32	-10,64	-32,05
1358	10.08.20 08:20:37	14,67	0,28	-42,40	-21,27	-26,33
1359	10.08.20 08:20:38	14,67	0,28	-3,46	-13,58	-72,96
1360	10.08.20 08:20:39	14,67	0,28	3,14	2,71	-84,15
1361	10.08.20 08:20:40	14,67	0,30	2,96	2,59	-84,45
1362	10.08.20 08:20:41	14,64	0,30	1,46	2,58	-85,96
1363	10.08.20 08:20:42	14,64	0,28	2,00	2,37	-85,64
1364	10.08.20 08:20:43	14,64	0,30	3,25	2,22	-84,52
1365	10.08.20 08:20:44	14,61	0,30	2,44	2,87	-84,69
1366	10.08.20 08:20:45	14,61	0,30	1,56	2,73	-85,71
1367	10.08.20 08:20:46	14,58	0,33	2,46	1,89	-85,65
1368	10.08.20 08:20:47	14,58	0,30	2,98	2,65	-84,36
1369	10.08.20 08:20:48	14,58	0,33	2,08	2,47	-85,45
1370	10.08.20 08:20:49	14,55	0,30	2,07	2,31	-85,62
1371	10.08.20 08:20:50	14,55	0,33	2,56	2,26	-85,17
1372	10.08.20 08:20:51	14,55	0,33	2,43	2,76	-84,81
1373	10.08.20 08:20:52	14,52	0,30	2,49	2,43	-85,08
1374	10.08.20 08:20:53	14,52	0,30	2,08	2,36	-85,56
1375	10.08.20 08:20:54	14,52	0,30	2,14	2,64	-85,22
1376	10.08.20 08:20:55	14,52	0,30	2,69	2,39	-84,92
1377	10.08.20 08:20:56	14,52	0,30	2,36	2,51	-85,13
1378	10.08.20 08:20:57	14,52	0,33	2,00	2,79	-85,21
1379	10.08.20 08:20:58	14,52	0,30	2,59	2,44	-84,96
1380	10.08.20 08:20:59	14,52	0,30	2,55	2,46	-84,99
1381	10.08.20 08:21:00	14,49	0,33	1,72	2,66	-85,62
1382	10.08.20 08:21:01	14,49	0,30	2,34	2,58	-85,08
1383	10.08.20 08:21:02	14,49	0,30	3,30	2,54	-84,15
1384	10.08.20 08:21:03	14,49	0,33	1,68	2,46	-85,87
1385	10.08.20 08:21:04	14,49	0,33	1,61	2,77	-85,62
1386	10.08.20 08:21:05	14,49	0,33	3,13	2,61	-84,25
1387	10.08.20 08:21:06	14,49	0,33	2,72	2,80	-84,48
1388	10.08.20 08:21:07	14,45	0,30	1,28	2,89	-85,83
1389	10.08.20 08:21:08	14,45	0,30	2,31	1,98	-85,70
1390	10.08.20 08:21:09	14,45	0,30	3,09	3,14	-83,77
1391	10.08.20 08:21:10	14,45	0,30	2,29	2,88	-84,83
1392	10.08.20 08:21:11	14,45	0,30	1,65	1,60	-86,75
1393	10.08.20 08:21:12	14,45	0,30	2,18	2,80	-85,01
1394	10.08.20 08:21:13	14,45	0,30	3,14	2,57	-84,29
1395	10.08.20 08:21:14	14,45	0,30	2,28	2,58	-85,15
1396	10.08.20 08:21:15	14,45	0,33	1,79	2,53	-85,68
1397	10.08.20 08:21:16	14,45	0,30	2,15	2,42	-85,42
1398	10.08.20 08:21:17	14,45	0,35	2,62	2,86	-84,53
1399	10.08.20 08:21:18	14,45	0,30	2,75	2,36	-84,89
1400	10.08.20 08:21:19	14,45	0,30	2,15	2,24	-85,61
1401	10.08.20 08:21:20	14,45	0,33	1,58	2,53	-85,90
1402	10.08.20 08:21:21	14,45	0,30	2,71	2,67	-84,62
1403	10.08.20 08:21:22	14,45	0,30	2,96	2,12	-84,93
1404	10.08.20 08:21:23	14,45	0,33	1,93	2,66	-85,41
1405	10.08.20 08:21:24	14,45	0,33	1,52	2,69	-85,79
1406	10.08.20 08:21:25	14,45	0,30	2,89	2,53	-84,58
1407	10.08.20 08:21:26	14,45	0,33	3,24	2,30	-84,46
1408	10.08.20 08:21:27	14,45	0,33	1,06	2,57	-86,37
1409	10.08.20 08:21:28	14,45	0,33	1,96	2,58	-85,47
1410	10.08.20 08:21:29	14,45	0,33	3,69	2,52	-83,80
1411	10.08.20 08:21:30	14,45	0,30	2,45	2,45	-85,10
1412	10.08.20 08:21:31	14,45	0,30	1,23	2,02	-86,74
1413	10.08.20 08:21:32	14,49	0,33	2,41	2,73	-84,86
1414	10.08.20 08:21:33	14,49	0,30	3,64	2,83	-83,53
1415	10.08.20 08:21:34	14,49	0,33	1,79	2,19	-86,02
1416	10.08.20 08:21:35	14,49	0,30	1,18	2,50	-86,32
1417	10.08.20 08:21:36	14,49	0,33	3,02	2,42	-84,56
1418	10.08.20 08:21:37	14,49	0,30	3,16	2,79	-84,05
1419	10.08.20 08:21:38	14,49	0,33	1,77	2,67	-85,56
1420	10.08.20 08:21:39	14,49	0,30	1,43	2,15	-86,41
1421	10.08.20 08:21:40	14,49	0,30	2,92	2,74	-84,35
1422	10.08.20 08:21:41	14,49	0,30	2,69	2,75	-84,56
1423	10.08.20 08:21:42	14,49	0,30	-7,80	-13,84	-68,36
1424	10.08.20 08:21:43	14,52	0,30	-30,24	-44,78	-14,98
1425	10.08.20 08:21:44	14,52	0,28	-30,89	-35,86	-23,25
1426	10.08.20 08:21:45	14,52	0,30	-36,26	-36,22	-17,52
1427	10.08.20 08:21:46	14,52	0,30	-25,32	-30,29	-34,40
1428	10.08.20 08:21:47	14,55	0,30	6,20	-47,25	-36,55
1429	10.08.20 08:21:48	14,58	0,30	27,00	-37,54	-25,46
1430	10.08.20 08:21:49	14,58	0,30	19,58	-24,24	-46,18
1431	10.08.20 08:21:50	14,58	0,30	17,86	-39,09	-33,05
1432	10.08.20 08:21:51	14,61	0,30	16,40	-26,83	-46,77
1433	10.08.20 08:21:52	14,61	0,30	17,96	-45,28	-26,76
1434	10.08.20 08:21:53	14,61	0,33	1,50	-50,01	-38,49
1435	10.08.20 08:21:54	14,61	0,30	8,30	-50,50	-31,20
1436	10.08.20 08:21:55	14,61	0,30	1,62	-41,64	-46,74
1437	10.08.20 08:21:56	14,61	0,30	4,64	-36,74	-48,62
1438	10.08.20 08:21:57	14,64	0,30	5,56	-50,61	-33,83
1439	10.08.20 08:21:58	14,64	0,30	9,09	-45,35	-35,56
1440	10.08.20 08:21:59	14,64	0,28	-0,23	-45,94	-43,83
1441	10.08.20 08:22:00	14,67	0,28	11,95	-38,01	-40,04
1442	10.08.20 08:22:01	14,67	0,30	10,85	-41,10	-38,05
1443	10.08.20 08:22:02	14,67	0,30	6,98	-47,61	-35,41
1444	10.08.20 08:22:03	14,70	0,28	7,42	-51,07	-31,51
1445	10.08.20 08:22:04	14,70	0,28	-5,82	-47,13	-37,05
1446	10.08.20 08:22:05	14,70	0,28	12,52	-41,45	-36,03
1447	10.08.20 08:22:06	14,73	0,30	16,27	-33,06	-40,66
1448	10.08.20 08:22:07	14,73	0,30	7,34	-38,62	-44,04
1449	10.08.20 08:22:08	14,73	0,28	12,32	-36,60	-41,08
1450	10.08.20 08:22:09	14,73	0,30	15,02	-36,90	-38,08
1451	10.08.20 08:22:10	14,76	0,30	11,53	-35,88	-42,58
1452	10.08.20 08:22:11	14,76	0,30	7,90	-34,16	-47,94
1453	10.08.20 08:22:12	14,76	0,33	11,83	-40,56	-37,60
1454	10.08.20 08:22:13	14,76	0,30	13,31	-23,55	-53,14
1455	10.08.20 08:22:14	14,76	0,30	8,44	-51,73	-29,84
1456	10.08.20 08:22:15	14,76	0,28	11,62	-40,05	-38,33
1457	10.08.20 08:22:16	14,76	0,30	8,07	-33,16	-48,77
1458	10.08.20 08:22:17	14,79	0,30	6,68	-38,57	-44,75
1459	10.08.20 08:22:18	14,79	0,28	6,58	-48,23	-35,19
1460	10.08.20 08:22:19	14,79	0,30	2,62	-74,14	-13,25
1461	10.08.20 08:22:20	14,82	0,30	-1,68	-87,58	-0,74
1462	10.08.20 08:22:21	14,82	0,30	-5,05	-84,38	-0,57
1463	10.08.20 08:22:22	14,82	0,30	-5,02	-82,22	-2,76
1464	10.08.20 08:22:23	14,85	0,30	-2,49	-78,62	-8,89
1465	10.08.20 08:22:24	14,85	0,30	-0,36	-88,12	-1,52
1466	10.08.20 08:22:25	14,89	0,30	-2,81	-86,02	1,18
1467	10.08.20 08:22:26	14,89	0,30	-3,37	-84,46	-2,17
1468	10.08.20 08:22:27	14,89	0,30	30,72	-48,39	10,88
1469	10.08.20 08:22:28	14,89	0,30	41,80	16,15	-32,04
1470	10.08.20 08:22:29	14,92	0,30	25,76	34,67	-29,58
1471	10.08.20 08:22:30	14,92	0,30	28,63	32,67	-28,70
1472	10.08.20 08:22:31	14,89	0,28	27,01	35,43	-27,56
1473	10.08.20 08:22:32	14,89	0,28	26,07	35,44	-28,49
1474	10.08.20 08:22:33	14,89	0,30	25,60	35,18	-29,23
1475	10.08.20 08:22:34	14,89	0,30	26,58	35,12	-28,29
1476	10.08.20 08:22:35	14,89	0,30	26,95	35,22	-27,84
1477	10.08.20 08:22:36	14,89	0,30	25,90	35,47	-28,64
1478	10.08.20 08:22:37	14,89	0,30	26,11	35,17	-28,72
1479	10.08.20 08:22:38	14,89	0,30	26,26	35,41	-28,33
1480	10.08.20 08:22:39	14,89	0,33	26,49	35,14	-28,37
1481	10.08.20 08:22:40	14,89	0,30	26,12	35,70	-28,18
1482	10.08.20 08:22:41	14,89	0,30	26,21	35,47	-28,32
1483	10.08.20 08:22:42	14,89	0,28	26,08	35,34	-28,59
1484	10.08.20 08:22:43	14,89	0,28	26,26	35,51	-28,23
1485	10.08.20 08:22:44	14,89	0,30	26,20	35,59	-28,20
1486	10.08.20 08:22:45	14,89	0,30	26,52	35,20	-28,28
1487	10.08.20 08:22:46	14,89	0,33	25,77	35,30	-28,92
1488	10.08.20 08:22:47	14,89	0,30	26,59	35,41	-27,99
1489	10.08.20 08:22:48	14,89	0,30	26,68	35,18	-28,13
1490	10.08.20 08:22:49	14,92	0,33	25,69	35,31	-29,00
1491	10.08.20 08:22:50	14,92	0,28	26,15	35,03	-28,81
1492	10.08.20 08:22:51	14,92	0,30	22,67	4,41	-62,92
1493	10.08.20 08:22:52	14,92	0,28	21,31	-7,52	-61,17
1494	10.08.20 08:22:53	14,92	0,30	16,83	-4,68	-68,49
1495	10.08.20 08:22:54	14,95	0,30	19,19	-5,60	-65,21
1496	10.08.20 08:22:55	14,95	0,30	22,28	-2,49	-65,23
1497	10.08.20 08:22:56	14,95	0,30	21,61	-2,79	-65,60
1498	10.08.20 08:22:57	14,95	0,28	21,65	-3,08	-65,27
1499	10.08.20 08:22:58	14,95	0,30	21,31	-2,49	-66,19
1500	10.08.20 08:22:59	14,95	0,28	21,90	-2,62	-65,48
1501	10.08.20 08:23:00	14,95	0,30	30,65	1,90	-57,44
1502	10.08.20 08:23:01	14,98	0,28	29,93	-0,51	-59,57
1503	10.08.20 08:23:02	14,98	0,30	28,57	-0,48	-60,95
1504	10.08.20 08:23:03	14,98	0,33	29,59	-0,54	-59,87
1505	10.08.20 08:23:04	14,98	0,30	30,89	-0,48	-58,63
1506	10.08.20 08:23:05	14,98	0,30	30,06	-0,33	-59,61
1507	10.08.20 08:23:06	14,98	0,30	28,49	-0,09	-61,42
1508	10.08.20 08:23:07	14,98	0,30	29,08	-0,39	-60,53
1509	10.08.20 08:23:08	14,98	0,30	31,44	0,09	-58,47
1510	10.08.20 08:23:09	14,98	0,30	30,60	-0,51	-58,89
1511	10.08.20 08:23:10	14,98	0,28	27,67	-0,65	-61,68
1512	10.08.20 08:23:11	14,98	0,30	28,94	-0,54	-60,52
1513	10.08.20 08:23:12	15,01	0,30	31,81	-0,33	-57,86
1514	10.08.20 08:23:13	15,01	0,30	30,30	-0,83	-58,87
1515	10.08.20 08:23:14	15,01	0,30	27,69	-0,59	-61,72
1516	10.08.20 08:23:15	15,01	0,33	29,34	-0,18	-60,48
1517	10.08.20 08:23:16	15,01	0,30	31,50	-0,09	-58,41
1518	10.08.20 08:23:17	15,01	0,33	29,92	-0,27	-59,82
1519	10.08.20 08:23:18	15,01	0,30	28,51	-0,69	-60,80
1520	10.08.20 08:23:19	15,01	0,33	29,78	-0,36	-59,86
1521	10.08.20 08:23:20	15,01	0,30	30,14	-0,59	-59,27
1522	10.08.20 08:23:21	15,01	0,33	29,79	-0,36	-59,85
1523	10.08.20 08:23:22	15,01	0,30	29,27	-0,71	-60,02
1524	10.08.20 08:23:23	15,01	0,30	30,02	-0,57	-59,42
1525	10.08.20 08:23:24	15,04	0,30	29,95	-0,33	-59,72
1526	10.08.20 08:23:25	15,04	0,30	28,81	-0,36	-60,84
1527	10.08.20 08:23:26	15,04	0,30	29,82	-0,41	-59,76
1528	10.08.20 08:23:27	15,04	0,28	31,30	-0,24	-58,46
1529	10.08.20 08:23:28	15,04	0,28	28,71	-0,64	-60,65
1530	10.08.20 08:23:29	15,04	0,30	28,25	-0,38	-61,37
1531	10.08.20 08:23:30	15,04	0,30	31,20	-0,73	-58,07
1532	10.08.20 08:23:31	15,04	0,30	30,39	-0,88	-58,73
1533	10.08.20 08:23:32	15,07	0,30	28,22	-0,42	-61,35
1534	10.08.20 08:23:33	15,07	0,30	29,25	-0,29	-60,45
1535	10.08.20 08:23:34	15,07	0,30	30,66	-0,59	-58,74
1536	10.08.20 08:23:35	15,07	0,33	30,05	-0,30	-59,65
1537	10.08.20 08:23:36	15,07	0,30	29,11	-0,27	-60,62
1538	10.08.20 08:23:37	15,07	0,30	29,36	-0,27	-60,37
1539	10.08.20 08:23:38	15,07	0,30	29,89	-0,74	-59,37
1540	10.08.20 08:23:39	15,10	0,30	30,04	-0,86	-59,10
1541	10.08.20 08:23:40	15,10	0,30	29,18	-0,75	-60,07
1542	10.08.20 08:23:41	15,10	0,30	29,71	-0,18	-60,11
1543	10.08.20 08:23:42	15,10	0,30	29,59	-0,45	-59,97
1544	10.08.20 08:23:43	15,10	0,30	29,68	-0,63	-59,69
1545	10.08.20 08:23:44	15,13	0,33	29,99	-0,06	-59,95
1546	10.08.20 08:23:45	15,13	0,30	29,33	-0,54	-60,13
1547	10.08.20 08:23:46	15,13	0,30	29,61	-0,45	-59,94
1548	10.08.20 08:23:47	15,13	0,30	29,89	-0,65	-59,46
1549	10.08.20 08:23:48	15,13	0,30	29,77	-1,20	-59,03
1550	10.08.20 08:23:49	15,13	0,30	29,19	-0,27	-60,54
1551	10.08.20 08:23:50	15,13	0,30	29,52	-0,78	-59,70
1552	10.08.20 08:23:51	15,16	0,30	30,55	-0,21	-59,24
1553	10.08.20 08:23:52	15,16	0,30	29,42	-0,66	-59,92
1554	10.08.20 08:23:53	15,16	0,30	28,87	-0,54	-60,60
1555	10.08.20 08:23:54	15,16	0,30	29,89	-0,80	-59,30
1556	10.08.20 08:23:55	15,19	0,30	30,34	-0,95	-58,71
1557	10.08.20 08:23:56	15,19	0,30	28,91	-0,77	-60,32
1558	10.08.20 08:23:57	15,19	0,28	29,12	-0,45	-60,43
1559	10.08.20 08:23:58	15,19	0,30	30,51	-0,51	-58,98
1560	10.08.20 08:23:59	15,19	0,30	29,80	-0,45	-59,75
1561	10.08.20 08:24:00	15,19	0,30	28,90	-0,56	-60,53
1562	10.08.20 08:24:01	15,19	0,30	29,83	-0,51	-59,66
1563	10.08.20 08:24:02	15,22	0,30	30,29	-0,48	-59,23
1564	10.08.20 08:24:03	15,22	0,30	29,58	-0,78	-59,65
1565	10.08.20 08:24:04	15,22	0,28	28,83	-0,74	-60,43
1566	10.08.20 08:24:05	15,22	0,30	29,75	-0,50	-59,75
1567	10.08.20 08:24:06	15,22	0,30	30,37	-0,72	-58,92
1568	10.08.20 08:24:07	15,25	0,30	29,23	-0,75	-60,02
1569	10.08.20 08:24:08	15,25	0,30	29,43	-0,51	-60,06
1570	10.08.20 08:24:09	15,25	0,33	30,21	-0,36	-59,43
1571	10.08.20 08:24:10	15,25	0,33	29,06	-0,50	-60,43
1572	10.08.20 08:24:11	15,25	0,30	29,40	-0,71	-59,89
1573	10.08.20 08:24:12	15,25	0,33	30,90	-0,70	-58,41
1574	10.08.20 08:24:13	15,28	0,30	28,86	-0,60	-60,54
1575	10.08.20 08:24:14	15,28	0,30	28,47	-0,91	-60,62
1576	10.08.20 08:24:15	15,28	0,30	30,94	-0,60	-58,46
1577	10.08.20 08:24:16	15,28	0,28	30,70	-0,37	-58,93
1578	10.08.20 08:24:17	15,32	0,30	28,18	-0,41	-61,40
1579	10.08.20 08:24:18	15,32	0,30	28,58	-0,99	-60,43
1580	10.08.20 08:24:19	15,32	0,30	31,47	-0,66	-57,87
1581	10.08.20 08:24:20	15,32	0,30	30,75	-0,28	-58,97
1582	10.08.20 08:24:21	15,32	0,30	27,48	-0,62	-61,90
1583	10.08.20 08:24:22	15,32	0,33	28,90	-0,59	-60,51
1584	10.08.20 08:24:23	15,32	0,33	32,11	-0,64	-57,26
1585	10.08.20 08:24:24	15,35	0,30	29,50	-0,96	-59,54
1586	10.08.20 08:24:25	15,35	0,30	28,00	-0,53	-61,47
1587	10.08.20 08:24:26	15,35	0,33	30,06	-0,27	-59,67
1588	10.08.20 08:24:27	15,35	0,30	30,48	-0,75	-58,77
1589	10.08.20 08:24:28	15,38	0,30	29,27	-0,65	-60,08
1590	10.08.20 08:24:29	15,38	0,30	29,62	-0,30	-60,08
1591	10.08.20 08:24:30	15,38	0,30	29,72	-0,48	-59,80
1592	10.08.20 08:24:31	15,38	0,28	29,70	-0,86	-59,45
1593	10.08.20 08:24:32	15,38	0,30	29,53	-0,51	-59,96
1594	10.08.20 08:24:33	15,38	0,30	29,73	-0,54	-59,73
1595	10.08.20 08:24:34	15,38	0,28	29,43	-0,61	-59,96
1596	10.08.20 08:24:35	15,41	0,30	29,30	-0,95	-59,74
1597	10.08.20 08:24:36	15,41	0,28	30,31	-0,79	-58,90
1598	10.08.20 08:24:37	15,41	0,28	29,46	-0,27	-60,27
1599	10.08.20 08:24:38	15,44	0,33	28,92	-0,68	-60,41
1600	10.08.20 08:24:39	15,44	0,30	30,06	-0,63	-59,31
1601	10.08.20 08:24:40	15,44	0,28	30,79	-0,15	-59,06
1602	10.08.20 08:24:41	15,44	0,30	29,09	-0,18	-60,73
1603	10.08.20 08:24:42	15,44	0,30	28,58	-0,42	-61,01
1604	10.08.20 08:24:43	15,44	0,30	30,25	-0,51	-59,25
1605	10.08.20 08:24:44	15,44	0,28	30,97	-0,51	-58,52
1606	10.08.20 08:24:45	15,47	0,30	28,71	-0,84	-60,46
1607	10.08.20 08:24:46	15,47	0,28	28,56	-0,79	-60,65
1608	10.08.20 08:24:47	15,47	0,30	30,34	-0,48	-59,19
1609	10.08.20 08:24:48	15,50	0,33	30,75	-0,09	-59,16
1610	10.08.20 08:24:49	15,50	0,30	29,24	-0,18	-60,58
1611	10.08.20 08:24:50	15,50	0,30	28,76	-0,80	-60,45
1612	10.08.20 08:24:51	15,50	0,30	29,80	-0,45	-59,75
1613	10.08.20 08:24:52	15,50	0,30	30,92	-0,30	-58,77
1614	10.08.20 08:24:53	15,50	0,30	29,09	-0,65	-60,26
1615	10.08.20 08:24:54	15,50	0,30	28,34	-1,00	-60,66
1616	10.08.20 08:24:55	15,50	0,30	30,52	-0,60	-58,88
1617	10.08.20 08:24:56	15,53	0,30	30,36	-0,42	-59,22
1618	10.08.20 08:24:57	15,53	0,30	28,99	-0,24	-60,78
1619	10.08.20 08:24:58	15,53	0,28	29,11	-0,09	-60,80
1620	10.08.20 08:24:59	15,53	0,30	30,62	-0,18	-59,20
1621	10.08.20 08:25:00	15,53	0,28	30,31	-0,15	-59,54
1622	10.08.20 08:25:01	15,56	0,30	28,73	-0,65	-60,63
1623	10.08.20 08:25:02	15,56	0,30	28,82	-0,83	-60,35
1624	10.08.20 08:25:03	15,56	0,30	30,61	-0,96	-58,43
1625	10.08.20 08:25:04	15,56	0,30	30,40	-0,69	-58,91
1626	10.08.20 08:25:05	15,56	0,30	28,43	-0,47	-61,10
1627	10.08.20 08:25:06	15,56	0,30	29,02	-0,45	-60,54
1628	10.08.20 08:25:07	15,59	0,30	31,26	0,12	-58,62
1629	10.08.20 08:25:08	15,59	0,28	30,01	0,27	-59,72
1630	10.08.20 08:25:09	15,59	0,28	28,47	-0,44	-61,09
1631	10.08.20 08:25:10	15,59	0,28	29,08	-0,98	-59,94
1632	10.08.20 08:25:11	15,59	0,30	31,26	-0,54	-58,20
1633	10.08.20 08:25:12	15,59	0,28	29,39	-0,86	-59,75
1634	10.08.20 08:25:13	15,62	0,30	27,91	-1,18	-60,91
1635	10.08.20 08:25:14	15,62	0,30	30,39	-0,48	-59,13
1636	10.08.20 08:25:15	15,62	0,28	30,90	0,30	-58,80
1637	10.08.20 08:25:16	15,62	0,28	28,81	-0,09	-61,10
1638	10.08.20 08:25:17	15,62	0,28	28,72	-0,21	-61,07
1639	10.08.20 08:25:18	15,62	0,30	30,66	-0,48	-58,86
1640	10.08.20 08:25:19	15,65	0,30	30,65	-0,30	-59,05
1641	10.08.20 08:25:20	15,65	0,30	28,30	-1,00	-60,70
1642	10.08.20 08:25:21	15,65	0,30	28,85	-1,07	-60,08
1643	10.08.20 08:25:22	15,65	0,30	26,41	25,59	-38,00
1644	10.08.20 08:25:23	15,68	0,28	-10,14	18,62	61,24
1645	10.08.20 08:25:24	15,68	0,28	-58,03	-29,20	-2,77
1646	10.08.20 08:25:25	15,83	0,26	-57,28	-25,37	-7,35
1647	10.08.20 08:25:26	15,99	0,26	-57,28	-9,18	23,54
1648	10.08.20 08:25:27	16,08	0,24	-6,26	42,58	41,15
1649	10.08.20 08:25:28	16,23	0,28	-29,77	21,41	38,81
1650	10.08.20 08:25:29	16,44	0,30	-16,50	31,39	42,11
1651	10.08.20 08:25:30	16,59	0,33	-5,68	33,18	51,14
1652	10.08.20 08:25:31	16,65	0,35	10,51	47,49	32,00
1653	10.08.20 08:25:32	16,62	0,35	-9,27	55,54	25,19
1654	10.08.20 08:25:33	16,68	0,35	-7,03	57,90	25,07
1655	10.08.20 08:25:34	16,74	0,37	6,58	29,27	54,15
1656	10.08.20 08:25:35	16,74	0,39	17,13	38,41	34,46
1657	10.08.20 08:25:36	16,68	0,35	9,07	35,83	45,11
1658	10.08.20 08:25:37	16,65	0,37	-2,76	41,88	45,37
1659	10.08.20 08:25:38	16,59	0,37	41,86	-37,80	-10,34
1660	10.08.20 08:25:39	16,56	0,37	26,20	-49,62	-14,18
1661	10.08.20 08:25:40	16,56	0,39	60,20	-28,97	-0,83
1662	10.08.20 08:25:41	16,53	0,39	39,33	-40,51	-10,16
1663	10.08.20 08:25:42	16,50	0,39	30,49	-47,10	12,41
1664	10.08.20 08:25:43	16,65	0,37	-2,53	-81,45	6,02
1665	10.08.20 08:25:44	16,92	0,35	45,46	-35,33	9,21
1666	10.08.20 08:25:45	17,16	0,30	-27,40	20,14	-42,45
1667	10.08.20 08:25:46	17,37	0,33	-19,52	27,80	-42,69
1668	10.08.20 08:25:47	17,46	0,30	-18,54	28,77	-42,69
1669	10.08.20 08:25:48	17,49	0,33	-18,88	29,27	-41,85
1670	10.08.20 08:25:49	17,49	0,30	-19,27	29,37	-41,36
1671	10.08.20 08:25:50	17,49	0,30	-18,64	29,25	-42,11
1672	10.08.20 08:25:51	17,49	0,33	-18,20	29,79	-42,02
1673	10.08.20 08:25:52	17,49	0,33	-18,75	29,71	-41,54
1674	10.08.20 08:25:53	17,49	0,33	-19,33	29,31	-41,36
1675	10.08.20 08:25:54	17,46	0,33	-18,49	30,00	-41,50
1676	10.08.20 08:25:55	17,46	0,35	-17,76	30,58	-41,65
1677	10.08.20 08:25:56	17,46	0,33	-18,70	30,50	-40,79
1678	10.08.20 08:25:57	17,46	0,35	-19,19	30,45	-40,35
1679	10.08.20 08:25:58	17,46	0,35	-18,16	30,31	-41,52
1680	10.08.20 08:25:59	17,46	0,35	-18,18	30,19	-41,63
1681	10.08.20 08:26:00	17,46	0,33	-18,58	30,27	-41,15
1682	10.08.20 08:26:01	17,46	0,35	-18,91	30,39	-40,70
1683	10.08.20 08:26:02	17,46	0,33	-18,97	29,98	-41,04
1684	10.08.20 08:26:03	17,46	0,33	-17,46	30,87	-41,68
1685	10.08.20 08:26:04	17,46	0,35	-18,48	31,17	-40,35
1686	10.08.20 08:26:05	17,46	0,35	-19,17	30,47	-40,37
1687	10.08.20 08:26:06	17,46	0,33	-18,32	30,92	-40,76
1688	10.08.20 08:26:07	17,46	0,35	-17,64	31,45	-40,91
1689	10.08.20 08:26:08	17,46	0,35	-18,29	30,74	-40,97
1690	10.08.20 08:26:09	17,46	0,35	-19,08	30,06	-40,85
1691	10.08.20 08:26:10	17,46	0,35	-18,55	30,41	-41,04
1692	10.08.20 08:26:11	17,46	0,35	-18,01	30,85	-41,14
1693	10.08.20 08:26:12	17,49	0,35	-18,23	30,88	-40,89
1694	10.08.20 08:26:13	17,49	0,35	-18,35	30,78	-40,87
1695	10.08.20 08:26:14	17,49	0,35	-18,77	31,38	-39,85
1696	10.08.20 08:26:15	17,52	0,35	-18,68	31,21	-40,11
1697	10.08.20 08:26:16	17,52	0,35	-16,95	31,52	-41,53
1698	10.08.20 08:26:17	17,52	0,35	-18,30	31,39	-40,31
1699	10.08.20 08:26:18	17,52	0,37	-19,98	30,16	-39,86
1700	10.08.20 08:26:19	17,52	0,35	-17,90	30,60	-41,50
1701	10.08.20 08:26:20	17,52	0,33	-17,30	31,81	-40,89
1702	10.08.20 08:26:21	17,52	0,35	-18,26	31,22	-40,52
1703	10.08.20 08:26:22	17,55	0,35	-19,47	30,46	-40,07
1704	10.08.20 08:26:23	17,55	0,35	-18,49	31,27	-40,24
1705	10.08.20 08:26:24	17,58	0,35	-16,93	32,51	-40,55
1706	10.08.20 08:26:25	17,58	0,35	-17,90	31,55	-40,55
1707	10.08.20 08:26:26	17,58	0,33	-19,82	30,52	-39,66
1708	10.08.20 08:26:27	17,61	0,35	-18,29	31,50	-40,21
1709	10.08.20 08:26:28	17,61	0,37	-17,29	31,33	-41,38
1710	10.08.20 08:26:29	17,61	0,35	-18,19	30,84	-40,97
1711	10.08.20 08:26:30	17,61	0,37	-19,42	30,74	-39,84
1712	10.08.20 08:26:31	17,61	0,35	-17,91	31,73	-40,37
1713	10.08.20 08:26:32	17,61	0,37	-17,78	31,44	-40,78
1714	10.08.20 08:26:33	17,64	0,35	-18,89	31,31	-39,80
1715	10.08.20 08:26:34	17,64	0,35	-17,86	32,14	-40,00
1716	10.08.20 08:26:35	17,67	0,37	-18,06	31,57	-40,37
1717	10.08.20 08:26:36	17,67	0,35	-18,37	31,47	-40,16
1718	10.08.20 08:26:37	17,67	0,35	-18,70	31,16	-40,13
1719	10.08.20 08:26:38	17,70	0,35	-17,90	30,89	-41,21
1720	10.08.20 08:26:39	17,70	0,35	-18,04	31,51	-40,45
1721	10.08.20 08:26:40	17,70	0,35	-18,37	31,59	-40,04
1722	10.08.20 08:26:41	17,70	0,35	-18,76	31,11	-40,14
1723	10.08.20 08:26:42	17,70	0,35	-17,89	31,75	-40,36
1724	10.08.20 08:26:43	17,70	0,35	-17,56	31,89	-40,55
1725	10.08.20 08:26:44	17,73	0,35	-18,54	31,45	-40,01
1726	10.08.20 08:26:45	17,73	0,35	-18,92	31,25	-39,83
1727	10.08.20 08:26:46	17,76	0,35	-17,48	31,51	-41,01
1728	10.08.20 08:26:47	17,76	0,35	-17,97	31,43	-40,60
1729	10.08.20 08:26:48	17,79	0,37	-18,81	31,29	-39,90
1730	10.08.20 08:26:49	17,79	0,35	-18,21	31,08	-40,71
1731	10.08.20 08:26:50	17,79	0,35	-18,04	31,59	-40,38
1732	10.08.20 08:26:51	17,79	0,35	-18,12	31,91	-39,96
1733	10.08.20 08:26:52	17,79	0,35	-18,35	31,53	-40,12
1734	10.08.20 08:26:53	17,79	0,35	-18,02	31,94	-40,04
1735	10.08.20 08:26:54	17,82	0,35	-17,71	32,07	-40,22
1736	10.08.20 08:26:55	17,82	0,35	-18,86	31,06	-40,08
1737	10.08.20 08:26:56	17,85	0,37	-18,47	31,51	-40,01
1738	10.08.20 08:26:57	17,85	0,35	-17,13	31,89	-40,98
1739	10.08.20 08:26:58	17,88	0,35	-18,35	31,43	-40,22
1740	10.08.20 08:26:59	17,88	0,35	-19,49	30,82	-39,69
1741	10.08.20 08:27:00	17,91	0,33	-17,89	31,28	-40,83
1742	10.08.20 08:27:01	17,91	0,37	-16,89	32,28	-40,84
1743	10.08.20 08:27:02	17,91	0,37	-18,84	31,85	-39,31
1744	10.08.20 08:27:03	17,94	0,35	-19,38	30,65	-39,96
1745	10.08.20 08:27:04	17,94	0,37	-17,34	31,84	-40,81
1746	10.08.20 08:27:05	17,97	0,35	-17,46	31,93	-40,61
1747	10.08.20 08:27:06	17,97	0,35	-18,97	31,16	-39,86
1748	10.08.20 08:27:07	18,00	0,35	-18,54	31,11	-40,36
1749	10.08.20 08:27:08	18,03	0,35	-17,74	31,56	-40,70
1750	10.08.20 08:27:09	18,06	0,35	-17,87	31,66	-40,46
1751	10.08.20 08:27:10	18,06	0,35	-18,93	30,93	-40,14
1752	10.08.20 08:27:11	18,09	0,37	-18,08	31,65	-40,27
1753	10.08.20 08:27:12	18,09	0,35	-17,76	31,63	-40,61
1754	10.08.20 08:27:13	18,12	0,35	-18,45	31,27	-40,28
1755	10.08.20 08:27:14	18,12	0,35	-18,47	31,87	-39,66
1756	10.08.20 08:27:15	18,15	0,35	-17,63	31,85	-40,52
1757	10.08.20 08:27:16	18,15	0,35	-18,26	31,34	-40,40
1758	10.08.20 08:27:17	18,18	0,33	-18,32	31,20	-40,48
1759	10.08.20 08:27:18	18,21	0,33	-18,25	31,10	-40,64
1760	10.08.20 08:27:19	18,21	0,35	-18,28	31,20	-40,52
1761	10.08.20 08:27:20	18,24	0,35	-18,04	31,53	-40,44
1762	10.08.20 08:27:21	18,24	0,35	-18,33	31,46	-40,20
1763	10.08.20 08:27:22	18,27	0,37	-17,94	31,73	-40,34
1764	10.08.20 08:27:23	18,27	0,35	-18,36	31,56	-40,09
1765	10.08.20 08:27:24	18,30	0,35	-18,42	31,45	-40,13
1766	10.08.20 08:27:25	18,30	0,37	-17,34	31,94	-40,72
1767	10.08.20 08:27:26	18,33	0,37	-18,56	31,57	-39,87
1768	10.08.20 08:27:27	18,33	0,37	-18,73	30,77	-40,51
1769	10.08.20 08:27:28	18,36	0,37	-17,75	31,49	-40,77
1770	10.08.20 08:27:29	18,36	0,37	-17,86	32,03	-40,11
1771	10.08.20 08:27:30	18,39	0,35	-18,35	31,84	-39,80
1772	10.08.20 08:27:31	18,42	0,37	-18,40	31,11	-40,48
1773	10.08.20 08:27:32	18,42	0,37	-17,73	31,89	-40,38
1774	10.08.20 08:27:33	18,42	0,37	-18,30	32,16	-39,54
1775	10.08.20 08:27:34	18,45	0,35	-18,14	31,70	-40,16
1776	10.08.20 08:27:35	18,45	0,37	-17,66	31,59	-40,76
1777	10.08.20 08:27:36	18,48	0,37	-18,67	31,78	-39,55
1778	10.08.20 08:27:37	18,48	0,37	-18,30	31,95	-39,75
1779	10.08.20 08:27:38	18,51	0,37	-17,12	32,28	-40,60
1780	10.08.20 08:27:39	18,51	0,37	-18,27	32,32	-39,41
1781	10.08.20 08:27:40	18,54	0,37	-18,96	32,17	-38,88
1782	10.08.20 08:27:41	18,54	0,35	-17,37	31,59	-41,03
1783	10.08.20 08:27:42	18,57	0,37	-17,85	32,17	-39,97
1784	10.08.20 08:27:43	18,57	0,35	-19,03	31,95	-39,02
1785	10.08.20 08:27:44	18,60	0,35	-18,04	32,07	-39,89
1786	10.08.20 08:27:45	18,60	0,37	-12,01	37,25	-40,74
1787	10.08.20 08:27:46	18,63	0,37	-15,76	58,20	16,04
1788	10.08.20 08:27:47	18,75	0,33	7,53	74,69	7,78
1789	10.08.20 08:27:48	18,98	0,35	1,23	83,96	-4,82
1790	10.08.20 08:27:49	19,19	0,35	4,97	80,74	-4,29
1791	10.08.20 08:27:50	19,37	0,33	-18,39	71,57	0,03
1792	10.08.20 08:27:51	19,55	0,30	-34,77	9,39	45,85
1793	10.08.20 08:27:52	19,75	0,30	65,24	18,06	-6,70
1794	10.08.20 08:27:53	19,84	0,30	49,82	-16,90	-23,28
1795	10.08.20 08:27:54	19,90	0,30	33,30	-21,39	-35,31
1796	10.08.20 08:27:55	20,05	0,28	33,29	-24,23	-32,48
1797	10.08.20 08:27:56	20,22	0,28	51,03	-22,69	16,27
1798	10.08.20 08:27:57	20,28	0,28	-0,53	-82,33	-7,15
1799	10.08.20 08:27:58	20,34	0,30	23,02	-58,36	-8,62
1800	10.08.20 08:27:59	20,37	0,30	10,91	-69,23	-9,86
1801	10.08.20 08:28:00	20,40	0,30	14,12	-66,40	-9,48
1802	10.08.20 08:28:01	20,46	0,28	15,25	-66,83	-7,92
1803	10.08.20 08:28:02	20,52	0,33	13,53	-67,22	-9,25
1804	10.08.20 08:28:03	20,58	0,33	28,25	-6,30	55,44
1805	10.08.20 08:28:04	20,63	0,28	-17,03	-15,05	57,92
1806	10.08.20 08:28:05	20,78	0,28	-26,85	0,10	63,05
1807	10.08.20 08:28:06	20,99	0,28	-28,36	8,90	-52,74
1808	10.08.20 08:28:07	21,28	0,28	-35,73	30,40	-23,87
1809	10.08.20 08:28:08	21,63	0,24	-7,90	53,85	-28,24
1810	10.08.20 08:28:09	21,92	0,22	-54,43	-18,69	16,88
1811	10.08.20 08:28:10	22,16	0,30	-80,78	5,65	-3,57
