#0	Date-time:	30/07/2020 8:49:56 PM
#1	Recorder:	82H0950
#2	File type:	1
#3	Columns:	7
#4	Channels:	5
#5	Field separation:	0
#6	Decimal point:	0
#7	Date def.:	0	0
#8	Time def.:	0
#9	Channel 1:	Temperature(°C)	Temp(°C)	2	1
#10	Channel 2:	Pressure(Bar)	Press(Bar)	2	1
#11	Reconvertion:	0
#14	Channel 3:	Tilt-X(°)	Tilt-X(°)	2	1
#18	Channel 4:	Tilt-Y(°)	Tilt-Y(°)	2	1
#19	Line color:	1	2	3	4
#22	Channel 5:	Tilt-Z(°)	Tilt-Z(°)	2	1
#30	Trend Type Number:	3
#33	Limit Temp. Corr. OTCR:	1
1	30.07.20 20:17:00	25,58	0,44	4,65	-37,76	47,59
2	30.07.20 20:17:01	25,55	0,39	24,93	-50,04	-15,04
3	30.07.20 20:17:02	25,55	0,39	27,32	-55,01	-7,67
4	30.07.20 20:17:03	25,55	0,36	-5,60	-52,05	32,35
5	30.07.20 20:17:04	25,55	0,39	2,28	-77,17	10,56
6	30.07.20 20:17:05	25,55	0,39	6,99	-74,45	-8,56
7	30.07.20 20:17:06	25,55	0,39	9,04	-66,76	-14,20
8	30.07.20 20:17:07	25,55	0,39	4,69	-77,17	-8,14
9	30.07.20 20:17:08	25,52	0,39	2,44	-85,21	-2,35
10	30.07.20 20:17:09	25,52	0,39	6,16	-80,21	3,63
11	30.07.20 20:17:10	25,52	0,41	1,43	-82,20	6,37
12	30.07.20 20:17:11	25,52	0,41	13,77	-75,14	1,10
13	30.07.20 20:17:12	25,49	0,39	16,35	-61,41	-12,24
14	30.07.20 20:17:13	25,49	0,41	4,37	-82,71	-2,92
15	30.07.20 20:17:14	25,49	0,41	-16,78	-66,05	7,17
16	30.07.20 20:17:15	25,49	0,41	19,35	-69,79	0,87
17	30.07.20 20:17:16	25,46	0,39	19,98	-62,76	-7,27
18	30.07.20 20:17:17	25,46	0,41	12,41	-58,18	-19,41
19	30.07.20 20:17:18	25,46	0,41	18,71	-63,41	-7,88
20	30.07.20 20:17:19	25,43	0,41	22,93	-34,73	-32,34
21	30.07.20 20:17:20	25,43	0,39	-12,33	-51,81	25,86
22	30.07.20 20:17:21	25,43	0,39	-7,63	-70,46	-11,91
23	30.07.20 20:17:22	25,43	0,41	5,42	-78,12	-6,46
24	30.07.20 20:17:23	25,43	0,41	24,18	-39,19	26,63
25	30.07.20 20:17:24	25,40	0,41	1,66	-13,55	74,79
26	30.07.20 20:17:25	25,40	0,39	5,20	-28,91	55,89
27	30.07.20 20:17:26	25,40	0,41	-23,58	-60,17	-6,25
28	30.07.20 20:17:27	25,40	0,41	-4,21	8,86	-76,93
29	30.07.20 20:17:28	25,40	0,41	-4,17	8,22	-77,61
30	30.07.20 20:17:29	25,37	0,41	-5,75	6,36	-77,89
31	30.07.20 20:17:30	25,37	0,41	-6,15	5,98	-77,86
32	30.07.20 20:17:31	25,37	0,41	-8,03	3,63	-78,34
33	30.07.20 20:17:32	25,37	0,44	-6,19	1,93	-81,88
34	30.07.20 20:17:33	25,37	0,41	13,43	68,99	7,57
35	30.07.20 20:17:34	25,34	0,44	-7,14	82,24	-0,61
36	30.07.20 20:17:35	25,34	0,41	-9,29	79,09	-1,61
37	30.07.20 20:17:36	25,34	0,41	-17,19	54,30	18,51
38	30.07.20 20:17:37	25,34	0,44	-17,11	71,44	-1,45
39	30.07.20 20:17:38	25,31	0,41	7,44	47,13	35,43
40	30.07.20 20:17:39	25,31	0,41	15,38	-4,14	70,48
41	30.07.20 20:17:40	25,31	0,41	-7,68	1,70	80,62
42	30.07.20 20:17:41	25,31	0,39	-18,99	-2,59	68,42
43	30.07.20 20:17:42	25,31	0,39	-19,05	-4,89	66,06
44	30.07.20 20:17:43	25,31	0,39	-18,12	-7,52	64,36
45	30.07.20 20:17:44	25,31	0,39	-17,89	-9,89	62,22
46	30.07.20 20:17:45	25,29	0,41	-17,39	-11,90	60,70
47	30.07.20 20:17:46	25,29	0,39	-17,43	-12,34	60,23
48	30.07.20 20:17:47	25,29	0,36	-17,45	-10,98	61,58
49	30.07.20 20:17:48	25,29	0,39	-17,67	-9,84	62,50
50	30.07.20 20:17:49	25,29	0,41	-18,07	-8,93	63,00
51	30.07.20 20:17:50	25,29	0,39	-18,79	-8,62	62,59
52	30.07.20 20:17:51	25,26	0,39	-18,85	-8,05	63,10
53	30.07.20 20:17:52	25,26	0,41	-18,41	-6,72	64,88
54	30.07.20 20:17:53	25,26	0,41	-18,60	-6,11	65,29
55	30.07.20 20:17:54	25,26	0,39	-19,18	-4,62	66,20
56	30.07.20 20:17:55	25,26	0,41	-16,45	-3,38	70,16
57	30.07.20 20:17:56	25,26	0,41	-17,70	-2,91	69,38
58	30.07.20 20:17:57	25,23	0,39	-17,24	-4,05	68,70
59	30.07.20 20:17:58	25,23	0,39	-16,94	-4,15	68,91
60	30.07.20 20:17:59	25,23	0,41	-17,54	-4,35	68,11
61	30.07.20 20:18:00	25,23	0,39	-17,49	-4,71	67,80
62	30.07.20 20:18:01	25,23	0,41	-17,48	-4,92	67,59
63	30.07.20 20:18:02	25,23	0,39	-17,42	-5,89	66,69
64	30.07.20 20:18:03	25,23	0,39	-17,20	-6,42	66,38
65	30.07.20 20:18:04	25,23	0,41	-16,94	-6,71	66,36
66	30.07.20 20:18:05	25,23	0,39	-16,86	-6,78	66,35
67	30.07.20 20:18:06	25,20	0,41	-17,05	-5,68	67,26
68	30.07.20 20:18:07	25,20	0,41	-17,03	-5,26	67,71
69	30.07.20 20:18:08	25,20	0,41	-16,82	-6,08	67,10
70	30.07.20 20:18:09	25,20	0,41	-17,03	-6,07	66,90
71	30.07.20 20:18:10	25,20	0,41	-17,07	-4,54	68,39
72	30.07.20 20:18:11	25,20	0,39	2,43	28,01	59,56
73	30.07.20 20:18:12	25,20	0,41	55,34	29,91	4,75
74	30.07.20 20:18:13	25,20	0,39	55,33	31,55	3,12
75	30.07.20 20:18:14	25,17	0,41	58,30	25,15	6,55
76	30.07.20 20:18:15	25,17	0,41	52,58	23,07	14,35
77	30.07.20 20:18:16	25,17	0,41	42,33	33,45	14,22
78	30.07.20 20:18:17	25,17	0,41	49,14	31,47	9,39
79	30.07.20 20:18:18	25,17	0,41	54,84	26,93	8,23
80	30.07.20 20:18:19	25,17	0,41	52,78	35,37	1,85
81	30.07.20 20:18:20	25,17	0,41	73,04	14,94	2,02
82	30.07.20 20:18:21	25,17	0,41	66,77	-21,49	1,74
83	30.07.20 20:18:22	25,14	0,44	67,53	-19,87	2,60
84	30.07.20 20:18:23	25,14	0,44	65,04	-23,37	1,59
85	30.07.20 20:18:24	25,14	0,44	65,56	-22,77	1,67
86	30.07.20 20:18:25	25,14	0,41	67,87	-20,17	1,96
87	30.07.20 20:18:26	25,14	0,41	69,83	-18,39	1,78
88	30.07.20 20:18:27	25,14	0,41	69,65	-18,05	2,30
89	30.07.20 20:18:28	25,14	0,41	70,59	-19,27	0,15
90	30.07.20 20:18:29	25,14	0,39	67,27	-20,27	2,45
91	30.07.20 20:18:30	25,11	0,41	68,92	-19,99	1,09
92	30.07.20 20:18:31	25,11	0,44	68,12	-19,13	2,74
93	30.07.20 20:18:32	25,11	0,41	69,13	-19,49	1,38
94	30.07.20 20:18:33	25,11	0,41	68,88	-18,83	2,29
95	30.07.20 20:18:34	25,11	0,41	68,51	-19,32	2,17
96	30.07.20 20:18:35	25,11	0,41	67,99	-20,51	1,51
97	30.07.20 20:18:36	25,11	0,41	65,76	-23,54	0,69
98	30.07.20 20:18:37	25,11	0,41	66,10	-22,86	1,04
99	30.07.20 20:18:38	25,11	0,41	66,12	-22,87	1,01
100	30.07.20 20:18:39	25,08	0,41	67,32	-21,13	1,55
101	30.07.20 20:18:40	25,08	0,39	67,74	-19,53	2,73
102	30.07.20 20:18:41	25,08	0,39	67,64	-19,34	3,01
103	30.07.20 20:18:42	25,08	0,39	67,84	-20,19	1,96
104	30.07.20 20:18:43	25,08	0,41	67,45	-20,62	1,94
105	30.07.20 20:18:44	25,08	0,39	68,56	-19,18	2,26
106	30.07.20 20:18:45	25,08	0,39	68,11	-19,90	1,99
107	30.07.20 20:18:46	25,08	0,39	68,71	-18,84	2,45
108	30.07.20 20:18:47	25,08	0,39	67,97	-19,79	2,23
109	30.07.20 20:18:48	25,05	0,39	67,73	-19,89	2,38
110	30.07.20 20:18:49	25,05	0,39	66,76	-21,73	1,51
111	30.07.20 20:18:50	25,05	0,39	65,60	-23,21	1,19
112	30.07.20 20:18:51	25,05	0,39	66,38	-23,22	0,40
113	30.07.20 20:18:52	25,05	0,39	65,27	-23,21	1,52
114	30.07.20 20:18:53	25,05	0,39	66,84	-22,29	0,87
115	30.07.20 20:18:54	25,05	0,39	65,76	-22,30	1,94
116	30.07.20 20:18:55	25,05	0,39	66,75	-21,69	1,56
117	30.07.20 20:18:56	25,05	0,39	67,30	-20,92	1,78
118	30.07.20 20:18:57	25,05	0,41	66,83	-20,89	2,28
119	30.07.20 20:18:58	25,02	0,39	69,19	-18,40	2,41
120	30.07.20 20:18:59	25,02	0,39	69,54	-18,06	2,40
121	30.07.20 20:19:00	25,02	0,39	69,80	-16,89	3,31
122	30.07.20 20:19:01	25,02	0,41	70,32	-16,92	2,76
123	30.07.20 20:19:02	25,02	0,41	69,55	-18,01	2,45
124	30.07.20 20:19:03	25,02	0,39	67,67	-20,27	2,06
125	30.07.20 20:19:04	25,02	0,39	68,10	-20,09	1,81
126	30.07.20 20:19:05	25,02	0,39	66,94	-21,51	1,55
127	30.07.20 20:19:06	25,02	0,41	66,30	-22,43	1,26
128	30.07.20 20:19:07	25,02	0,41	66,24	-22,20	1,56
129	30.07.20 20:19:08	25,02	0,41	66,63	-21,55	1,83
130	30.07.20 20:19:09	25,02	0,39	67,63	-21,14	1,24
131	30.07.20 20:19:10	25,00	0,39	66,30	-22,01	1,69
132	30.07.20 20:19:11	25,00	0,39	67,11	-21,12	1,76
133	30.07.20 20:19:12	25,00	0,39	67,60	-20,38	2,02
134	30.07.20 20:19:13	25,00	0,41	67,59	-20,32	2,09
135	30.07.20 20:19:14	25,00	0,39	67,59	-20,50	1,91
136	30.07.20 20:19:15	25,00	0,39	67,11	-21,05	1,85
137	30.07.20 20:19:16	25,00	0,41	68,00	-19,74	2,26
138	30.07.20 20:19:17	25,00	0,39	67,08	-20,95	1,97
139	30.07.20 20:19:18	25,00	0,39	67,13	-20,91	1,96
140	30.07.20 20:19:19	25,00	0,39	67,03	-20,99	1,98
141	30.07.20 20:19:20	25,00	0,39	66,86	-21,07	2,06
142	30.07.20 20:19:21	25,00	0,41	67,69	-20,26	2,05
143	30.07.20 20:19:22	24,97	0,39	67,06	-21,22	1,72
144	30.07.20 20:19:23	24,97	0,41	67,90	-20,28	1,82
145	30.07.20 20:19:24	24,97	0,41	66,71	-21,33	1,95
146	30.07.20 20:19:25	24,97	0,39	67,61	-20,74	1,65
147	30.07.20 20:19:26	24,97	0,39	66,78	-21,37	1,85
148	30.07.20 20:19:27	24,97	0,39	68,11	-19,75	2,14
149	30.07.20 20:19:28	24,97	0,39	67,98	-19,95	2,07
150	30.07.20 20:19:29	24,97	0,41	68,65	-19,09	2,26
151	30.07.20 20:19:30	24,97	0,41	67,59	-20,31	2,10
152	30.07.20 20:19:31	24,97	0,39	68,40	-19,34	2,26
153	30.07.20 20:19:32	24,97	0,41	68,14	-19,66	2,20
154	30.07.20 20:19:33	24,97	0,39	68,05	-19,76	2,19
155	30.07.20 20:19:34	24,97	0,39	67,96	-19,89	2,15
156	30.07.20 20:19:35	24,97	0,41	68,54	-19,42	2,05
157	30.07.20 20:19:36	24,94	0,41	67,72	-20,96	1,32
158	30.07.20 20:19:37	24,94	0,41	66,77	-21,05	2,18
159	30.07.20 20:19:38	24,94	0,41	67,99	-20,95	1,06
160	30.07.20 20:19:39	24,94	0,39	66,73	-21,34	1,94
161	30.07.20 20:19:40	24,94	0,41	67,85	-20,89	1,26
162	30.07.20 20:19:41	24,94	0,41	65,38	-22,82	1,80
163	30.07.20 20:19:42	24,94	0,39	67,85	-20,42	1,74
164	30.07.20 20:19:43	24,94	0,39	66,14	-22,10	1,76
165	30.07.20 20:19:44	24,94	0,41	67,93	-19,79	2,28
166	30.07.20 20:19:45	24,94	0,41	68,51	-19,48	2,01
167	30.07.20 20:19:46	24,94	0,41	67,92	-19,56	2,51
168	30.07.20 20:19:47	24,94	0,41	67,51	-20,51	1,98
169	30.07.20 20:19:48	24,94	0,39	67,02	-21,08	1,90
170	30.07.20 20:19:49	24,91	0,41	67,77	-20,24	1,99
171	30.07.20 20:19:50	24,91	0,41	67,67	-20,18	2,15
172	30.07.20 20:19:51	24,91	0,41	69,16	-18,19	2,65
173	30.07.20 20:19:52	24,91	0,41	69,18	-18,39	2,43
174	30.07.20 20:19:53	24,91	0,41	69,10	-18,29	2,61
175	30.07.20 20:19:54	24,91	0,41	67,93	-20,12	1,96
176	30.07.20 20:19:55	24,91	0,41	66,22	-22,06	1,72
177	30.07.20 20:19:56	24,91	0,41	66,32	-22,93	0,75
178	30.07.20 20:19:57	24,91	0,39	66,26	-22,44	1,30
179	30.07.20 20:19:58	24,91	0,41	66,86	-21,53	1,61
180	30.07.20 20:19:59	24,91	0,41	66,70	-22,06	1,23
181	30.07.20 20:20:00	24,91	0,41	67,50	-20,29	2,21
182	30.07.20 20:20:01	24,91	0,41	67,43	-20,99	1,58
183	30.07.20 20:20:02	24,91	0,39	67,59	-20,20	2,21
184	30.07.20 20:20:03	24,88	0,41	68,37	-19,24	2,39
185	30.07.20 20:20:04	24,88	0,41	67,56	-20,19	2,25
186	30.07.20 20:20:05	24,88	0,41	69,32	-18,34	2,34
187	30.07.20 20:20:06	24,88	0,39	70,44	-17,08	2,48
188	30.07.20 20:20:07	24,88	0,41	69,10	-17,86	3,04
189	30.07.20 20:20:08	24,88	0,41	69,81	-18,04	2,15
190	30.07.20 20:20:09	24,88	0,44	67,48	-20,39	2,12
191	30.07.20 20:20:10	24,88	0,41	66,67	-21,18	2,15
192	30.07.20 20:20:11	24,88	0,41	66,30	-23,21	0,49
193	30.07.20 20:20:12	24,88	0,41	65,75	-22,46	1,79
194	30.07.20 20:20:13	24,88	0,41	66,90	-21,41	1,69
195	30.07.20 20:20:14	24,88	0,41	67,26	-20,64	2,10
196	30.07.20 20:20:15	24,85	0,39	67,30	-20,91	1,80
197	30.07.20 20:20:16	24,85	0,39	65,76	-22,37	1,86
198	30.07.20 20:20:17	24,85	0,39	66,63	-21,76	1,62
199	30.07.20 20:20:18	24,85	0,39	65,44	-22,82	1,74
200	30.07.20 20:20:19	24,85	0,39	67,75	-20,34	1,91
201	30.07.20 20:20:20	24,85	0,39	68,86	-18,46	2,68
202	30.07.20 20:20:21	24,85	0,39	68,95	-18,65	2,39
203	30.07.20 20:20:22	24,85	0,39	69,40	-17,94	2,67
204	30.07.20 20:20:23	24,85	0,39	68,59	-18,94	2,47
205	30.07.20 20:20:24	24,85	0,41	69,89	-18,03	2,08
206	30.07.20 20:20:25	24,85	0,41	67,99	-19,91	2,10
207	30.07.20 20:20:26	24,85	0,39	68,63	-19,10	2,27
208	30.07.20 20:20:27	24,85	0,39	67,83	-20,62	1,55
209	30.07.20 20:20:28	24,85	0,39	67,99	-19,57	2,43
210	30.07.20 20:20:29	24,82	0,39	67,45	-21,11	1,43
211	30.07.20 20:20:30	24,82	0,39	66,84	-21,31	1,84
212	30.07.20 20:20:31	24,82	0,41	67,09	-20,72	2,19
213	30.07.20 20:20:32	24,82	0,39	66,74	-21,24	2,02
214	30.07.20 20:20:33	24,82	0,41	67,99	-19,90	2,10
215	30.07.20 20:20:34	24,82	0,39	68,31	-19,59	2,10
216	30.07.20 20:20:35	24,82	0,39	67,92	-20,01	2,07
217	30.07.20 20:20:36	24,82	0,39	67,68	-20,23	2,09
218	30.07.20 20:20:37	24,82	0,39	67,65	-20,81	1,54
219	30.07.20 20:20:38	24,82	0,41	67,15	-20,52	2,33
220	30.07.20 20:20:39	24,82	0,41	68,88	-19,09	2,03
221	30.07.20 20:20:40	24,82	0,39	66,55	-21,54	1,91
222	30.07.20 20:20:41	24,82	0,41	66,18	-21,75	2,07
223	30.07.20 20:20:42	24,79	0,41	66,85	-21,55	1,59
224	30.07.20 20:20:43	24,79	0,39	66,49	-21,76	1,75
225	30.07.20 20:20:44	24,79	0,39	66,48	-21,51	2,01
226	30.07.20 20:20:45	24,79	0,39	67,26	-21,01	1,73
227	30.07.20 20:20:46	24,79	0,39	66,97	-20,76	2,27
228	30.07.20 20:20:47	24,79	0,39	68,35	-19,78	1,87
229	30.07.20 20:20:48	24,79	0,39	68,01	-19,65	2,34
230	30.07.20 20:20:49	24,79	0,39	68,84	-18,70	2,46
231	30.07.20 20:20:50	24,79	0,41	68,73	-18,84	2,44
232	30.07.20 20:20:51	24,79	0,39	70,24	-17,41	2,35
233	30.07.20 20:20:52	24,79	0,39	68,51	-19,09	2,40
234	30.07.20 20:20:53	24,79	0,39	69,41	-18,23	2,36
235	30.07.20 20:20:54	24,79	0,41	67,43	-20,44	2,13
236	30.07.20 20:20:55	24,79	0,39	67,75	-20,04	2,22
237	30.07.20 20:20:56	24,79	0,39	67,47	-20,63	1,90
238	30.07.20 20:20:57	24,76	0,39	66,66	-21,66	1,68
239	30.07.20 20:20:58	24,76	0,39	65,85	-22,30	1,85
240	30.07.20 20:20:59	24,76	0,39	66,03	-22,52	1,46
241	30.07.20 20:21:00	24,76	0,39	65,61	-23,04	1,35
242	30.07.20 20:21:01	24,76	0,39	66,98	-21,28	1,74
243	30.07.20 20:21:02	24,76	0,41	66,68	-21,47	1,85
244	30.07.20 20:21:03	24,76	0,39	68,32	-19,64	2,05
245	30.07.20 20:21:04	24,76	0,41	67,69	-20,04	2,27
246	30.07.20 20:21:05	24,76	0,39	68,58	-19,16	2,26
247	30.07.20 20:21:06	24,76	0,39	69,45	-18,13	2,43
248	30.07.20 20:21:07	24,76	0,41	67,98	-19,53	2,49
249	30.07.20 20:21:08	24,76	0,39	69,16	-18,28	2,55
250	30.07.20 20:21:09	24,76	0,39	68,80	-19,08	2,11
251	30.07.20 20:21:10	24,76	0,39	68,53	-19,22	2,25
252	30.07.20 20:21:11	24,76	0,39	67,67	-20,05	2,28
253	30.07.20 20:21:12	24,73	0,39	67,92	-20,19	1,90
254	30.07.20 20:21:13	24,73	0,41	67,21	-20,65	2,14
255	30.07.20 20:21:14	24,73	0,41	67,60	-21,11	1,29
256	30.07.20 20:21:15	24,73	0,39	67,52	-20,41	2,07
257	30.07.20 20:21:16	24,73	0,39	68,00	-20,85	1,15
258	30.07.20 20:21:17	24,73	0,39	67,11	-20,45	2,43
259	30.07.20 20:21:18	24,73	0,41	68,53	-19,54	1,94
260	30.07.20 20:21:19	24,73	0,39	67,53	-20,67	1,80
261	30.07.20 20:21:20	24,73	0,41	67,60	-20,08	2,32
262	30.07.20 20:21:21	24,73	0,39	67,93	-20,39	1,68
263	30.07.20 20:21:22	24,73	0,39	67,29	-20,44	2,27
264	30.07.20 20:21:23	24,73	0,39	68,89	-18,82	2,29
265	30.07.20 20:21:24	24,73	0,41	67,84	-19,97	2,19
266	30.07.20 20:21:25	24,73	0,41	67,46	-20,46	2,08
267	30.07.20 20:21:26	24,73	0,41	67,73	-20,20	2,07
268	30.07.20 20:21:27	24,73	0,41	69,43	-18,03	2,53
269	30.07.20 20:21:28	24,73	0,41	68,57	-19,06	2,37
270	30.07.20 20:21:29	24,70	0,41	68,30	-19,28	2,42
271	30.07.20 20:21:30	24,70	0,41	67,85	-19,94	2,21
272	30.07.20 20:21:31	24,70	0,41	67,27	-20,80	1,93
273	30.07.20 20:21:32	24,70	0,41	66,04	-22,86	1,10
274	30.07.20 20:21:33	24,70	0,41	65,17	-23,18	1,64
275	30.07.20 20:21:34	24,70	0,39	64,77	-24,50	0,73
276	30.07.20 20:21:35	24,70	0,41	64,71	-24,67	0,62
277	30.07.20 20:21:36	24,70	0,39	66,48	-22,17	1,35
278	30.07.20 20:21:37	24,70	0,41	66,68	-21,29	2,02
279	30.07.20 20:21:38	24,70	0,41	69,00	-18,68	2,33
280	30.07.20 20:21:39	24,70	0,41	69,46	-17,13	3,40
281	30.07.20 20:21:40	24,70	0,41	69,37	-17,48	3,15
282	30.07.20 20:21:41	24,70	0,41	69,20	-17,81	2,99
283	30.07.20 20:21:42	24,70	0,41	69,12	-18,51	2,37
284	30.07.20 20:21:43	24,68	0,41	69,08	-18,47	2,45
285	30.07.20 20:21:44	24,68	0,41	68,74	-18,98	2,27
286	30.07.20 20:21:45	24,68	0,41	68,07	-19,75	2,18
287	30.07.20 20:21:46	24,68	0,39	66,46	-21,74	1,80
288	30.07.20 20:21:47	24,68	0,39	66,86	-21,67	1,47
289	30.07.20 20:21:48	24,68	0,41	65,92	-22,60	1,49
290	30.07.20 20:21:49	24,68	0,41	67,06	-21,36	1,58
291	30.07.20 20:21:50	24,68	0,41	66,90	-20,91	2,20
292	30.07.20 20:21:51	24,68	0,41	67,53	-20,41	2,05
293	30.07.20 20:21:52	24,68	0,41	67,49	-20,38	2,13
294	30.07.20 20:21:53	24,68	0,39	68,09	-19,55	2,36
295	30.07.20 20:21:54	24,68	0,41	67,09	-20,87	2,04
296	30.07.20 20:21:55	24,68	0,41	67,82	-19,96	2,22
297	30.07.20 20:21:56	24,68	0,41	68,04	-19,97	1,99
298	30.07.20 20:21:57	24,65	0,39	67,76	-20,01	2,23
299	30.07.20 20:21:58	24,65	0,39	68,66	-19,28	2,07
300	30.07.20 20:21:59	24,65	0,39	67,60	-20,10	2,30
301	30.07.20 20:22:00	24,65	0,39	68,71	-18,88	2,41
302	30.07.20 20:22:01	24,65	0,39	67,92	-20,31	1,77
303	30.07.20 20:22:02	24,65	0,39	67,26	-20,58	2,16
304	30.07.20 20:22:03	24,65	0,39	67,41	-20,66	1,93
305	30.07.20 20:22:04	24,65	0,39	66,67	-21,84	1,50
306	30.07.20 20:22:05	24,65	0,41	66,71	-21,27	2,02
307	30.07.20 20:22:06	24,65	0,39	68,30	-19,51	2,18
308	30.07.20 20:22:07	24,65	0,39	67,57	-20,15	2,28
309	30.07.20 20:22:08	24,65	0,39	68,49	-19,33	2,18
310	30.07.20 20:22:09	24,65	0,39	67,98	-19,64	2,39
311	30.07.20 20:22:10	24,62	0,39	68,48	-19,08	2,45
312	30.07.20 20:22:11	24,62	0,39	68,63	-19,16	2,21
313	30.07.20 20:22:12	24,62	0,39	68,72	-18,68	2,60
314	30.07.20 20:22:13	24,62	0,36	69,62	-17,90	2,47
315	30.07.20 20:22:14	24,62	0,39	69,42	-18,08	2,50
316	30.07.20 20:22:15	24,62	0,39	68,77	-18,67	2,56
317	30.07.20 20:22:16	24,62	0,39	69,25	-18,38	2,37
318	30.07.20 20:22:17	24,62	0,39	69,28	-18,23	2,49
319	30.07.20 20:22:18	24,62	0,39	68,69	-18,78	2,54
320	30.07.20 20:22:19	24,62	0,41	68,03	-19,82	2,16
321	30.07.20 20:22:20	24,62	0,39	67,47	-20,17	2,36
322	30.07.20 20:22:21	24,62	0,39	66,73	-21,14	2,13
323	30.07.20 20:22:22	24,62	0,41	68,95	-18,85	2,19
324	30.07.20 20:22:23	24,59	0,39	70,83	-16,19	2,99
325	30.07.20 20:22:24	24,59	0,39	72,99	-14,00	3,01
326	30.07.20 20:22:25	24,59	0,41	74,99	-9,74	5,27
327	30.07.20 20:22:26	24,59	0,41	77,17	-7,32	5,52
328	30.07.20 20:22:27	24,59	0,39	77,85	-5,57	6,58
329	30.07.20 20:22:28	24,59	0,39	78,49	-5,27	6,24
330	30.07.20 20:22:29	24,59	0,39	78,52	-6,26	5,22
331	30.07.20 20:22:30	24,59	0,39	78,10	-7,62	4,28
332	30.07.20 20:22:31	24,59	0,39	77,20	-8,68	4,12
333	30.07.20 20:22:32	24,59	0,39	78,78	-7,61	3,61
334	30.07.20 20:22:33	24,59	0,39	77,44	-7,36	5,20
335	30.07.20 20:22:34	24,59	0,39	79,71	-6,47	3,82
336	30.07.20 20:22:35	24,59	0,39	78,32	-7,15	4,53
337	30.07.20 20:22:36	24,59	0,39	79,95	-7,05	3,00
338	30.07.20 20:22:37	24,56	0,39	77,87	-7,59	4,54
339	30.07.20 20:22:38	24,56	0,39	78,17	-7,87	3,96
340	30.07.20 20:22:39	24,56	0,39	78,04	-8,40	3,56
341	30.07.20 20:22:40	24,56	0,39	78,56	-7,92	3,52
342	30.07.20 20:22:41	24,56	0,39	77,01	-9,09	3,91
343	30.07.20 20:22:42	24,56	0,39	79,88	-9,35	0,76
344	30.07.20 20:22:43	24,56	0,39	74,24	-12,51	3,24
345	30.07.20 20:22:44	24,56	0,41	76,22	-13,78	0,00
346	30.07.20 20:22:45	24,56	0,41	73,66	-12,55	3,79
347	30.07.20 20:22:46	24,56	0,41	74,83	-12,31	2,86
348	30.07.20 20:22:47	24,56	0,41	77,12	-11,30	1,58
349	30.07.20 20:22:48	24,56	0,41	71,66	-13,59	4,75
350	30.07.20 20:22:49	24,56	0,39	74,03	-14,32	1,66
351	30.07.20 20:22:50	24,56	0,41	74,31	-13,81	1,88
352	30.07.20 20:22:51	24,53	0,39	73,06	-13,73	3,21
353	30.07.20 20:22:52	24,53	0,39	70,92	-14,11	4,97
354	30.07.20 20:22:53	24,53	0,39	75,27	-13,61	1,12
355	30.07.20 20:22:54	24,53	0,39	75,29	-12,45	2,27
356	30.07.20 20:22:55	24,53	0,39	73,26	-12,75	3,99
357	30.07.20 20:22:56	24,53	0,41	77,13	-11,30	1,57
358	30.07.20 20:22:57	24,53	0,39	75,21	-11,06	3,73
359	30.07.20 20:22:58	24,53	0,39	76,62	-10,52	2,85
360	30.07.20 20:22:59	24,53	0,41	76,44	-13,27	0,29
361	30.07.20 20:23:00	24,53	0,41	75,76	-12,94	1,30
362	30.07.20 20:23:01	24,53	0,41	69,20	-17,54	3,26
363	30.07.20 20:23:02	24,53	0,39	72,55	-16,02	-1,43
364	30.07.20 20:23:03	24,50	0,41	70,92	-17,71	-1,37
365	30.07.20 20:23:04	24,50	0,39	69,97	-18,53	1,51
366	30.07.20 20:23:05	24,50	0,39	71,04	-18,78	0,17
367	30.07.20 20:23:06	24,50	0,41	64,95	-20,26	-4,79
368	30.07.20 20:23:07	24,50	0,39	65,07	-22,16	-2,77
369	30.07.20 20:23:08	24,50	0,39	65,87	-23,16	0,97
370	30.07.20 20:23:09	24,50	0,41	59,80	-22,95	-7,25
371	30.07.20 20:23:10	24,50	0,41	64,69	-23,63	-1,68
372	30.07.20 20:23:11	24,50	0,39	64,44	-23,88	1,68
373	30.07.20 20:23:12	24,50	0,41	64,96	-17,73	-7,31
374	30.07.20 20:23:13	24,50	0,39	65,25	-22,05	2,70
375	30.07.20 20:23:14	24,50	0,39	65,68	-21,13	3,19
376	30.07.20 20:23:15	24,50	0,39	67,44	-19,80	2,76
377	30.07.20 20:23:16	24,50	0,41	71,56	-15,93	-2,51
378	30.07.20 20:23:17	24,47	0,41	68,27	-16,98	4,75
379	30.07.20 20:23:18	24,47	0,41	69,11	-19,43	-1,46
380	30.07.20 20:23:19	24,47	0,41	73,05	-15,71	1,24
381	30.07.20 20:23:20	24,47	0,41	70,77	-18,40	0,83
382	30.07.20 20:23:21	24,47	0,39	71,86	-18,14	0,00
383	30.07.20 20:23:22	24,47	0,39	68,58	-17,58	-3,84
384	30.07.20 20:23:23	24,47	0,41	71,62	-17,67	0,70
385	30.07.20 20:23:24	24,47	0,41	68,51	-17,02	-4,47
386	30.07.20 20:23:25	24,47	0,41	70,26	-19,21	0,53
387	30.07.20 20:23:26	24,47	0,41	68,30	-16,49	-5,21
388	30.07.20 20:23:27	24,47	0,39	71,07	-17,95	0,98
389	30.07.20 20:23:28	24,47	0,41	68,61	-21,18	-0,21
390	30.07.20 20:23:29	24,44	0,39	64,17	-21,85	-3,98
391	30.07.20 20:23:30	24,44	0,41	66,28	-23,55	0,16
392	30.07.20 20:23:31	24,44	0,41	63,72	-24,89	1,39
393	30.07.20 20:23:32	24,44	0,39	65,90	-22,16	1,94
394	30.07.20 20:23:33	24,44	0,41	63,95	-24,59	1,46
395	30.07.20 20:23:34	24,44	0,41	63,57	-25,70	0,73
396	30.07.20 20:23:35	24,44	0,39	64,89	-23,24	1,87
397	30.07.20 20:23:36	24,44	0,41	63,87	-24,60	1,53
398	30.07.20 20:23:37	24,44	0,41	63,06	-25,13	1,81
399	30.07.20 20:23:38	24,44	0,41	63,88	-25,11	1,01
400	30.07.20 20:23:39	24,44	0,41	63,69	-24,93	1,38
401	30.07.20 20:23:40	24,44	0,41	64,47	-23,89	1,65
402	30.07.20 20:23:41	24,44	0,41	63,22	-25,02	1,75
403	30.07.20 20:23:42	24,44	0,41	64,89	-24,41	0,70
404	30.07.20 20:23:43	24,44	0,41	64,98	-23,94	1,08
405	30.07.20 20:23:44	24,41	0,39	64,09	-23,99	1,92
406	30.07.20 20:23:45	24,41	0,39	64,35	-24,17	1,48
407	30.07.20 20:23:46	24,41	0,39	62,84	-25,44	1,72
408	30.07.20 20:23:47	24,41	0,39	71,05	-16,43	2,52
409	30.07.20 20:23:48	24,41	0,41	9,78	-57,00	23,21
410	30.07.20 20:23:49	24,41	0,39	-4,76	-8,04	77,21
411	30.07.20 20:23:50	24,41	0,39	-10,68	-5,43	73,89
412	30.07.20 20:23:51	24,41	0,39	8,24	-6,62	75,14
413	30.07.20 20:23:52	24,41	0,39	-0,12	-16,64	73,24
414	30.07.20 20:23:53	24,41	0,39	82,17	0,55	7,28
415	30.07.20 20:23:54	24,21	0,48	65,05	19,14	-5,81
416	30.07.20 20:23:55	24,09	0,49	30,08	10,67	49,25
417	30.07.20 20:23:56	23,98	0,55	20,98	-16,58	52,44
418	30.07.20 20:23:57	23,92	0,62	32,26	-16,37	41,37
419	30.07.20 20:23:58	23,89	0,66	39,18	-8,70	42,12
420	30.07.20 20:23:59	23,86	0,63	25,45	-9,57	54,98
421	30.07.20 20:24:00	23,86	0,54	16,70	44,06	29,23
422	30.07.20 20:24:01	23,75	0,69	34,61	16,41	38,98
423	30.07.20 20:24:02	23,72	0,69	28,96	5,57	55,47
424	30.07.20 20:24:03	23,66	0,71	32,57	-13,36	44,07
425	30.07.20 20:24:04	23,60	0,68	33,54	-3,40	53,06
426	30.07.20 20:24:05	23,51	0,72	34,24	-9,79	45,97
427	30.07.20 20:24:06	23,43	0,68	33,21	6,24	50,54
428	30.07.20 20:24:07	23,34	0,74	36,96	-1,98	51,06
429	30.07.20 20:24:08	23,25	0,76	28,28	3,08	58,63
430	30.07.20 20:24:09	23,16	0,80	35,33	-6,06	48,61
431	30.07.20 20:24:10	23,11	0,81	34,51	-3,72	51,77
432	30.07.20 20:24:11	23,02	0,85	37,31	-7,10	45,58
433	30.07.20 20:24:12	22,96	0,87	33,50	-5,06	51,43
434	30.07.20 20:24:13	22,93	0,89	43,19	-5,16	41,66
435	30.07.20 20:24:14	22,90	0,91	32,48	2,95	54,57
436	30.07.20 20:24:15	22,87	0,91	32,51	7,02	50,47
437	30.07.20 20:24:16	22,84	0,93	42,02	4,12	43,85
438	30.07.20 20:24:17	22,81	0,90	41,28	4,73	43,99
439	30.07.20 20:24:18	22,78	0,92	41,56	3,67	44,77
440	30.07.20 20:24:19	22,78	0,92	40,44	5,23	44,33
441	30.07.20 20:24:20	22,76	0,94	53,47	3,52	33,01
442	30.07.20 20:24:21	22,76	0,96	57,54	4,67	27,79
443	30.07.20 20:24:22	22,76	0,96	56,13	8,07	25,80
444	30.07.20 20:24:23	22,76	0,96	56,51	10,77	22,72
445	30.07.20 20:24:24	22,76	0,99	58,98	9,64	21,38
446	30.07.20 20:24:25	22,73	0,99	59,28	6,30	24,42
447	30.07.20 20:24:26	22,73	1,01	56,07	11,20	22,73
448	30.07.20 20:24:27	22,73	1,01	58,01	11,98	20,01
449	30.07.20 20:24:28	22,70	1,05	58,78	12,66	18,56
450	30.07.20 20:24:29	22,64	1,07	61,46	9,00	19,54
451	30.07.20 20:24:30	22,58	1,09	58,75	10,66	20,59
452	30.07.20 20:24:31	22,52	1,10	56,35	15,23	18,43
453	30.07.20 20:24:32	22,49	1,15	58,64	13,29	18,07
454	30.07.20 20:24:33	22,46	1,19	57,54	16,33	16,13
455	30.07.20 20:24:34	22,41	1,21	58,71	15,36	15,93
456	30.07.20 20:24:35	22,41	1,21	58,24	12,20	19,56
457	30.07.20 20:24:36	22,41	1,21	58,46	13,88	17,66
458	30.07.20 20:24:37	22,38	1,25	61,66	13,86	14,47
459	30.07.20 20:24:38	22,38	1,28	60,86	13,89	15,26
460	30.07.20 20:24:39	22,35	1,30	59,13	13,08	17,79
461	30.07.20 20:24:40	22,32	1,32	59,56	13,93	16,50
462	30.07.20 20:24:41	22,29	1,34	59,69	13,28	17,03
463	30.07.20 20:24:42	22,29	1,36	59,87	12,14	17,99
464	30.07.20 20:24:43	22,26	1,38	59,06	10,33	20,61
465	30.07.20 20:24:44	22,23	1,40	60,07	10,90	19,03
466	30.07.20 20:24:45	22,23	1,40	61,92	10,43	17,65
467	30.07.20 20:24:46	22,23	1,43	61,34	8,17	20,49
468	30.07.20 20:24:47	22,23	1,45	62,08	6,69	21,24
469	30.07.20 20:24:48	22,20	1,47	64,15	6,89	18,97
470	30.07.20 20:24:49	22,17	1,49	63,23	6,53	20,24
471	30.07.20 20:24:50	22,17	1,49	60,66	4,13	25,21
472	30.07.20 20:24:51	22,17	1,51	63,39	6,34	20,27
473	30.07.20 20:24:52	22,14	1,53	67,51	6,88	15,61
474	30.07.20 20:24:53	22,14	1,56	63,53	5,10	21,37
475	30.07.20 20:24:54	22,08	1,55	63,82	5,54	20,64
476	30.07.20 20:24:55	22,03	1,57	63,62	5,79	20,59
477	30.07.20 20:24:56	22,00	1,57	63,20	5,48	21,32
478	30.07.20 20:24:57	22,00	1,59	66,04	6,18	17,78
479	30.07.20 20:24:58	21,97	1,61	67,24	5,49	17,26
480	30.07.20 20:24:59	21,97	1,66	65,81	5,32	18,87
481	30.07.20 20:25:00	21,97	1,66	64,16	5,24	20,60
482	30.07.20 20:25:01	21,94	1,68	62,99	5,20	21,81
483	30.07.20 20:25:02	21,94	1,65	63,73	5,38	20,89
484	30.07.20 20:25:03	21,94	1,65	66,03	5,98	17,98
485	30.07.20 20:25:04	21,94	1,68	64,88	5,52	19,60
486	30.07.20 20:25:05	21,94	1,72	64,06	5,58	20,36
487	30.07.20 20:25:06	21,91	1,74	62,64	4,15	23,21
488	30.07.20 20:25:07	21,85	1,74	61,61	4,63	23,76
489	30.07.20 20:25:08	21,79	1,75	64,98	6,03	18,99
490	30.07.20 20:25:09	21,76	1,75	65,58	6,21	18,21
491	30.07.20 20:25:10	21,73	1,77	62,58	3,37	24,05
492	30.07.20 20:25:11	21,73	1,77	62,82	3,41	23,77
493	30.07.20 20:25:12	21,73	1,80	66,26	4,31	19,44
494	30.07.20 20:25:13	21,73	1,77	64,56	3,55	21,89
495	30.07.20 20:25:14	21,73	1,80	62,23	1,91	25,86
496	30.07.20 20:25:15	21,73	1,80	64,69	2,93	22,39
497	30.07.20 20:25:16	21,73	1,82	65,14	2,47	22,39
498	30.07.20 20:25:17	21,71	1,84	63,27	1,73	25,00
499	30.07.20 20:25:18	21,71	1,84	63,30	0,84	25,87
500	30.07.20 20:25:19	21,71	1,84	63,42	1,17	25,41
501	30.07.20 20:25:20	21,68	1,86	65,56	1,92	22,52
502	30.07.20 20:25:21	21,68	1,88	63,64	1,10	25,26
503	30.07.20 20:25:22	21,65	1,88	64,95	0,47	24,58
504	30.07.20 20:25:23	21,65	1,90	63,48	-0,33	26,18
505	30.07.20 20:25:24	21,65	1,90	64,11	-0,59	25,30
506	30.07.20 20:25:25	21,62	1,90	62,94	-2,15	24,91
507	30.07.20 20:25:26	21,56	1,87	60,59	-4,79	24,61
508	30.07.20 20:25:27	21,47	1,93	60,61	-7,12	22,27
509	30.07.20 20:25:28	21,41	2,00	58,91	-9,50	21,59
510	30.07.20 20:25:29	21,35	1,99	57,86	-10,75	21,39
511	30.07.20 20:25:30	21,30	2,03	56,86	-10,88	22,26
512	30.07.20 20:25:31	21,24	2,09	55,27	-11,85	22,88
513	30.07.20 20:25:32	21,18	2,11	63,31	-9,25	17,44
514	30.07.20 20:25:33	21,12	2,13	65,81	-6,97	17,22
515	30.07.20 20:25:34	21,06	1,98	58,69	-6,56	24,76
516	30.07.20 20:25:35	20,92	2,01	59,20	-7,34	23,46
517	30.07.20 20:25:36	20,80	2,05	54,77	-5,41	29,82
518	30.07.20 20:25:37	20,53	2,12	46,02	-9,70	34,28
519	30.07.20 20:25:38	20,18	2,24	58,38	-6,51	25,11
520	30.07.20 20:25:39	19,92	2,33	60,59	-6,10	23,31
521	30.07.20 20:25:40	19,68	2,40	68,35	-1,88	19,77
522	30.07.20 20:25:41	19,50	2,43	68,81	-0,26	20,93
523	30.07.20 20:25:42	19,39	2,46	65,88	0,06	24,06
524	30.07.20 20:25:43	19,27	2,45	68,23	1,58	20,19
525	30.07.20 20:25:44	19,18	2,47	71,26	2,06	16,68
526	30.07.20 20:25:45	19,12	2,48	68,87	0,86	20,27
527	30.07.20 20:25:46	19,09	2,48	68,56	1,51	19,93
528	30.07.20 20:25:47	18,97	2,54	70,62	1,87	17,51
529	30.07.20 20:25:48	18,83	2,52	71,03	-1,04	17,94
530	30.07.20 20:25:49	18,71	2,56	70,49	-1,83	17,68
531	30.07.20 20:25:50	18,65	2,55	67,77	-3,20	19,03
532	30.07.20 20:25:51	18,62	2,52	65,82	-3,29	20,89
533	30.07.20 20:25:52	18,59	2,50	68,97	-1,01	20,02
534	30.07.20 20:25:53	18,59	2,52	60,51	-1,02	28,48
535	30.07.20 20:25:54	18,50	2,51	55,44	-6,14	28,42
536	30.07.20 20:25:55	18,38	2,52	57,02	-4,00	28,98
537	30.07.20 20:25:56	18,17	2,62	55,82	-4,75	29,43
538	30.07.20 20:25:57	17,79	2,51	55,72	-4,44	29,85
539	30.07.20 20:25:58	17,46	2,52	56,51	-4,76	28,73
540	30.07.20 20:25:59	17,04	2,62	55,77	-5,34	28,89
541	30.07.20 20:26:00	16,83	2,67	55,45	-4,30	30,25
542	30.07.20 20:26:01	16,68	2,67	56,05	-4,19	29,76
543	30.07.20 20:26:02	16,53	2,68	55,55	-4,97	29,48
544	30.07.20 20:26:03	16,41	2,71	57,81	-4,31	27,87
545	30.07.20 20:26:04	16,32	2,66	56,58	-3,44	29,98
546	30.07.20 20:26:05	16,23	2,58	56,64	-4,18	29,18
547	30.07.20 20:26:06	16,14	2,64	58,59	-4,21	27,20
548	30.07.20 20:26:07	16,11	2,66	57,90	-2,64	29,47
549	30.07.20 20:26:08	16,05	2,61	56,63	-3,95	29,42
550	30.07.20 20:26:09	15,89	2,59	61,22	-2,55	26,23
551	30.07.20 20:26:10	15,77	2,63	59,33	-3,25	27,42
552	30.07.20 20:26:11	15,68	2,64	57,48	-3,53	28,99
553	30.07.20 20:26:12	15,62	2,59	59,23	-3,18	27,59
554	30.07.20 20:26:13	15,59	2,58	56,46	-2,96	30,59
555	30.07.20 20:26:14	15,50	2,55	50,32	-3,99	35,69
556	30.07.20 20:26:15	15,47	2,48	48,56	-5,78	35,66
557	30.07.20 20:26:16	15,44	2,45	45,87	-7,15	36,98
558	30.07.20 20:26:17	15,41	2,40	42,10	-4,64	43,26
559	30.07.20 20:26:18	15,38	2,35	37,14	-11,47	41,38
560	30.07.20 20:26:19	15,38	2,30	36,15	-6,78	47,07
561	30.07.20 20:26:20	15,35	2,32	49,89	-3,63	36,47
562	30.07.20 20:26:21	15,44	2,29	49,71	1,07	39,21
563	30.07.20 20:26:22	15,50	2,27	53,03	2,37	34,60
564	30.07.20 20:26:23	15,53	2,27	49,81	-0,21	39,98
565	30.07.20 20:26:24	15,59	2,23	40,98	-1,17	47,86
566	30.07.20 20:26:25	15,65	2,19	40,80	1,88	47,32
567	30.07.20 20:26:26	15,68	2,17	45,62	-5,61	38,77
568	30.07.20 20:26:27	15,71	2,17	47,84	-1,88	40,28
569	30.07.20 20:26:28	15,74	2,13	44,29	-1,35	44,36
570	30.07.20 20:26:29	15,77	2,13	44,38	-3,58	42,04
571	30.07.20 20:26:30	15,80	2,14	45,04	-5,26	39,70
572	30.07.20 20:26:31	15,83	2,09	43,74	-4,22	42,05
573	30.07.20 20:26:32	15,89	2,08	41,23	-7,63	41,14
574	30.07.20 20:26:33	15,95	2,06	41,40	-5,33	43,27
575	30.07.20 20:26:34	15,99	2,04	42,44	-6,52	41,04
576	30.07.20 20:26:35	16,05	2,00	42,54	-4,69	42,77
577	30.07.20 20:26:36	16,11	2,00	41,44	-6,12	42,43
578	30.07.20 20:26:37	16,17	1,96	40,48	-6,56	42,96
579	30.07.20 20:26:38	16,23	1,97	39,96	-6,95	43,09
580	30.07.20 20:26:39	16,29	1,95	38,36	-7,28	44,36
581	30.07.20 20:26:40	16,35	1,94	38,05	-7,59	44,36
582	30.07.20 20:26:41	16,41	1,94	38,73	-7,23	44,04
583	30.07.20 20:26:42	16,47	1,93	34,93	-8,41	46,67
584	30.07.20 20:26:43	16,53	1,93	39,33	-7,07	43,59
585	30.07.20 20:26:44	16,56	1,91	37,40	-6,96	45,64
586	30.07.20 20:26:45	16,59	1,91	36,74	-7,47	45,79
587	30.07.20 20:26:46	16,62	1,89	38,59	-5,08	46,33
588	30.07.20 20:26:47	16,65	1,92	39,32	-5,57	45,11
589	30.07.20 20:26:48	16,68	1,92	36,29	-6,58	47,13
590	30.07.20 20:26:49	16,71	1,93	39,20	-6,13	44,66
591	30.07.20 20:26:50	16,71	1,93	39,45	-5,38	45,17
592	30.07.20 20:26:51	16,74	1,93	37,43	-7,00	45,57
593	30.07.20 20:26:52	16,74	1,93	40,07	-5,45	44,49
594	30.07.20 20:26:53	16,74	1,95	38,25	-6,05	45,70
595	30.07.20 20:26:54	16,71	1,97	38,76	-5,59	45,64
596	30.07.20 20:26:55	16,71	1,97	38,50	-5,72	45,78
597	30.07.20 20:26:56	16,68	1,99	39,08	-6,14	44,78
598	30.07.20 20:26:57	16,68	1,97	37,83	-6,38	45,79
599	30.07.20 20:26:58	16,65	1,99	39,72	-6,33	43,95
600	30.07.20 20:26:59	16,62	2,01	38,09	-6,10	45,81
601	30.07.20 20:27:00	16,56	2,01	39,34	-5,24	45,42
602	30.07.20 20:27:01	16,53	2,05	40,60	-4,96	44,44
603	30.07.20 20:27:02	16,47	2,07	40,47	-5,95	43,58
604	30.07.20 20:27:03	16,41	2,08	38,45	-6,37	45,18
605	30.07.20 20:27:04	16,38	2,10	40,95	-4,72	44,34
606	30.07.20 20:27:05	16,29	2,09	40,23	-4,54	45,23
607	30.07.20 20:27:06	16,23	2,16	40,37	-7,22	42,41
608	30.07.20 20:27:07	16,17	2,18	42,20	-5,88	41,91
609	30.07.20 20:27:08	16,11	2,19	41,18	-5,17	43,65
610	30.07.20 20:27:09	16,05	2,19	42,86	-6,30	40,83
611	30.07.20 20:27:10	15,95	2,22	43,71	-6,43	39,86
612	30.07.20 20:27:11	15,83	2,33	41,33	-6,88	41,79
613	30.07.20 20:27:12	15,68	2,29	41,58	-7,65	40,78
614	30.07.20 20:27:13	15,53	2,27	42,86	-5,30	41,84
615	30.07.20 20:27:14	15,32	2,34	42,82	-6,90	40,28
616	30.07.20 20:27:15	15,26	2,41	42,63	-6,12	41,26
617	30.07.20 20:27:16	15,13	2,42	42,25	-7,33	40,42
618	30.07.20 20:27:17	15,04	2,39	41,91	-8,44	39,65
619	30.07.20 20:27:18	14,95	2,45	41,58	-7,36	41,06
620	30.07.20 20:27:19	14,83	2,41	36,60	-11,35	42,06
621	30.07.20 20:27:20	14,71	2,47	44,05	-5,99	39,96
622	30.07.20 20:27:21	14,58	2,55	40,25	-8,28	41,47
623	30.07.20 20:27:22	14,49	2,61	37,85	-10,92	41,23
624	30.07.20 20:27:23	14,25	2,61	39,12	-8,08	42,80
625	30.07.20 20:27:24	14,03	2,66	38,78	-11,18	40,04
626	30.07.20 20:27:25	13,88	2,66	39,10	-9,24	41,66
627	30.07.20 20:27:26	13,60	2,80	39,75	-9,88	40,37
628	30.07.20 20:27:27	13,38	2,82	39,39	-8,94	41,67
629	30.07.20 20:27:28	13,23	2,83	39,48	-10,54	39,98
630	30.07.20 20:27:29	13,07	2,91	41,60	-8,47	39,93
631	30.07.20 20:27:30	12,88	2,89	41,07	-8,70	40,23
632	30.07.20 20:27:31	12,76	2,92	37,15	-10,67	42,19
633	30.07.20 20:27:32	12,60	2,93	39,74	-8,51	41,75
634	30.07.20 20:27:33	12,51	2,96	40,41	-10,06	39,53
635	30.07.20 20:27:34	12,38	2,98	38,03	-9,23	42,75
636	30.07.20 20:27:35	12,32	3,09	39,10	-8,14	42,75
637	30.07.20 20:27:36	12,19	3,05	37,00	-10,27	42,73
638	30.07.20 20:27:37	12,00	3,08	40,89	-6,17	42,94
639	30.07.20 20:27:38	11,91	3,09	36,76	-12,12	41,12
640	30.07.20 20:27:39	11,81	3,08	39,72	-8,56	41,72
641	30.07.20 20:27:40	11,68	3,16	36,91	-9,10	43,98
642	30.07.20 20:27:41	11,62	3,13	34,09	-12,13	43,78
643	30.07.20 20:27:42	11,49	3,19	40,03	-7,07	42,89
644	30.07.20 20:27:43	11,37	3,20	33,15	-14,35	42,50
645	30.07.20 20:27:44	11,27	3,23	37,18	-8,48	44,34
646	30.07.20 20:27:45	11,14	3,24	36,69	-9,95	43,37
647	30.07.20 20:27:46	11,08	3,31	33,73	-13,10	43,16
648	30.07.20 20:27:47	11,05	3,31	37,17	-8,86	43,98
649	30.07.20 20:27:48	10,98	3,32	34,60	-12,83	42,57
650	30.07.20 20:27:49	10,98	3,35	34,49	-11,58	43,93
651	30.07.20 20:27:50	10,95	3,30	36,83	-9,51	43,66
652	30.07.20 20:27:51	10,92	3,36	35,90	-12,82	41,29
653	30.07.20 20:27:52	10,76	3,42	33,64	-13,37	42,99
654	30.07.20 20:27:53	10,59	3,49	36,88	-10,77	42,34
655	30.07.20 20:27:54	10,47	3,50	32,16	-16,06	41,77
656	30.07.20 20:27:55	10,37	3,49	35,17	-12,33	42,50
657	30.07.20 20:27:56	10,30	3,51	36,18	-11,66	42,16
658	30.07.20 20:27:57	10,24	3,53	33,59	-14,13	42,27
659	30.07.20 20:27:58	10,14	3,56	36,34	-11,62	42,04
660	30.07.20 20:27:59	10,04	3,62	34,40	-12,86	42,74
661	30.07.20 20:28:00	9,98	3,62	33,55	-13,67	42,78
662	30.07.20 20:28:01	9,91	3,63	36,86	-11,23	41,91
663	30.07.20 20:28:02	9,81	3,72	34,21	-12,93	42,85
664	30.07.20 20:28:03	9,75	3,71	32,18	-13,92	43,90
665	30.07.20 20:28:04	9,65	3,77	35,85	-10,58	43,57
666	30.07.20 20:28:05	9,55	3,76	33,92	-12,52	43,56
667	30.07.20 20:28:06	9,49	3,78	31,74	-15,65	42,61
668	30.07.20 20:28:07	9,42	3,86	37,06	-10,45	42,49
669	30.07.20 20:28:08	9,39	3,84	34,64	-14,59	40,77
670	30.07.20 20:28:09	9,36	3,88	34,49	-12,64	42,87
671	30.07.20 20:28:10	9,36	3,90	37,19	-10,28	42,53
672	30.07.20 20:28:11	9,32	3,92	31,40	-15,71	42,89
673	30.07.20 20:28:12	9,29	3,92	37,74	-10,35	41,91
674	30.07.20 20:28:13	9,26	3,94	33,58	-14,55	41,88
675	30.07.20 20:28:14	9,16	3,97	34,06	-13,47	42,47
676	30.07.20 20:28:15	9,09	3,99	37,18	-8,84	43,98
677	30.07.20 20:28:16	9,06	4,06	32,52	-15,30	42,18
678	30.07.20 20:28:17	8,96	4,07	37,49	-12,19	40,32
679	30.07.20 20:28:18	8,89	4,11	36,93	-10,96	42,10
680	30.07.20 20:28:19	8,83	4,15	34,85	-12,85	42,30
681	30.07.20 20:28:20	8,73	4,16	37,66	-10,57	41,77
682	30.07.20 20:28:21	8,73	4,16	35,29	-14,17	40,54
683	30.07.20 20:28:22	8,66	4,20	38,33	-10,42	41,24
684	30.07.20 20:28:23	8,63	4,27	36,34	-13,32	40,34
685	30.07.20 20:28:24	8,59	4,24	39,58	-11,57	38,85
686	30.07.20 20:28:25	8,49	4,28	38,42	-10,65	40,93
687	30.07.20 20:28:26	8,49	4,30	39,41	-11,07	39,52
688	30.07.20 20:28:27	8,46	4,32	38,96	-12,61	38,43
689	30.07.20 20:28:28	8,46	4,35	39,40	-11,81	38,78
690	30.07.20 20:28:29	8,43	4,32	39,69	-10,85	39,45
691	30.07.20 20:28:30	8,43	4,37	39,24	-11,39	39,37
692	30.07.20 20:28:31	8,39	4,41	40,41	-11,61	37,98
693	30.07.20 20:28:32	8,32	4,40	38,70	-11,77	39,53
694	30.07.20 20:28:33	8,26	4,42	39,69	-11,37	38,94
695	30.07.20 20:28:34	8,26	4,47	40,36	-10,26	39,37
696	30.07.20 20:28:35	8,22	4,44	39,14	-11,36	39,51
697	30.07.20 20:28:36	8,22	4,49	42,05	-6,39	41,56
698	30.07.20 20:28:37	8,22	4,46	42,70	-7,78	39,52
699	30.07.20 20:28:38	8,19	4,55	41,03	-9,24	39,73
700	30.07.20 20:28:39	8,12	4,59	42,65	-8,18	39,17
701	30.07.20 20:28:40	8,02	4,61	24,74	-15,94	49,32
702	30.07.20 20:28:41	7,99	4,60	22,42	-14,21	53,37
703	30.07.20 20:28:42	7,92	4,62	23,11	-14,07	52,82
704	30.07.20 20:28:43	7,82	4,68	25,62	-13,48	50,90
705	30.07.20 20:28:44	7,79	4,67	30,50	-13,23	46,27
706	30.07.20 20:28:45	7,79	4,67	27,26	-9,74	53,00
707	30.07.20 20:28:46	7,75	4,67	25,51	-10,62	53,87
708	30.07.20 20:28:47	7,72	4,67	29,89	-13,45	46,65
709	30.07.20 20:28:48	7,68	4,69	34,51	-10,00	45,48
710	30.07.20 20:28:49	7,65	4,71	33,79	-9,63	46,58
711	30.07.20 20:28:50	7,62	4,73	31,22	-7,68	51,10
712	30.07.20 20:28:51	7,62	4,75	34,85	-8,81	46,35
713	30.07.20 20:28:52	7,62	4,75	39,00	-8,56	42,44
714	30.07.20 20:28:53	7,62	4,77	37,64	-7,55	44,81
715	30.07.20 20:28:54	7,58	4,79	37,82	-5,36	46,81
716	30.07.20 20:28:55	7,55	4,81	41,07	-6,33	42,60
717	30.07.20 20:28:56	7,55	4,84	44,46	-4,77	40,77
718	30.07.20 20:28:57	7,51	4,83	47,58	-2,28	40,14
719	30.07.20 20:28:58	7,51	4,86	43,93	-2,69	43,37
720	30.07.20 20:28:59	7,48	4,88	47,57	0,03	42,40
721	30.07.20 20:29:00	7,45	4,94	55,32	0,68	34,00
722	30.07.20 20:29:01	7,38	4,96	50,58	-0,57	38,86
723	30.07.20 20:29:02	7,34	4,93	49,07	0,72	40,21
724	30.07.20 20:29:03	7,34	4,96	54,16	2,01	33,83
725	30.07.20 20:29:04	7,34	4,98	53,99	1,03	34,98
726	30.07.20 20:29:05	7,34	5,00	52,53	0,99	36,48
727	30.07.20 20:29:06	7,34	5,03	52,72	1,45	35,82
728	30.07.20 20:29:07	7,34	5,03	53,25	2,13	34,63
729	30.07.20 20:29:08	7,34	5,05	54,75	0,47	34,78
730	30.07.20 20:29:09	7,31	5,09	55,96	-1,61	32,43
731	30.07.20 20:29:10	7,31	5,11	57,87	0,03	32,10
732	30.07.20 20:29:11	7,24	5,08	53,81	-3,50	32,69
733	30.07.20 20:29:12	7,21	5,13	53,00	-1,26	35,74
734	30.07.20 20:29:13	7,21	5,15	52,99	-2,35	34,66
735	30.07.20 20:29:14	7,21	5,17	51,84	-3,83	34,33
736	30.07.20 20:29:15	7,17	5,24	50,10	-1,19	38,72
737	30.07.20 20:29:16	7,14	5,26	50,53	-3,04	36,44
738	30.07.20 20:29:17	7,10	5,23	52,83	-1,15	36,02
739	30.07.20 20:29:18	7,10	5,26	29,42	-3,17	57,41
740	30.07.20 20:29:19	7,07	5,28	11,46	-2,09	76,45
741	30.07.20 20:29:20	7,07	5,30	9,06	12,14	68,80
742	30.07.20 20:29:21	7,00	5,25	12,28	6,16	71,56
743	30.07.20 20:29:22	6,93	5,33	-2,61	4,18	83,21
744	30.07.20 20:29:23	6,83	5,35	0,67	-3,76	85,56
745	30.07.20 20:29:24	6,76	5,31	18,92	-9,25	61,83
746	30.07.20 20:29:25	6,73	5,33	-3,24	-7,34	79,42
747	30.07.20 20:29:26	6,66	5,26	10,34	-8,99	70,67
748	30.07.20 20:29:27	6,59	5,32	-0,10	-13,92	75,98
749	30.07.20 20:29:28	6,55	5,32	12,61	-9,55	67,84
750	30.07.20 20:29:29	6,52	5,31	22,43	-4,38	63,18
751	30.07.20 20:29:30	6,45	5,31	2,10	-10,33	77,57
752	30.07.20 20:29:31	6,41	5,33	-4,90	-2,04	83,06
753	30.07.20 20:29:32	6,38	5,32	13,83	-1,46	74,71
754	30.07.20 20:29:33	6,31	5,31	-12,00	-5,84	72,16
755	30.07.20 20:29:34	6,27	5,29	16,52	2,46	71,02
756	30.07.20 20:29:35	6,20	5,30	-4,26	-0,69	85,05
757	30.07.20 20:29:36	6,20	5,30	8,57	4,71	76,72
758	30.07.20 20:29:37	6,17	5,30	20,72	-0,68	68,61
759	30.07.20 20:29:38	6,13	5,32	4,32	7,88	77,81
760	30.07.20 20:29:39	6,06	5,29	31,54	0,92	57,54
761	30.07.20 20:29:40	6,03	5,31	-1,18	37,08	51,75
762	30.07.20 20:29:41	5,99	5,21	-13,45	-3,66	72,90
763	30.07.20 20:29:42	5,96	5,28	18,50	-8,16	63,34
764	30.07.20 20:29:43	5,85	5,31	24,10	-5,95	59,94
765	30.07.20 20:29:44	5,82	5,24	17,58	0,29	72,14
766	30.07.20 20:29:45	5,75	5,30	16,09	-1,72	72,19
767	30.07.20 20:29:46	5,71	5,30	-12,32	-6,30	71,39
768	30.07.20 20:29:47	5,68	5,23	13,61	-5,47	70,93
769	30.07.20 20:29:48	5,61	5,29	-2,35	-23,34	64,31
770	30.07.20 20:29:49	5,57	5,33	2,66	-16,13	71,21
771	30.07.20 20:29:50	5,54	5,28	-1,20	-20,19	68,61
772	30.07.20 20:29:51	5,54	5,30	-6,26	-9,09	74,65
773	30.07.20 20:29:52	5,50	5,28	4,30	-2,24	83,46
774	30.07.20 20:29:53	5,47	5,30	7,55	-10,90	71,55
775	30.07.20 20:29:54	5,43	5,25	4,95	3,01	82,04
776	30.07.20 20:29:55	5,39	5,24	5,60	-7,62	76,78
777	30.07.20 20:29:56	5,39	5,27	27,42	5,02	57,56
778	30.07.20 20:29:57	5,32	5,26	18,99	-6,01	65,00
779	30.07.20 20:29:58	5,29	5,26	7,12	31,51	51,37
780	30.07.20 20:29:59	5,25	5,23	-15,21	-17,80	56,98
781	30.07.20 20:30:00	5,18	5,24	-1,03	0,96	88,01
782	30.07.20 20:30:01	5,15	5,24	12,14	5,17	72,69
783	30.07.20 20:30:02	5,07	5,28	20,69	-5,11	64,19
784	30.07.20 20:30:03	5,04	5,28	55,26	-13,97	20,76
785	30.07.20 20:30:04	4,97	5,25	13,63	4,48	71,89
786	30.07.20 20:30:05	4,97	5,25	13,40	-10,75	65,85
787	30.07.20 20:30:06	4,93	5,24	15,13	-6,36	68,50
788	30.07.20 20:30:07	4,90	5,26	14,44	-1,83	73,73
789	30.07.20 20:30:08	4,86	5,23	8,15	-24,44	57,41
790	30.07.20 20:30:09	4,82	5,23	15,27	-3,05	71,68
791	30.07.20 20:30:10	4,79	5,23	2,67	-29,87	57,46
792	30.07.20 20:30:11	4,75	5,25	-7,50	1,38	81,11
793	30.07.20 20:30:12	4,75	5,25	-9,10	-8,70	72,20
794	30.07.20 20:30:13	4,72	5,22	-12,28	-11,45	66,28
795	30.07.20 20:30:14	4,68	5,29	-15,95	-21,78	52,27
796	30.07.20 20:30:15	4,64	5,23	-1,91	-11,09	77,00
797	30.07.20 20:30:16	4,61	5,23	-13,54	-7,51	68,95
798	30.07.20 20:30:17	4,61	5,25	19,18	-28,24	42,59
799	30.07.20 20:30:18	4,57	5,23	-6,99	-8,44	74,57
800	30.07.20 20:30:19	4,54	5,22	-7,33	-10,34	72,33
801	30.07.20 20:30:20	4,54	5,22	0,54	-13,40	76,06
802	30.07.20 20:30:21	4,50	5,27	0,40	-14,56	75,04
803	30.07.20 20:30:22	4,46	5,26	-1,44	-16,05	72,51
804	30.07.20 20:30:23	4,43	5,24	-10,04	-11,46	68,50
805	30.07.20 20:30:24	4,39	5,23	2,60	-8,20	79,20
806	30.07.20 20:30:25	4,35	5,25	-3,21	-10,57	76,22
807	30.07.20 20:30:26	4,32	5,25	6,44	-14,86	68,70
808	30.07.20 20:30:27	4,28	5,24	-16,97	2,42	70,60
809	30.07.20 20:30:28	4,25	5,24	16,15	-25,62	48,23
810	30.07.20 20:30:29	4,25	5,26	2,14	2,01	85,84
811	30.07.20 20:30:30	4,21	5,26	21,61	-14,18	54,21
812	30.07.20 20:30:31	4,17	5,26	-15,56	-7,27	67,17
813	30.07.20 20:30:32	4,17	5,23	-1,32	-17,47	71,21
814	30.07.20 20:30:33	4,14	5,23	-5,68	1,71	82,61
815	30.07.20 20:30:34	4,10	5,25	-7,46	-7,54	75,00
816	30.07.20 20:30:35	4,10	5,29	-5,86	0,14	84,00
817	30.07.20 20:30:36	4,06	5,22	-4,78	-13,88	71,34
818	30.07.20 20:30:37	4,06	5,22	-15,21	-1,89	72,90
819	30.07.20 20:30:38	4,03	5,22	-11,76	4,28	73,97
820	30.07.20 20:30:39	4,03	5,24	-3,82	-6,38	79,80
821	30.07.20 20:30:40	3,99	5,21	1,04	-6,01	82,95
822	30.07.20 20:30:41	3,99	5,21	-10,84	-6,67	72,49
823	30.07.20 20:30:42	3,95	5,21	-22,64	1,80	65,56
824	30.07.20 20:30:43	3,92	5,23	15,53	-11,40	63,07
825	30.07.20 20:30:44	3,92	5,21	-2,59	-12,92	74,49
826	30.07.20 20:30:45	3,88	5,20	-4,03	-16,05	69,92
827	30.07.20 20:30:46	3,88	5,22	24,33	-2,92	62,75
828	30.07.20 20:30:47	3,84	5,20	-4,74	-21,50	63,76
829	30.07.20 20:30:48	3,81	5,24	19,78	2,34	67,88
830	30.07.20 20:30:49	3,81	5,19	-6,58	-2,81	80,61
831	30.07.20 20:30:50	3,77	5,21	-1,74	-25,40	62,86
832	30.07.20 20:30:51	3,73	5,23	-6,74	-0,57	82,69
833	30.07.20 20:30:52	3,73	5,23	10,17	-11,72	68,10
834	30.07.20 20:30:53	3,70	5,23	8,99	-9,22	71,79
835	30.07.20 20:30:54	3,70	5,21	5,58	-4,88	79,54
836	30.07.20 20:30:55	3,66	5,22	-1,55	-1,01	87,44
837	30.07.20 20:30:56	3,66	5,22	-10,65	-8,66	70,69
838	30.07.20 20:30:57	3,62	5,22	7,05	-5,66	77,29
839	30.07.20 20:30:58	3,62	5,20	11,74	-9,22	69,04
840	30.07.20 20:30:59	3,59	5,19	14,52	5,64	69,84
841	30.07.20 20:31:00	3,59	5,19	13,22	-7,42	69,36
842	30.07.20 20:31:01	3,55	5,21	6,80	-14,98	68,22
843	30.07.20 20:31:02	3,51	5,21	6,14	-4,10	79,76
844	30.07.20 20:31:03	3,51	5,21	-11,79	10,87	67,34
845	30.07.20 20:31:04	3,48	5,32	-3,42	-4,07	82,52
846	30.07.20 20:31:05	3,48	5,23	15,23	-9,32	65,44
847	30.07.20 20:31:06	3,44	5,20	-7,89	-22,52	59,60
848	30.07.20 20:31:07	3,44	5,22	-6,90	-12,15	70,95
849	30.07.20 20:31:08	3,44	5,20	-5,14	-6,11	78,74
850	30.07.20 20:31:09	3,40	5,22	-3,35	-13,59	73,06
851	30.07.20 20:31:10	3,40	5,20	2,48	-7,40	80,12
852	30.07.20 20:31:11	3,40	5,22	6,74	12,36	70,90
853	30.07.20 20:31:12	3,36	5,17	2,00	-12,84	75,16
854	30.07.20 20:31:13	3,36	5,19	0,52	5,94	83,54
855	30.07.20 20:31:14	3,36	5,19	25,32	2,28	62,39
856	30.07.20 20:31:15	3,33	5,19	11,92	-37,14	40,94
857	30.07.20 20:31:16	3,29	5,21	3,89	-4,79	81,32
858	30.07.20 20:31:17	3,29	5,21	3,44	-8,47	78,09
859	30.07.20 20:31:18	3,29	5,21	12,39	14,23	63,38
860	30.07.20 20:31:19	3,25	5,18	-3,01	-13,86	73,14
861	30.07.20 20:31:20	3,25	5,18	5,23	-6,87	77,91
862	30.07.20 20:31:21	3,22	5,18	9,19	-11,46	69,35
863	30.07.20 20:31:22	3,22	5,20	11,71	11,04	67,26
864	30.07.20 20:31:23	3,18	5,22	21,51	-24,27	44,22
865	30.07.20 20:31:24	3,18	5,20	-2,72	-10,81	76,46
866	30.07.20 20:31:25	3,14	5,19	-6,87	-12,79	70,34
867	30.07.20 20:31:26	3,14	5,19	-1,41	2,91	85,68
868	30.07.20 20:31:27	3,10	5,17	-17,48	-11,93	60,59
869	30.07.20 20:31:28	3,10	5,19	14,59	0,34	75,07
870	30.07.20 20:31:29	3,10	5,19	-6,99	1,14	81,87
871	30.07.20 20:31:30	3,07	5,21	-3,89	-2,44	83,66
872	30.07.20 20:31:31	3,07	5,19	14,21	-20,28	55,52
873	30.07.20 20:31:32	3,07	5,16	8,49	-5,91	75,60
874	30.07.20 20:31:33	3,03	5,18	4,67	-5,38	79,94
875	30.07.20 20:31:34	3,03	5,18	-5,33	-18,98	65,69
876	30.07.20 20:31:35	2,99	5,20	-10,53	-19,21	60,26
877	30.07.20 20:31:36	2,99	5,18	-2,38	-14,16	73,45
878	30.07.20 20:31:37	2,99	5,20	13,96	-9,64	66,40
879	30.07.20 20:31:38	2,95	5,20	16,06	8,72	65,22
880	30.07.20 20:31:39	2,95	5,17	8,20	-23,25	58,55
881	30.07.20 20:31:40	2,95	5,17	4,52	-18,01	67,48
882	30.07.20 20:31:41	2,92	5,19	4,54	7,68	77,78
883	30.07.20 20:31:42	2,92	5,19	9,29	-0,76	79,96
884	30.07.20 20:31:43	2,92	5,19	4,94	-29,97	55,09
885	30.07.20 20:31:44	2,88	5,17	12,87	32,04	45,09
886	30.07.20 20:31:45	2,88	5,14	13,69	-8,93	67,38
887	30.07.20 20:31:46	2,88	5,21	9,55	-8,92	71,53
888	30.07.20 20:31:47	2,84	5,21	16,85	4,22	68,94
889	30.07.20 20:31:48	2,84	5,18	15,55	-17,08	57,37
890	30.07.20 20:31:49	2,84	5,16	-6,92	-12,85	70,23
891	30.07.20 20:31:50	2,80	5,20	10,51	0,75	78,74
892	30.07.20 20:31:51	2,80	5,18	-15,77	-2,49	71,74
893	30.07.20 20:31:52	2,80	5,16	4,58	0,67	84,75
894	30.07.20 20:31:53	2,77	5,20	3,55	-12,19	74,26
895	30.07.20 20:31:54	2,77	5,20	15,10	-12,76	62,14
896	30.07.20 20:31:55	2,77	5,18	-2,18	-11,39	76,43
897	30.07.20 20:31:56	2,73	5,20	11,63	-12,15	66,22
898	30.07.20 20:31:57	2,73	5,20	-11,61	-8,15	70,24
899	30.07.20 20:31:58	2,73	5,20	46,89	5,66	37,45
900	30.07.20 20:31:59	2,69	5,12	37,50	7,81	44,69
901	30.07.20 20:32:00	2,69	5,12	-5,98	-3,32	80,71
902	30.07.20 20:32:01	2,69	5,17	4,46	-10,17	75,37
903	30.07.20 20:32:02	2,65	5,19	-2,68	-12,47	74,85
904	30.07.20 20:32:03	2,65	5,19	0,66	-1,67	87,68
905	30.07.20 20:32:04	2,65	5,19	-29,99	-0,42	59,59
906	30.07.20 20:32:05	2,65	5,19	11,95	7,65	70,39
907	30.07.20 20:32:06	2,62	5,14	3,12	-19,02	67,86
908	30.07.20 20:32:07	2,62	5,16	15,76	-0,66	73,57
909	30.07.20 20:32:08	2,62	5,21	-3,06	-0,35	86,59
910	30.07.20 20:32:09	2,62	5,16	-3,87	-6,29	79,83
911	30.07.20 20:32:10	2,62	5,16	9,49	-4,35	76,16
912	30.07.20 20:32:11	2,62	5,16	-3,76	-4,57	81,68
913	30.07.20 20:32:12	2,62	5,18	5,27	-7,99	76,74
914	30.07.20 20:32:13	2,58	5,18	-7,48	-7,55	74,97
915	30.07.20 20:32:14	2,58	5,18	-2,19	-10,86	76,95
916	30.07.20 20:32:15	2,58	5,18	-0,21	-0,05	89,73
917	30.07.20 20:32:16	2,58	5,18	-6,21	-11,76	72,03
918	30.07.20 20:32:17	2,58	5,16	6,89	-6,48	76,63
919	30.07.20 20:32:18	2,58	5,18	-3,15	-7,21	79,64
920	30.07.20 20:32:19	2,54	5,15	-3,64	-12,41	73,95
921	30.07.20 20:32:20	2,54	5,15	-4,22	-12,23	73,55
922	30.07.20 20:32:21	2,54	5,18	-11,97	-11,23	66,80
923	30.07.20 20:32:22	2,54	5,15	-2,56	-13,27	74,17
924	30.07.20 20:32:23	2,54	5,18	-6,90	-13,71	69,39
925	30.07.20 20:32:24	2,54	5,15	1,98	-10,48	77,54
926	30.07.20 20:32:25	2,54	5,15	2,36	-8,90	78,74
927	30.07.20 20:32:26	2,54	5,15	-0,94	-14,13	74,93
928	30.07.20 20:32:27	2,50	5,15	-6,41	-12,46	71,13
929	30.07.20 20:32:28	2,50	5,15	-7,75	-5,16	77,09
930	30.07.20 20:32:29	2,50	5,17	2,24	-8,20	79,56
931	30.07.20 20:32:30	2,50	5,17	-0,70	-7,03	82,27
932	30.07.20 20:32:31	2,50	5,17	11,99	-1,49	76,52
933	30.07.20 20:32:32	2,50	5,15	-14,22	-7,86	67,92
934	30.07.20 20:32:33	2,50	5,15	-6,65	-12,07	71,28
935	30.07.20 20:32:34	2,47	5,17	-6,24	-11,07	72,69
936	30.07.20 20:32:35	2,47	5,19	7,85	-7,43	74,73
937	30.07.20 20:32:36	2,47	5,14	-7,99	-13,61	68,40
938	30.07.20 20:32:37	2,47	5,17	-16,65	-16,52	56,83
939	30.07.20 20:32:38	2,47	5,14	-2,33	-6,40	81,27
940	30.07.20 20:32:39	2,47	5,14	8,44	-11,18	70,38
941	30.07.20 20:32:40	2,47	5,17	-0,92	-11,06	78,02
942	30.07.20 20:32:41	2,47	5,17	13,61	-10,86	65,53
943	30.07.20 20:32:42	2,43	5,14	15,19	-9,44	65,37
944	30.07.20 20:32:43	2,43	5,14	-6,31	-6,64	77,05
945	30.07.20 20:32:44	2,43	5,12	-8,03	-7,86	74,11
946	30.07.20 20:32:45	2,43	5,09	-13,99	-16,19	59,82
947	30.07.20 20:32:46	2,43	5,14	12,91	-6,17	70,92
948	30.07.20 20:32:47	2,43	5,14	1,61	-11,08	77,30
949	30.07.20 20:32:48	2,43	5,12	5,71	-14,05	70,24
950	30.07.20 20:32:49	2,43	5,14	2,85	-8,84	78,31
951	30.07.20 20:32:50	2,43	5,14	6,87	-4,00	79,13
952	30.07.20 20:32:51	2,43	5,14	0,16	-1,53	88,31
953	30.07.20 20:32:52	2,43	5,12	-14,62	-7,52	67,86
954	30.07.20 20:32:53	2,43	5,14	-5,65	-9,71	74,64
955	30.07.20 20:32:54	2,43	5,14	31,17	4,52	54,31
956	30.07.20 20:32:55	2,43	5,16	-10,73	-10,14	69,12
957	30.07.20 20:32:56	2,39	5,14	5,70	-18,62	65,68
958	30.07.20 20:32:57	2,39	5,14	6,63	-4,44	78,93
959	30.07.20 20:32:58	2,39	5,14	-1,90	-4,36	83,73
960	30.07.20 20:32:59	2,39	5,14	-0,44	-9,19	80,37
961	30.07.20 20:33:00	2,39	5,11	-9,38	-3,33	77,28
962	30.07.20 20:33:01	2,39	5,11	0,30	-6,78	82,92
963	30.07.20 20:33:02	2,39	5,14	0,31	-2,11	87,57
964	30.07.20 20:33:03	2,39	5,14	0,31	-3,44	86,25
965	30.07.20 20:33:04	2,39	5,11	-3,89	-8,19	77,91
966	30.07.20 20:33:05	2,39	5,16	-2,46	-5,10	82,44
967	30.07.20 20:33:06	2,39	5,14	-2,89	-8,48	78,63
968	30.07.20 20:33:07	2,35	5,11	-9,79	-7,41	72,80
969	30.07.20 20:33:08	2,35	5,13	-9,82	-4,96	75,23
970	30.07.20 20:33:09	2,35	5,13	-5,39	-13,90	70,71
971	30.07.20 20:33:10	2,35	5,13	-22,61	-17,72	49,67
972	30.07.20 20:33:11	2,35	5,13	-9,99	-8,78	71,23
973	30.07.20 20:33:12	2,35	5,13	5,29	-10,67	74,04
974	30.07.20 20:33:13	2,35	5,13	-2,49	-12,26	75,26
975	30.07.20 20:33:14	2,35	5,13	-11,24	-4,38	74,38
976	30.07.20 20:33:15	2,35	5,13	-3,73	-5,67	80,59
977	30.07.20 20:33:16	2,35	5,16	-21,20	-12,62	56,18
978	30.07.20 20:33:17	2,35	5,13	0,49	-7,06	82,44
979	30.07.20 20:33:18	2,35	5,13	-1,62	-10,11	78,27
980	30.07.20 20:33:19	2,31	5,15	3,44	-9,15	77,41
981	30.07.20 20:33:20	2,31	5,13	-14,70	-8,57	66,73
982	30.07.20 20:33:21	2,31	5,13	-2,92	0,52	86,57
983	30.07.20 20:33:22	2,31	5,13	0,27	-4,96	84,77
984	30.07.20 20:33:23	2,31	5,11	-7,78	-6,11	76,12
985	30.07.20 20:33:24	2,31	5,13	20,36	1,43	68,21
986	30.07.20 20:33:25	2,31	5,11	12,17	-13,31	64,52
987	30.07.20 20:33:26	2,31	5,13	-21,47	-10,65	57,88
988	30.07.20 20:33:27	2,31	5,13	0,17	-1,92	87,91
989	30.07.20 20:33:28	2,31	5,13	-4,59	0,33	85,08
990	30.07.20 20:33:29	2,31	5,13	-15,31	-0,83	73,87
991	30.07.20 20:33:30	2,31	5,13	14,37	-14,65	60,97
992	30.07.20 20:33:31	2,31	5,15	-10,11	-11,12	68,77
993	30.07.20 20:33:32	2,31	5,15	32,68	-22,24	35,09
994	30.07.20 20:33:33	2,31	5,15	-1,81	-4,97	83,22
995	30.07.20 20:33:34	2,28	5,12	-7,18	-7,24	75,58
996	30.07.20 20:33:35	2,28	5,12	2,37	0,29	87,33
997	30.07.20 20:33:36	2,28	5,15	-13,86	-7,92	68,22
998	30.07.20 20:33:37	2,28	5,15	9,68	-8,24	72,08
999	30.07.20 20:33:38	2,28	5,15	-1,54	-8,73	79,72
1000	30.07.20 20:33:39	2,28	5,15	5,60	7,51	76,89
1001	30.07.20 20:33:40	2,28	5,15	10,87	2,47	76,65
1002	30.07.20 20:33:41	2,28	5,15	9,72	-0,77	79,51
1003	30.07.20 20:33:42	2,28	5,12	17,45	-8,43	64,12
1004	30.07.20 20:33:43	2,28	5,15	7,24	-13,16	69,60
1005	30.07.20 20:33:44	2,28	5,15	4,17	-15,53	70,29
1006	30.07.20 20:33:45	2,24	5,14	1,44	-8,28	80,28
1007	30.07.20 20:33:46	2,28	5,15	0,33	1,10	88,57
1008	30.07.20 20:33:47	2,28	5,17	-1,02	-2,67	86,30
1009	30.07.20 20:33:48	2,24	5,10	-6,18	-3,42	80,40
1010	30.07.20 20:33:49	2,24	5,12	7,78	-12,53	69,69
1011	30.07.20 20:33:50	2,24	5,14	-13,18	-13,69	63,13
1012	30.07.20 20:33:51	2,24	5,12	-13,32	-5,60	71,08
1013	30.07.20 20:33:52	2,24	5,12	8,04	-14,39	67,57
1014	30.07.20 20:33:53	2,24	5,12	6,55	-9,92	73,52
1015	30.07.20 20:33:54	2,24	5,12	-7,00	-7,05	75,96
1016	30.07.20 20:33:55	2,24	5,12	5,81	-1,48	82,71
1017	30.07.20 20:33:56	2,24	5,12	16,78	0,33	72,88
1018	30.07.20 20:33:57	2,24	5,14	1,05	-6,82	82,13
1019	30.07.20 20:33:58	2,24	5,14	11,88	-9,71	68,42
1020	30.07.20 20:33:59	2,24	5,12	1,14	-3,07	85,80
1021	30.07.20 20:34:00	2,24	5,12	-12,56	-5,90	71,55
1022	30.07.20 20:34:01	2,24	5,14	-4,19	5,64	80,17
1023	30.07.20 20:34:02	2,24	5,12	17,04	-3,11	69,85
1024	30.07.20 20:34:03	2,24	5,12	-8,98	-3,78	77,24
1025	30.07.20 20:34:04	2,20	5,14	12,98	13,98	63,03
1026	30.07.20 20:34:05	2,20	5,12	-2,90	-1,46	85,64
1027	30.07.20 20:34:06	2,20	5,12	-12,00	-0,73	77,27
1028	30.07.20 20:34:07	2,20	5,14	2,75	1,37	85,89
1029	30.07.20 20:34:08	2,20	5,12	3,92	-19,75	66,33
1030	30.07.20 20:34:09	2,20	5,12	2,09	-2,91	85,00
1031	30.07.20 20:34:10	2,20	5,14	-7,90	-7,14	74,96
1032	30.07.20 20:34:11	2,20	5,14	8,58	1,27	80,15
1033	30.07.20 20:34:12	2,20	5,14	-30,56	-1,14	58,30
1034	30.07.20 20:34:13	2,20	5,14	8,21	-1,56	80,23
1035	30.07.20 20:34:14	2,20	5,14	-3,33	2,63	84,04
1036	30.07.20 20:34:15	2,20	5,12	-0,21	-6,20	83,58
1037	30.07.20 20:34:16	2,20	5,12	-11,71	3,44	74,85
1038	30.07.20 20:34:17	2,20	5,14	0,17	-7,11	82,72
1039	30.07.20 20:34:18	2,20	5,12	4,16	-7,44	78,40
1040	30.07.20 20:34:19	2,16	5,18	11,89	-0,14	77,96
1041	30.07.20 20:34:20	2,16	5,14	-3,41	-9,98	76,61
1042	30.07.20 20:34:21	2,16	5,16	-11,77	-5,69	72,54
1043	30.07.20 20:34:22	2,16	5,14	-6,19	-7,75	76,07
1044	30.07.20 20:34:23	2,16	5,14	-12,39	-7,73	69,87
1045	30.07.20 20:34:24	2,16	5,14	14,44	-15,40	60,16
1046	30.07.20 20:34:25	2,16	5,14	6,17	-3,42	80,41
1047	30.07.20 20:34:26	2,16	5,14	-7,22	-11,90	70,88
1048	30.07.20 20:34:27	2,16	5,14	1,19	-12,80	76,02
1049	30.07.20 20:34:28	2,16	5,11	13,24	-14,45	62,31
1050	30.07.20 20:34:29	2,16	5,14	-5,01	-9,87	75,13
1051	30.07.20 20:34:30	2,16	5,14	9,55	-8,16	72,29
1052	30.07.20 20:34:31	2,16	5,11	-14,34	0,26	75,41
1053	30.07.20 20:34:32	2,16	5,11	2,01	0,27	87,72
1054	30.07.20 20:34:33	2,16	5,14	-0,23	-16,73	73,04
1055	30.07.20 20:34:34	2,16	5,14	4,77	-1,91	83,32
1056	30.07.20 20:34:35	2,16	5,11	-17,54	3,89	68,57
1057	30.07.20 20:34:36	2,16	5,14	10,44	-39,81	39,75
1058	30.07.20 20:34:37	2,16	5,11	0,84	-11,61	77,55
1059	30.07.20 20:34:38	2,16	5,14	8,54	-9,25	72,21
1060	30.07.20 20:34:39	2,12	5,15	39,98	1,53	48,49
1061	30.07.20 20:34:40	2,12	5,13	-8,83	1,10	80,07
1062	30.07.20 20:34:41	2,12	5,11	30,39	0,20	59,42
1063	30.07.20 20:34:42	2,12	5,13	24,70	-3,58	61,73
1064	30.07.20 20:34:43	2,12	5,15	-2,05	-16,06	71,89
1065	30.07.20 20:34:44	2,12	5,15	-3,22	-1,77	85,01
1066	30.07.20 20:34:45	2,12	5,13	6,10	-5,05	78,85
1067	30.07.20 20:34:46	2,12	5,11	-23,07	0,96	65,97
1068	30.07.20 20:34:47	2,12	5,13	9,36	-2,26	78,37
1069	30.07.20 20:34:48	2,12	5,22	-20,07	-10,88	59,05
1070	30.07.20 20:34:49	2,12	5,13	-16,12	-10,40	63,49
1071	30.07.20 20:34:50	2,12	5,15	2,06	-12,17	75,77
1072	30.07.20 20:34:51	2,12	5,15	1,77	-6,41	81,82
1073	30.07.20 20:34:52	2,12	5,13	-13,91	-6,55	69,55
1074	30.07.20 20:34:53	2,12	5,13	0,75	-15,24	74,01
1075	30.07.20 20:34:54	2,12	5,13	-5,60	-13,10	71,30
1076	30.07.20 20:34:55	2,12	5,13	-11,14	-22,45	56,41
1077	30.07.20 20:34:56	2,12	5,15	-23,82	-6,48	59,69
1078	30.07.20 20:34:57	2,12	5,13	7,62	-8,28	74,10
1079	30.07.20 20:34:58	2,12	5,18	17,90	-27,43	44,66
1080	30.07.20 20:34:59	2,09	5,15	20,73	-4,52	64,74
1081	30.07.20 20:35:00	2,12	5,13	-8,63	-5,98	75,40
1082	30.07.20 20:35:01	2,12	5,13	-1,44	14,10	74,46
1083	30.07.20 20:35:02	2,09	5,13	8,33	2,03	79,64
1084	30.07.20 20:35:03	2,09	5,13	13,08	-7,22	69,70
1085	30.07.20 20:35:04	2,09	5,13	15,03	-6,74	68,23
1086	30.07.20 20:35:05	2,09	5,13	13,76	-17,46	58,78
1087	30.07.20 20:35:06	2,09	5,17	20,58	-9,48	59,95
1088	30.07.20 20:35:07	2,09	5,13	17,04	-18,96	54,00
1089	30.07.20 20:35:08	2,09	5,10	2,95	-4,45	82,60
1090	30.07.20 20:35:09	2,09	5,13	-9,25	-19,88	60,87
1091	30.07.20 20:35:10	2,09	5,10	0,60	-14,80	74,60
1092	30.07.20 20:35:11	2,09	5,13	-1,22	-13,65	75,14
1093	30.07.20 20:35:12	2,09	5,13	-7,96	-9,49	72,55
1094	30.07.20 20:35:13	2,09	5,13	-5,45	-1,73	82,82
1095	30.07.20 20:35:14	2,09	5,15	2,74	-0,72	86,55
1096	30.07.20 20:35:15	2,09	5,13	22,61	-5,97	61,43
1097	30.07.20 20:35:16	2,09	5,15	0,03	-3,96	86,01
1098	30.07.20 20:35:17	2,09	5,15	6,72	-7,86	75,42
1099	30.07.20 20:35:18	2,09	5,13	25,26	-9,49	55,25
1100	30.07.20 20:35:19	2,09	5,13	19,16	4,60	66,25
1101	30.07.20 20:35:20	2,09	5,13	15,58	-19,94	54,48
1102	30.07.20 20:35:21	2,09	5,15	-2,16	-4,40	83,45
1103	30.07.20 20:35:22	2,09	5,20	9,06	-13,92	67,02
1104	30.07.20 20:35:23	2,09	5,13	12,75	-9,55	67,70
1105	30.07.20 20:35:24	2,09	5,15	6,77	4,68	78,55
1106	30.07.20 20:35:25	2,09	5,15	3,05	-2,10	84,85
1107	30.07.20 20:35:26	2,09	5,08	5,85	31,17	52,98
1108	30.07.20 20:35:27	2,09	5,08	7,17	0,93	81,90
1109	30.07.20 20:35:28	2,09	5,15	9,37	-16,88	63,75
1110	30.07.20 20:35:29	2,09	5,13	8,29	-36,56	45,15
1111	30.07.20 20:35:30	2,09	5,15	11,93	0,17	77,90
1112	30.07.20 20:35:31	2,09	5,13	18,14	-9,13	62,73
1113	30.07.20 20:35:32	2,09	5,13	21,85	-1,35	66,80
1114	30.07.20 20:35:33	2,09	5,15	31,02	10,65	48,34
1115	30.07.20 20:35:34	2,05	5,15	15,70	20,93	53,38
1116	30.07.20 20:35:35	2,05	5,15	9,59	12,35	68,06
1117	30.07.20 20:35:36	2,05	5,15	12,75	18,56	58,69
1118	30.07.20 20:35:37	2,05	5,12	15,20	20,53	54,27
1119	30.07.20 20:35:38	2,09	5,13	19,49	23,76	46,76
1120	30.07.20 20:35:39	2,05	5,12	23,84	21,09	45,07
1121	30.07.20 20:35:40	2,05	5,15	25,07	17,90	47,03
1122	30.07.20 20:35:41	2,05	5,15	31,81	21,06	37,13
1123	30.07.20 20:35:42	2,05	5,12	46,52	11,29	32,19
1124	30.07.20 20:35:43	2,05	5,10	50,71	4,39	34,89
1125	30.07.20 20:35:44	2,05	5,10	48,64	8,61	32,76
1126	30.07.20 20:35:45	2,05	5,10	50,99	8,74	30,28
1127	30.07.20 20:35:46	2,05	5,10	51,53	7,56	30,91
1128	30.07.20 20:35:47	2,05	5,10	50,60	7,17	32,23
1129	30.07.20 20:35:48	2,05	5,08	51,15	6,48	32,37
1130	30.07.20 20:35:49	2,05	5,05	51,76	5,67	32,57
1131	30.07.20 20:35:50	2,05	5,03	51,35	5,92	32,73
1132	30.07.20 20:35:51	2,05	5,03	51,94	4,98	33,08
1133	30.07.20 20:35:52	2,05	5,01	51,84	4,42	33,73
1134	30.07.20 20:35:53	2,05	4,98	51,83	4,76	33,40
1135	30.07.20 20:35:54	2,05	4,96	50,71	4,20	35,09
1136	30.07.20 20:35:55	2,05	4,94	47,14	4,94	37,93
1137	30.07.20 20:35:56	2,05	4,91	49,53	4,45	36,02
1138	30.07.20 20:35:57	2,05	4,87	46,28	4,78	38,94
1139	30.07.20 20:35:58	2,05	4,84	43,86	6,86	39,28
1140	30.07.20 20:35:59	2,05	4,82	47,20	5,49	37,30
1141	30.07.20 20:36:00	2,05	4,80	48,69	6,61	34,70
1142	30.07.20 20:36:01	2,05	4,80	46,32	7,48	36,20
1143	30.07.20 20:36:02	2,05	4,77	41,44	9,18	39,38
1144	30.07.20 20:36:03	2,05	4,70	39,56	10,43	40,02
1145	30.07.20 20:36:04	2,05	4,70	42,55	9,68	37,77
1146	30.07.20 20:36:05	2,05	4,66	40,42	13,47	36,11
1147	30.07.20 20:36:06	2,05	4,63	41,03	11,61	37,36
1148	30.07.20 20:36:07	2,05	4,59	45,63	8,80	35,57
1149	30.07.20 20:36:08	2,05	4,56	39,70	14,41	35,89
1150	30.07.20 20:36:09	2,05	4,54	40,67	13,03	36,30
1151	30.07.20 20:36:10	2,09	4,50	43,13	9,71	37,16
1152	30.07.20 20:36:11	2,05	4,47	40,37	11,96	37,67
1153	30.07.20 20:36:12	2,09	4,43	37,44	14,52	38,04
1154	30.07.20 20:36:13	2,09	4,40	38,91	13,05	38,04
1155	30.07.20 20:36:14	2,09	4,33	37,78	12,59	39,62
1156	30.07.20 20:36:15	2,09	4,31	37,09	10,73	42,18
1157	30.07.20 20:36:16	2,09	4,26	38,13	8,75	43,13
1158	30.07.20 20:36:17	2,09	4,22	41,43	9,10	39,47
1159	30.07.20 20:36:18	2,09	4,19	42,66	7,47	39,87
1160	30.07.20 20:36:19	2,09	4,12	39,76	5,74	44,50
1161	30.07.20 20:36:20	2,09	4,10	43,20	2,06	44,74
1162	30.07.20 20:36:21	2,12	4,13	50,06	11,93	28,01
1163	30.07.20 20:36:22	2,12	4,15	52,02	13,22	24,76
1164	30.07.20 20:36:23	2,12	4,15	51,34	15,48	23,19
1165	30.07.20 20:36:24	2,12	4,17	51,34	18,97	19,69
1166	30.07.20 20:36:25	2,12	4,22	56,33	16,59	17,08
1167	30.07.20 20:36:26	2,12	4,20	67,78	3,86	18,36
1168	30.07.20 20:36:27	2,12	4,17	67,97	-4,42	17,61
1169	30.07.20 20:36:28	2,16	4,20	73,74	-3,82	12,45
1170	30.07.20 20:36:29	2,16	4,20	75,59	-1,37	13,04
1171	30.07.20 20:36:30	2,16	4,18	75,75	0,39	13,86
1172	30.07.20 20:36:31	2,16	4,18	75,25	1,07	13,68
1173	30.07.20 20:36:32	2,16	4,18	75,24	1,50	13,26
1174	30.07.20 20:36:33	2,16	4,20	75,01	1,19	13,80
1175	30.07.20 20:36:34	2,16	4,18	74,41	0,88	14,70
1176	30.07.20 20:36:35	2,16	4,20	72,36	-0,79	16,85
1177	30.07.20 20:36:36	2,16	4,16	69,49	-2,18	18,33
1178	30.07.20 20:36:37	2,16	4,16	66,06	-4,17	19,78
1179	30.07.20 20:36:38	2,16	4,16	66,42	-5,40	18,19
1180	30.07.20 20:36:39	2,16	4,16	69,76	-5,20	15,04
1181	30.07.20 20:36:40	2,16	4,16	67,59	-6,16	16,24
1182	30.07.20 20:36:41	2,16	4,13	58,31	-8,44	23,25
1183	30.07.20 20:36:42	2,16	4,06	52,96	-9,41	27,62
1184	30.07.20 20:36:43	2,16	4,02	49,58	-10,82	29,60
1185	30.07.20 20:36:44	2,16	3,95	49,41	-10,90	29,69
1186	30.07.20 20:36:45	2,16	3,88	46,46	-12,36	31,18
1187	30.07.20 20:36:46	2,16	3,81	46,69	-11,71	31,60
1188	30.07.20 20:36:47	2,16	3,69	46,55	-11,82	31,63
1189	30.07.20 20:36:48	2,16	3,59	46,20	-11,18	32,61
1190	30.07.20 20:36:49	2,16	3,52	44,28	-11,22	34,50
1191	30.07.20 20:36:50	2,16	3,43	41,94	-11,39	36,67
1192	30.07.20 20:36:51	2,16	3,34	43,51	-10,76	35,73
1193	30.07.20 20:36:52	2,20	3,27	43,94	-10,26	35,80
1194	30.07.20 20:36:53	2,20	3,18	42,02	-9,83	38,15
1195	30.07.20 20:36:54	2,20	3,08	41,59	-9,62	38,79
1196	30.07.20 20:36:55	2,24	2,97	39,44	-10,36	40,21
1197	30.07.20 20:36:56	2,24	2,90	40,88	-7,95	41,17
1198	30.07.20 20:36:57	2,24	2,81	39,86	-6,51	43,62
1199	30.07.20 20:36:58	2,28	2,72	38,45	-4,77	46,78
1200	30.07.20 20:36:59	2,28	2,65	39,68	-5,66	44,66
1201	30.07.20 20:37:00	2,28	2,58	39,35	-5,17	45,48
1202	30.07.20 20:37:01	2,31	2,51	41,54	-5,83	42,63
1203	30.07.20 20:37:02	2,31	2,44	41,97	-7,12	40,92
1204	30.07.20 20:37:03	2,35	2,40	39,82	-6,49	43,68
1205	30.07.20 20:37:04	2,35	2,35	38,71	-7,08	44,21
1206	30.07.20 20:37:05	2,39	2,29	41,56	-6,75	41,69
1207	30.07.20 20:37:06	2,47	2,20	34,77	-7,51	47,73
1208	30.07.20 20:37:07	2,50	2,11	34,93	-8,08	46,99
1209	30.07.20 20:37:08	2,65	1,96	33,69	-10,35	45,96
1210	30.07.20 20:37:09	2,88	1,80	30,36	-11,39	48,25
1211	30.07.20 20:37:10	3,22	1,72	30,45	-11,76	47,80
1212	30.07.20 20:37:11	3,40	1,67	29,60	-12,25	48,15
1213	30.07.20 20:37:12	3,62	1,55	31,00	-10,13	48,87
1214	30.07.20 20:37:13	3,92	1,35	27,25	-7,70	55,06
1215	30.07.20 20:37:14	4,25	1,29	28,04	-5,38	56,58
1216	30.07.20 20:37:15	4,61	1,21	28,83	-3,75	57,42
1217	30.07.20 20:37:16	4,82	1,16	28,05	-2,56	59,39
1218	30.07.20 20:37:17	5,00	1,16	31,28	-4,95	53,76
1219	30.07.20 20:37:18	5,25	1,07	28,45	-1,37	60,18
1220	30.07.20 20:37:19	5,54	0,96	27,82	-1,50	60,68
1221	30.07.20 20:37:20	5,92	0,76	30,58	-1,18	58,25
1222	30.07.20 20:37:21	6,31	0,78	26,85	1,17	61,99
1223	30.07.20 20:37:22	6,59	0,69	28,70	0,49	60,81
1224	30.07.20 20:37:23	6,83	0,65	28,21	0,53	61,26
1225	30.07.20 20:37:24	7,10	0,67	25,75	6,99	57,26
1226	30.07.20 20:37:25	7,41	0,46	33,48	-0,17	56,34
1227	30.07.20 20:37:26	7,62	0,44	28,45	3,49	58,06
1228	30.07.20 20:37:27	7,92	0,29	30,65	2,78	56,57
1229	30.07.20 20:37:28	8,19	0,34	28,33	4,11	57,56
1230	30.07.20 20:37:29	8,53	0,27	21,33	9,45	59,22
1231	30.07.20 20:37:30	8,83	0,22	29,90	6,90	53,20
1232	30.07.20 20:37:31	9,06	0,25	36,41	2,53	51,06
1233	30.07.20 20:37:32	9,26	0,15	30,56	6,17	53,27
1234	30.07.20 20:37:33	9,55	0,06	23,15	5,90	60,95
1235	30.07.20 20:37:34	9,75	0,08	35,97	0,33	53,70
1236	30.07.20 20:37:35	9,88	0,04	24,38	-1,81	63,81
1237	30.07.20 20:37:36	10,04	0,01	18,95	-3,15	67,90
1238	30.07.20 20:37:37	10,17	0,00	26,71	2,03	61,26
1239	30.07.20 20:37:38	10,27	0,06	20,48	-7,13	62,39
1240	30.07.20 20:37:39	10,34	0,00	21,61	-5,31	63,09
1241	30.07.20 20:37:40	10,50	0,00	29,70	-0,11	60,20
1242	30.07.20 20:37:41	10,72	0,00	24,99	-14,70	50,31
1243	30.07.20 20:37:42	10,92	0,00	23,48	-15,49	51,03
1244	30.07.20 20:37:43	11,05	0,00	26,23	-11,19	52,58
1245	30.07.20 20:37:44	11,17	0,00	20,18	-12,30	57,52
1246	30.07.20 20:37:45	11,30	0,00	23,44	-11,52	55,03
1247	30.07.20 20:37:46	11,40	0,00	14,09	-20,53	55,38
1248	30.07.20 20:37:47	11,49	0,00	26,98	-7,80	55,21
1249	30.07.20 20:37:48	11,59	0,00	23,03	-10,04	56,93
1250	30.07.20 20:37:49	11,68	0,00	23,31	-11,46	55,23
1251	30.07.20 20:37:50	11,75	0,00	27,74	-9,07	53,19
1252	30.07.20 20:37:51	11,81	0,00	22,88	-5,35	61,76
1253	30.07.20 20:37:52	11,81	0,00	27,31	-4,20	58,49
1254	30.07.20 20:37:53	11,81	0,00	28,43	-5,23	56,33
1255	30.07.20 20:37:54	11,91	0,01	20,69	-3,18	66,13
1256	30.07.20 20:37:55	12,06	0,00	24,56	-7,25	58,19
1257	30.07.20 20:37:56	12,16	0,00	23,08	-5,69	61,24
1258	30.07.20 20:37:57	12,22	0,00	24,30	-12,44	53,26
1259	30.07.20 20:37:58	12,35	0,00	16,10	-5,82	68,08
1260	30.07.20 20:37:59	12,44	0,00	16,52	-5,02	68,45
1261	30.07.20 20:38:00	12,51	0,00	22,50	-4,23	63,27
1262	30.07.20 20:38:01	12,54	0,01	32,06	-4,31	53,64
1263	30.07.20 20:38:02	12,60	0,00	18,14	-9,72	62,14
1264	30.07.20 20:38:03	12,66	0,00	17,54	-1,49	70,97
1265	30.07.20 20:38:04	12,76	0,01	23,99	-11,29	54,71
1266	30.07.20 20:38:05	12,88	0,00	27,67	-5,12	57,21
1267	30.07.20 20:38:06	12,94	0,00	25,25	-6,57	58,18
1268	30.07.20 20:38:07	13,01	0,04	20,06	-9,71	60,23
1269	30.07.20 20:38:08	13,10	0,00	19,33	-4,77	65,90
1270	30.07.20 20:38:09	13,13	0,00	15,21	-6,66	68,12
1271	30.07.20 20:38:10	13,16	0,00	24,52	-16,14	49,34
1272	30.07.20 20:38:11	13,19	0,00	25,19	-10,89	53,93
1273	30.07.20 20:38:12	13,29	0,00	9,48	2,49	78,03
1274	30.07.20 20:38:13	13,32	0,08	19,21	-11,27	59,52
1275	30.07.20 20:38:14	13,38	0,00	25,82	-7,17	57,01
1276	30.07.20 20:38:15	13,44	0,01	21,87	-8,58	59,55
1277	30.07.20 20:38:16	13,50	0,00	21,24	-5,02	63,74
1278	30.07.20 20:38:17	13,60	0,00	19,67	-4,33	65,99
1279	30.07.20 20:38:18	13,66	0,01	16,87	-10,33	62,80
1280	30.07.20 20:38:19	13,75	0,01	19,82	-10,48	59,70
1281	30.07.20 20:38:20	13,81	0,00	24,31	-17,37	48,32
1282	30.07.20 20:38:21	13,88	0,01	21,83	-20,58	47,59
1283	30.07.20 20:38:22	13,94	0,01	20,29	-8,28	61,43
1284	30.07.20 20:38:23	14,03	0,04	18,27	-0,81	70,92
1285	30.07.20 20:38:24	14,06	0,01	22,94	-5,13	61,94
1286	30.07.20 20:38:25	14,09	0,04	23,39	-2,99	63,63
1287	30.07.20 20:38:26	14,09	0,08	18,17	5,44	66,39
1288	30.07.20 20:38:27	14,12	0,08	17,74	-3,59	68,67
1289	30.07.20 20:38:28	14,12	0,11	17,24	10,19	62,57
1290	30.07.20 20:38:29	14,19	0,08	25,05	-3,18	61,77
1291	30.07.20 20:38:30	14,25	0,04	16,26	4,76	68,98
1292	30.07.20 20:38:31	14,28	0,01	22,62	-7,85	59,53
1293	30.07.20 20:38:32	14,31	0,04	21,57	-10,66	57,77
1294	30.07.20 20:38:33	14,34	0,08	25,36	-4,96	59,68
1295	30.07.20 20:38:34	14,40	0,01	19,07	-4,87	66,06
1296	30.07.20 20:38:35	14,46	0,00	13,22	-3,71	73,06
1297	30.07.20 20:38:36	14,55	0,01	16,41	-3,43	70,17
1298	30.07.20 20:38:37	14,65	0,00	10,88	-9,15	69,97
1299	30.07.20 20:38:38	14,71	0,01	28,03	-16,41	45,57
1300	30.07.20 20:38:39	14,80	0,06	23,36	-2,21	64,44
1301	30.07.20 20:38:40	14,83	0,08	11,44	19,31	59,25
1302	30.07.20 20:38:41	14,86	0,08	25,85	-7,83	56,32
1303	30.07.20 20:38:42	14,92	0,06	22,79	-10,85	56,36
1304	30.07.20 20:38:43	14,95	0,11	28,54	-7,48	53,97
1305	30.07.20 20:38:44	14,95	0,11	29,58	-9,72	50,70
1306	30.07.20 20:38:45	14,98	0,11	31,64	-6,05	52,31
1307	30.07.20 20:38:46	15,01	0,15	34,49	-5,87	49,65
1308	30.07.20 20:38:47	15,04	0,15	27,87	-10,90	51,23
1309	30.07.20 20:38:48	15,07	0,13	29,12	-3,95	56,93
1310	30.07.20 20:38:49	15,07	0,15	31,30	-1,19	57,52
1311	30.07.20 20:38:50	15,10	0,15	29,66	-7,28	53,07
1312	30.07.20 20:38:51	15,10	0,22	32,74	-6,78	50,48
1313	30.07.20 20:38:52	15,13	0,13	31,83	-6,37	51,80
1314	30.07.20 20:38:53	15,17	0,15	28,38	-10,43	51,19
1315	30.07.20 20:38:54	15,17	0,13	27,40	-15,05	47,55
1316	30.07.20 20:38:55	15,20	0,18	31,93	-9,40	48,66
1317	30.07.20 20:38:56	15,23	0,20	35,92	-7,48	46,60
1318	30.07.20 20:38:57	15,23	0,22	30,99	-12,17	46,84
1319	30.07.20 20:38:58	15,29	0,13	23,34	-10,99	55,67
1320	30.07.20 20:38:59	15,32	0,15	28,12	-9,25	52,63
1321	30.07.20 20:39:00	15,44	0,13	18,84	13,47	57,69
1322	30.07.20 20:39:01	15,56	0,11	28,62	-0,95	60,44
1323	30.07.20 20:39:02	15,62	0,11	43,60	-10,89	35,51
1324	30.07.20 20:39:03	15,65	0,11	33,97	4,57	51,46
1325	30.07.20 20:39:04	15,71	0,11	28,04	-3,78	58,18
1326	30.07.20 20:39:05	15,77	0,11	35,14	-11,35	43,51
1327	30.07.20 20:39:06	15,80	0,13	40,02	2,44	47,54
1328	30.07.20 20:39:07	15,86	0,08	34,86	-4,80	50,35
1329	30.07.20 20:39:08	15,89	0,11	25,18	-8,12	56,71
1330	30.07.20 20:39:09	15,95	0,11	31,94	-21,65	36,41
1331	30.07.20 20:39:10	16,02	0,13	53,21	-6,07	30,72
1332	30.07.20 20:39:11	16,05	0,04	27,38	-61,74	-0,88
1333	30.07.20 20:39:12	16,11	0,04	18,01	-31,94	40,05
1334	30.07.20 20:39:13	16,14	0,04	9,43	-79,45	1,12
1335	30.07.20 20:39:14	16,20	0,11	23,67	-56,76	9,57
1336	30.07.20 20:39:15	16,26	0,11	45,15	-39,90	4,95
1337	30.07.20 20:39:16	16,26	0,08	44,76	-42,53	-2,70
1338	30.07.20 20:39:17	16,29	0,11	37,49	-50,27	2,24
1339	30.07.20 20:39:18	16,32	0,11	40,83	-45,93	3,24
1340	30.07.20 20:39:19	16,32	0,08	52,77	-35,37	1,86
1341	30.07.20 20:39:20	16,35	0,08	54,22	-27,30	8,48
1342	30.07.20 20:39:21	16,41	0,06	79,75	-1,16	9,09
1343	30.07.20 20:39:22	16,41	0,06	80,51	1,23	8,26
1344	30.07.20 20:39:23	16,41	0,15	60,08	-0,25	29,67
1345	30.07.20 20:39:24	16,32	0,18	-9,33	8,42	72,25
1346	30.07.20 20:39:25	16,26	0,20	-6,21	-4,41	79,38
1347	30.07.20 20:39:26	16,20	0,20	-1,25	9,93	78,81
1348	30.07.20 20:39:27	16,14	0,20	-5,40	-0,17	84,42
1349	30.07.20 20:39:28	16,08	0,20	-1,03	8,62	80,35
1350	30.07.20 20:39:29	16,02	0,20	-5,95	4,16	79,89
1351	30.07.20 20:39:30	15,99	0,20	0,12	8,32	81,56
1352	30.07.20 20:39:31	15,92	0,25	6,37	40,15	43,47
1353	30.07.20 20:39:32	15,89	0,27	12,55	69,24	8,21
1354	30.07.20 20:39:33	15,83	0,25	-0,31	8,85	80,84
1355	30.07.20 20:39:34	15,80	0,25	0,23	21,07	68,70
1356	30.07.20 20:39:35	15,77	0,27	24,38	37,51	28,11
1357	30.07.20 20:39:36	15,74	0,27	22,63	45,63	21,74
1358	30.07.20 20:39:37	15,68	0,29	27,69	41,32	20,99
1359	30.07.20 20:39:38	15,65	0,29	28,80	48,77	12,43
1360	30.07.20 20:39:39	15,62	0,32	75,86	7,69	6,45
1361	30.07.20 20:39:40	15,59	0,34	80,77	-4,23	5,00
1362	30.07.20 20:39:41	15,53	0,34	81,80	-3,27	4,92
1363	30.07.20 20:39:42	15,50	0,34	83,93	-1,75	4,33
1364	30.07.20 20:39:43	15,47	0,36	77,22	6,01	6,77
1365	30.07.20 20:39:44	15,44	0,36	15,69	30,57	43,74
1366	30.07.20 20:39:45	15,41	0,34	-18,89	-7,02	64,09
1367	30.07.20 20:39:46	15,38	0,34	-9,38	-6,06	74,56
1368	30.07.20 20:39:47	15,35	0,34	-9,36	-8,54	72,10
1369	30.07.20 20:39:48	15,35	0,32	-8,36	-10,09	71,55
1370	30.07.20 20:39:49	15,32	0,34	-2,24	-7,22	80,54
1371	30.07.20 20:39:50	15,32	0,34	-7,73	-13,84	68,43
1372	30.07.20 20:39:51	15,29	0,34	-0,54	-13,54	75,92
1373	30.07.20 20:39:52	15,29	0,34	-2,25	-15,09	72,66
1374	30.07.20 20:39:53	15,29	0,36	-1,28	-16,31	72,41
1375	30.07.20 20:39:54	15,26	0,36	-2,27	-13,61	74,12
1376	30.07.20 20:39:55	15,26	0,36	-2,55	-9,54	77,91
1377	30.07.20 20:39:56	15,23	0,36	-2,43	-8,22	79,35
1378	30.07.20 20:39:57	15,23	0,36	-1,96	-11,56	76,48
1379	30.07.20 20:39:58	15,20	0,34	-2,65	-13,79	73,56
1380	30.07.20 20:39:59	15,20	0,36	-3,01	-10,20	76,79
1381	30.07.20 20:40:00	15,17	0,36	-2,52	-13,68	73,80
1382	30.07.20 20:40:01	15,17	0,36	-7,38	-16,55	66,07
1383	30.07.20 20:40:02	15,17	0,36	-8,64	-16,01	65,35
1384	30.07.20 20:40:03	15,13	0,36	-70,37	5,96	-13,66
1385	30.07.20 20:40:04	15,13	0,36	-76,61	-0,81	-12,58
1386	30.07.20 20:40:05	15,13	0,36	-70,57	1,06	-18,37
1387	30.07.20 20:40:06	15,13	0,36	-67,86	0,09	-22,05
1388	30.07.20 20:40:07	15,13	0,39	-67,12	0,18	-22,70
1389	30.07.20 20:40:08	15,10	0,39	-68,80	0,87	-20,33
1390	30.07.20 20:40:09	15,10	0,39	-66,07	4,24	-19,70
1391	30.07.20 20:40:10	15,10	0,39	-65,97	2,26	-21,77
1392	30.07.20 20:40:11	15,07	0,39	-60,99	-0,44	-28,57
1393	30.07.20 20:40:12	15,07	0,39	-22,05	2,45	-65,50
1394	30.07.20 20:40:13	15,07	0,39	-2,14	11,16	-76,70
1395	30.07.20 20:40:14	15,07	0,39	-2,34	11,21	-76,45
1396	30.07.20 20:40:15	15,04	0,39	-2,16	8,44	-79,40
1397	30.07.20 20:40:16	15,04	0,41	-2,19	9,48	-78,33
1398	30.07.20 20:40:17	15,04	0,39	-2,30	11,13	-76,57
1399	30.07.20 20:40:18	15,04	0,39	-2,06	9,82	-78,12
1400	30.07.20 20:40:19	15,01	0,39	-1,73	9,78	-78,49
1401	30.07.20 20:40:20	15,01	0,41	-2,24	10,03	-77,73
1402	30.07.20 20:40:21	15,01	0,39	-2,18	10,09	-77,73
1403	30.07.20 20:40:22	15,01	0,41	-2,44	8,83	-78,74
1404	30.07.20 20:40:23	15,01	0,39	-2,09	11,27	-76,64
1405	30.07.20 20:40:24	14,98	0,36	-2,17	10,21	-77,62
1406	30.07.20 20:40:25	14,98	0,39	-2,09	8,47	-79,44
1407	30.07.20 20:40:26	14,98	0,39	-2,41	10,57	-77,02
1408	30.07.20 20:40:27	14,98	0,36	-2,20	10,32	-77,49
1409	30.07.20 20:40:28	14,98	0,39	-1,95	9,39	-78,66
1410	30.07.20 20:40:29	14,98	0,39	-1,80	10,22	-77,98
1411	30.07.20 20:40:30	14,98	0,36	-2,59	10,11	-77,30
1412	30.07.20 20:40:31	14,98	0,39	-2,13	9,21	-78,66
1413	30.07.20 20:40:32	14,98	0,41	-2,41	10,37	-77,22
1414	30.07.20 20:40:33	14,95	0,39	-2,34	9,73	-77,93
1415	30.07.20 20:40:34	14,95	0,39	-2,11	9,19	-78,69
1416	30.07.20 20:40:35	14,95	0,39	-1,92	11,05	-77,03
1417	30.07.20 20:40:36	14,95	0,39	-2,29	10,43	-77,28
1418	30.07.20 20:40:37	14,95	0,39	-2,54	9,00	-78,46
1419	30.07.20 20:40:38	14,95	0,39	-2,92	8,94	-78,14
1420	30.07.20 20:40:39	14,95	0,39	-1,44	10,63	-77,93
1421	30.07.20 20:40:40	14,95	0,39	-1,91	10,67	-77,43
1422	30.07.20 20:40:41	14,95	0,39	-2,39	9,53	-78,08
1423	30.07.20 20:40:42	14,95	0,39	-2,34	9,55	-78,11
1424	30.07.20 20:40:43	14,95	0,39	-2,50	9,05	-78,45
1425	30.07.20 20:40:44	14,95	0,39	-2,15	10,39	-77,46
1426	30.07.20 20:40:45	14,95	0,41	-2,26	10,80	-76,94
1427	30.07.20 20:40:46	14,95	0,39	-2,33	8,94	-78,73
1428	30.07.20 20:40:47	14,95	0,39	-1,78	9,56	-78,66
1429	30.07.20 20:40:48	14,95	0,39	-2,39	10,67	-76,94
1430	30.07.20 20:40:49	14,95	0,39	-2,52	9,37	-78,11
1431	30.07.20 20:40:50	14,95	0,39	-2,03	9,71	-78,26
1432	30.07.20 20:40:51	14,95	0,39	-2,14	10,43	-77,43
1433	30.07.20 20:40:52	14,95	0,39	-2,40	9,50	-78,10
1434	30.07.20 20:40:53	14,95	0,39	-2,65	9,43	-77,92
1435	30.07.20 20:40:54	14,95	0,39	-2,62	10,38	-76,99
1436	30.07.20 20:40:55	14,95	0,39	-2,15	9,72	-78,13
1437	30.07.20 20:40:56	14,95	0,39	-2,07	8,81	-79,12
1438	30.07.20 20:40:57	14,95	0,39	-2,12	10,77	-77,11
1439	30.07.20 20:40:58	14,95	0,39	-2,49	10,87	-76,64
1440	30.07.20 20:40:59	14,95	0,39	-2,46	8,28	-79,27
1441	30.07.20 20:41:00	14,95	0,36	-2,57	9,67	-77,76
1442	30.07.20 20:41:01	14,95	0,39	-2,88	10,54	-76,58
1443	30.07.20 20:41:02	14,98	0,39	-2,26	9,41	-78,33
1444	30.07.20 20:41:03	14,98	0,39	-2,37	9,66	-77,97
1445	30.07.20 20:41:04	14,98	0,39	-2,53	10,10	-77,37
1446	30.07.20 20:41:05	14,98	0,39	-2,51	9,92	-77,57
1447	30.07.20 20:41:06	14,98	0,36	-2,51	9,46	-78,04
1448	30.07.20 20:41:07	14,98	0,39	-2,73	9,57	-77,70
1449	30.07.20 20:41:08	14,98	0,39	-2,38	9,78	-77,84
1450	30.07.20 20:41:09	14,98	0,36	-2,47	10,18	-77,35
1451	30.07.20 20:41:10	14,98	0,39	-2,41	9,76	-77,83
1452	30.07.20 20:41:11	14,98	0,39	-2,09	9,39	-78,53
1453	30.07.20 20:41:12	15,01	0,41	-2,48	9,71	-77,81
1454	30.07.20 20:41:13	15,01	0,39	-2,52	10,88	-76,60
1455	30.07.20 20:41:14	15,01	0,39	-2,01	8,96	-79,04
1456	30.07.20 20:41:15	15,01	0,39	-2,14	8,62	-79,24
1457	30.07.20 20:41:16	15,01	0,41	-2,43	12,23	-75,35
1458	30.07.20 20:41:17	15,01	0,41	-2,17	10,14	-77,69
1459	30.07.20 20:41:18	15,01	0,41	-2,07	7,30	-80,63
1460	30.07.20 20:41:19	15,04	0,39	-2,67	10,09	-77,24
1461	30.07.20 20:41:20	15,04	0,41	-2,40	12,42	-75,18
1462	30.07.20 20:41:21	15,04	0,39	-2,57	9,03	-78,40
1463	30.07.20 20:41:22	15,04	0,41	-2,69	7,83	-79,49
1464	30.07.20 20:41:23	15,04	0,39	-2,13	10,15	-77,72
1465	30.07.20 20:41:24	15,04	0,39	-2,11	11,41	-76,47
1466	30.07.20 20:41:25	15,04	0,41	-1,90	10,03	-78,07
1467	30.07.20 20:41:26	15,07	0,39	-2,08	8,57	-79,35
1468	30.07.20 20:41:27	15,07	0,41	-3,04	9,29	-77,67
1469	30.07.20 20:41:28	15,07	0,41	-2,59	10,66	-76,75
1470	30.07.20 20:41:29	15,07	0,39	-1,72	10,45	-77,83
1471	30.07.20 20:41:30	15,07	0,39	-2,32	8,62	-79,06
1472	30.07.20 20:41:31	15,10	0,39	-2,05	9,60	-78,35
1473	30.07.20 20:41:32	15,10	0,39	-2,84	10,79	-76,37
1474	30.07.20 20:41:33	15,10	0,39	-2,63	9,70	-77,66
1475	30.07.20 20:41:34	15,10	0,39	-2,27	9,17	-78,57
1476	30.07.20 20:41:35	15,10	0,39	-2,52	9,60	-77,88
1477	30.07.20 20:41:36	15,10	0,39	-2,15	9,61	-78,24
1478	30.07.20 20:41:37	15,10	0,39	-2,23	10,50	-77,27
1479	30.07.20 20:41:38	15,13	0,39	-2,79	10,35	-76,86
1480	30.07.20 20:41:39	15,13	0,39	-2,19	8,66	-79,15
1481	30.07.20 20:41:40	15,13	0,39	-2,53	9,35	-78,12
1482	30.07.20 20:41:41	15,13	0,36	-3,07	10,16	-76,78
1483	30.07.20 20:41:42	15,17	0,39	-2,59	10,04	-77,36
1484	30.07.20 20:41:43	15,17	0,39	-2,23	10,28	-77,48
1485	30.07.20 20:41:44	15,17	0,39	-2,22	9,09	-78,69
1486	30.07.20 20:41:45	15,17	0,36	-2,20	9,34	-78,45
1487	30.07.20 20:41:46	15,17	0,39	-2,46	10,41	-77,12
1488	30.07.20 20:41:47	15,17	0,36	-2,32	9,88	-77,80
1489	30.07.20 20:41:48	15,20	0,39	-2,79	9,67	-77,54
1490	30.07.20 20:41:49	15,20	0,39	-2,28	9,66	-78,06
1491	30.07.20 20:41:50	15,20	0,39	-2,48	9,76	-77,75
1492	30.07.20 20:41:51	15,20	0,39	-3,01	9,80	-77,19
1493	30.07.20 20:41:52	15,23	0,41	-2,55	9,89	-77,56
1494	30.07.20 20:41:53	15,23	0,41	-2,30	9,47	-78,23
1495	30.07.20 20:41:54	15,23	0,39	-1,86	9,56	-78,57
1496	30.07.20 20:41:55	15,23	0,41	-2,21	10,82	-76,97
1497	30.07.20 20:41:56	15,23	0,41	-2,88	9,75	-77,37
1498	30.07.20 20:41:57	15,23	0,41	-2,61	8,91	-78,48
1499	30.07.20 20:41:58	15,26	0,41	-2,64	9,60	-77,76
1500	30.07.20 20:41:59	15,26	0,41	-2,53	10,20	-77,27
1501	30.07.20 20:42:00	15,26	0,41	-2,36	10,44	-77,21
1502	30.07.20 20:42:01	15,26	0,41	-2,31	9,18	-78,52
1503	30.07.20 20:42:02	15,26	0,41	-2,22	9,61	-78,18
1504	30.07.20 20:42:03	15,29	0,39	-2,25	10,35	-77,40
1505	30.07.20 20:42:04	15,29	0,41	-2,56	9,80	-77,64
1506	30.07.20 20:42:05	15,29	0,41	-2,43	8,98	-78,58
1507	30.07.20 20:42:06	15,29	0,41	-2,38	10,07	-77,55
1508	30.07.20 20:42:07	15,29	0,41	-2,61	11,04	-76,35
1509	30.07.20 20:42:08	15,29	0,41	-2,66	9,09	-78,25
1510	30.07.20 20:42:09	15,29	0,41	-2,66	9,01	-78,34
1511	30.07.20 20:42:10	15,29	0,39	-2,45	10,26	-77,30
1512	30.07.20 20:42:11	15,32	0,39	-2,29	10,22	-77,49
1513	30.07.20 20:42:12	15,32	0,39	-2,54	9,95	-77,52
1514	30.07.20 20:42:13	15,32	0,41	-2,49	9,21	-78,30
1515	30.07.20 20:42:14	15,32	0,39	-2,22	9,83	-77,94
1516	30.07.20 20:42:15	15,32	0,39	-2,15	9,68	-78,17
1517	30.07.20 20:42:16	15,35	0,39	-2,91	9,78	-77,31
1518	30.07.20 20:42:17	15,35	0,39	-2,98	10,36	-76,66
1519	30.07.20 20:42:18	15,35	0,39	-2,54	9,80	-77,65
1520	30.07.20 20:42:19	15,35	0,39	-2,28	8,89	-78,83
1521	30.07.20 20:42:20	15,35	0,39	-3,08	9,31	-77,61
1522	30.07.20 20:42:21	15,38	0,39	-3,39	10,51	-76,10
1523	30.07.20 20:42:22	15,38	0,39	-2,70	10,20	-77,11
1524	30.07.20 20:42:23	15,38	0,41	-2,14	9,10	-78,76
1525	30.07.20 20:42:24	15,38	0,39	-2,74	9,20	-78,05
1526	30.07.20 20:42:25	15,38	0,39	-2,60	10,30	-77,10
1527	30.07.20 20:42:26	15,41	0,39	-2,31	10,19	-77,50
1528	30.07.20 20:42:27	15,41	0,39	-2,58	8,85	-78,57
1529	30.07.20 20:42:28	15,41	0,39	-2,73	10,13	-77,14
1530	30.07.20 20:42:29	15,41	0,39	-3,03	10,30	-76,67
1531	30.07.20 20:42:30	15,41	0,39	-2,62	8,81	-78,57
1532	30.07.20 20:42:31	15,41	0,39	-2,44	9,57	-77,98
1533	30.07.20 20:42:32	15,44	0,41	-2,83	10,28	-76,89
1534	30.07.20 20:42:33	15,44	0,41	-2,52	9,86	-77,62
1535	30.07.20 20:42:34	15,44	0,41	-2,74	9,57	-77,68
1536	30.07.20 20:42:35	15,44	0,41	-2,17	9,67	-78,16
1537	30.07.20 20:42:36	15,47	0,39	-2,11	9,67	-78,22
1538	30.07.20 20:42:37	15,47	0,41	-2,45	9,67	-77,89
1539	30.07.20 20:42:38	15,47	0,41	-2,80	10,02	-77,18
1540	30.07.20 20:42:39	15,47	0,41	-2,85	9,80	-77,35
1541	30.07.20 20:42:40	15,47	0,41	-2,63	9,69	-77,68
1542	30.07.20 20:42:41	15,50	0,39	-2,56	9,51	-77,93
1543	30.07.20 20:42:42	15,50	0,39	-2,40	9,32	-78,29
1544	30.07.20 20:42:43	15,50	0,39	-2,50	10,39	-77,10
1545	30.07.20 20:42:44	15,50	0,39	-2,44	10,25	-77,31
1546	30.07.20 20:42:45	15,50	0,39	-2,20	9,23	-78,57
1547	30.07.20 20:42:46	15,53	0,39	-2,57	9,49	-77,94
1548	30.07.20 20:42:47	15,53	0,41	-2,41	10,12	-77,47
1549	30.07.20 20:42:48	15,53	0,39	-2,76	9,91	-77,33
1550	30.07.20 20:42:49	15,53	0,41	-3,14	9,72	-77,15
1551	30.07.20 20:42:50	15,53	0,39	-2,33	9,29	-78,38
1552	30.07.20 20:42:51	15,53	0,39	-2,20	9,11	-78,70
1553	30.07.20 20:42:52	15,56	0,39	-2,85	10,75	-76,40
1554	30.07.20 20:42:53	15,56	0,39	-2,55	10,26	-77,19
1555	30.07.20 20:42:54	15,56	0,41	-2,03	8,96	-79,01
1556	30.07.20 20:42:55	15,56	0,39	-1,84	9,80	-78,36
1557	30.07.20 20:42:56	15,59	0,41	-2,49	9,49	-78,02
1558	30.07.20 20:42:57	15,59	0,39	-3,26	9,67	-77,07
1559	30.07.20 20:42:58	15,59	0,39	-3,14	10,70	-76,16
1560	30.07.20 20:42:59	15,59	0,39	-2,02	9,51	-78,47
1561	30.07.20 20:43:00	15,59	0,39	-1,79	8,67	-79,54
1562	30.07.20 20:43:01	15,59	0,39	-2,49	10,23	-77,27
1563	30.07.20 20:43:02	15,62	0,39	-2,67	11,04	-76,29
1564	30.07.20 20:43:03	15,62	0,41	-2,29	8,78	-78,93
1565	30.07.20 20:43:04	15,62	0,39	-2,10	8,72	-79,18
1566	30.07.20 20:43:05	15,62	0,39	-2,77	10,70	-76,53
1567	30.07.20 20:43:06	15,62	0,41	-2,91	10,51	-76,58
1568	30.07.20 20:43:07	15,65	0,39	-2,12	8,69	-79,19
1569	30.07.20 20:43:08	15,65	0,39	-2,45	9,53	-78,02
1570	30.07.20 20:43:09	15,65	0,39	-2,62	10,63	-76,74
1571	30.07.20 20:43:10	15,65	0,36	-1,94	9,34	-78,72
1572	30.07.20 20:43:11	15,65	0,39	-2,16	8,92	-78,92
1573	30.07.20 20:43:12	15,68	0,39	-2,42	10,57	-77,02
1574	30.07.20 20:43:13	15,68	0,41	-2,63	10,69	-76,68
1575	30.07.20 20:43:14	15,68	0,41	-2,22	8,72	-79,05
1576	30.07.20 20:43:15	15,71	0,41	-2,23	8,87	-78,90
1577	30.07.20 20:43:16	15,71	0,39	-2,88	10,43	-76,69
1578	30.07.20 20:43:17	15,71	0,41	-2,48	10,53	-76,99
1579	30.07.20 20:43:18	15,71	0,39	-2,20	9,28	-78,52
1580	30.07.20 20:43:19	15,71	0,41	-1,76	9,60	-78,64
1581	30.07.20 20:43:20	15,71	0,41	-1,93	9,89	-78,18
1582	30.07.20 20:43:21	15,74	0,39	-2,59	9,70	-77,70
1583	30.07.20 20:43:22	15,74	0,41	-3,03	9,69	-77,28
1584	30.07.20 20:43:23	15,74	0,41	-2,49	9,92	-77,59
1585	30.07.20 20:43:24	15,74	0,41	-1,83	9,37	-78,81
1586	30.07.20 20:43:25	15,74	0,39	-2,45	9,64	-77,91
1587	30.07.20 20:43:26	15,77	0,39	-2,53	10,40	-77,07
1588	30.07.20 20:43:27	15,77	0,39	-2,01	9,62	-78,36
1589	30.07.20 20:43:28	15,77	0,39	-1,75	9,56	-78,70
1590	30.07.20 20:43:29	15,77	0,39	-2,73	12,28	-74,99
1591	30.07.20 20:43:30	15,77	0,39	7,88	57,17	-24,95
1592	30.07.20 20:43:31	15,77	0,39	-43,04	15,69	-31,26
1593	30.07.20 20:43:32	15,80	0,39	-36,75	16,73	-36,52
1594	30.07.20 20:43:33	15,80	0,39	-44,60	17,15	-28,24
1595	30.07.20 20:43:34	15,80	0,41	-50,05	8,51	-31,44
1596	30.07.20 20:43:35	15,80	0,39	-54,64	20,44	-14,92
1597	30.07.20 20:43:36	15,83	0,39	-35,31	21,92	32,77
1598	30.07.20 20:43:37	15,83	0,39	-40,20	20,08	29,72
1599	30.07.20 20:43:38	15,83	0,39	-5,11	58,63	26,26
1600	30.07.20 20:43:39	15,83	0,39	-24,33	46,30	19,37
1601	30.07.20 20:43:40	15,86	0,39	-26,19	58,02	5,78
1602	30.07.20 20:43:41	15,86	0,36	-23,25	60,24	6,50
1603	30.07.20 20:43:42	15,86	0,36	-30,12	54,46	5,42
1604	30.07.20 20:43:43	15,89	0,39	-23,02	63,09	3,90
1605	30.07.20 20:43:44	15,89	0,41	-30,01	55,69	-4,30
1606	30.07.20 20:43:45	15,89	0,39	-28,67	50,22	-11,10
1607	30.07.20 20:43:46	15,89	0,41	-28,15	52,28	-9,57
1608	30.07.20 20:43:47	15,92	0,41	-32,68	49,39	-7,92
1609	30.07.20 20:43:48	15,92	0,39	-32,87	48,44	-8,69
1610	30.07.20 20:43:49	15,92	0,39	-22,64	58,70	-8,66
1611	30.07.20 20:43:50	15,92	0,39	-25,96	49,48	-14,56
1612	30.07.20 20:43:51	15,95	0,39	-12,31	63,29	-14,40
1613	30.07.20 20:43:52	15,95	0,39	5,96	56,42	-27,62
1614	30.07.20 20:43:53	15,95	0,39	9,33	54,52	-26,15
1615	30.07.20 20:43:54	15,95	0,39	-7,11	60,47	-22,42
1616	30.07.20 20:43:55	15,99	0,39	-24,43	40,07	-25,50
1617	30.07.20 20:43:56	15,99	0,39	-37,22	39,31	-13,47
1618	30.07.20 20:43:57	15,99	0,39	-30,94	36,64	-22,42
1619	30.07.20 20:43:58	16,02	0,39	-32,62	39,12	-18,26
1620	30.07.20 20:43:59	16,02	0,36	-25,82	18,92	-45,26
1621	30.07.20 20:44:00	16,02	0,39	-14,87	66,36	-8,77
1622	30.07.20 20:44:01	16,02	0,36	-34,09	30,93	-24,97
1623	30.07.20 20:44:02	16,02	0,36	-38,92	32,15	-18,93
1624	30.07.20 20:44:03	16,05	0,36	-32,71	38,67	-18,63
1625	30.07.20 20:44:04	16,05	0,39	-34,79	34,86	-20,35
1626	30.07.20 20:44:05	16,05	0,39	-30,17	43,12	-16,70
1627	30.07.20 20:44:06	16,08	0,36	-41,79	35,50	-12,70
1628	30.07.20 20:44:07	16,08	0,39	-16,43	49,71	-23,86
1629	30.07.20 20:44:08	16,08	0,39	-36,28	38,28	-15,44
1630	30.07.20 20:44:09	16,08	0,39	-37,50	38,35	-14,15
1631	30.07.20 20:44:10	16,11	0,36	-38,26	33,89	-17,85
1632	30.07.20 20:44:11	16,11	0,39	-40,67	33,12	-16,21
1633	30.07.20 20:44:12	16,11	0,39	-42,44	34,76	-12,80
1634	30.07.20 20:44:13	16,11	0,39	-47,62	32,65	-9,73
1635	30.07.20 20:44:14	16,14	0,39	-45,11	42,94	-1,94
1636	30.07.20 20:44:15	16,14	0,39	-57,70	22,12	10,17
1637	30.07.20 20:44:16	16,14	0,39	-40,29	33,69	-16,02
1638	30.07.20 20:44:17	16,14	0,41	-44,44	30,60	-14,96
1639	30.07.20 20:44:18	16,14	0,39	-39,36	41,53	-9,11
1640	30.07.20 20:44:19	16,17	0,39	-23,50	51,57	-14,93
1641	30.07.20 20:44:20	16,17	0,39	5,67	62,82	-21,51
1642	30.07.20 20:44:21	16,17	0,39	24,67	53,88	-11,45
1643	30.07.20 20:44:22	16,17	0,36	28,37	10,41	-51,23
1644	30.07.20 20:44:23	16,20	0,39	18,79	-11,70	-59,51
1645	30.07.20 20:44:24	16,20	0,39	28,44	21,17	-40,38
1646	30.07.20 20:44:25	16,20	0,39	28,78	21,03	-40,19
1647	30.07.20 20:44:26	16,23	0,39	28,19	19,93	-41,89
1648	30.07.20 20:44:27	16,23	0,39	28,32	20,48	-41,20
1649	30.07.20 20:44:28	16,23	0,39	28,93	21,31	-39,76
1650	30.07.20 20:44:29	16,23	0,41	29,18	21,03	-39,79
1651	30.07.20 20:44:30	16,23	0,39	28,35	20,84	-40,81
1652	30.07.20 20:44:31	16,23	0,36	27,95	20,62	-41,43
1653	30.07.20 20:44:32	16,23	0,39	28,65	21,49	-39,85
1654	30.07.20 20:44:33	16,23	0,39	29,88	20,84	-39,28
1655	30.07.20 20:44:34	16,23	0,39	28,29	20,50	-41,22
1656	30.07.20 20:44:35	16,26	0,39	27,39	21,04	-41,56
1657	30.07.20 20:44:36	16,26	0,39	29,43	21,40	-39,17
1658	30.07.20 20:44:37	16,26	0,39	29,51	21,34	-39,15
1659	30.07.20 20:44:38	16,26	0,39	27,78	21,09	-41,13
1660	30.07.20 20:44:39	16,26	0,36	27,88	21,12	-40,99
1661	30.07.20 20:44:40	16,26	0,36	29,95	20,89	-39,16
1662	30.07.20 20:44:41	16,26	0,39	29,10	20,65	-40,25
1663	30.07.20 20:44:42	16,26	0,39	27,06	21,41	-41,53
1664	30.07.20 20:44:43	16,26	0,39	28,82	21,82	-39,36
1665	30.07.20 20:44:44	16,29	0,36	30,20	21,05	-38,75
1666	30.07.20 20:44:45	16,29	0,39	27,87	20,73	-41,41
1667	30.07.20 20:44:46	16,29	0,39	27,76	20,97	-41,27
1668	30.07.20 20:44:47	16,29	0,39	29,77	21,32	-38,91
1669	30.07.20 20:44:48	16,29	0,36	28,42	21,57	-40,01
1670	30.07.20 20:44:49	16,32	0,39	28,62	20,95	-40,43
1671	30.07.20 20:44:50	16,32	0,36	29,09	21,06	-39,85
1672	30.07.20 20:44:51	16,32	0,36	27,96	21,44	-40,60
1673	30.07.20 20:44:52	16,32	0,36	28,76	21,39	-39,85
1674	30.07.20 20:44:53	16,32	0,39	28,97	21,49	-39,54
1675	30.07.20 20:44:54	16,32	0,39	28,93	20,83	-40,24
1676	30.07.20 20:44:55	16,32	0,36	28,40	20,96	-40,64
1677	30.07.20 20:44:56	16,35	0,39	28,36	21,38	-40,26
1678	30.07.20 20:44:57	16,35	0,41	28,77	21,95	-39,28
1679	30.07.20 20:44:58	16,35	0,41	29,12	21,63	-39,25
1680	30.07.20 20:44:59	16,38	0,39	29,06	20,24	-40,70
1681	30.07.20 20:45:00	16,38	0,39	27,87	20,46	-41,67
1682	30.07.20 20:45:01	16,38	0,41	28,48	21,96	-39,57
1683	30.07.20 20:45:02	16,38	0,39	29,75	21,94	-38,31
1684	30.07.20 20:45:03	16,38	0,39	28,73	21,00	-40,27
1685	30.07.20 20:45:04	16,41	0,41	27,50	21,49	-41,01
1686	30.07.20 20:45:05	16,41	0,41	29,09	21,40	-39,52
1687	30.07.20 20:45:06	16,41	0,39	29,42	20,96	-39,62
1688	30.07.20 20:45:07	16,41	0,39	27,84	21,62	-40,53
1689	30.07.20 20:45:08	16,44	0,39	28,98	21,31	-39,71
1690	30.07.20 20:45:09	16,44	0,39	29,26	20,96	-39,79
1691	30.07.20 20:45:10	16,44	0,39	27,80	21,55	-40,65
1692	30.07.20 20:45:11	16,47	0,39	28,93	21,74	-39,33
1693	30.07.20 20:45:12	16,47	0,39	29,39	20,52	-40,09
1694	30.07.20 20:45:13	16,47	0,39	28,32	20,92	-40,76
1695	30.07.20 20:45:14	16,47	0,39	29,10	21,37	-39,53
1696	30.07.20 20:45:15	16,50	0,39	29,14	21,43	-39,43
1697	30.07.20 20:45:16	16,50	0,39	27,39	21,43	-41,18
1698	30.07.20 20:45:17	16,50	0,39	28,52	21,64	-39,84
1699	30.07.20 20:45:18	16,50	0,36	30,23	21,49	-38,28
1700	30.07.20 20:45:19	16,53	0,36	28,75	21,23	-40,02
1701	30.07.20 20:45:20	16,53	0,36	27,84	21,16	-41,00
1702	30.07.20 20:45:21	16,56	0,36	28,55	21,06	-40,39
1703	30.07.20 20:45:22	16,56	0,36	29,50	20,60	-39,90
1704	30.07.20 20:45:23	16,56	0,39	29,13	21,18	-39,69
1705	30.07.20 20:45:24	16,59	0,39	27,75	22,50	-39,75
1706	30.07.20 20:45:25	16,59	0,39	29,11	22,13	-38,76
1707	30.07.20 20:45:26	16,59	0,39	29,22	20,63	-40,15
1708	30.07.20 20:45:27	16,59	0,39	27,59	20,76	-41,65
1709	30.07.20 20:45:28	16,59	0,39	29,13	21,28	-39,59
1710	30.07.20 20:45:29	16,62	0,41	29,86	21,42	-38,72
1711	30.07.20 20:45:30	16,62	0,39	27,80	21,97	-40,23
1712	30.07.20 20:45:31	16,62	0,39	27,80	22,06	-40,13
1713	30.07.20 20:45:32	16,62	0,39	30,02	21,03	-38,95
1714	30.07.20 20:45:33	16,62	0,39	29,58	20,10	-40,32
1715	30.07.20 20:45:34	16,65	0,39	27,81	20,94	-41,24
1716	30.07.20 20:45:35	16,65	0,39	28,40	22,27	-39,33
1717	30.07.20 20:45:36	16,68	0,39	31,10	22,26	-36,64
1718	30.07.20 20:45:37	16,68	0,39	31,50	21,31	-37,20
1719	30.07.20 20:45:38	16,68	0,39	28,60	21,42	-39,98
1720	30.07.20 20:45:39	16,68	0,39	28,51	21,73	-39,76
1721	30.07.20 20:45:40	16,68	0,39	30,66	21,19	-38,15
1722	30.07.20 20:45:41	16,71	0,39	29,36	21,70	-38,95
1723	30.07.20 20:45:42	16,71	0,39	28,50	22,74	-38,76
1724	30.07.20 20:45:43	16,71	0,39	30,40	22,14	-37,46
1725	30.07.20 20:45:44	16,71	0,39	28,80	22,09	-39,11
1726	30.07.20 20:45:45	16,74	0,36	28,33	22,15	-39,51
1727	30.07.20 20:45:46	16,74	0,36	29,87	21,17	-38,96
1728	30.07.20 20:45:47	16,74	0,36	29,43	21,69	-38,88
1729	30.07.20 20:45:48	16,74	0,36	28,10	23,41	-38,49
1730	30.07.20 20:45:49	16,74	0,39	30,49	22,57	-36,93
1731	30.07.20 20:45:50	16,77	0,36	29,15	22,20	-38,65
1732	30.07.20 20:45:51	16,77	0,39	29,37	22,45	-38,18
1733	30.07.20 20:45:52	16,77	0,36	29,60	22,35	-38,05
1734	30.07.20 20:45:53	16,77	0,36	28,66	23,30	-38,04
1735	30.07.20 20:45:54	16,77	0,39	28,89	23,91	-37,20
1736	30.07.20 20:45:55	16,80	0,39	28,76	23,28	-37,95
1737	30.07.20 20:45:56	16,80	0,41	29,27	22,27	-38,46
1738	30.07.20 20:45:57	16,80	0,39	28,80	21,92	-39,28
1739	30.07.20 20:45:58	16,80	0,39	28,56	22,49	-38,95
1740	30.07.20 20:45:59	16,83	0,41	28,72	22,42	-38,86
1741	30.07.20 20:46:00	16,83	0,39	29,27	22,00	-38,73
1742	30.07.20 20:46:01	16,83	0,39	28,32	22,25	-39,43
1743	30.07.20 20:46:02	16,83	0,39	28,50	22,42	-39,07
1744	30.07.20 20:46:03	16,86	0,39	29,55	20,73	-39,72
1745	30.07.20 20:46:04	16,86	0,39	28,17	21,95	-39,88
1746	30.07.20 20:46:05	16,86	0,39	27,92	23,48	-38,60
1747	30.07.20 20:46:06	16,86	0,39	28,88	22,45	-38,67
1748	30.07.20 20:46:07	16,89	0,39	27,40	22,69	-39,91
1749	30.07.20 20:46:08	16,89	0,36	27,55	22,70	-39,75
1750	30.07.20 20:46:09	16,89	0,39	29,09	22,34	-38,57
1751	30.07.20 20:46:10	16,89	0,39	27,54	24,14	-38,32
1752	30.07.20 20:46:11	16,92	0,39	26,02	25,25	-38,73
1753	30.07.20 20:46:12	16,92	0,39	28,29	24,65	-37,05
1754	30.07.20 20:46:13	16,92	0,39	26,64	24,76	-38,59
1755	30.07.20 20:46:14	16,95	0,39	27,81	23,40	-38,79
1756	30.07.20 20:46:15	16,95	0,39	27,75	23,52	-38,72
1757	30.07.20 20:46:16	16,95	0,36	28,71	22,86	-38,43
1758	30.07.20 20:46:17	16,95	0,39	27,65	22,99	-39,35
1759	30.07.20 20:46:18	16,95	0,36	28,17	22,32	-39,52
1760	30.07.20 20:46:19	16,98	0,39	28,39	21,57	-40,04
1761	30.07.20 20:46:20	16,98	0,39	28,35	20,93	-40,72
1762	30.07.20 20:46:21	16,98	0,36	28,28	20,90	-40,82
1763	30.07.20 20:46:22	16,98	0,36	28,84	20,96	-40,19
1764	30.07.20 20:46:23	17,01	0,39	28,38	21,80	-39,82
1765	30.07.20 20:46:24	17,01	0,39	28,25	22,15	-39,60
1766	30.07.20 20:46:25	17,01	0,39	26,54	23,51	-39,94
1767	30.07.20 20:46:26	17,01	0,41	27,77	22,98	-39,25
1768	30.07.20 20:46:27	17,04	0,36	29,05	21,99	-38,96
1769	30.07.20 20:46:28	17,04	0,39	26,78	24,11	-39,11
1770	30.07.20 20:46:29	17,04	0,39	27,77	24,08	-38,14
1771	30.07.20 20:46:30	17,04	0,41	26,62	24,39	-38,99
1772	30.07.20 20:46:31	17,04	0,39	27,40	23,47	-39,13
1773	30.07.20 20:46:32	17,07	0,41	28,89	22,13	-38,99
1774	30.07.20 20:46:33	17,07	0,39	26,59	22,93	-40,48
1775	30.07.20 20:46:34	17,07	0,39	28,54	22,07	-39,39
1776	30.07.20 20:46:35	17,07	0,39	28,12	22,39	-39,49
1777	30.07.20 20:46:36	17,10	0,39	28,09	21,49	-40,41
1778	30.07.20 20:46:37	17,10	0,39	27,65	21,86	-40,49
1779	30.07.20 20:46:38	17,10	0,39	28,68	21,68	-39,64
1780	30.07.20 20:46:39	17,10	0,39	27,04	22,49	-40,47
1781	30.07.20 20:46:40	17,10	0,39	29,31	21,29	-39,40
1782	30.07.20 20:46:41	17,13	0,39	26,89	23,55	-39,57
1783	30.07.20 20:46:42	17,13	0,39	27,48	23,51	-39,01
1784	30.07.20 20:46:43	17,13	0,39	27,61	22,53	-39,86
1785	30.07.20 20:46:44	17,13	0,39	28,47	22,32	-39,21
1786	30.07.20 20:46:45	17,16	0,39	27,33	23,01	-39,66
1787	30.07.20 20:46:46	17,16	0,39	27,00	23,73	-39,27
1788	30.07.20 20:46:47	17,16	0,36	28,25	23,11	-38,64
1789	30.07.20 20:46:48	17,16	0,39	27,28	22,70	-40,02
1790	30.07.20 20:46:49	17,16	0,39	27,31	22,81	-39,87
1791	30.07.20 20:46:50	17,19	0,39	28,62	23,07	-38,31
1792	30.07.20 20:46:51	17,19	0,36	27,61	23,73	-38,66
1793	30.07.20 20:46:52	17,19	0,36	27,32	22,70	-39,98
1794	30.07.20 20:46:53	17,19	0,36	27,38	22,46	-40,16
1795	30.07.20 20:46:54	17,22	0,36	28,75	21,95	-39,29
1796	30.07.20 20:46:55	17,22	0,36	27,80	22,40	-39,80
1797	30.07.20 20:46:56	17,22	0,39	28,28	21,82	-39,90
1798	30.07.20 20:46:57	17,22	0,36	27,57	22,71	-39,72
1799	30.07.20 20:46:58	17,22	0,36	27,56	22,83	-39,61
1800	30.07.20 20:46:59	17,22	0,36	27,81	22,83	-39,36
1801	30.07.20 20:47:00	17,25	0,39	27,57	23,42	-39,01
1802	30.07.20 20:47:01	17,25	0,41	27,14	24,59	-38,27
1803	30.07.20 20:47:02	17,25	0,39	27,18	23,85	-38,97
1804	30.07.20 20:47:03	17,25	0,39	27,43	23,55	-39,02
1805	30.07.20 20:47:04	17,25	0,39	28,11	23,07	-38,82
1806	30.07.20 20:47:05	17,25	0,39	26,62	23,98	-39,40
1807	30.07.20 20:47:06	17,25	0,39	28,13	22,70	-39,17
1808	30.07.20 20:47:07	17,28	0,39	27,58	23,05	-39,37
1809	30.07.20 20:47:08	17,28	0,39	28,25	22,15	-39,60
1810	30.07.20 20:47:09	17,28	0,39	28,62	21,09	-40,29
1811	30.07.20 20:47:10	17,28	0,39	27,39	22,20	-40,40
1812	30.07.20 20:47:11	17,31	0,39	27,97	22,25	-39,79
1813	30.07.20 20:47:12	17,31	0,36	28,37	22,17	-39,46
1814	30.07.20 20:47:13	17,31	0,39	27,71	22,13	-40,16
1815	30.07.20 20:47:14	17,31	0,39	27,99	22,54	-39,47
1816	30.07.20 20:47:15	17,31	0,39	27,36	23,40	-39,25
1817	30.07.20 20:47:16	17,34	0,39	27,89	23,67	-38,45
1818	30.07.20 20:47:17	17,34	0,39	26,50	25,01	-38,49
1819	30.07.20 20:47:18	17,34	0,41	28,41	23,34	-38,25
1820	30.07.20 20:47:19	17,34	0,39	26,82	23,34	-39,84
1821	30.07.20 20:47:20	17,34	0,39	27,42	23,96	-38,62
1822	30.07.20 20:47:21	17,37	0,39	27,74	23,21	-39,05
1823	30.07.20 20:47:22	17,37	0,39	27,59	23,58	-38,83
1824	30.07.20 20:47:23	17,37	0,36	27,68	23,40	-38,92
1825	30.07.20 20:47:24	17,37	0,39	27,62	23,18	-39,20
1826	30.07.20 20:47:25	17,37	0,36	27,53	22,95	-39,52
1827	30.07.20 20:47:26	17,40	0,39	28,28	22,78	-38,94
1828	30.07.20 20:47:27	17,40	0,39	28,15	22,12	-39,73
1829	30.07.20 20:47:28	17,40	0,39	26,74	22,66	-40,60
1830	30.07.20 20:47:29	17,40	0,36	29,48	21,77	-38,75
1831	30.07.20 20:47:30	17,40	0,39	27,61	22,31	-40,08
1832	30.07.20 20:47:31	17,43	0,39	27,93	22,19	-39,89
1833	30.07.20 20:47:32	17,43	0,36	27,18	23,68	-39,15
1834	30.07.20 20:47:33	17,43	0,36	27,89	23,49	-38,62
1835	30.07.20 20:47:34	17,43	0,36	27,68	23,72	-38,61
1836	30.07.20 20:47:35	17,43	0,39	27,50	22,72	-39,79
1837	30.07.20 20:47:36	17,46	0,36	27,05	23,26	-39,69
1838	30.07.20 20:47:37	17,46	0,36	27,16	24,62	-38,22
1839	30.07.20 20:47:38	17,46	0,36	28,18	23,89	-37,92
1840	30.07.20 20:47:39	17,46	0,36	27,67	23,51	-38,82
1841	30.07.20 20:47:40	17,46	0,36	26,67	23,31	-40,02
1842	30.07.20 20:47:41	17,49	0,39	27,77	22,73	-39,50
1843	30.07.20 20:47:42	17,49	0,39	28,08	22,96	-38,95
1844	30.07.20 20:47:43	17,49	0,39	27,11	23,91	-38,97
1845	30.07.20 20:47:44	17,49	0,39	27,00	23,69	-39,31
1846	30.07.20 20:47:45	17,52	0,39	27,92	23,22	-38,86
1847	30.07.20 20:47:46	17,52	0,39	25,83	23,89	-40,28
1848	30.07.20 20:47:47	17,52	0,39	27,70	23,11	-39,19
1849	30.07.20 20:47:48	17,52	0,39	28,27	23,30	-38,43
1850	30.07.20 20:47:49	17,55	0,39	26,33	24,54	-39,13
1851	30.07.20 20:47:50	17,55	0,39	25,97	25,74	-38,29
1852	30.07.20 20:47:51	17,55	0,36	27,64	24,67	-37,70
1853	30.07.20 20:47:52	17,55	0,39	26,01	25,31	-38,68
1854	30.07.20 20:47:53	17,55	0,36	26,77	24,78	-38,45
1855	30.07.20 20:47:54	17,58	0,39	26,53	25,12	-38,35
1856	30.07.20 20:47:55	17,58	0,39	26,90	25,03	-38,07
1857	30.07.20 20:47:56	17,58	0,39	27,54	24,92	-37,54
1858	30.07.20 20:47:57	17,58	0,39	25,82	25,33	-38,85
1859	30.07.20 20:47:58	17,58	0,39	27,96	23,67	-38,37
1860	30.07.20 20:47:59	17,58	0,39	23,12	32,06	-34,82
1861	30.07.20 20:48:00	17,61	0,39	-3,39	17,16	69,45
1862	30.07.20 20:48:01	17,61	0,36	-68,13	-8,09	13,77
1863	30.07.20 20:48:02	17,61	0,39	-61,36	-20,47	-8,17
1864	30.07.20 20:48:03	17,64	0,39	-56,98	-21,51	-11,50
1865	30.07.20 20:48:04	17,64	0,39	-33,06	1,77	55,17
1866	30.07.20 20:48:05	17,64	0,36	2,65	35,50	51,85
1867	30.07.20 20:48:06	17,73	0,29	-42,09	-8,32	39,59
1868	30.07.20 20:48:07	17,85	0,41	-33,67	-3,05	53,28
1869	30.07.20 20:48:08	17,99	0,39	-9,96	28,57	51,47
1870	30.07.20 20:48:09	18,17	0,44	-0,48	46,44	43,07
1871	30.07.20 20:48:10	18,23	0,46	-9,07	45,99	34,94
1872	30.07.20 20:48:11	18,23	0,49	-4,68	49,05	36,27
1873	30.07.20 20:48:12	18,23	0,52	-13,43	37,58	38,99
1874	30.07.20 20:48:13	18,20	0,54	34,23	-39,70	-16,07
1875	30.07.20 20:48:14	18,23	0,52	-10,88	-18,10	61,01
1876	30.07.20 20:48:15	18,20	0,51	-48,05	-0,47	41,49
1877	30.07.20 20:48:16	18,20	0,54	-50,66	-1,70	37,64
1878	30.07.20 20:48:17	18,20	0,54	-50,65	-3,71	35,64
1879	30.07.20 20:48:18	18,20	0,56	-1,26	-60,40	28,33
1880	30.07.20 20:48:19	18,20	0,54	-1,68	-57,44	30,88
1881	30.07.20 20:48:20	18,20	0,56	4,04	-57,65	28,31
1882	30.07.20 20:48:21	18,20	0,56	3,44	-57,03	29,53
1883	30.07.20 20:48:22	18,20	0,56	1,09	-60,71	28,21
1884	30.07.20 20:48:23	18,20	0,56	2,82	-60,55	26,63
1885	30.07.20 20:48:24	18,20	0,58	-2,87	-56,34	30,79
1886	30.07.20 20:48:25	18,20	0,56	64,36	-17,29	-8,35
1887	30.07.20 20:48:26	18,23	0,41	40,85	-36,35	-12,80
1888	30.07.20 20:48:27	18,41	0,36	17,09	-69,60	-3,31
1889	30.07.20 20:48:28	18,65	0,36	8,39	-61,74	-19,87
1890	30.07.20 20:48:29	18,88	0,32	17,15	-49,69	-23,16
1891	30.07.20 20:48:30	19,06	0,34	15,00	-53,35	-21,65
1892	30.07.20 20:48:31	19,21	0,32	19,03	-64,22	-6,75
1893	30.07.20 20:48:32	19,36	0,32	15,08	-73,70	1,22
1894	30.07.20 20:48:33	19,53	0,29	-18,32	-63,22	-8,46
1895	30.07.20 20:48:34	19,62	0,34	-21,62	-62,93	-5,45
1896	30.07.20 20:48:35	19,71	0,29	-9,11	-62,86	-18,03
1897	30.07.20 20:48:36	19,80	0,20	-21,18	-49,60	-19,22
1898	30.07.20 20:48:37	19,98	0,25	-26,29	-57,14	6,57
1899	30.07.20 20:48:38	20,12	0,25	-47,71	-16,32	-25,97
