#0	Date-time:	10/08/2020 6:14:45 AM
#1	Recorder:	1H1067
#2	File type:	1
#3	Columns:	7
#4	Channels:	5
#5	Field separation:	0
#6	Decimal point:	0
#7	Date def.:	0	0
#8	Time def.:	0
#9	Channel 1:	Temperature(°C)	Temp(°C)	2	1
#10	Channel 2:	Pressure(Bar)	Press(Bar)	2	1
#11	Reconvertion:	0
#14	Channel 3:	Tilt-X(°)	Tilt-X(°)	2	1
#18	Channel 4:	Tilt-Y(°)	Tilt-Y(°)	2	1
#19	Line color:	1	2	3	4
#22	Channel 5:	Tilt-Z(°)	Tilt-Z(°)	2	1
#30	Trend Type Number:	3
#33	Limit Temp. Corr. OTCR:	1
1	10.08.20 05:42:00	25,01	0,22	-18,41	-2,75	68,84
2	10.08.20 05:42:01	24,98	0,22	-18,28	-1,83	69,88
3	10.08.20 05:42:02	24,98	0,20	-18,48	-2,40	69,13
4	10.08.20 05:42:03	24,98	0,22	-18,23	-2,70	69,07
5	10.08.20 05:42:04	24,98	0,20	-18,66	-2,73	68,61
6	10.08.20 05:42:05	24,98	0,22	-17,63	-3,70	68,67
7	10.08.20 05:42:06	24,98	0,20	-17,49	-4,36	68,14
8	10.08.20 05:42:07	24,98	0,20	-18,44	-5,75	65,81
9	10.08.20 05:42:08	24,98	0,20	-17,34	-6,50	66,16
10	10.08.20 05:42:09	24,95	0,20	-16,32	-5,90	67,79
11	10.08.20 05:42:10	24,95	0,22	-17,51	-6,74	65,76
12	10.08.20 05:42:11	24,95	0,20	-17,74	-6,11	66,15
13	10.08.20 05:42:12	24,95	0,20	-18,39	-4,21	67,40
14	10.08.20 05:42:13	24,95	0,20	-17,38	-3,51	69,10
15	10.08.20 05:42:14	24,95	0,22	-17,94	-2,44	69,62
16	10.08.20 05:42:15	24,95	0,20	-18,08	-1,57	70,34
17	10.08.20 05:42:16	24,95	0,22	-18,27	-2,52	69,20
18	10.08.20 05:42:17	24,95	0,22	-17,45	-2,45	70,10
19	10.08.20 05:42:18	24,92	0,20	-18,18	-3,15	68,67
20	10.08.20 05:42:19	24,92	0,22	-17,39	-3,48	69,13
21	10.08.20 05:42:20	24,92	0,22	-17,21	-3,93	68,86
22	10.08.20 05:42:21	24,92	0,20	-17,81	-4,89	67,30
23	10.08.20 05:42:22	24,92	0,20	-16,67	-5,66	67,67
24	10.08.20 05:42:23	24,92	0,22	-17,31	-5,49	67,20
25	10.08.20 05:42:24	24,92	0,20	-16,51	-5,87	67,62
26	10.08.20 05:42:25	24,92	0,20	-17,39	-6,80	65,81
27	10.08.20 05:42:26	24,89	0,20	-16,74	-7,42	65,84
28	10.08.20 05:42:27	24,89	0,20	-16,27	-7,58	66,15
29	10.08.20 05:42:28	24,89	0,20	-16,88	-7,53	65,59
30	10.08.20 05:42:29	24,89	0,22	-16,74	-5,97	67,29
31	10.08.20 05:42:30	24,89	0,20	-16,50	-4,13	69,38
32	10.08.20 05:42:31	24,89	0,22	-18,10	-3,64	68,26
33	10.08.20 05:42:32	24,89	0,22	-17,59	-3,15	69,26
34	10.08.20 05:42:33	24,89	0,20	-17,31	-2,40	70,29
35	10.08.20 05:42:34	24,89	0,20	-18,50	-1,98	69,52
36	10.08.20 05:42:35	24,86	0,20	-18,40	-1,21	70,40
37	10.08.20 05:42:36	24,86	0,20	-17,83	-2,16	70,01
38	10.08.20 05:42:37	24,86	0,20	-17,95	-2,29	69,75
39	10.08.20 05:42:38	24,86	0,20	-17,31	-2,78	69,91
40	10.08.20 05:42:39	24,86	0,20	-17,68	-3,63	68,69
41	10.08.20 05:42:40	24,86	0,22	-17,08	-3,47	69,44
42	10.08.20 05:42:41	24,86	0,20	-17,04	-4,70	68,26
43	10.08.20 05:42:42	24,86	0,20	-17,44	-5,76	66,80
44	10.08.20 05:42:43	24,86	0,22	-16,28	-6,46	67,26
45	10.08.20 05:42:44	24,83	0,18	-16,63	-5,95	67,42
46	10.08.20 05:42:45	24,83	0,20	-17,16	-6,89	65,95
47	10.08.20 05:42:46	24,83	0,22	-16,82	-5,32	67,86
48	10.08.20 05:42:47	24,83	0,22	-16,33	-5,55	68,11
49	10.08.20 05:42:48	24,83	0,20	-17,18	-6,06	66,76
50	10.08.20 05:42:49	24,83	0,22	-17,20	-4,84	67,96
51	10.08.20 05:42:50	24,83	0,22	-17,28	-4,89	67,84
52	10.08.20 05:42:51	24,83	0,20	-17,38	-4,52	68,09
53	10.08.20 05:42:52	24,83	0,22	-17,18	-4,07	68,75
54	10.08.20 05:42:53	24,83	0,20	-17,25	-3,64	69,11
55	10.08.20 05:42:54	24,83	0,22	-17,99	-3,69	68,33
56	10.08.20 05:42:55	24,80	0,22	-17,42	-4,13	68,46
57	10.08.20 05:42:56	24,80	0,20	-17,23	-3,91	68,86
58	10.08.20 05:42:57	24,80	0,22	-17,12	-2,99	69,89
59	10.08.20 05:42:58	24,80	0,20	-17,85	-2,25	69,89
60	10.08.20 05:42:59	24,80	0,20	-18,15	-1,48	70,37
61	10.08.20 05:43:00	24,80	0,20	-18,22	-1,94	69,84
62	10.08.20 05:43:01	24,80	0,20	-17,74	-2,52	69,74
63	10.08.20 05:43:02	24,80	0,20	-17,38	-2,55	70,07
64	10.08.20 05:43:03	24,80	0,20	-17,41	-4,23	68,35
65	10.08.20 05:43:04	24,80	0,20	-17,06	-4,52	68,42
66	10.08.20 05:43:05	24,80	0,20	-16,68	-5,60	67,73
67	10.08.20 05:43:06	24,80	0,20	-17,59	-6,80	65,62
68	10.08.20 05:43:07	24,80	0,22	-17,19	-7,85	64,96
69	10.08.20 05:43:08	24,77	0,20	-16,83	-7,61	65,55
70	10.08.20 05:43:09	24,77	0,22	-16,42	-6,36	67,22
71	10.08.20 05:43:10	24,77	0,22	-16,67	-7,08	66,24
72	10.08.20 05:43:11	24,77	0,20	-17,44	-6,40	66,16
73	10.08.20 05:43:12	24,77	0,20	-15,95	-5,20	68,85
74	10.08.20 05:43:13	24,77	0,20	-17,39	-4,28	68,33
75	10.08.20 05:43:14	24,77	0,22	-17,66	-2,64	69,69
76	10.08.20 05:43:15	24,77	0,20	-18,45	-1,80	69,75
77	10.08.20 05:43:16	24,77	0,20	-18,51	-1,21	70,28
78	10.08.20 05:43:17	24,77	0,20	-18,87	-0,38	70,75
79	10.08.20 05:43:18	24,77	0,22	-18,51	-0,68	70,82
80	10.08.20 05:43:19	24,77	0,20	-17,89	-0,60	71,51
81	10.08.20 05:43:20	24,77	0,20	-18,66	-1,71	69,63
82	10.08.20 05:43:21	24,77	0,22	-17,68	-4,51	67,82
83	10.08.20 05:43:22	24,74	0,20	-16,57	-6,85	66,57
84	10.08.20 05:43:23	24,74	0,20	-15,77	-7,92	66,31
85	10.08.20 05:43:24	24,74	0,22	-16,42	-9,28	64,30
86	10.08.20 05:43:25	24,74	0,22	-15,97	-9,20	64,83
87	10.08.20 05:43:26	24,74	0,22	-15,52	-9,13	65,35
88	10.08.20 05:43:27	24,74	0,20	-16,96	-8,09	64,96
89	10.08.20 05:43:28	24,74	0,20	-16,55	-6,20	67,25
90	10.08.20 05:43:29	24,74	0,20	-16,86	-4,99	68,14
91	10.08.20 05:43:30	24,74	0,22	-18,10	-2,31	69,59
92	10.08.20 05:43:31	24,74	0,20	-18,19	0,32	71,48
93	10.08.20 05:43:32	24,74	0,22	-18,85	0,90	70,25
94	10.08.20 05:43:33	24,74	0,20	-18,97	0,89	70,14
95	10.08.20 05:43:34	24,74	0,20	-18,96	-0,03	71,01
96	10.08.20 05:43:35	24,74	0,20	-17,89	-0,71	71,40
97	10.08.20 05:43:36	24,72	0,20	-17,40	-3,10	69,50
98	10.08.20 05:43:37	24,72	0,22	-18,13	-5,03	66,85
99	10.08.20 05:43:38	24,72	0,20	-15,98	-6,83	67,19
100	10.08.20 05:43:39	24,72	0,20	-15,71	-8,13	66,15
101	10.08.20 05:43:40	24,72	0,20	-17,06	-7,62	65,33
102	10.08.20 05:43:41	24,72	0,20	-16,24	-8,10	65,66
103	10.08.20 05:43:42	24,72	0,20	-15,88	-7,79	66,33
104	10.08.20 05:43:43	24,72	0,20	-16,94	-6,38	66,69
105	10.08.20 05:43:44	24,72	0,22	-17,49	-4,64	67,87
106	10.08.20 05:43:45	24,72	0,22	-17,33	-3,84	68,83
107	10.08.20 05:43:46	24,72	0,20	-17,75	-1,77	70,47
108	10.08.20 05:43:47	24,72	0,22	-18,20	-1,54	70,26
109	10.08.20 05:43:48	24,72	0,20	-18,23	-1,81	69,96
110	10.08.20 05:43:49	24,72	0,20	-18,53	-0,77	70,70
111	10.08.20 05:43:50	24,69	0,20	-17,81	-0,90	71,28
112	10.08.20 05:43:51	24,69	0,20	-18,42	-1,84	69,74
113	10.08.20 05:43:52	24,69	0,20	-17,91	-2,80	69,29
114	10.08.20 05:43:53	24,69	0,22	-17,24	-3,79	68,97
115	10.08.20 05:43:54	24,69	0,22	-16,80	-5,30	67,90
116	10.08.20 05:43:55	24,69	0,20	-17,29	-5,99	66,72
117	10.08.20 05:43:56	24,69	0,20	-16,47	-7,40	66,13
118	10.08.20 05:43:57	24,69	0,20	-15,56	-7,53	66,90
119	10.08.20 05:43:58	24,69	0,20	-16,63	-7,47	65,90
120	10.08.20 05:43:59	24,69	0,20	-17,53	-7,31	65,16
121	10.08.20 05:44:00	24,69	0,22	-16,54	-5,79	67,67
122	10.08.20 05:44:01	24,69	0,20	-17,73	-4,44	67,83
123	10.08.20 05:44:02	24,69	0,20	-17,78	-3,27	68,95
124	10.08.20 05:44:03	24,69	0,20	-18,71	-1,12	70,17
125	10.08.20 05:44:04	24,69	0,20	-18,51	0,74	70,75
126	10.08.20 05:44:05	24,66	0,22	-18,29	1,41	70,30
127	10.08.20 05:44:06	24,69	0,20	-19,06	2,16	68,77
128	10.08.20 05:44:07	24,66	0,20	-18,28	1,36	70,36
129	10.08.20 05:44:08	24,66	0,15	-18,68	-0,59	70,73
130	10.08.20 05:44:09	24,66	0,20	-18,27	-2,44	69,29
131	10.08.20 05:44:10	24,66	0,20	-17,47	-5,04	67,49
132	10.08.20 05:44:11	24,66	0,20	-17,06	-6,18	66,76
133	10.08.20 05:44:12	24,66	0,22	-15,60	-8,27	66,13
134	10.08.20 05:44:13	24,66	0,20	-16,33	-8,76	64,92
135	10.08.20 05:44:14	24,66	0,20	-16,50	-8,30	65,21
136	10.08.20 05:44:15	24,66	0,20	-16,20	-7,97	65,83
137	10.08.20 05:44:16	24,66	0,22	-17,16	-7,62	65,22
138	10.08.20 05:44:17	24,66	0,22	-16,63	-6,99	66,39
139	10.08.20 05:44:18	24,66	0,20	-16,27	-4,74	68,99
140	10.08.20 05:44:19	24,66	0,22	-19,12	-4,32	66,57
141	10.08.20 05:44:20	24,66	0,20	-18,18	-3,65	68,17
142	10.08.20 05:44:21	24,66	0,20	-18,20	-2,55	69,25
143	10.08.20 05:44:22	24,63	0,20	-17,98	-1,49	70,53
144	10.08.20 05:44:23	24,63	0,22	-18,02	-1,00	70,97
145	10.08.20 05:44:24	24,63	0,20	-19,39	-0,42	70,19
146	10.08.20 05:44:25	24,63	0,20	-19,13	-1,71	69,16
147	10.08.20 05:44:26	24,63	0,20	-17,50	-3,54	68,96
148	10.08.20 05:44:27	24,63	0,20	-17,09	-4,97	67,95
149	10.08.20 05:44:28	24,63	0,22	-16,87	-4,67	68,45
150	10.08.20 05:44:29	24,63	0,20	-16,89	-5,10	68,02
151	10.08.20 05:44:30	24,63	0,20	-17,33	-5,48	67,19
152	10.08.20 05:44:31	24,63	0,20	-17,02	-5,50	67,48
153	10.08.20 05:44:32	24,63	0,20	-16,57	-5,62	67,81
154	10.08.20 05:44:33	24,63	0,22	-17,19	-5,13	67,68
155	10.08.20 05:44:34	24,63	0,20	-17,41	-5,47	67,12
156	10.08.20 05:44:35	24,63	0,20	-16,56	-6,07	67,37
157	10.08.20 05:44:36	24,60	0,22	-16,36	-5,84	67,79
158	10.08.20 05:44:37	24,60	0,22	-17,73	-5,74	66,54
159	10.08.20 05:44:38	24,60	0,20	-16,71	-4,81	68,48
160	10.08.20 05:44:39	24,60	0,22	-16,75	-3,35	69,89
161	10.08.20 05:44:40	24,60	0,22	-18,49	-1,99	69,52
162	10.08.20 05:44:41	24,60	0,22	-7,31	26,31	56,38
163	10.08.20 05:44:42	24,60	0,20	24,83	60,10	5,07
164	10.08.20 05:44:43	24,60	0,20	13,78	70,00	6,22
165	10.08.20 05:44:44	24,60	0,20	54,97	33,08	-1,94
166	10.08.20 05:44:45	24,60	0,20	67,26	-19,01	3,73
167	10.08.20 05:44:46	24,60	0,20	65,55	-20,99	3,45
168	10.08.20 05:44:47	24,60	0,20	56,35	-22,95	10,70
169	10.08.20 05:44:48	24,60	0,18	67,88	-15,13	6,99
170	10.08.20 05:44:49	24,60	0,20	68,72	-14,18	7,10
171	10.08.20 05:44:50	24,60	0,22	74,24	-8,10	7,66
172	10.08.20 05:44:51	24,57	0,20	75,31	-6,88	7,82
173	10.08.20 05:44:52	24,57	0,20	70,72	-8,18	11,10
174	10.08.20 05:44:53	24,57	0,18	60,87	-15,89	13,24
175	10.08.20 05:44:54	24,57	0,20	71,53	-9,96	8,51
176	10.08.20 05:44:55	24,57	0,20	74,04	-8,93	7,03
177	10.08.20 05:44:56	24,57	0,20	67,63	-12,07	10,30
178	10.08.20 05:44:57	24,57	0,20	80,54	-3,67	5,79
179	10.08.20 05:44:58	24,57	0,20	80,24	1,12	8,65
180	10.08.20 05:44:59	24,57	0,20	73,29	-9,50	7,21
181	10.08.20 05:45:00	24,57	0,20	81,01	-1,48	7,51
182	10.08.20 05:45:01	24,57	0,22	75,94	-7,39	6,67
183	10.08.20 05:45:02	24,57	0,22	63,11	-21,44	5,45
184	10.08.20 05:45:03	24,54	0,20	62,58	-21,09	6,33
185	10.08.20 05:45:04	24,54	0,20	66,91	-15,82	7,27
186	10.08.20 05:45:05	24,54	0,20	72,06	-10,65	7,28
187	10.08.20 05:45:06	24,54	0,20	73,97	-8,97	7,07
188	10.08.20 05:45:07	24,54	0,20	72,07	-10,87	7,06
189	10.08.20 05:45:08	24,54	0,20	59,17	-23,28	7,55
190	10.08.20 05:45:09	24,54	0,20	46,48	-39,71	3,81
191	10.08.20 05:45:10	24,54	0,18	39,56	-48,21	2,22
192	10.08.20 05:45:11	24,54	0,22	37,28	-49,92	2,80
193	10.08.20 05:45:12	24,54	0,20	46,59	-42,62	-0,79
194	10.08.20 05:45:13	24,54	0,20	48,11	-39,55	2,34
195	10.08.20 05:45:14	24,54	0,20	47,81	-39,09	3,10
196	10.08.20 05:45:15	24,54	0,20	47,50	-39,26	3,24
197	10.08.20 05:45:16	24,54	0,20	48,00	-36,08	5,92
198	10.08.20 05:45:17	24,54	0,22	42,64	-37,82	9,53
199	10.08.20 05:45:18	24,51	0,20	7,46	-22,41	60,13
200	10.08.20 05:45:19	24,51	0,20	-2,12	8,56	79,32
201	10.08.20 05:45:20	24,51	0,20	-10,06	7,00	72,94
202	10.08.20 05:45:21	24,51	0,20	1,78	15,02	73,20
203	10.08.20 05:45:22	24,51	0,22	47,91	-41,15	0,94
204	10.08.20 05:45:23	24,25	0,37	87,33	-2,04	0,64
205	10.08.20 05:45:24	23,84	0,35	26,57	-14,79	48,64
206	10.08.20 05:45:25	23,26	0,37	31,09	4,23	54,68
207	10.08.20 05:45:26	22,80	0,30	-0,06	46,99	42,95
208	10.08.20 05:45:27	22,51	0,28	12,05	-14,52	63,44
209	10.08.20 05:45:28	22,24	0,28	27,23	5,33	57,44
210	10.08.20 05:45:29	22,10	0,22	18,36	4,33	67,30
211	10.08.20 05:45:30	21,95	0,24	4,98	39,57	45,45
212	10.08.20 05:45:31	21,86	0,26	35,16	5,17	49,67
213	10.08.20 05:45:32	21,81	0,28	30,79	-6,27	52,94
214	10.08.20 05:45:33	21,75	0,28	30,39	-1,78	57,84
215	10.08.20 05:45:34	21,66	0,30	22,38	-6,44	61,18
216	10.08.20 05:45:35	21,57	0,30	25,68	-3,56	60,76
217	10.08.20 05:45:36	21,48	0,30	20,67	1,42	67,90
218	10.08.20 05:45:37	21,43	0,30	32,53	-6,02	51,45
219	10.08.20 05:45:38	21,43	0,33	18,02	-5,41	66,57
220	10.08.20 05:45:39	21,37	0,30	26,28	-8,59	55,13
221	10.08.20 05:45:40	21,31	0,37	28,73	8,28	52,99
222	10.08.20 05:45:41	21,28	0,39	37,05	-7,25	45,70
223	10.08.20 05:45:42	21,22	0,37	32,61	-7,89	49,51
224	10.08.20 05:45:43	21,19	0,41	34,97	-4,92	50,11
225	10.08.20 05:45:44	21,16	0,41	22,22	-2,66	65,12
226	10.08.20 05:45:45	21,10	0,39	18,92	3,63	67,45
227	10.08.20 05:45:46	21,04	0,43	19,26	13,77	56,96
228	10.08.20 05:45:47	20,99	0,43	43,85	-1,73	44,41
229	10.08.20 05:45:48	20,96	0,45	25,44	3,54	61,02
230	10.08.20 05:45:49	20,93	0,45	25,68	0,89	63,42
231	10.08.20 05:45:50	20,93	0,45	22,11	5,01	62,88
232	10.08.20 05:45:51	20,90	0,48	23,76	10,97	55,26
233	10.08.20 05:45:52	20,87	0,50	27,44	11,60	50,96
234	10.08.20 05:45:53	20,84	0,52	31,20	9,00	49,80
235	10.08.20 05:45:54	20,84	0,54	46,98	3,01	40,01
236	10.08.20 05:45:55	20,84	0,61	53,84	10,76	25,40
237	10.08.20 05:45:56	20,84	0,63	56,95	11,41	21,64
238	10.08.20 05:45:57	20,78	0,67	59,02	8,51	22,47
239	10.08.20 05:45:58	20,78	0,71	59,66	8,04	22,30
240	10.08.20 05:45:59	20,78	0,76	63,10	11,17	15,73
241	10.08.20 05:46:00	20,78	0,80	63,90	8,40	17,70
242	10.08.20 05:46:01	20,72	0,82	61,40	8,61	19,99
243	10.08.20 05:46:02	20,66	0,82	60,53	10,77	18,70
244	10.08.20 05:46:03	20,66	0,82	56,28	10,51	23,20
245	10.08.20 05:46:04	20,63	0,82	50,81	8,89	30,30
246	10.08.20 05:46:05	20,60	0,80	53,00	6,45	30,56
247	10.08.20 05:46:06	20,60	0,75	56,72	4,80	28,48
248	10.08.20 05:46:07	20,60	0,73	60,22	-0,59	29,18
249	10.08.20 05:46:08	20,55	0,71	56,79	-3,38	29,83
250	10.08.20 05:46:09	20,55	0,67	52,99	-7,98	29,03
251	10.08.20 05:46:10	20,52	0,63	56,62	-11,41	21,96
252	10.08.20 05:46:11	20,52	0,60	59,65	-8,57	21,79
253	10.08.20 05:46:12	20,52	0,54	57,81	-6,00	26,18
254	10.08.20 05:46:13	20,49	0,45	21,48	3,14	65,38
255	10.08.20 05:46:14	20,46	0,43	22,40	-2,63	64,98
256	10.08.20 05:46:15	20,40	0,39	16,23	13,20	60,57
257	10.08.20 05:46:16	20,34	0,43	30,92	-3,39	55,69
258	10.08.20 05:46:17	20,28	0,43	31,14	-7,76	51,09
259	10.08.20 05:46:18	20,28	0,43	32,10	-4,63	53,27
260	10.08.20 05:46:19	20,28	0,45	34,79	4,54	50,67
261	10.08.20 05:46:20	20,25	0,41	35,85	1,21	52,94
262	10.08.20 05:46:21	20,22	0,41	26,57	-3,92	59,51
263	10.08.20 05:46:22	20,22	0,41	30,46	-1,35	58,19
264	10.08.20 05:46:23	20,25	0,43	31,72	4,16	54,12
265	10.08.20 05:46:24	20,25	0,43	31,04	3,30	55,66
266	10.08.20 05:46:25	20,22	0,45	42,30	-1,02	46,68
267	10.08.20 05:46:26	20,19	0,45	45,00	1,03	43,97
268	10.08.20 05:46:27	20,19	0,43	37,75	5,32	46,93
269	10.08.20 05:46:28	20,16	0,45	35,64	5,86	48,50
270	10.08.20 05:46:29	20,16	0,43	35,66	-1,65	52,69
271	10.08.20 05:46:30	20,11	0,45	39,32	3,92	46,76
272	10.08.20 05:46:31	20,11	0,45	39,62	5,01	45,37
273	10.08.20 05:46:32	20,08	0,43	28,23	5,19	56,58
274	10.08.20 05:46:33	20,08	0,41	27,59	-2,35	60,06
275	10.08.20 05:46:34	20,08	0,43	30,65	1,20	58,16
276	10.08.20 05:46:35	20,05	0,45	31,57	1,42	57,02
277	10.08.20 05:46:36	20,05	0,43	29,42	2,70	57,88
278	10.08.20 05:46:37	20,05	0,43	27,63	-0,94	61,43
279	10.08.20 05:46:38	20,02	0,45	31,37	3,26	55,37
280	10.08.20 05:46:39	20,02	0,43	19,90	-7,57	62,53
281	10.08.20 05:46:40	19,99	0,45	26,03	-2,42	61,55
282	10.08.20 05:46:41	19,99	0,48	31,64	-1,79	56,57
283	10.08.20 05:46:42	19,99	0,48	36,52	1,74	51,73
284	10.08.20 05:46:43	19,99	0,48	32,66	-2,61	54,73
285	10.08.20 05:46:44	19,96	0,48	28,23	-2,70	59,07
286	10.08.20 05:46:45	19,96	0,48	29,32	-6,53	54,15
287	10.08.20 05:46:46	19,93	0,48	32,29	-5,80	51,92
288	10.08.20 05:46:47	19,93	0,48	32,57	-9,77	47,67
289	10.08.20 05:46:48	19,93	0,48	35,87	-5,05	49,09
290	10.08.20 05:46:49	19,90	0,48	32,52	-5,60	51,88
291	10.08.20 05:46:50	19,90	0,50	33,90	-1,06	55,04
292	10.08.20 05:46:51	19,90	0,52	32,92	-6,22	50,85
293	10.08.20 05:46:52	19,90	0,52	38,76	-2,71	48,53
294	10.08.20 05:46:53	19,90	0,56	40,73	-3,46	45,80
295	10.08.20 05:46:54	19,87	0,52	39,14	-4,64	46,22
296	10.08.20 05:46:55	19,87	0,52	40,05	-3,63	46,32
297	10.08.20 05:46:56	19,87	0,56	31,81	-5,76	52,42
298	10.08.20 05:46:57	19,84	0,55	39,17	-4,91	45,92
299	10.08.20 05:46:58	19,84	0,55	36,93	1,02	52,05
300	10.08.20 05:46:59	19,81	0,58	40,76	-0,75	48,49
301	10.08.20 05:47:00	19,81	0,58	37,61	-2,87	49,52
302	10.08.20 05:47:01	19,78	0,58	39,35	1,75	48,90
303	10.08.20 05:47:02	19,78	0,60	42,00	3,23	44,78
304	10.08.20 05:47:03	19,78	0,60	40,72	6,46	42,82
305	10.08.20 05:47:04	19,78	0,60	44,32	3,47	42,22
306	10.08.20 05:47:05	19,75	0,64	45,13	6,98	37,89
307	10.08.20 05:47:06	19,75	0,64	43,52	6,40	40,08
308	10.08.20 05:47:07	19,72	0,64	44,16	4,03	41,80
309	10.08.20 05:47:08	19,72	0,66	41,85	9,09	39,05
310	10.08.20 05:47:09	19,72	0,66	45,86	8,05	36,10
311	10.08.20 05:47:10	19,69	0,66	45,60	5,52	38,88
312	10.08.20 05:47:11	19,69	0,66	47,38	3,06	39,56
313	10.08.20 05:47:12	19,66	0,68	47,03	6,62	36,35
314	10.08.20 05:47:13	19,63	0,66	48,11	6,98	34,91
315	10.08.20 05:47:14	19,60	0,70	51,73	3,00	35,27
316	10.08.20 05:47:15	19,60	0,68	44,37	0,23	45,40
317	10.08.20 05:47:16	19,60	0,70	40,98	-3,38	45,64
318	10.08.20 05:47:17	19,60	0,72	46,21	-3,82	39,97
319	10.08.20 05:47:18	19,60	0,72	44,09	-4,22	41,69
320	10.08.20 05:47:19	19,60	0,72	41,25	-2,23	46,52
321	10.08.20 05:47:20	19,60	0,72	36,57	-5,02	48,41
322	10.08.20 05:47:21	19,57	0,74	39,07	-9,41	41,51
323	10.08.20 05:47:22	19,57	0,74	37,16	-8,62	44,22
324	10.08.20 05:47:23	19,57	0,77	46,87	-3,60	39,53
325	10.08.20 05:47:24	19,57	0,74	35,96	-0,84	53,20
326	10.08.20 05:47:25	19,57	0,74	37,23	0,15	52,62
327	10.08.20 05:47:26	19,55	0,72	34,17	-1,02	54,82
328	10.08.20 05:47:27	19,55	0,72	30,41	-2,74	56,84
329	10.08.20 05:47:28	19,55	0,74	40,25	-6,97	42,78
330	10.08.20 05:47:29	19,52	0,77	49,75	1,12	39,12
331	10.08.20 05:47:30	19,49	0,79	48,89	4,20	36,91
332	10.08.20 05:47:31	19,46	0,81	48,38	6,30	35,32
333	10.08.20 05:47:32	19,46	0,83	48,61	7,07	34,32
334	10.08.20 05:47:33	19,46	0,85	45,28	7,42	37,29
335	10.08.20 05:47:34	19,46	0,85	44,66	7,22	38,12
336	10.08.20 05:47:35	19,46	0,85	43,15	9,80	37,04
337	10.08.20 05:47:36	19,43	0,89	41,72	10,79	37,49
338	10.08.20 05:47:37	19,43	0,87	38,71	10,41	40,88
339	10.08.20 05:47:38	19,43	0,89	41,86	11,80	36,34
340	10.08.20 05:47:39	19,43	0,91	44,85	9,75	35,40
341	10.08.20 05:47:40	19,43	0,91	39,98	10,79	39,23
342	10.08.20 05:47:41	19,40	0,94	41,29	9,10	39,61
343	10.08.20 05:47:42	19,40	0,94	42,33	10,00	37,68
344	10.08.20 05:47:43	19,37	0,98	43,42	10,64	35,94
345	10.08.20 05:47:44	19,37	0,96	41,73	8,94	39,32
346	10.08.20 05:47:45	19,34	0,96	34,76	8,05	47,19
347	10.08.20 05:47:46	19,25	0,98	37,34	6,19	46,46
348	10.08.20 05:47:47	19,22	0,96	40,06	3,76	46,18
349	10.08.20 05:47:48	19,16	1,00	39,74	4,92	45,35
350	10.08.20 05:47:49	19,13	1,00	39,67	7,09	43,24
351	10.08.20 05:47:50	19,04	1,02	40,62	6,10	43,28
352	10.08.20 05:47:51	18,98	1,02	42,48	4,15	43,38
353	10.08.20 05:47:52	18,92	1,04	43,54	3,68	42,79
354	10.08.20 05:47:53	18,86	1,04	43,07	4,83	42,09
355	10.08.20 05:47:54	18,84	1,06	45,35	3,19	41,45
356	10.08.20 05:47:55	18,81	1,08	46,29	3,35	40,35
357	10.08.20 05:47:56	18,81	1,08	49,63	1,38	38,99
358	10.08.20 05:47:57	18,72	1,12	49,92	3,79	36,29
359	10.08.20 05:47:58	18,69	1,12	49,80	3,50	36,70
360	10.08.20 05:47:59	18,69	1,14	49,16	4,34	36,51
361	10.08.20 05:48:00	18,69	1,14	48,12	4,35	37,53
362	10.08.20 05:48:01	18,69	1,12	45,98	3,02	41,00
363	10.08.20 05:48:02	18,66	1,12	40,87	3,61	45,52
364	10.08.20 05:48:03	18,63	1,10	39,37	-0,83	49,80
365	10.08.20 05:48:04	18,63	1,10	24,36	8,45	57,18
366	10.08.20 05:48:05	18,60	1,06	21,59	12,26	56,15
367	10.08.20 05:48:06	18,54	1,08	33,80	11,67	44,53
368	10.08.20 05:48:07	18,54	1,12	38,96	8,62	42,42
369	10.08.20 05:48:08	18,51	1,14	38,33	7,63	44,04
370	10.08.20 05:48:09	18,54	1,14	36,17	11,75	42,08
371	10.08.20 05:48:10	18,54	1,16	37,08	11,41	41,51
372	10.08.20 05:48:11	18,54	1,14	39,11	9,07	41,82
373	10.08.20 05:48:12	18,54	1,14	39,34	8,93	41,74
374	10.08.20 05:48:13	18,51	1,16	42,60	6,69	40,71
375	10.08.20 05:48:14	18,48	1,16	41,32	6,25	42,43
376	10.08.20 05:48:15	18,42	1,18	42,81	3,38	43,81
377	10.08.20 05:48:16	18,39	1,18	42,41	5,70	41,89
378	10.08.20 05:48:17	18,36	1,18	39,90	5,71	44,39
379	10.08.20 05:48:18	18,33	1,18	39,52	1,88	48,60
380	10.08.20 05:48:19	18,33	1,18	39,82	0,66	49,52
381	10.08.20 05:48:20	18,33	1,16	40,37	-0,24	49,39
382	10.08.20 05:48:21	18,33	1,18	35,24	0,39	54,37
383	10.08.20 05:48:22	18,33	1,18	29,91	-3,17	56,92
384	10.08.20 05:48:23	18,33	1,18	33,29	-3,03	53,68
385	10.08.20 05:48:24	18,33	1,18	33,45	-2,30	54,24
386	10.08.20 05:48:25	18,30	1,20	31,99	-2,73	55,29
387	10.08.20 05:48:26	18,30	1,18	29,50	-5,61	54,90
388	10.08.20 05:48:27	18,27	1,22	28,89	-7,52	53,59
389	10.08.20 05:48:28	18,27	1,20	21,68	-10,58	57,74
390	10.08.20 05:48:29	18,24	1,22	21,70	-10,96	57,34
391	10.08.20 05:48:30	18,18	1,22	21,68	-11,54	56,77
392	10.08.20 05:48:31	18,15	1,22	22,18	-12,80	55,02
393	10.08.20 05:48:32	18,12	1,24	20,90	-13,29	55,81
394	10.08.20 05:48:33	18,12	1,27	19,84	-14,27	55,89
395	10.08.20 05:48:34	18,09	1,24	20,07	-15,48	54,45
396	10.08.20 05:48:35	18,06	1,26	21,36	-15,26	53,38
397	10.08.20 05:48:36	18,03	1,26	21,21	-15,21	53,58
398	10.08.20 05:48:37	17,97	1,29	19,54	-15,21	55,25
399	10.08.20 05:48:38	17,94	1,28	18,97	-15,47	55,56
400	10.08.20 05:48:39	17,88	1,31	18,46	-15,33	56,21
401	10.08.20 05:48:40	17,82	1,33	18,62	-17,15	54,23
402	10.08.20 05:48:41	17,76	1,33	18,34	-16,80	54,86
403	10.08.20 05:48:42	17,67	1,39	17,25	-17,41	55,34
404	10.08.20 05:48:43	17,58	1,39	17,57	-18,58	53,85
405	10.08.20 05:48:44	17,49	1,39	19,90	-17,17	52,93
406	10.08.20 05:48:45	17,49	1,41	15,83	-18,96	55,22
407	10.08.20 05:48:46	17,46	1,43	17,95	-18,44	53,61
408	10.08.20 05:48:47	17,37	1,47	20,07	-18,39	51,54
409	10.08.20 05:48:48	17,34	1,49	21,35	-17,71	50,94
410	10.08.20 05:48:49	17,34	1,51	20,50	-18,29	51,21
411	10.08.20 05:48:50	17,34	1,51	21,30	-19,40	49,30
412	10.08.20 05:48:51	17,34	1,58	22,40	-16,83	50,77
413	10.08.20 05:48:52	17,31	1,58	20,59	-19,74	49,67
414	10.08.20 05:48:53	17,28	1,62	25,58	-15,77	48,65
415	10.08.20 05:48:54	17,25	1,64	21,22	-20,31	48,47
416	10.08.20 05:48:55	17,22	1,68	21,27	-19,59	49,15
417	10.08.20 05:48:56	17,04	1,73	19,10	-21,21	49,69
418	10.08.20 05:48:57	16,89	1,77	19,06	-20,69	50,25
419	10.08.20 05:48:58	16,77	1,77	22,08	-17,68	50,24
420	10.08.20 05:48:59	16,71	1,79	23,35	-17,32	49,32
421	10.08.20 05:49:00	16,65	1,81	22,80	-19,13	48,07
422	10.08.20 05:49:01	16,62	1,85	25,75	-18,38	45,87
423	10.08.20 05:49:02	16,56	1,85	27,87	-15,10	47,03
424	10.08.20 05:49:03	16,53	1,89	28,96	-16,95	44,09
425	10.08.20 05:49:04	16,50	1,93	21,03	-21,06	47,90
426	10.08.20 05:49:05	16,41	1,98	23,92	-19,32	46,76
427	10.08.20 05:49:06	16,02	2,01	25,02	-17,07	47,91
428	10.08.20 05:49:07	15,80	2,03	23,61	-19,71	46,67
429	10.08.20 05:49:08	15,71	2,05	23,97	-18,27	47,76
430	10.08.20 05:49:09	15,65	2,08	20,56	-20,77	48,67
431	10.08.20 05:49:10	15,62	2,12	20,61	-20,80	48,59
432	10.08.20 05:49:11	15,38	2,20	25,80	-16,75	47,46
433	10.08.20 05:49:12	15,13	2,18	22,35	-18,64	49,02
434	10.08.20 05:49:13	15,01	2,30	25,26	-16,49	48,25
435	10.08.20 05:49:14	14,58	2,26	22,57	-19,31	48,12
436	10.08.20 05:49:15	14,45	2,21	20,34	-19,22	50,45
437	10.08.20 05:49:16	14,45	2,23	19,35	-19,81	50,85
438	10.08.20 05:49:17	14,45	2,26	19,24	-19,99	50,78
439	10.08.20 05:49:18	14,45	2,28	18,31	-20,20	51,50
440	10.08.20 05:49:19	14,42	2,23	21,34	-18,08	50,58
441	10.08.20 05:49:20	14,30	2,30	23,55	-16,48	49,97
442	10.08.20 05:49:21	14,24	2,36	28,14	-17,77	44,08
443	10.08.20 05:49:22	14,14	2,38	21,80	-19,58	48,62
444	10.08.20 05:49:23	14,11	2,36	22,82	-19,71	47,47
445	10.08.20 05:49:24	14,11	2,40	25,14	-20,24	44,62
446	10.08.20 05:49:25	14,11	2,47	30,61	-15,23	44,16
447	10.08.20 05:49:26	14,08	2,49	30,46	-16,78	42,76
448	10.08.20 05:49:27	14,05	2,51	24,52	-23,12	42,36
449	10.08.20 05:49:28	14,02	2,55	31,59	-13,56	44,84
450	10.08.20 05:49:29	13,83	2,57	29,42	-17,10	43,48
451	10.08.20 05:49:30	13,55	2,63	25,44	-23,46	41,11
452	10.08.20 05:49:31	13,40	2,63	32,20	-14,81	42,99
453	10.08.20 05:49:32	13,27	2,65	25,03	-26,59	38,38
454	10.08.20 05:49:33	13,18	2,71	33,08	-18,29	38,63
455	10.08.20 05:49:34	12,99	2,71	32,40	-18,69	38,91
456	10.08.20 05:49:35	12,93	2,73	31,30	-19,71	38,99
457	10.08.20 05:49:36	12,26	2,88	31,37	-19,22	39,41
458	10.08.20 05:49:37	11,78	2,91	31,33	-19,40	39,27
459	10.08.20 05:49:38	11,43	2,87	30,78	-18,88	40,34
460	10.08.20 05:49:39	11,23	2,91	31,05	-18,35	40,60
461	10.08.20 05:49:40	11,14	2,95	31,48	-17,96	40,56
462	10.08.20 05:49:41	10,98	2,97	30,06	-17,06	42,89
463	10.08.20 05:49:42	10,91	2,99	32,06	-15,22	42,71
464	10.08.20 05:49:43	10,88	2,99	28,36	-19,66	41,99
465	10.08.20 05:49:44	10,88	3,01	28,42	-19,05	42,54
466	10.08.20 05:49:45	10,85	3,10	25,07	-20,78	44,15
467	10.08.20 05:49:46	10,62	3,07	30,38	-16,72	42,91
468	10.08.20 05:49:47	10,49	3,14	31,62	-16,61	41,77
469	10.08.20 05:49:48	10,32	3,14	26,30	-20,30	43,40
470	10.08.20 05:49:49	10,06	3,20	21,41	-21,20	47,39
471	10.08.20 05:49:50	10,03	3,22	22,41	-19,42	48,17
472	10.08.20 05:49:51	9,99	3,22	22,09	-19,20	48,71
473	10.08.20 05:49:52	9,99	3,24	18,33	-21,85	49,82
474	10.08.20 05:49:53	10,03	3,22	22,94	-17,50	49,56
475	10.08.20 05:49:54	10,09	3,24	18,21	-19,71	52,08
476	10.08.20 05:49:55	10,13	3,26	19,23	-19,20	51,57
477	10.08.20 05:49:56	10,13	3,33	24,35	-15,48	50,18
478	10.08.20 05:49:57	10,09	3,28	23,06	-15,80	51,15
479	10.08.20 05:49:58	10,06	3,30	17,49	-20,06	52,45
480	10.08.20 05:49:59	10,06	3,35	18,03	-19,94	52,03
481	10.08.20 05:50:00	10,03	3,37	16,80	-19,79	53,41
482	10.08.20 05:50:01	10,03	3,41	23,08	-14,35	52,57
483	10.08.20 05:50:02	9,99	3,43	17,17	-19,15	53,68
484	10.08.20 05:50:03	9,93	3,45	16,51	-19,58	53,91
485	10.08.20 05:50:04	9,93	3,45	17,75	-19,55	52,70
486	10.08.20 05:50:05	9,93	3,47	17,42	-20,24	52,35
487	10.08.20 05:50:06	9,93	3,49	18,84	-18,48	52,68
488	10.08.20 05:50:07	9,73	3,56	16,97	-19,76	53,27
489	10.08.20 05:50:08	9,26	3,62	19,54	-17,96	52,50
490	10.08.20 05:50:09	9,00	3,64	17,92	-18,59	53,49
491	10.08.20 05:50:10	8,83	3,68	17,86	-19,35	52,79
492	10.08.20 05:50:11	8,79	3,68	16,78	-19,56	53,66
493	10.08.20 05:50:12	8,76	3,68	20,14	-17,06	52,80
494	10.08.20 05:50:13	8,76	3,70	15,96	-19,36	54,68
495	10.08.20 05:50:14	8,76	3,74	17,76	-19,46	52,78
496	10.08.20 05:50:15	8,76	3,78	17,68	-19,07	53,25
497	10.08.20 05:50:16	8,69	3,76	16,48	-19,91	53,61
498	10.08.20 05:50:17	8,63	3,78	20,93	-16,11	52,96
499	10.08.20 05:50:18	8,59	3,82	19,95	-14,84	55,20
500	10.08.20 05:50:19	8,56	3,82	18,79	-15,93	55,28
501	10.08.20 05:50:20	8,52	3,84	23,34	-12,94	53,72
502	10.08.20 05:50:21	8,46	3,84	16,03	-17,51	56,46
503	10.08.20 05:50:22	8,32	3,91	16,42	-16,60	56,98
504	10.08.20 05:50:23	8,01	3,99	18,04	-17,62	54,33
505	10.08.20 05:50:24	7,91	3,97	16,31	-17,74	55,94
506	10.08.20 05:50:25	7,91	3,99	17,73	-18,18	54,09
507	10.08.20 05:50:26	7,91	3,95	16,37	-18,68	54,95
508	10.08.20 05:50:27	7,91	4,01	16,57	-19,69	53,73
509	10.08.20 05:50:28	7,95	4,03	14,59	-20,00	55,40
510	10.08.20 05:50:29	7,98	4,05	17,00	-18,79	54,20
511	10.08.20 05:50:30	8,01	4,07	17,02	-18,97	54,00
512	10.08.20 05:50:31	8,01	4,10	15,37	-20,61	54,02
513	10.08.20 05:50:32	8,01	4,14	15,54	-19,83	54,62
514	10.08.20 05:50:33	7,95	4,16	17,45	-18,45	54,10
515	10.08.20 05:50:34	7,81	4,18	16,38	-18,32	55,30
516	10.08.20 05:50:35	7,67	4,22	15,45	-19,00	55,55
517	10.08.20 05:50:36	7,40	4,28	18,05	-18,08	53,87
518	10.08.20 05:50:37	7,19	4,32	16,31	-20,26	53,43
519	10.08.20 05:50:38	7,12	4,34	16,58	-19,31	54,12
520	10.08.20 05:50:39	6,98	4,39	14,84	-20,36	54,80
521	10.08.20 05:50:40	6,98	4,39	19,16	-18,92	51,93
522	10.08.20 05:50:41	7,01	4,39	15,06	-20,30	54,64
523	10.08.20 05:50:42	7,01	4,39	16,15	-19,66	54,18
524	10.08.20 05:50:43	6,84	4,49	18,06	-18,27	53,67
525	10.08.20 05:50:44	6,73	4,49	18,86	-18,39	52,74
526	10.08.20 05:50:45	6,70	4,51	19,67	-18,82	51,51
527	10.08.20 05:50:46	6,73	4,49	18,22	-19,04	52,74
528	10.08.20 05:50:47	6,80	4,51	18,61	-18,66	52,73
529	10.08.20 05:50:48	6,84	4,58	19,75	-18,99	51,26
530	10.08.20 05:50:49	6,91	4,58	19,06	-18,90	52,04
531	10.08.20 05:50:50	6,94	4,58	19,86	-17,24	52,90
532	10.08.20 05:50:51	6,94	4,60	17,66	-19,68	52,66
533	10.08.20 05:50:52	6,98	4,66	17,01	-20,35	52,63
534	10.08.20 05:50:53	6,94	4,66	18,32	-20,04	51,63
535	10.08.20 05:50:54	6,98	4,68	21,53	-16,84	51,63
536	10.08.20 05:50:55	6,98	4,71	18,87	-19,84	51,29
537	10.08.20 05:50:56	7,01	4,75	18,34	-20,74	50,92
538	10.08.20 05:50:57	6,87	4,81	23,89	-16,11	50,00
539	10.08.20 05:50:58	6,80	4,83	20,15	-19,30	50,55
540	10.08.20 05:50:59	6,80	4,83	21,17	-18,09	50,74
541	10.08.20 05:51:00	6,77	4,88	20,75	-18,60	50,65
542	10.08.20 05:51:01	6,77	4,90	21,33	-18,88	49,79
543	10.08.20 05:51:02	6,80	4,92	18,95	-20,89	50,16
544	10.08.20 05:51:03	6,73	4,98	18,55	-19,68	51,77
545	10.08.20 05:51:04	6,63	5,00	22,42	-17,31	50,27
546	10.08.20 05:51:05	6,63	5,02	22,40	-17,14	50,46
547	10.08.20 05:51:06	6,63	5,07	19,84	-20,26	49,90
548	10.08.20 05:51:07	6,66	5,09	21,65	-18,01	50,34
549	10.08.20 05:51:08	6,66	5,11	19,98	-18,81	51,21
550	10.08.20 05:51:09	6,70	5,11	21,71	-17,58	50,71
551	10.08.20 05:51:10	6,73	5,15	24,66	-15,78	49,56
552	10.08.20 05:51:11	6,77	5,17	21,29	-18,85	49,86
553	10.08.20 05:51:12	6,80	5,22	19,38	-19,43	51,19
554	10.08.20 05:51:13	6,80	5,22	24,41	-15,20	50,39
555	10.08.20 05:51:14	6,80	5,26	23,47	-17,55	48,98
556	10.08.20 05:51:15	6,80	5,28	20,81	-18,74	50,45
557	10.08.20 05:51:16	6,77	5,30	17,45	-21,02	51,53
558	10.08.20 05:51:17	6,77	5,32	18,13	-20,39	51,48
559	10.08.20 05:51:18	6,73	5,35	23,20	-15,14	51,66
560	10.08.20 05:51:19	6,73	5,37	19,16	-17,75	53,10
561	10.08.20 05:51:20	6,70	5,41	20,59	-17,15	52,26
562	10.08.20 05:51:21	6,70	5,45	18,82	-17,48	53,71
563	10.08.20 05:51:22	6,70	5,45	17,02	-18,74	54,24
564	10.08.20 05:51:23	6,70	5,50	15,42	-18,76	55,83
565	10.08.20 05:51:24	6,66	5,52	14,67	-19,07	56,26
566	10.08.20 05:51:25	6,52	5,66	20,77	-14,96	54,26
567	10.08.20 05:51:26	6,24	5,66	17,38	-16,80	55,81
568	10.08.20 05:51:27	6,10	5,66	14,80	-18,09	57,11
569	10.08.20 05:51:28	5,96	5,72	15,27	-17,22	57,51
570	10.08.20 05:51:29	5,81	5,68	16,24	-17,41	56,35
571	10.08.20 05:51:30	5,71	5,70	14,84	-16,31	58,84
572	10.08.20 05:51:31	5,53	5,78	14,84	-16,30	58,86
573	10.08.20 05:51:32	5,28	5,78	16,14	-16,17	57,68
574	10.08.20 05:51:33	5,20	5,80	14,12	-16,26	59,63
575	10.08.20 05:51:34	5,06	5,80	14,80	-15,50	59,69
576	10.08.20 05:51:35	4,95	5,86	18,31	-15,35	56,34
577	10.08.20 05:51:36	4,88	5,88	15,06	-15,82	59,12
578	10.08.20 05:51:37	4,88	5,90	13,07	-16,00	60,93
579	10.08.20 05:51:38	4,80	5,92	15,34	-16,33	58,33
580	10.08.20 05:51:39	4,73	5,97	14,54	-16,03	59,42
581	10.08.20 05:51:40	4,73	5,97	12,22	-16,49	61,28
582	10.08.20 05:51:41	4,66	6,01	14,98	-15,71	59,31
583	10.08.20 05:51:42	4,55	6,03	16,51	-15,38	58,11
584	10.08.20 05:51:43	4,48	6,07	13,49	-14,99	61,52
585	10.08.20 05:51:44	4,44	6,09	14,80	-15,30	59,90
586	10.08.20 05:51:45	4,37	6,13	17,84	-13,39	58,77
587	10.08.20 05:51:46	4,33	6,15	17,13	-13,98	58,89
588	10.08.20 05:51:47	4,29	6,18	17,07	-13,97	58,96
589	10.08.20 05:51:48	4,25	6,20	15,48	-14,38	60,14
590	10.08.20 05:51:49	4,22	6,24	16,51	-14,34	59,14
591	10.08.20 05:51:50	4,14	6,26	16,95	-14,16	58,89
592	10.08.20 05:51:51	4,11	6,30	17,39	-14,21	58,39
593	10.08.20 05:51:52	4,07	6,30	16,65	-14,12	59,23
594	10.08.20 05:51:53	4,03	6,32	18,14	-13,92	57,95
595	10.08.20 05:51:54	4,03	6,37	22,16	-12,46	55,38
596	10.08.20 05:51:55	4,00	6,39	22,19	-11,79	56,03
597	10.08.20 05:51:56	4,00	6,41	20,27	-12,64	57,10
598	10.08.20 05:51:57	4,00	6,45	18,87	-13,59	57,54
599	10.08.20 05:51:58	4,00	6,49	19,33	-13,42	57,24
600	10.08.20 05:51:59	3,92	6,49	18,63	-13,10	58,27
601	10.08.20 05:52:00	3,85	6,51	13,78	-16,14	60,09
602	10.08.20 05:52:01	3,81	6,58	16,96	-15,36	57,68
603	10.08.20 05:52:02	3,81	6,60	19,64	-15,32	55,05
604	10.08.20 05:52:03	3,81	6,62	16,30	-18,05	55,64
605	10.08.20 05:52:04	3,85	6,62	17,97	-18,29	53,74
606	10.08.20 05:52:05	3,81	6,66	24,70	-14,44	50,86
607	10.08.20 05:52:06	3,81	6,68	17,25	-20,71	52,04
608	10.08.20 05:52:07	3,85	6,75	19,33	-16,13	54,54
609	10.08.20 05:52:08	3,88	6,75	23,67	-14,74	51,59
610	10.08.20 05:52:09	3,92	6,79	18,08	-17,97	53,95
611	10.08.20 05:52:10	3,96	6,81	16,03	-19,75	54,23
612	10.08.20 05:52:11	4,00	6,84	21,14	-16,60	52,25
613	10.08.20 05:52:12	4,00	6,88	20,08	-17,63	52,29
614	10.08.20 05:52:13	4,00	6,88	17,77	-19,29	52,93
615	10.08.20 05:52:14	3,96	6,92	16,92	-18,63	54,45
616	10.08.20 05:52:15	3,96	6,94	18,09	-19,16	52,75
617	10.08.20 05:52:16	4,00	6,99	15,90	-20,52	53,58
618	10.08.20 05:52:17	4,00	7,01	15,05	-19,98	54,97
619	10.08.20 05:52:18	3,96	7,05	16,37	-18,90	54,73
620	10.08.20 05:52:19	3,92	7,07	15,31	-20,65	54,04
621	10.08.20 05:52:20	3,85	7,09	13,89	-20,15	55,96
622	10.08.20 05:52:21	3,81	7,13	16,23	-18,29	55,48
623	10.08.20 05:52:22	3,77	7,18	20,15	-14,64	55,21
624	10.08.20 05:52:23	3,73	7,15	14,24	-18,55	57,22
625	10.08.20 05:52:24	3,70	7,22	11,32	-20,38	58,30
626	10.08.20 05:52:25	3,62	7,26	17,37	-16,64	55,98
627	10.08.20 05:52:26	3,51	7,26	16,85	-18,33	54,82
628	10.08.20 05:52:27	3,47	7,26	16,07	-19,24	54,69
629	10.08.20 05:52:28	3,47	7,28	11,61	-19,66	58,73
630	10.08.20 05:52:29	3,44	7,32	13,22	-18,51	58,28
631	10.08.20 05:52:30	3,36	7,36	15,95	-17,16	56,88
632	10.08.20 05:52:31	3,32	7,36	13,57	-17,93	58,50
633	10.08.20 05:52:32	3,25	7,41	13,40	-16,61	59,99
634	10.08.20 05:52:33	3,17	7,43	14,05	-18,25	57,70
635	10.08.20 05:52:34	3,13	7,47	15,70	-15,82	58,49
636	10.08.20 05:52:35	3,06	7,49	15,72	-16,42	57,86
637	10.08.20 05:52:36	3,02	7,51	15,78	-16,63	57,59
638	10.08.20 05:52:37	2,98	7,53	13,48	-17,15	59,37
639	10.08.20 05:52:38	2,94	7,55	16,89	-15,97	57,14
640	10.08.20 05:52:39	2,94	7,59	22,81	-13,17	54,02
641	10.08.20 05:52:40	2,91	7,64	17,11	-19,79	53,09
642	10.08.20 05:52:41	2,94	7,66	20,88	-19,39	49,73
643	10.08.20 05:52:42	2,98	7,72	24,66	-16,62	48,72
644	10.08.20 05:52:43	3,02	7,72	21,21	-20,71	48,08
645	10.08.20 05:52:44	3,02	7,77	25,00	-17,50	47,50
646	10.08.20 05:52:45	3,06	7,79	29,66	-16,22	44,12
647	10.08.20 05:52:46	3,06	7,83	31,12	-15,92	42,96
648	10.08.20 05:52:47	3,02	7,90	28,97	-17,92	43,12
649	10.08.20 05:52:48	2,98	7,92	34,06	-14,94	41,00
650	10.08.20 05:52:49	3,02	7,94	31,13	-18,45	40,42
651	10.08.20 05:52:50	2,98	7,96	28,70	-17,79	43,50
652	10.08.20 05:52:51	2,98	8,00	32,07	-15,89	42,04
653	10.08.20 05:52:52	2,98	8,02	32,98	-15,49	41,53
654	10.08.20 05:52:53	2,94	8,04	29,49	-17,14	43,37
655	10.08.20 05:52:54	2,94	8,09	26,31	-18,14	45,55
656	10.08.20 05:52:55	2,94	8,11	24,99	-18,73	46,28
657	10.08.20 05:52:56	2,94	8,11	27,40	-16,57	46,02
658	10.08.20 05:52:57	2,98	8,15	23,77	-19,23	46,99
659	10.08.20 05:52:58	2,98	8,15	23,12	-19,72	47,16
660	10.08.20 05:52:59	2,98	8,19	25,16	-19,22	45,61
661	10.08.20 05:53:00	3,02	8,22	23,92	-20,27	45,81
662	10.08.20 05:53:01	3,02	8,26	24,24	-17,18	48,58
663	10.08.20 05:53:02	3,06	8,28	33,15	-11,88	44,97
664	10.08.20 05:53:03	3,06	8,30	24,35	-18,45	47,19
665	10.08.20 05:53:04	3,06	8,32	22,08	-19,63	48,29
666	10.08.20 05:53:05	3,06	8,35	33,50	-11,92	44,58
667	10.08.20 05:53:06	3,06	8,39	22,08	-19,61	48,30
668	10.08.20 05:53:07	3,02	8,39	21,27	-19,56	49,17
669	10.08.20 05:53:08	3,02	8,41	28,94	-13,33	47,73
670	10.08.20 05:53:09	3,02	8,43	25,51	-18,15	46,34
671	10.08.20 05:53:10	3,02	8,47	23,48	-18,65	47,86
672	10.08.20 05:53:11	3,02	8,49	24,63	-17,74	47,63
673	10.08.20 05:53:12	2,98	8,54	33,06	-12,75	44,19
674	10.08.20 05:53:13	2,98	8,56	25,36	-18,00	46,64
675	10.08.20 05:53:14	2,98	8,60	22,90	-19,97	47,13
676	10.08.20 05:53:15	2,94	8,62	24,79	-18,18	47,03
677	10.08.20 05:53:16	2,87	8,66	23,91	-19,27	46,82
678	10.08.20 05:53:17	2,83	8,66	21,04	-21,09	47,86
679	10.08.20 05:53:18	2,83	8,68	31,04	-13,00	45,96
680	10.08.20 05:53:19	2,83	8,73	28,30	-17,70	44,01
681	10.08.20 05:53:20	2,83	8,73	26,21	-17,35	46,44
682	10.08.20 05:53:21	2,79	8,77	32,59	-14,65	42,76
683	10.08.20 05:53:22	2,79	8,81	33,20	-15,07	41,73
684	10.08.20 05:53:23	2,79	8,83	23,61	-20,42	45,97
685	10.08.20 05:53:24	2,79	8,86	27,19	-18,18	44,63
686	10.08.20 05:53:25	2,79	8,88	33,83	-14,81	41,36
687	10.08.20 05:53:26	2,75	8,92	30,02	-16,90	43,07
688	10.08.20 05:53:27	2,72	8,94	24,18	-20,65	45,17
689	10.08.20 05:53:28	2,68	8,98	33,32	-14,34	42,34
690	10.08.20 05:53:29	2,68	9,00	30,12	-16,85	43,03
691	10.08.20 05:53:30	2,68	9,03	26,09	-19,04	44,86
692	10.08.20 05:53:31	2,68	9,07	33,13	-15,31	41,56
693	10.08.20 05:53:32	2,68	9,09	33,56	-14,39	42,04
694	10.08.20 05:53:33	2,64	9,11	19,78	-22,03	48,18
695	10.08.20 05:53:34	2,64	9,15	27,68	-18,92	43,40
696	10.08.20 05:53:35	2,60	9,20	27,88	-20,63	41,49
697	10.08.20 05:53:36	2,56	9,24	25,73	-22,57	41,70
698	10.08.20 05:53:37	2,56	9,26	19,78	-27,73	42,49
699	10.08.20 05:53:38	2,56	9,28	22,51	-23,13	44,36
700	10.08.20 05:53:39	2,52	9,28	19,87	-24,70	45,43
701	10.08.20 05:53:40	2,45	9,28	18,33	-21,87	49,80
702	10.08.20 05:53:41	2,37	9,28	19,29	-17,87	52,84
703	10.08.20 05:53:42	2,33	9,32	21,93	-13,72	54,35
704	10.08.20 05:53:43	2,29	9,34	23,48	-16,38	50,14
705	10.08.20 05:53:44	2,29	9,34	26,97	-16,14	46,89
706	10.08.20 05:53:45	2,26	9,38	29,82	-13,83	46,34
707	10.08.20 05:53:46	2,26	9,38	30,96	-12,81	46,23
708	10.08.20 05:53:47	2,29	9,41	32,73	-11,90	45,37
709	10.08.20 05:53:48	2,29	9,41	36,91	-8,61	44,48
710	10.08.20 05:53:49	2,29	9,41	37,62	-7,72	44,66
711	10.08.20 05:53:50	2,33	9,43	39,00	-9,24	41,77
712	10.08.20 05:53:51	2,33	9,47	41,72	-7,41	40,87
713	10.08.20 05:53:52	2,29	9,49	44,13	-6,78	39,09
714	10.08.20 05:53:53	2,26	9,51	46,39	-4,97	38,64
715	10.08.20 05:53:54	2,26	9,53	44,24	-8,27	37,49
716	10.08.20 05:53:55	2,26	9,56	45,32	-6,63	38,05
717	10.08.20 05:53:56	2,29	9,58	47,85	-6,08	36,07
718	10.08.20 05:53:57	2,29	9,60	49,49	-5,66	34,85
719	10.08.20 05:53:58	2,26	9,62	49,19	-6,88	33,94
720	10.08.20 05:53:59	2,29	9,64	47,83	-6,55	35,62
721	10.08.20 05:54:00	2,26	9,66	48,84	-5,53	35,62
722	10.08.20 05:54:01	2,29	9,68	53,71	-6,51	29,79
723	10.08.20 05:54:02	2,29	9,71	50,48	-6,29	33,23
724	10.08.20 05:54:03	2,29	9,73	47,54	-5,05	37,40
725	10.08.20 05:54:04	2,26	9,75	50,86	-4,98	34,16
726	10.08.20 05:54:05	2,26	9,79	51,08	-5,16	33,76
727	10.08.20 05:54:06	2,26	9,81	46,05	-5,46	38,50
728	10.08.20 05:54:07	2,26	9,83	44,75	-6,09	39,16
729	10.08.20 05:54:08	2,26	9,86	48,01	-3,72	38,27
730	10.08.20 05:54:09	2,26	9,88	44,00	-6,94	39,06
731	10.08.20 05:54:10	2,26	9,92	41,74	-5,65	42,61
732	10.08.20 05:54:11	2,26	9,92	45,03	-5,85	39,12
733	10.08.20 05:54:12	2,22	9,96	46,10	-3,22	40,68
734	10.08.20 05:54:13	2,18	9,98	43,36	-4,96	41,67
735	10.08.20 05:54:14	2,18	10,03	45,53	-5,31	39,16
736	10.08.20 05:54:15	2,18	10,05	50,41	-5,04	34,55
737	10.08.20 05:54:16	2,18	10,07	48,25	-2,65	39,10
738	10.08.20 05:54:17	2,18	10,09	47,39	-4,85	37,77
739	10.08.20 05:54:18	2,18	10,15	51,29	-4,24	34,47
740	10.08.20 05:54:19	2,18	10,15	52,35	-4,33	33,32
741	10.08.20 05:54:20	2,18	10,20	49,73	-3,57	36,70
742	10.08.20 05:54:21	2,18	10,22	50,87	-4,57	34,57
743	10.08.20 05:54:22	2,18	10,24	53,83	-3,94	32,23
744	10.08.20 05:54:23	2,18	10,28	48,31	-2,86	38,83
745	10.08.20 05:54:24	2,22	10,30	47,95	-3,60	38,46
746	10.08.20 05:54:25	2,22	10,35	47,84	-5,08	37,08
747	10.08.20 05:54:26	2,22	10,37	45,08	-4,85	40,07
748	10.08.20 05:54:27	2,18	10,41	45,23	-2,38	42,39
749	10.08.20 05:54:28	2,18	10,43	45,97	-4,07	39,96
750	10.08.20 05:54:29	2,22	10,45	42,72	-5,22	42,06
751	10.08.20 05:54:30	2,22	10,48	42,22	-5,55	42,23
752	10.08.20 05:54:31	2,22	10,50	46,19	-0,94	42,88
753	10.08.20 05:54:32	2,18	10,54	48,71	-4,07	37,22
754	10.08.20 05:54:33	2,18	10,56	46,46	-5,70	37,84
755	10.08.20 05:54:34	2,18	10,63	45,73	-3,40	40,88
756	10.08.20 05:54:35	2,18	10,65	49,64	-5,35	35,01
757	10.08.20 05:54:36	2,14	10,67	50,71	-7,77	31,51
758	10.08.20 05:54:37	2,14	10,73	49,98	-7,63	32,39
759	10.08.20 05:54:38	2,14	10,73	47,69	-7,25	35,06
760	10.08.20 05:54:39	2,14	10,80	49,40	-7,01	33,59
761	10.08.20 05:54:40	2,14	10,82	52,66	-5,46	31,88
762	10.08.20 05:54:41	2,18	10,84	50,10	-5,75	34,15
763	10.08.20 05:54:42	2,14	10,86	47,60	-6,13	36,27
764	10.08.20 05:54:43	2,14	10,88	51,15	-3,80	35,06
765	10.08.20 05:54:44	2,14	10,93	52,22	-3,92	33,87
766	10.08.20 05:54:45	2,10	10,95	47,45	-4,76	37,79
767	10.08.20 05:54:46	2,10	10,99	48,82	-3,29	37,89
768	10.08.20 05:54:47	2,10	11,01	55,11	-2,37	32,53
769	10.08.20 05:54:48	2,14	11,03	51,90	-2,67	35,43
770	10.08.20 05:54:49	2,14	11,05	39,79	-1,90	48,32
771	10.08.20 05:54:50	2,14	11,08	8,71	-3,42	77,87
772	10.08.20 05:54:51	2,14	11,05	-3,95	-3,40	82,65
773	10.08.20 05:54:52	2,14	11,05	-4,16	-5,10	80,74
774	10.08.20 05:54:53	2,14	11,08	-3,92	-4,34	81,74
775	10.08.20 05:54:54	2,14	11,08	-2,73	-2,08	85,19
776	10.08.20 05:54:55	2,14	11,05	-4,17	-4,54	81,29
777	10.08.20 05:54:56	2,14	11,05	-4,58	-6,20	79,22
778	10.08.20 05:54:57	2,14	11,05	-4,80	-5,07	80,13
779	10.08.20 05:54:58	2,14	11,03	-11,42	0,26	78,32
780	10.08.20 05:54:59	2,14	11,05	-3,77	-4,94	81,29
781	10.08.20 05:55:00	2,10	11,05	-3,54	-3,70	82,76
782	10.08.20 05:55:01	2,10	11,07	-4,25	-5,09	80,67
783	10.08.20 05:55:02	2,10	11,05	-7,68	-2,90	79,42
784	10.08.20 05:55:03	2,10	11,07	-3,56	-3,43	83,01
785	10.08.20 05:55:04	2,06	11,05	-4,57	-5,49	79,94
786	10.08.20 05:55:05	2,06	11,05	-3,81	-4,49	81,70
787	10.08.20 05:55:06	2,06	11,05	-5,96	-4,72	79,32
788	10.08.20 05:55:07	2,06	11,03	-3,27	-5,37	81,36
789	10.08.20 05:55:08	2,06	11,05	-5,63	-4,83	79,53
790	10.08.20 05:55:09	2,06	11,05	-0,71	-3,26	86,03
791	10.08.20 05:55:10	2,02	11,05	-3,94	-4,78	81,28
792	10.08.20 05:55:11	2,02	11,05	-3,07	-2,44	84,49
793	10.08.20 05:55:12	2,02	11,05	-2,92	-4,04	83,04
794	10.08.20 05:55:13	2,02	11,03	-3,92	-3,26	82,82
795	10.08.20 05:55:14	2,02	11,05	-2,79	-3,64	83,58
796	10.08.20 05:55:15	2,02	11,03	-4,38	-2,57	83,05
797	10.08.20 05:55:16	2,02	11,05	-2,44	-2,97	84,60
798	10.08.20 05:55:17	2,02	11,07	-3,76	-1,29	84,96
799	10.08.20 05:55:18	2,02	11,03	-4,29	-1,17	84,53
800	10.08.20 05:55:19	2,02	11,03	-2,40	-0,39	87,21
801	10.08.20 05:55:20	2,02	11,03	-5,25	-1,20	83,55
802	10.08.20 05:55:21	2,02	11,05	-2,95	-3,36	83,68
803	10.08.20 05:55:22	2,02	11,03	-5,15	-6,10	78,75
804	10.08.20 05:55:23	2,02	11,03	-4,72	-5,67	79,61
805	10.08.20 05:55:24	2,02	11,03	-3,46	-4,00	82,54
806	10.08.20 05:55:25	2,02	11,03	-4,87	-3,99	81,14
807	10.08.20 05:55:26	2,02	11,03	-4,44	-5,07	80,49
808	10.08.20 05:55:27	1,98	11,01	-5,26	-4,08	80,66
809	10.08.20 05:55:28	1,98	11,03	-3,22	-0,09	86,69
810	10.08.20 05:55:29	1,98	11,03	-1,17	0,56	88,27
811	10.08.20 05:55:30	1,98	11,03	-3,51	-3,91	82,57
812	10.08.20 05:55:31	1,98	11,03	-3,81	-0,77	85,42
813	10.08.20 05:55:32	1,98	11,03	-5,38	-1,50	83,12
814	10.08.20 05:55:33	1,98	11,03	-4,16	-3,61	82,23
815	10.08.20 05:55:34	1,98	11,01	-3,52	-2,44	84,05
816	10.08.20 05:55:35	1,98	11,03	-4,57	-3,91	81,52
817	10.08.20 05:55:36	1,98	11,01	-4,56	-3,43	82,02
818	10.08.20 05:55:37	1,98	11,01	-5,05	-4,90	80,05
819	10.08.20 05:55:38	1,98	11,01	-5,57	-6,02	78,42
820	10.08.20 05:55:39	1,98	11,03	-4,65	-3,38	81,97
821	10.08.20 05:55:40	1,98	11,03	-3,65	-3,57	82,78
822	10.08.20 05:55:41	1,98	11,01	-3,19	-2,89	83,92
823	10.08.20 05:55:42	1,98	11,01	-3,75	-4,66	81,59
824	10.08.20 05:55:43	1,98	11,01	-6,54	-6,06	77,40
825	10.08.20 05:55:44	1,98	11,01	-4,04	-3,09	82,87
826	10.08.20 05:55:45	1,98	11,01	-4,18	-3,81	82,00
827	10.08.20 05:55:46	1,98	11,01	-5,25	-4,03	80,72
828	10.08.20 05:55:47	1,98	11,01	-4,38	-4,18	81,44
829	10.08.20 05:55:48	1,98	11,01	-4,10	-3,03	82,87
830	10.08.20 05:55:49	1,95	10,99	-6,58	-7,99	75,43
831	10.08.20 05:55:50	1,95	11,03	-5,36	-5,94	78,70
832	10.08.20 05:55:51	1,95	11,01	-4,17	-3,53	82,30
833	10.08.20 05:55:52	1,95	11,01	-3,63	-4,52	81,85
834	10.08.20 05:55:53	1,95	11,01	-5,61	-1,06	83,33
835	10.08.20 05:55:54	1,95	11,03	-4,10	-2,32	83,58
836	10.08.20 05:55:55	1,95	10,99	-4,55	-2,17	83,28
837	10.08.20 05:55:56	1,95	11,01	-2,86	-3,47	83,68
838	10.08.20 05:55:57	1,95	11,01	-3,58	-1,54	84,88
839	10.08.20 05:55:58	1,95	11,01	-4,32	-1,14	84,54
840	10.08.20 05:55:59	1,95	11,03	-6,24	-0,48	83,28
841	10.08.20 05:56:00	1,95	11,01	-4,50	-0,72	84,78
842	10.08.20 05:56:01	1,95	11,01	-5,75	-1,20	83,05
843	10.08.20 05:56:02	1,95	11,01	-6,33	-3,36	80,31
844	10.08.20 05:56:03	1,95	11,01	-4,18	-3,09	82,73
845	10.08.20 05:56:04	1,95	11,01	-3,57	-3,79	82,65
846	10.08.20 05:56:05	1,95	11,01	-4,88	-1,14	83,98
847	10.08.20 05:56:06	1,95	10,99	-5,86	-2,43	81,71
848	10.08.20 05:56:07	1,95	11,01	-5,13	-4,17	80,70
849	10.08.20 05:56:08	1,95	10,99	-4,35	-2,53	83,13
850	10.08.20 05:56:09	1,91	10,99	-5,60	-2,10	82,30
851	10.08.20 05:56:10	1,91	10,99	-4,92	-2,19	82,89
852	10.08.20 05:56:11	1,91	11,01	-6,95	-3,35	79,69
853	10.08.20 05:56:12	1,91	11,01	-4,71	-3,97	81,32
854	10.08.20 05:56:13	1,91	11,01	-4,22	-6,84	78,94
855	10.08.20 05:56:14	1,91	11,01	-6,79	-0,87	82,33
856	10.08.20 05:56:15	1,91	10,99	-2,47	-3,00	84,53
857	10.08.20 05:56:16	1,91	10,99	-7,25	-2,20	80,55
858	10.08.20 05:56:17	1,91	10,99	-7,40	-4,42	78,18
859	10.08.20 05:56:18	1,91	10,99	-4,29	-2,76	82,95
860	10.08.20 05:56:19	1,91	10,99	-4,87	-2,76	82,37
861	10.08.20 05:56:20	1,87	10,99	-4,26	-5,96	79,78
862	10.08.20 05:56:21	1,87	10,99	-4,80	-4,54	80,67
863	10.08.20 05:56:22	1,87	11,01	-3,43	-5,39	81,18
864	10.08.20 05:56:23	1,87	10,99	-3,96	-5,80	80,25
865	10.08.20 05:56:24	1,87	11,01	-5,94	-5,66	78,40
866	10.08.20 05:56:25	1,87	10,99	-3,39	-4,73	81,88
867	10.08.20 05:56:26	1,87	10,99	-4,90	-5,27	79,83
868	10.08.20 05:56:27	1,87	10,99	-3,82	-7,59	78,59
869	10.08.20 05:56:28	1,87	10,96	-6,44	-5,52	78,04
870	10.08.20 05:56:29	1,87	10,99	-4,44	-5,12	80,43
871	10.08.20 05:56:30	1,87	10,96	-6,25	-6,79	76,95
872	10.08.20 05:56:31	1,87	10,99	-5,27	-6,02	78,72
873	10.08.20 05:56:32	1,87	10,99	-4,14	-4,53	81,33
874	10.08.20 05:56:33	1,87	10,99	-4,90	-4,64	80,46
875	10.08.20 05:56:34	1,87	10,99	-5,43	-3,29	81,28
876	10.08.20 05:56:35	1,83	10,96	-14,46	-4,58	70,96
877	10.08.20 05:56:36	1,83	10,96	-6,77	-8,19	75,04
878	10.08.20 05:56:37	1,83	10,96	-5,06	-3,68	81,27
879	10.08.20 05:56:38	1,83	10,99	-6,55	-4,65	78,80
880	10.08.20 05:56:39	1,83	10,99	-8,25	-5,73	76,02
881	10.08.20 05:56:40	1,83	10,99	-5,44	-6,01	78,55
882	10.08.20 05:56:41	1,83	10,99	-7,34	-4,45	78,21
883	10.08.20 05:56:42	1,83	10,99	-9,99	-4,71	75,30
884	10.08.20 05:56:43	1,83	10,99	-7,87	-3,53	78,60
885	10.08.20 05:56:44	1,83	10,99	-7,63	-2,19	80,18
886	10.08.20 05:56:45	1,83	10,96	-8,33	-1,47	80,20
887	10.08.20 05:56:46	1,83	10,99	-9,98	-1,67	78,35
888	10.08.20 05:56:47	1,83	10,99	-6,74	-3,40	79,86
889	10.08.20 05:56:48	1,83	10,99	-7,78	-2,55	79,67
890	10.08.20 05:56:49	1,83	10,96	-7,93	-2,45	79,63
891	10.08.20 05:56:50	1,79	10,98	-5,84	-2,75	81,40
892	10.08.20 05:56:51	1,79	10,98	-7,47	-2,96	79,56
893	10.08.20 05:56:52	1,79	10,96	-5,80	-2,70	81,50
894	10.08.20 05:56:53	1,79	10,96	-7,14	-2,17	80,69
895	10.08.20 05:56:54	1,79	10,96	-6,36	-1,45	82,19
896	10.08.20 05:56:55	1,79	10,98	-6,18	-1,61	82,20
897	10.08.20 05:56:56	1,79	10,96	-7,71	-1,82	80,47
898	10.08.20 05:56:57	1,79	10,98	-8,16	-1,75	80,09
899	10.08.20 05:56:58	1,79	10,96	-5,27	-3,50	81,23
900	10.08.20 05:56:59	1,79	10,96	-6,63	-2,36	81,01
901	10.08.20 05:57:00	1,79	10,96	-7,43	-2,25	80,32
902	10.08.20 05:57:01	1,79	10,94	-3,70	-0,53	85,76
903	10.08.20 05:57:02	1,79	10,96	-5,88	-1,62	82,50
904	10.08.20 05:57:03	1,79	10,96	-4,23	-1,84	83,93
905	10.08.20 05:57:04	1,79	10,96	-6,53	-2,01	81,46
906	10.08.20 05:57:05	1,79	10,96	-4,05	-0,89	85,06
907	10.08.20 05:57:06	1,79	10,94	-5,65	-1,20	83,15
908	10.08.20 05:57:07	1,79	10,94	-5,31	-2,59	82,10
909	10.08.20 05:57:08	1,79	10,96	-6,50	-1,94	81,55
910	10.08.20 05:57:09	1,79	10,96	-6,75	-0,90	82,36
911	10.08.20 05:57:10	1,79	10,96	-8,07	-0,12	81,81
912	10.08.20 05:57:11	1,79	10,94	-4,67	1,02	84,31
913	10.08.20 05:57:12	1,79	10,96	-4,85	-1,52	83,63
914	10.08.20 05:57:13	1,75	10,96	-5,32	-1,31	83,37
915	10.08.20 05:57:14	1,75	10,96	-4,41	-1,27	84,32
916	10.08.20 05:57:15	1,75	10,96	-6,37	-1,27	82,36
917	10.08.20 05:57:16	1,75	10,94	-4,27	-0,71	85,02
918	10.08.20 05:57:17	1,75	10,94	-6,17	1,11	82,72
919	10.08.20 05:57:18	1,75	10,94	-6,95	-0,89	82,17
920	10.08.20 05:57:19	1,75	10,94	-3,75	0,03	86,22
921	10.08.20 05:57:20	1,75	10,94	-4,42	0,41	85,17
922	10.08.20 05:57:21	1,75	10,94	-5,60	-0,12	84,28
923	10.08.20 05:57:22	1,75	10,94	-4,88	-0,81	84,31
924	10.08.20 05:57:23	1,75	10,94	-4,52	-0,42	85,06
925	10.08.20 05:57:24	1,75	10,94	-5,50	-1,39	83,11
926	10.08.20 05:57:25	1,75	10,92	-6,11	-0,73	83,16
927	10.08.20 05:57:26	1,75	10,94	-6,32	-0,30	83,37
928	10.08.20 05:57:27	1,75	10,92	-6,53	-0,24	83,23
929	10.08.20 05:57:28	1,75	10,92	-5,90	-0,95	83,15
930	10.08.20 05:57:29	1,75	10,92	-5,88	-1,32	82,80
931	10.08.20 05:57:30	1,75	10,92	-5,46	-1,78	82,76
932	10.08.20 05:57:31	1,75	10,92	-6,45	-0,96	82,59
933	10.08.20 05:57:32	1,75	10,92	-5,62	-2,01	82,37
934	10.08.20 05:57:33	1,75	10,90	-6,44	-2,44	81,11
935	10.08.20 05:57:34	1,75	10,92	-5,88	-3,24	80,88
936	10.08.20 05:57:35	1,75	10,92	-5,45	-1,51	83,05
937	10.08.20 05:57:36	1,75	10,90	-5,01	-2,34	82,65
938	10.08.20 05:57:37	1,75	10,90	-6,13	-2,39	81,48
939	10.08.20 05:57:38	1,75	10,92	-5,57	-3,51	80,91
940	10.08.20 05:57:39	1,75	10,90	-5,49	-1,94	82,58
941	10.08.20 05:57:40	1,75	10,92	-4,44	-2,57	82,99
942	10.08.20 05:57:41	1,75	10,90	-5,81	-6,19	78,00
943	10.08.20 05:57:42	1,75	10,90	-3,34	-4,51	82,16
944	10.08.20 05:57:43	1,75	10,90	-5,01	-4,30	80,69
945	10.08.20 05:57:44	1,75	10,90	-5,79	-2,49	81,72
946	10.08.20 05:57:45	1,75	10,90	-3,97	-2,37	83,66
947	10.08.20 05:57:46	1,75	10,90	-5,47	-1,94	82,59
948	10.08.20 05:57:47	1,75	10,90	-5,92	-3,12	80,96
949	10.08.20 05:57:48	1,75	10,90	-6,64	-2,94	80,42
950	10.08.20 05:57:49	1,75	10,90	-4,98	-3,23	81,79
951	10.08.20 05:57:50	1,75	10,88	-5,28	-4,95	79,77
952	10.08.20 05:57:51	1,75	10,90	-4,54	-4,77	80,69
953	10.08.20 05:57:52	1,75	10,90	-3,85	-3,57	82,59
954	10.08.20 05:57:53	1,75	10,88	-2,79	-4,63	82,58
955	10.08.20 05:57:54	1,75	10,86	-4,71	-3,45	81,83
956	10.08.20 05:57:55	1,75	10,88	-2,54	-3,88	83,58
957	10.08.20 05:57:56	1,75	10,88	-2,38	-3,74	83,88
958	10.08.20 05:57:57	1,75	10,88	-4,31	-3,63	82,07
959	10.08.20 05:57:58	1,75	10,88	-5,24	-3,35	81,41
960	10.08.20 05:57:59	1,75	10,90	-4,74	-2,92	82,34
961	10.08.20 05:58:00	1,75	10,88	-5,44	-5,71	78,85
962	10.08.20 05:58:01	1,75	10,86	-5,78	-2,84	81,39
963	10.08.20 05:58:02	1,75	10,90	-4,77	-0,44	84,79
964	10.08.20 05:58:03	1,75	10,86	-4,45	-2,17	83,39
965	10.08.20 05:58:04	1,75	10,86	-4,65	-3,59	81,75
966	10.08.20 05:58:05	1,75	10,88	-3,33	-4,26	82,41
967	10.08.20 05:58:06	1,75	10,86	-3,79	-4,10	82,11
968	10.08.20 05:58:07	1,75	10,86	-5,99	-3,13	80,88
969	10.08.20 05:58:08	1,75	10,88	-4,47	-4,36	81,16
970	10.08.20 05:58:09	1,75	10,86	-5,87	-3,97	80,15
971	10.08.20 05:58:10	1,75	10,83	-7,21	-4,06	78,73
972	10.08.20 05:58:11	1,75	10,86	-4,71	-4,80	80,49
973	10.08.20 05:58:12	1,75	10,86	-2,54	-4,20	83,26
974	10.08.20 05:58:13	1,75	10,83	-4,42	-4,60	80,98
975	10.08.20 05:58:14	1,75	10,83	-22,52	-3,68	63,81
976	10.08.20 05:58:15	1,75	10,83	-5,76	-2,98	81,26
977	10.08.20 05:58:16	1,75	10,83	-6,88	-4,04	79,08
978	10.08.20 05:58:17	1,71	10,86	3,27	-5,46	81,26
979	10.08.20 05:58:18	1,71	10,83	-4,74	-5,08	80,18
980	10.08.20 05:58:19	1,71	10,81	-7,38	-1,68	80,94
981	10.08.20 05:58:20	1,71	10,83	-4,95	-4,06	80,99
982	10.08.20 05:58:21	1,71	10,88	28,61	14,57	46,82
983	10.08.20 05:58:22	1,71	10,88	-8,89	-2,82	78,30
984	10.08.20 05:58:23	1,71	10,86	-7,29	-4,00	78,71
985	10.08.20 05:58:24	1,71	10,83	-8,24	0,48	81,29
986	10.08.20 05:58:25	1,71	10,81	-23,21	0,51	66,28
987	10.08.20 05:58:26	1,71	10,90	-11,35	-5,83	72,82
988	10.08.20 05:58:27	1,71	10,81	26,62	-48,95	14,43
989	10.08.20 05:58:28	1,71	10,81	8,10	-48,51	33,39
990	10.08.20 05:58:29	1,67	10,83	-10,92	-24,92	54,16
991	10.08.20 05:58:30	1,67	10,83	-10,63	-23,92	55,45
992	10.08.20 05:58:31	1,67	10,83	-13,31	-17,17	59,53
993	10.08.20 05:58:32	1,67	10,83	-6,99	-16,89	66,12
994	10.08.20 05:58:33	1,67	10,83	-8,21	-15,03	66,76
995	10.08.20 05:58:34	1,67	10,83	-3,26	-10,09	76,64
996	10.08.20 05:58:35	1,67	10,85	-3,48	-1,99	84,53
997	10.08.20 05:58:36	1,67	10,83	-9,02	-14,72	66,26
998	10.08.20 05:58:37	1,67	10,90	-20,53	-4,45	65,01
999	10.08.20 05:58:38	1,67	10,90	-7,84	-14,43	67,73
1000	10.08.20 05:58:39	1,67	10,88	-6,59	-10,25	73,16
1001	10.08.20 05:58:40	1,67	10,90	-8,15	-8,48	73,37
1002	10.08.20 05:58:41	1,67	10,90	-7,53	-7,53	74,94
1003	10.08.20 05:58:42	1,67	10,92	-7,05	-8,85	74,10
1004	10.08.20 05:58:43	1,67	10,90	-5,45	-8,25	76,29
1005	10.08.20 05:58:44	1,67	10,90	-6,73	-6,97	76,30
1006	10.08.20 05:58:45	1,67	10,90	-6,98	-9,04	73,98
1007	10.08.20 05:58:46	1,67	10,90	-6,64	-8,42	74,94
1008	10.08.20 05:58:47	1,67	10,90	-5,95	-9,97	74,08
1009	10.08.20 05:58:48	1,67	10,92	-6,29	-9,02	74,69
1010	10.08.20 05:58:49	1,67	10,92	-5,79	-6,53	77,68
1011	10.08.20 05:58:50	1,67	10,92	-6,40	-6,27	77,33
1012	10.08.20 05:58:51	1,67	10,92	-5,57	-6,54	77,89
1013	10.08.20 05:58:52	1,67	10,92	-2,09	-6,73	81,18
1014	10.08.20 05:58:53	1,67	10,90	-5,33	-5,47	79,21
1015	10.08.20 05:58:54	1,67	10,92	-4,65	-6,40	78,95
1016	10.08.20 05:58:55	1,67	10,90	-5,38	-6,35	78,27
1017	10.08.20 05:58:56	1,67	10,90	-3,97	-4,80	81,23
1018	10.08.20 05:58:57	1,67	10,92	-4,24	-5,27	80,50
1019	10.08.20 05:58:58	1,67	10,92	1,10	-7,93	80,97
1020	10.08.20 05:58:59	1,67	10,90	-6,86	-5,07	78,07
1021	10.08.20 05:59:00	1,67	10,90	-1,34	0,23	88,43
1022	10.08.20 05:59:01	1,67	10,92	-7,46	-2,05	80,48
1023	10.08.20 05:59:02	1,67	10,92	-5,29	-2,94	81,77
1024	10.08.20 05:59:03	1,67	10,90	-7,84	-4,55	77,62
1025	10.08.20 05:59:04	1,67	10,90	-3,20	-6,56	80,25
1026	10.08.20 05:59:05	1,67	10,90	-4,28	-7,97	77,75
1027	10.08.20 05:59:06	1,67	10,88	-3,03	-6,47	80,49
1028	10.08.20 05:59:07	1,67	10,88	-6,25	-5,21	78,54
1029	10.08.20 05:59:08	1,67	10,90	-5,55	-7,05	77,40
1030	10.08.20 05:59:09	1,67	10,92	-3,35	-7,17	79,48
1031	10.08.20 05:59:10	1,67	10,90	-4,52	-8,67	76,81
1032	10.08.20 05:59:11	1,67	10,88	12,27	-7,31	70,42
1033	10.08.20 05:59:12	1,67	10,85	-11,04	-5,04	73,92
1034	10.08.20 05:59:13	1,67	10,85	18,29	-13,56	58,15
1035	10.08.20 05:59:14	1,67	10,85	-9,84	3,19	76,97
1036	10.08.20 05:59:15	1,67	10,94	6,30	19,78	63,92
1037	10.08.20 05:59:16	1,63	10,85	-5,87	-5,93	78,19
1038	10.08.20 05:59:17	1,63	10,88	-11,81	-7,63	70,56
1039	10.08.20 05:59:18	1,63	10,85	3,70	9,41	76,89
1040	10.08.20 05:59:19	1,63	10,85	-4,07	-4,81	81,12
1041	10.08.20 05:59:20	1,63	10,88	-3,22	-4,96	81,82
1042	10.08.20 05:59:21	1,63	10,88	-4,02	-5,97	80,01
1043	10.08.20 05:59:22	1,63	10,88	-2,77	-5,68	81,55
1044	10.08.20 05:59:23	1,63	10,88	-3,30	-4,10	82,60
1045	10.08.20 05:59:24	1,63	10,85	-6,09	-1,51	82,41
1046	10.08.20 05:59:25	1,63	10,85	-2,01	-5,55	82,44
1047	10.08.20 05:59:26	1,63	10,88	8,17	-0,64	81,19
1048	10.08.20 05:59:27	1,63	10,85	-0,90	-14,86	74,23
1049	10.08.20 05:59:28	1,63	10,85	-2,80	-7,28	79,91
1050	10.08.20 05:59:29	1,63	10,88	-3,91	-9,18	76,92
1051	10.08.20 05:59:30	1,63	10,88	-3,33	-17,97	68,69
1052	10.08.20 05:59:31	1,63	10,85	-5,40	-17,18	67,41
1053	10.08.20 05:59:32	1,63	10,85	-4,33	-15,54	70,13
1054	10.08.20 05:59:33	1,63	10,88	-4,68	-13,36	71,96
1055	10.08.20 05:59:34	1,63	10,88	-5,95	-8,00	76,05
1056	10.08.20 05:59:35	1,63	10,88	-5,13	-7,84	77,03
1057	10.08.20 05:59:36	1,63	10,88	-4,40	-8,32	77,28
1058	10.08.20 05:59:37	1,63	10,88	-5,97	-11,44	72,59
1059	10.08.20 05:59:38	1,63	10,88	-1,72	-8,06	80,22
1060	10.08.20 05:59:39	1,63	10,88	-3,76	-8,98	77,26
1061	10.08.20 05:59:40	1,63	10,85	-3,53	-10,10	76,38
1062	10.08.20 05:59:41	1,63	10,85	-1,80	-13,54	74,67
1063	10.08.20 05:59:42	1,63	10,85	-3,36	-9,40	77,24
1064	10.08.20 05:59:43	1,63	10,85	-3,87	-6,91	79,21
1065	10.08.20 05:59:44	1,63	10,83	3,41	-8,30	78,29
1066	10.08.20 05:59:45	1,63	10,83	-5,35	-10,76	73,89
1067	10.08.20 05:59:46	1,63	10,85	-4,28	-6,73	78,99
1068	10.08.20 05:59:47	1,63	10,85	-4,86	-8,32	76,82
1069	10.08.20 05:59:48	1,63	10,85	-7,43	-6,33	76,25
1070	10.08.20 05:59:49	1,63	10,85	-6,24	-7,39	76,36
1071	10.08.20 05:59:50	1,63	10,85	-5,55	-5,72	78,73
1072	10.08.20 05:59:51	1,63	10,85	-2,02	-7,04	80,94
1073	10.08.20 05:59:52	1,63	10,85	-2,54	-8,92	78,54
1074	10.08.20 05:59:53	1,63	10,85	-3,89	-7,15	78,96
1075	10.08.20 05:59:54	1,63	10,83	-4,29	-11,28	74,42
1076	10.08.20 05:59:55	1,63	10,88	-2,70	-11,69	75,60
1077	10.08.20 05:59:56	1,63	10,85	-5,76	-11,67	72,57
1078	10.08.20 05:59:57	1,63	10,85	-6,52	-6,83	76,65
1079	10.08.20 05:59:58	1,63	10,85	-4,38	-6,08	79,53
1080	10.08.20 05:59:59	1,63	10,83	-5,14	-5,08	79,78
1081	10.08.20 06:00:00	1,63	10,83	-6,61	-6,62	76,77
1082	10.08.20 06:00:01	1,63	10,85	-4,42	-5,97	79,61
1083	10.08.20 06:00:02	1,63	10,83	-3,19	-6,51	80,30
1084	10.08.20 06:00:03	1,63	10,83	-2,44	-3,09	84,46
1085	10.08.20 06:00:04	1,63	10,85	-1,51	-5,69	82,80
1086	10.08.20 06:00:05	1,59	10,83	-3,58	-6,33	80,09
1087	10.08.20 06:00:06	1,63	10,85	-4,51	-4,37	81,11
1088	10.08.20 06:00:07	1,59	10,83	-5,83	-3,02	81,16
1089	10.08.20 06:00:08	1,59	10,85	-6,94	-2,81	80,25
1090	10.08.20 06:00:09	1,59	10,85	-5,46	-4,29	80,25
1091	10.08.20 06:00:10	1,59	10,85	-5,82	-4,16	80,03
1092	10.08.20 06:00:11	1,59	10,88	-5,10	-4,03	80,87
1093	10.08.20 06:00:12	1,59	10,85	-7,34	-4,07	78,60
1094	10.08.20 06:00:13	1,59	10,85	-5,51	-5,44	79,04
1095	10.08.20 06:00:14	1,59	10,88	-4,77	-5,69	79,54
1096	10.08.20 06:00:15	1,59	10,85	-8,59	-4,65	76,77
1097	10.08.20 06:00:16	1,59	10,88	-1,05	5,89	83,06
1098	10.08.20 06:00:17	1,59	10,88	-5,65	-5,50	78,85
1099	10.08.20 06:00:18	1,59	10,81	-8,49	-3,18	78,33
1100	10.08.20 06:00:19	1,59	10,90	-2,55	-8,33	79,11
1101	10.08.20 06:00:20	1,59	10,88	-6,03	-7,96	76,01
1102	10.08.20 06:00:21	1,59	10,88	-6,24	-8,57	75,19
1103	10.08.20 06:00:22	1,59	10,88	-7,84	-7,92	74,23
1104	10.08.20 06:00:23	1,59	10,90	-7,53	-8,99	73,48
1105	10.08.20 06:00:24	1,59	10,90	-6,89	-8,53	74,59
1106	10.08.20 06:00:25	1,59	10,90	-6,73	-4,91	78,36
1107	10.08.20 06:00:26	1,59	10,90	-6,63	-7,19	76,18
1108	10.08.20 06:00:27	1,59	10,90	-6,87	-8,14	74,99
1109	10.08.20 06:00:28	1,59	10,88	-6,81	-7,25	75,94
1110	10.08.20 06:00:29	1,59	10,90	-6,14	-7,30	76,57
1111	10.08.20 06:00:30	1,59	10,90	-5,71	-7,25	77,04
1112	10.08.20 06:00:31	1,59	10,92	-6,46	-7,24	76,30
1113	10.08.20 06:00:32	1,59	10,92	-6,19	-7,09	76,71
1114	10.08.20 06:00:33	1,59	10,92	-7,22	-7,07	75,71
1115	10.08.20 06:00:34	1,59	10,94	-5,85	-6,07	78,07
1116	10.08.20 06:00:35	1,59	10,94	-6,59	-5,87	77,54
1117	10.08.20 06:00:36	1,59	10,92	-6,43	-5,20	78,37
1118	10.08.20 06:00:37	1,59	10,94	-5,77	-5,61	78,62
1119	10.08.20 06:00:38	1,59	10,92	-6,32	-5,87	77,81
1120	10.08.20 06:00:39	1,59	10,92	-5,79	-5,63	78,58
1121	10.08.20 06:00:40	1,59	10,92	-6,60	-4,76	78,64
1122	10.08.20 06:00:41	1,59	10,94	-4,95	-4,72	80,33
1123	10.08.20 06:00:42	1,59	10,94	-4,05	-5,43	80,52
1124	10.08.20 06:00:43	1,59	10,92	-5,90	-5,63	78,47
1125	10.08.20 06:00:44	1,59	10,94	-3,29	-5,72	81,00
1126	10.08.20 06:00:45	1,59	10,94	-5,41	-5,66	78,93
1127	10.08.20 06:00:46	1,59	10,94	-5,41	-5,64	78,95
1128	10.08.20 06:00:47	1,59	10,94	-5,36	-5,35	79,30
1129	10.08.20 06:00:48	1,59	10,94	-4,69	-5,76	79,55
1130	10.08.20 06:00:49	1,59	10,94	-16,56	-8,09	65,35
1131	10.08.20 06:00:50	1,59	10,94	-5,67	-7,25	77,08
1132	10.08.20 06:00:51	1,59	10,94	-9,71	-2,36	77,93
1133	10.08.20 06:00:52	1,59	10,94	-3,97	-2,24	83,80
1134	10.08.20 06:00:53	1,59	10,94	-2,74	-3,72	83,54
1135	10.08.20 06:00:54	1,59	10,92	3,09	-0,70	86,21
1136	10.08.20 06:00:55	1,59	10,94	-7,72	-0,85	81,43
1137	10.08.20 06:00:56	1,59	10,94	-7,52	-1,84	80,64
1138	10.08.20 06:00:57	1,59	10,92	-22,87	-4,77	62,36
1139	10.08.20 06:00:58	1,59	10,92	-5,32	-3,12	81,56
1140	10.08.20 06:00:59	1,59	10,94	9,00	-20,97	60,02
1141	10.08.20 06:01:00	1,59	10,92	30,76	-20,25	38,99
1142	10.08.20 06:01:01	1,59	10,92	-6,14	-1,05	82,82
1143	10.08.20 06:01:02	1,59	10,94	-4,11	-4,50	81,39
1144	10.08.20 06:01:03	1,59	10,92	-7,35	-5,12	77,53
1145	10.08.20 06:01:04	1,56	10,92	2,06	-6,11	81,84
1146	10.08.20 06:01:05	1,59	10,94	-3,75	-4,05	82,20
1147	10.08.20 06:01:06	1,56	10,92	-4,51	-5,65	79,85
1148	10.08.20 06:01:07	1,56	10,92	-2,21	-7,00	80,79
1149	10.08.20 06:01:08	1,56	10,92	-3,45	-5,69	80,86
1150	10.08.20 06:01:09	1,56	10,92	-5,58	-6,41	78,02
1151	10.08.20 06:01:10	1,56	10,92	-5,58	-3,46	80,96
1152	10.08.20 06:01:11	1,56	10,92	-4,91	-3,46	81,63
1153	10.08.20 06:01:12	1,56	10,92	-4,88	-5,94	79,18
1154	10.08.20 06:01:13	1,56	10,90	-4,10	-6,84	79,06
1155	10.08.20 06:01:14	1,56	10,92	-4,34	-6,37	79,29
1156	10.08.20 06:01:15	1,56	10,90	-4,67	-7,83	77,50
1157	10.08.20 06:01:16	1,56	10,94	-4,26	-7,25	78,49
1158	10.08.20 06:01:17	1,56	10,90	-3,96	-6,28	79,77
1159	10.08.20 06:01:18	1,56	10,92	-4,74	-7,92	77,34
1160	10.08.20 06:01:19	1,56	10,92	-4,27	-5,91	79,82
1161	10.08.20 06:01:20	1,56	10,90	-7,49	-7,40	75,12
1162	10.08.20 06:01:21	1,56	10,90	-5,28	-7,09	77,63
1163	10.08.20 06:01:22	1,56	10,92	-4,09	-6,36	79,55
1164	10.08.20 06:01:23	1,56	10,94	-4,33	-10,57	75,09
1165	10.08.20 06:01:24	1,56	10,92	-4,92	-10,52	74,56
1166	10.08.20 06:01:25	1,56	10,90	-4,68	-9,72	75,60
1167	10.08.20 06:01:26	1,56	10,90	-4,55	-9,25	76,21
1168	10.08.20 06:01:27	1,56	10,90	-5,06	-8,20	76,74
1169	10.08.20 06:01:28	1,56	10,92	-4,77	-10,10	75,13
1170	10.08.20 06:01:29	1,56	10,94	-5,47	-8,51	76,02
1171	10.08.20 06:01:30	1,56	10,94	-5,86	-7,91	76,23
1172	10.08.20 06:01:31	1,56	10,92	-6,48	-8,61	74,91
1173	10.08.20 06:01:32	1,56	10,92	-4,94	-7,10	77,97
1174	10.08.20 06:01:33	1,56	10,94	-6,10	-9,11	74,79
1175	10.08.20 06:01:34	1,56	10,92	-5,66	-7,58	76,75
1176	10.08.20 06:01:35	1,56	10,94	-4,57	-8,61	76,82
1177	10.08.20 06:01:36	1,56	10,94	-6,03	-6,77	77,20
1178	10.08.20 06:01:37	1,56	10,92	-5,55	-8,13	76,32
1179	10.08.20 06:01:38	1,56	10,92	-5,19	-7,18	77,63
1180	10.08.20 06:01:39	1,56	10,92	-6,03	-6,58	77,39
1181	10.08.20 06:01:40	1,56	10,92	-4,72	-7,43	77,86
1182	10.08.20 06:01:41	1,56	10,94	-6,29	-7,33	76,37
1183	10.08.20 06:01:42	1,56	10,94	-3,37	-8,06	78,57
1184	10.08.20 06:01:43	1,56	10,94	-6,46	-7,16	76,39
1185	10.08.20 06:01:44	1,56	10,96	-5,21	-6,05	78,74
1186	10.08.20 06:01:45	1,56	10,94	-5,94	-5,81	78,25
1187	10.08.20 06:01:46	1,56	10,94	-6,47	-6,28	77,25
1188	10.08.20 06:01:47	1,56	10,94	-5,20	-7,25	77,55
1189	10.08.20 06:01:48	1,56	10,94	-7,13	-6,58	76,28
1190	10.08.20 06:01:49	1,56	10,96	-7,98	-7,91	74,11
1191	10.08.20 06:01:50	1,56	10,94	-5,81	-5,62	78,57
1192	10.08.20 06:01:51	1,56	10,96	-6,03	-7,43	76,54
1193	10.08.20 06:01:52	1,56	10,98	-5,86	-6,81	77,33
1194	10.08.20 06:01:53	1,56	10,96	18,16	-7,30	64,55
1195	10.08.20 06:01:54	1,56	10,98	-1,63	-5,60	82,77
1196	10.08.20 06:01:55	1,56	10,96	-3,71	-9,01	77,28
1197	10.08.20 06:01:56	1,56	10,94	-2,65	-9,48	77,87
1198	10.08.20 06:01:57	1,56	10,96	-4,38	-6,13	79,48
1199	10.08.20 06:01:58	1,56	10,96	-4,25	-8,32	77,43
1200	10.08.20 06:01:59	1,56	10,96	-3,92	-8,68	77,40
1201	10.08.20 06:02:00	1,56	10,96	-4,10	-8,76	77,14
1202	10.08.20 06:02:01	1,52	10,98	-5,86	-7,51	76,63
1203	10.08.20 06:02:02	1,56	10,98	-4,02	-9,18	76,80
1204	10.08.20 06:02:03	1,52	10,98	-4,10	-6,82	79,08
1205	10.08.20 06:02:04	1,56	10,98	-5,44	-5,26	79,31
1206	10.08.20 06:02:05	1,56	10,98	-5,26	-7,24	77,51
1207	10.08.20 06:02:06	1,52	10,96	-4,36	-5,50	80,14
1208	10.08.20 06:02:07	1,52	10,98	-5,42	-5,56	79,02
1209	10.08.20 06:02:08	1,52	10,98	-5,14	-5,51	79,35
1210	10.08.20 06:02:09	1,52	10,98	-4,39	-4,39	81,22
1211	10.08.20 06:02:10	1,52	11,00	-5,18	-2,57	82,24
1212	10.08.20 06:02:11	1,52	10,98	-4,20	-3,67	82,13
1213	10.08.20 06:02:12	1,52	10,98	-2,76	-0,73	86,50
1214	10.08.20 06:02:13	1,52	10,98	-2,42	3,28	84,30
1215	10.08.20 06:02:14	1,52	10,98	-2,18	6,18	81,64
1216	10.08.20 06:02:15	1,52	10,98	-1,75	3,89	84,37
1217	10.08.20 06:02:16	1,52	11,00	0,24	6,06	83,70
1218	10.08.20 06:02:17	1,52	10,98	3,22	6,13	80,65
1219	10.08.20 06:02:18	1,52	11,00	4,05	5,65	80,30
1220	10.08.20 06:02:19	1,52	11,00	8,22	5,22	76,56
1221	10.08.20 06:02:20	1,52	10,98	-1,33	-8,90	79,77
1222	10.08.20 06:02:21	1,52	10,98	11,24	-23,58	55,18
1223	10.08.20 06:02:22	1,52	10,98	-0,78	-6,24	82,98
1224	10.08.20 06:02:23	1,52	11,02	-3,99	1,91	84,10
1225	10.08.20 06:02:24	1,52	10,98	-5,88	5,86	78,26
1226	10.08.20 06:02:25	1,52	11,00	-4,05	4,00	81,95
1227	10.08.20 06:02:26	1,52	10,98	-4,94	5,78	79,28
1228	10.08.20 06:02:27	1,52	10,98	-4,35	8,79	76,86
1229	10.08.20 06:02:28	1,52	11,00	1,11	22,28	66,61
1230	10.08.20 06:02:29	1,52	11,00	5,52	39,14	45,34
1231	10.08.20 06:02:30	1,52	10,98	11,02	44,05	34,93
1232	10.08.20 06:02:31	1,52	10,98	21,97	41,18	26,85
1233	10.08.20 06:02:32	1,52	11,00	34,98	27,93	27,09
1234	10.08.20 06:02:33	1,52	10,98	43,10	24,29	22,60
1235	10.08.20 06:02:34	1,52	10,98	59,96	12,66	17,38
1236	10.08.20 06:02:35	1,52	10,96	56,17	6,85	26,98
1237	10.08.20 06:02:36	1,52	10,94	55,44	7,90	26,66
1238	10.08.20 06:02:37	1,52	10,94	53,38	8,85	27,77
1239	10.08.20 06:02:38	1,52	10,92	49,65	10,66	29,69
1240	10.08.20 06:02:39	1,52	10,90	52,64	9,47	27,89
1241	10.08.20 06:02:40	1,52	10,87	52,20	10,86	26,95
1242	10.08.20 06:02:41	1,48	10,90	49,70	11,20	29,10
1243	10.08.20 06:02:42	1,48	10,85	48,32	11,58	30,10
1244	10.08.20 06:02:43	1,48	10,85	49,42	12,02	28,56
1245	10.08.20 06:02:44	1,48	10,83	47,06	12,51	30,43
1246	10.08.20 06:02:45	1,48	10,81	45,31	13,63	31,06
1247	10.08.20 06:02:46	1,48	10,81	47,23	13,07	29,70
1248	10.08.20 06:02:47	1,48	10,79	47,53	11,91	30,56
1249	10.08.20 06:02:48	1,48	10,81	48,87	11,39	29,73
1250	10.08.20 06:02:49	1,48	10,79	48,95	11,71	29,34
1251	10.08.20 06:02:50	1,48	10,77	46,36	12,88	30,76
1252	10.08.20 06:02:51	1,48	10,77	44,01	13,38	32,61
1253	10.08.20 06:02:52	1,48	10,75	44,78	13,58	31,64
1254	10.08.20 06:02:53	1,44	10,74	42,44	14,37	33,19
1255	10.08.20 06:02:54	1,44	10,74	42,92	14,97	32,11
1256	10.08.20 06:02:55	1,44	10,70	42,91	14,87	32,22
1257	10.08.20 06:02:56	1,44	10,72	44,48	15,30	30,22
1258	10.08.20 06:02:57	1,44	10,72	40,73	16,93	32,34
1259	10.08.20 06:02:58	1,44	10,70	42,50	14,88	32,62
1260	10.08.20 06:02:59	1,44	10,68	45,05	17,67	27,28
1261	10.08.20 06:03:00	1,44	10,70	33,61	22,57	33,82
1262	10.08.20 06:03:01	1,44	10,64	35,38	20,41	34,21
1263	10.08.20 06:03:02	1,44	10,62	40,38	17,50	32,12
1264	10.08.20 06:03:03	1,44	10,59	40,73	16,83	32,44
1265	10.08.20 06:03:04	1,44	10,55	42,74	15,42	31,84
1266	10.08.20 06:03:05	1,44	10,51	39,42	16,71	33,87
1267	10.08.20 06:03:06	1,44	10,47	46,92	13,11	29,97
1268	10.08.20 06:03:07	1,44	10,42	40,35	16,41	33,24
1269	10.08.20 06:03:08	1,44	10,38	40,30	15,41	34,29
1270	10.08.20 06:03:09	1,40	10,32	42,66	13,93	33,41
1271	10.08.20 06:03:10	1,40	10,25	44,32	13,88	31,81
1272	10.08.20 06:03:11	1,40	10,21	46,47	12,88	30,64
1273	10.08.20 06:03:12	1,40	10,17	46,40	11,54	32,06
1274	10.08.20 06:03:13	1,40	10,10	52,16	10,33	27,51
1275	10.08.20 06:03:14	1,36	10,06	51,19	11,24	27,57
1276	10.08.20 06:03:15	1,36	9,99	51,54	9,60	28,86
1277	10.08.20 06:03:16	1,36	9,93	58,45	8,35	23,20
1278	10.08.20 06:03:17	1,36	9,87	55,45	9,86	24,70
1279	10.08.20 06:03:18	1,36	9,82	56,31	7,65	26,04
1280	10.08.20 06:03:19	1,36	9,76	61,21	7,06	21,73
1281	10.08.20 06:03:20	1,36	9,69	61,96	7,82	20,22
1282	10.08.20 06:03:21	1,36	9,61	59,53	7,53	22,95
1283	10.08.20 06:03:22	1,36	9,57	63,30	6,79	19,91
1284	10.08.20 06:03:23	1,36	9,48	62,32	7,89	19,79
1285	10.08.20 06:03:24	1,36	9,39	65,00	6,15	18,85
1286	10.08.20 06:03:25	1,36	9,35	64,15	8,05	17,80
1287	10.08.20 06:03:26	1,36	9,27	66,29	6,33	17,38
1288	10.08.20 06:03:27	1,36	9,20	66,60	4,28	19,12
1289	10.08.20 06:03:28	1,36	9,18	62,61	11,42	15,97
1290	10.08.20 06:03:29	1,36	9,12	64,52	12,15	13,32
1291	10.08.20 06:03:30	1,36	9,07	62,30	13,07	14,63
1292	10.08.20 06:03:31	1,36	9,03	61,76	13,51	14,72
1293	10.08.20 06:03:32	1,32	9,01	61,75	13,75	14,50
1294	10.08.20 06:03:33	1,32	8,97	62,02	13,68	14,29
1295	10.08.20 06:03:34	1,32	8,90	62,43	13,20	14,37
1296	10.08.20 06:03:35	1,32	8,86	62,70	13,66	13,64
1297	10.08.20 06:03:36	1,32	8,82	53,52	19,36	17,12
1298	10.08.20 06:03:37	1,32	8,77	60,01	14,46	15,53
1299	10.08.20 06:03:38	1,32	8,71	63,87	12,82	13,31
1300	10.08.20 06:03:39	1,32	8,67	63,45	12,62	13,93
1301	10.08.20 06:03:40	1,32	8,62	63,05	12,83	14,12
1302	10.08.20 06:03:41	1,32	8,56	63,50	12,88	13,62
1303	10.08.20 06:03:42	1,32	8,49	64,75	10,02	15,22
1304	10.08.20 06:03:43	1,32	8,43	66,32	10,27	13,42
1305	10.08.20 06:03:44	1,32	8,39	65,41	12,62	11,97
1306	10.08.20 06:03:45	1,32	8,32	64,55	11,51	13,94
1307	10.08.20 06:03:46	1,32	8,26	65,25	11,76	12,99
1308	10.08.20 06:03:47	1,28	8,19	67,94	11,24	10,82
1309	10.08.20 06:03:48	1,28	8,11	67,60	11,59	10,82
1310	10.08.20 06:03:49	1,28	8,07	67,23	10,93	11,84
1311	10.08.20 06:03:50	1,28	8,00	67,36	10,60	12,05
1312	10.08.20 06:03:51	1,28	7,94	69,24	11,10	9,66
1313	10.08.20 06:03:52	1,28	7,87	69,59	12,50	7,91
1314	10.08.20 06:03:53	1,28	7,83	69,63	12,86	7,51
1315	10.08.20 06:03:54	1,28	7,74	66,58	12,53	10,88
1316	10.08.20 06:03:55	1,28	7,68	68,45	11,48	10,07
1317	10.08.20 06:03:56	1,28	7,62	69,15	12,73	8,12
1318	10.08.20 06:03:57	1,28	7,55	69,46	12,22	8,32
1319	10.08.20 06:03:58	1,28	7,49	69,30	11,70	8,99
1320	10.08.20 06:03:59	1,28	7,40	70,63	11,27	8,10
1321	10.08.20 06:04:00	1,24	7,34	69,76	11,99	8,25
1322	10.08.20 06:04:01	1,24	7,29	69,19	12,55	8,27
1323	10.08.20 06:04:02	1,24	7,21	70,51	11,16	8,33
1324	10.08.20 06:04:03	1,24	7,12	69,56	11,39	9,05
1325	10.08.20 06:04:04	1,24	7,06	68,83	12,41	8,76
1326	10.08.20 06:04:05	1,24	7,00	70,59	9,99	9,42
1327	10.08.20 06:04:06	1,24	6,91	71,33	13,08	5,58
1328	10.08.20 06:04:07	1,24	6,85	60,24	12,77	16,99
1329	10.08.20 06:04:08	1,20	6,76	66,66	12,73	10,62
1330	10.08.20 06:04:09	1,20	6,69	67,23	13,86	8,91
1331	10.08.20 06:04:10	1,20	6,63	59,78	14,19	16,03
1332	10.08.20 06:04:11	1,20	6,52	71,14	14,00	4,86
1333	10.08.20 06:04:12	1,20	6,48	61,81	13,45	14,75
1334	10.08.20 06:04:13	1,20	6,40	64,80	14,64	10,55
1335	10.08.20 06:04:14	1,20	6,33	67,58	14,05	8,37
1336	10.08.20 06:04:15	1,20	6,27	61,29	13,37	15,33
1337	10.08.20 06:04:16	1,16	6,18	72,72	12,35	4,93
1338	10.08.20 06:04:17	1,16	6,10	62,17	11,41	16,42
1339	10.08.20 06:04:18	1,16	6,01	66,45	13,24	10,31
1340	10.08.20 06:04:19	1,16	5,95	67,56	13,03	9,41
1341	10.08.20 06:04:20	1,16	5,86	62,79	12,79	14,42
1342	10.08.20 06:04:21	1,16	5,82	59,11	20,98	9,90
1343	10.08.20 06:04:22	1,16	5,82	54,34	22,95	12,71
1344	10.08.20 06:04:23	1,16	5,82	50,99	24,10	14,91
1345	10.08.20 06:04:24	1,16	5,80	47,56	27,71	14,73
1346	10.08.20 06:04:25	1,16	5,82	48,94	28,48	12,58
1347	10.08.20 06:04:26	1,16	5,80	49,50	27,71	12,79
1348	10.08.20 06:04:27	1,16	5,80	51,47	23,29	15,24
1349	10.08.20 06:04:28	1,16	5,80	55,22	14,50	20,27
1350	10.08.20 06:04:29	1,16	5,77	68,24	5,96	15,80
1351	10.08.20 06:04:30	1,16	5,80	70,04	5,55	14,40
1352	10.08.20 06:04:31	1,16	5,75	71,27	2,61	16,11
1353	10.08.20 06:04:32	1,12	5,75	72,50	1,50	16,00
1354	10.08.20 06:04:33	1,16	5,73	71,55	1,53	16,92
1355	10.08.20 06:04:34	1,12	5,71	72,25	1,37	16,38
1356	10.08.20 06:04:35	1,12	5,69	73,08	0,97	15,95
1357	10.08.20 06:04:36	1,12	5,69	72,66	1,82	15,53
1358	10.08.20 06:04:37	1,12	5,67	72,98	1,32	15,70
1359	10.08.20 06:04:38	1,12	5,67	71,97	2,45	15,58
1360	10.08.20 06:04:39	1,12	5,60	69,77	5,07	15,16
1361	10.08.20 06:04:40	1,12	5,58	66,86	8,34	14,80
1362	10.08.20 06:04:41	1,12	5,52	66,47	11,52	12,01
1363	10.08.20 06:04:42	1,12	5,47	71,08	13,32	5,61
1364	10.08.20 06:04:43	1,12	5,41	70,45	14,96	4,59
1365	10.08.20 06:04:44	1,12	5,37	70,36	16,24	3,40
1366	10.08.20 06:04:45	1,12	5,32	72,87	16,53	0,60
1367	10.08.20 06:04:46	1,12	5,26	65,43	21,05	3,53
1368	10.08.20 06:04:47	1,12	5,15	63,03	26,97	0,00
1369	10.08.20 06:04:48	1,12	5,05	56,32	30,50	-3,18
1370	10.08.20 06:04:49	1,12	4,94	56,55	31,10	-2,36
1371	10.08.20 06:04:50	1,12	4,85	56,26	32,73	-1,01
1372	10.08.20 06:04:51	1,12	4,75	55,57	34,32	-0,11
1373	10.08.20 06:04:52	1,12	4,64	52,77	36,99	-0,24
1374	10.08.20 06:04:53	1,12	4,53	51,20	38,07	0,73
1375	10.08.20 06:04:54	1,12	4,40	51,83	38,03	0,14
1376	10.08.20 06:04:55	1,12	4,32	49,75	36,80	3,46
1377	10.08.20 06:04:56	1,12	4,21	46,99	36,63	6,38
1378	10.08.20 06:04:57	1,12	4,08	48,93	35,05	6,02
1379	10.08.20 06:04:58	1,12	4,00	48,48	35,89	5,63
1380	10.08.20 06:04:59	1,12	3,89	47,82	35,91	6,27
1381	10.08.20 06:05:00	1,12	3,80	48,83	33,56	7,62
1382	10.08.20 06:05:01	1,12	3,68	51,28	29,07	9,65
1383	10.08.20 06:05:02	1,12	3,59	53,19	27,73	9,08
1384	10.08.20 06:05:03	1,12	3,48	58,87	22,85	8,28
1385	10.08.20 06:05:04	1,12	3,38	63,28	17,85	8,87
1386	10.08.20 06:05:05	1,16	3,29	62,80	16,81	10,38
1387	10.08.20 06:05:06	1,16	3,21	63,38	20,30	6,32
1388	10.08.20 06:05:07	1,16	3,14	62,17	20,19	7,64
1389	10.08.20 06:05:08	1,20	3,08	61,78	19,43	8,79
1390	10.08.20 06:05:09	1,20	2,99	69,31	17,11	3,58
1391	10.08.20 06:05:10	1,20	2,89	70,01	16,09	3,90
1392	10.08.20 06:05:11	1,20	2,80	70,77	15,08	4,15
1393	10.08.20 06:05:12	1,20	2,69	72,88	10,45	6,67
1394	10.08.20 06:05:13	1,24	2,61	72,65	8,12	9,23
1395	10.08.20 06:05:14	1,24	2,52	75,87	5,21	8,92
1396	10.08.20 06:05:15	1,24	2,44	74,34	5,16	10,49
1397	10.08.20 06:05:16	1,28	2,35	76,27	3,42	10,31
1398	10.08.20 06:05:17	1,32	2,29	77,50	4,58	7,92
1399	10.08.20 06:05:18	1,32	2,22	78,72	1,39	9,89
1400	10.08.20 06:05:19	1,40	2,14	77,35	0,46	12,18
1401	10.08.20 06:05:20	1,52	2,10	78,55	2,47	8,98
1402	10.08.20 06:05:21	1,59	2,04	76,74	2,45	10,81
1403	10.08.20 06:05:22	1,63	1,95	64,01	5,06	20,92
1404	10.08.20 06:05:23	1,67	1,93	69,22	3,04	17,74
1405	10.08.20 06:05:24	1,71	1,89	71,91	1,56	16,53
1406	10.08.20 06:05:25	1,71	1,84	73,78	-3,96	12,25
1407	10.08.20 06:05:26	1,79	1,78	67,48	-8,02	14,50
1408	10.08.20 06:05:27	1,87	1,72	60,30	-13,84	15,86
1409	10.08.20 06:05:28	1,95	1,66	60,99	-13,64	15,37
1410	10.08.20 06:05:29	1,98	1,59	57,22	-16,44	16,34
1411	10.08.20 06:05:30	2,10	1,57	56,35	-15,76	17,88
1412	10.08.20 06:05:31	2,22	1,55	40,09	4,38	45,54
1413	10.08.20 06:05:32	2,41	1,49	37,64	2,80	49,56
1414	10.08.20 06:05:33	2,60	1,45	35,48	-0,46	54,06
1415	10.08.20 06:05:34	2,94	1,37	36,03	-1,06	52,91
1416	10.08.20 06:05:35	3,17	1,33	36,11	-2,09	51,80
1417	10.08.20 06:05:36	3,47	1,27	30,50	-6,76	52,74
1418	10.08.20 06:05:37	4,00	1,21	35,02	-2,97	52,01
1419	10.08.20 06:05:38	4,51	1,17	40,15	1,68	48,17
1420	10.08.20 06:05:39	5,13	1,11	27,34	-8,48	54,18
1421	10.08.20 06:05:40	5,56	1,08	26,38	-14,19	49,43
1422	10.08.20 06:05:41	5,92	1,04	30,48	-7,85	51,67
1423	10.08.20 06:05:42	6,38	0,98	40,18	-0,73	49,09
1424	10.08.20 06:05:43	6,70	0,90	36,13	4,73	49,14
1425	10.08.20 06:05:44	7,05	0,86	32,34	-0,51	57,15
1426	10.08.20 06:05:45	7,33	0,80	31,41	-0,72	57,87
1427	10.08.20 06:05:46	7,71	0,78	30,69	0,79	58,52
1428	10.08.20 06:05:47	7,88	0,72	28,17	-1,66	60,18
1429	10.08.20 06:05:48	8,01	0,67	27,15	-4,54	58,32
1430	10.08.20 06:05:49	8,18	0,63	25,46	-3,08	61,46
1431	10.08.20 06:05:50	8,25	0,61	25,22	-3,29	61,49
1432	10.08.20 06:05:51	8,39	0,55	24,86	-6,18	58,96
1433	10.08.20 06:05:52	8,52	0,50	32,69	-5,37	51,94
1434	10.08.20 06:05:53	8,66	0,50	28,29	-7,11	54,59
1435	10.08.20 06:05:54	8,79	0,48	30,00	-6,99	53,01
1436	10.08.20 06:05:55	8,90	0,45	33,63	-10,77	45,60
1437	10.08.20 06:05:56	9,03	0,41	35,52	-3,01	51,46
1438	10.08.20 06:05:57	9,33	0,37	36,48	-3,62	49,90
1439	10.08.20 06:05:58	9,60	0,39	37,92	-7,04	45,04
1440	10.08.20 06:05:59	9,80	0,35	33,30	2,13	54,57
1441	10.08.20 06:06:00	9,89	0,30	39,14	-4,91	45,95
1442	10.08.20 06:06:01	10,09	0,30	34,32	3,81	51,87
1443	10.08.20 06:06:02	10,29	0,28	14,99	21,28	53,73
1444	10.08.20 06:06:03	10,42	0,26	33,84	13,96	42,20
1445	10.08.20 06:06:04	10,55	0,22	29,09	14,46	46,45
1446	10.08.20 06:06:05	10,78	0,18	29,01	12,86	48,13
1447	10.08.20 06:06:06	10,91	0,18	36,12	5,58	48,29
1448	10.08.20 06:06:07	10,98	0,18	23,48	20,72	45,79
1449	10.08.20 06:06:08	11,07	0,15	24,26	20,99	44,75
1450	10.08.20 06:06:09	11,10	0,15	22,54	21,88	45,58
1451	10.08.20 06:06:10	11,17	0,15	29,11	14,93	45,95
1452	10.08.20 06:06:11	11,23	0,13	22,32	23,43	44,25
1453	10.08.20 06:06:12	11,36	0,13	23,68	17,25	49,08
1454	10.08.20 06:06:13	11,46	0,18	26,68	18,40	44,92
1455	10.08.20 06:06:14	11,49	0,18	25,32	17,96	46,72
1456	10.08.20 06:06:15	11,62	0,15	27,92	18,17	43,91
1457	10.08.20 06:06:16	11,69	0,15	29,46	18,21	42,32
1458	10.08.20 06:06:17	11,78	0,18	26,61	19,66	43,73
1459	10.08.20 06:06:18	11,85	0,18	26,88	23,49	39,64
1460	10.08.20 06:06:19	11,94	0,18	25,41	25,33	39,26
1461	10.08.20 06:06:20	12,04	0,15	22,14	28,64	39,22
1462	10.08.20 06:06:21	12,13	0,20	26,44	24,84	38,72
1463	10.08.20 06:06:22	12,20	0,20	28,35	26,62	35,03
1464	10.08.20 06:06:23	12,29	0,20	30,82	22,55	36,63
1465	10.08.20 06:06:24	12,32	0,20	26,50	26,40	37,09
1466	10.08.20 06:06:25	12,32	0,20	24,61	26,33	39,06
1467	10.08.20 06:06:26	12,32	0,20	25,82	19,86	44,32
1468	10.08.20 06:06:27	12,36	0,20	28,25	17,17	44,58
1469	10.08.20 06:06:28	12,39	0,20	30,04	16,95	43,02
1470	10.08.20 06:06:29	12,42	0,18	30,22	18,29	41,49
1471	10.08.20 06:06:30	12,42	0,18	22,79	25,83	41,38
1472	10.08.20 06:06:31	12,48	0,18	24,83	23,74	41,43
1473	10.08.20 06:06:32	12,55	0,15	29,47	20,84	39,69
1474	10.08.20 06:06:33	12,58	0,15	29,01	28,07	32,91
1475	10.08.20 06:06:34	12,61	0,18	32,33	25,18	32,49
1476	10.08.20 06:06:35	12,70	0,15	30,32	26,78	32,90
1477	10.08.20 06:06:36	12,70	0,18	32,14	23,98	33,88
1478	10.08.20 06:06:37	12,74	0,15	31,16	26,88	31,96
1479	10.08.20 06:06:38	12,77	0,15	30,89	26,86	32,25
1480	10.08.20 06:06:39	12,86	0,18	32,03	24,58	33,39
1481	10.08.20 06:06:40	12,86	0,18	30,54	24,45	35,01
1482	10.08.20 06:06:41	12,86	0,18	30,77	26,46	32,77
1483	10.08.20 06:06:42	12,89	0,18	21,75	34,93	33,32
1484	10.08.20 06:06:43	12,96	0,15	22,19	34,67	33,14
1485	10.08.20 06:06:44	12,99	0,18	23,47	34,88	31,65
1486	10.08.20 06:06:45	13,05	0,20	28,71	29,52	31,77
1487	10.08.20 06:06:46	13,08	0,15	29,00	34,51	26,49
1488	10.08.20 06:06:47	13,11	0,15	22,00	37,65	30,35
1489	10.08.20 06:06:48	13,15	0,18	30,39	32,51	27,10
1490	10.08.20 06:06:49	13,24	0,18	29,09	33,27	27,64
1491	10.08.20 06:06:50	13,27	0,18	31,98	28,36	29,66
1492	10.08.20 06:06:51	13,33	0,15	23,51	36,02	30,48
1493	10.08.20 06:06:52	13,40	0,15	29,53	30,40	30,06
1494	10.08.20 06:06:53	13,49	0,18	39,82	21,48	28,70
1495	10.08.20 06:06:54	13,52	0,15	35,82	24,08	30,10
1496	10.08.20 06:06:55	13,58	0,15	30,61	29,00	30,39
1497	10.08.20 06:06:56	13,62	0,15	31,41	25,49	33,10
1498	10.08.20 06:06:57	13,68	0,13	30,16	25,38	34,46
1499	10.08.20 06:06:58	13,74	0,15	32,95	24,89	32,17
1500	10.08.20 06:06:59	13,71	0,11	29,81	22,56	37,63
1501	10.08.20 06:07:00	13,71	0,11	29,98	25,46	34,56
1502	10.08.20 06:07:01	13,71	0,13	36,26	24,66	29,09
1503	10.08.20 06:07:02	13,74	0,07	15,42	23,55	51,03
1504	10.08.20 06:07:03	13,80	0,07	30,52	22,94	36,54
1505	10.08.20 06:07:04	13,86	0,09	25,97	27,65	36,38
1506	10.08.20 06:07:05	13,96	0,11	41,55	8,56	39,89
1507	10.08.20 06:07:06	13,99	0,13	45,26	14,56	30,18
1508	10.08.20 06:07:07	14,02	0,18	40,60	21,77	27,62
1509	10.08.20 06:07:08	14,11	0,13	39,77	22,23	28,00
1510	10.08.20 06:07:09	14,18	0,07	47,65	7,79	34,55
1511	10.08.20 06:07:10	14,18	0,07	38,98	9,80	41,22
1512	10.08.20 06:07:11	14,21	0,09	38,82	19,13	32,05
1513	10.08.20 06:07:12	14,18	0,07	50,67	5,72	33,61
1514	10.08.20 06:07:13	14,18	0,05	45,25	-7,63	37,12
1515	10.08.20 06:07:14	14,24	0,07	57,87	1,92	30,20
1516	10.08.20 06:07:15	14,36	0,13	56,03	-16,23	17,74
1517	10.08.20 06:07:16	14,45	0,11	59,38	-9,79	20,83
1518	10.08.20 06:07:17	14,52	0,11	62,30	-11,83	15,87
1519	10.08.20 06:07:18	14,55	0,11	56,11	-13,18	20,71
1520	10.08.20 06:07:19	14,61	0,11	53,96	-17,88	18,16
1521	10.08.20 06:07:20	14,64	0,09	34,02	-28,88	27,10
1522	10.08.20 06:07:21	14,64	0,11	48,86	-22,60	18,54
1523	10.08.20 06:07:22	14,73	0,03	62,22	-23,33	4,45
1524	10.08.20 06:07:23	14,76	0,05	55,75	-28,30	5,95
1525	10.08.20 06:07:24	14,70	0,03	57,26	-26,14	6,60
1526	10.08.20 06:07:25	14,58	0,05	71,50	-6,89	11,61
1527	10.08.20 06:07:26	14,45	0,09	-4,18	-29,92	55,90
1528	10.08.20 06:07:27	14,33	0,07	9,01	-19,82	61,17
1529	10.08.20 06:07:28	14,18	0,09	7,29	-17,54	65,17
1530	10.08.20 06:07:29	14,08	0,09	8,70	-24,70	56,59
1531	10.08.20 06:07:30	13,99	0,09	17,20	-46,13	26,67
1532	10.08.20 06:07:31	13,86	0,07	14,20	-48,07	27,73
1533	10.08.20 06:07:32	13,77	0,07	11,84	-40,72	37,44
1534	10.08.20 06:07:33	13,71	0,07	11,36	-37,82	40,82
1535	10.08.20 06:07:34	13,62	0,07	13,90	-47,62	28,48
1536	10.08.20 06:07:35	13,55	0,09	44,21	-30,99	14,80
1537	10.08.20 06:07:36	13,49	0,09	49,60	-38,25	2,15
1538	10.08.20 06:07:37	13,43	0,09	40,84	-45,05	-4,10
1539	10.08.20 06:07:38	13,37	0,11	35,81	-42,53	-11,67
1540	10.08.20 06:07:39	13,30	0,11	38,62	-45,25	-6,13
1541	10.08.20 06:07:40	13,24	0,11	39,18	-39,82	11,00
1542	10.08.20 06:07:41	13,18	0,11	46,40	-35,59	8,01
1543	10.08.20 06:07:42	13,11	0,11	49,53	-32,49	7,98
1544	10.08.20 06:07:43	13,05	0,11	69,67	-18,61	-1,72
1545	10.08.20 06:07:44	13,02	0,11	66,26	-19,01	-4,73
1546	10.08.20 06:07:45	12,99	0,13	65,60	-22,65	-1,75
1547	10.08.20 06:07:46	12,93	0,11	53,23	-36,15	-0,62
1548	10.08.20 06:07:47	12,89	0,11	46,04	-38,12	-5,84
1549	10.08.20 06:07:48	12,83	0,11	87,60	-2,09	-0,30
1550	10.08.20 06:07:49	12,80	0,11	71,30	-11,19	7,51
1551	10.08.20 06:07:50	12,77	0,11	78,35	-5,78	5,87
1552	10.08.20 06:07:51	12,74	0,11	70,45	-16,85	2,70
1553	10.08.20 06:07:52	12,67	0,11	63,41	-25,02	-1,57
1554	10.08.20 06:07:53	12,64	0,13	72,94	-16,67	-0,39
1555	10.08.20 06:07:54	12,61	0,11	43,66	46,29	0,05
1556	10.08.20 06:07:55	12,58	0,13	-10,57	-7,10	72,34
1557	10.08.20 06:07:56	12,55	0,11	-8,11	-6,56	75,33
1558	10.08.20 06:07:57	12,51	0,13	-3,35	-0,89	85,76
1559	10.08.20 06:07:58	12,48	0,13	-16,77	2,24	70,99
1560	10.08.20 06:07:59	12,45	0,11	-15,28	3,89	70,83
1561	10.08.20 06:08:00	12,45	0,13	-11,61	1,93	76,45
1562	10.08.20 06:08:01	12,42	0,13	-10,99	1,10	77,91
1563	10.08.20 06:08:02	12,39	0,13	-9,08	-1,50	79,41
1564	10.08.20 06:08:03	12,36	0,13	-9,75	1,92	78,33
1565	10.08.20 06:08:04	12,32	0,13	-7,90	-0,51	81,59
1566	10.08.20 06:08:05	12,29	0,13	-7,99	-3,01	79,00
1567	10.08.20 06:08:06	12,29	0,13	-12,56	-4,27	73,17
1568	10.08.20 06:08:07	12,26	0,13	-56,10	3,56	-30,34
1569	10.08.20 06:08:08	12,26	0,11	3,43	2,03	-84,54
1570	10.08.20 06:08:09	12,26	0,13	17,14	-5,24	-67,62
1571	10.08.20 06:08:10	12,23	0,13	4,41	2,34	-83,24
1572	10.08.20 06:08:11	12,23	0,13	5,75	5,85	-78,40
1573	10.08.20 06:08:12	12,20	0,13	-5,07	3,67	-81,26
1574	10.08.20 06:08:13	12,20	0,15	-28,16	47,21	-14,63
1575	10.08.20 06:08:14	12,16	0,13	-20,99	56,65	-12,36
1576	10.08.20 06:08:15	12,16	0,13	-35,42	21,86	-32,72
1577	10.08.20 06:08:16	12,13	0,13	-71,38	9,12	-9,50
1578	10.08.20 06:08:17	12,13	0,13	-40,82	35,01	14,17
1579	10.08.20 06:08:18	12,13	0,13	-29,80	29,46	30,74
1580	10.08.20 06:08:19	12,13	0,11	-31,17	35,75	23,07
1581	10.08.20 06:08:20	12,13	0,13	-47,33	30,88	11,79
1582	10.08.20 06:08:21	12,16	0,13	-36,87	48,69	-4,45
1583	10.08.20 06:08:22	12,16	0,13	-45,80	35,60	8,60
1584	10.08.20 06:08:23	12,16	0,13	-48,29	22,18	19,53
1585	10.08.20 06:08:24	13,37	0,00	-81,00	2,96	6,04
1586	10.08.20 06:08:25	13,86	0,03	-60,17	-6,65	-23,17
1587	10.08.20 06:08:26	13,96	0,05	-49,45	-2,91	-37,63
1588	10.08.20 06:08:27	14,02	0,05	-48,60	-2,65	-38,74
1589	10.08.20 06:08:28	14,05	0,07	31,34	-53,43	5,23
1590	10.08.20 06:08:29	14,05	0,07	-51,77	-30,71	-7,52
1591	10.08.20 06:08:30	14,08	0,07	-50,11	-24,38	-15,51
1592	10.08.20 06:08:31	14,08	0,09	-56,26	-7,67	-26,07
1593	10.08.20 06:08:32	14,08	0,07	-56,08	-3,38	-30,54
1594	10.08.20 06:08:33	14,08	0,09	-56,89	-2,51	-30,60
1595	10.08.20 06:08:34	14,05	0,09	-55,86	-2,48	-31,66
1596	10.08.20 06:08:35	14,05	0,09	-60,24	-3,51	-26,25
1597	10.08.20 06:08:36	14,02	0,09	-60,18	-3,90	-25,92
1598	10.08.20 06:08:37	14,02	0,11	-51,51	-4,00	-34,49
1599	10.08.20 06:08:38	13,99	0,11	-51,93	-4,35	-33,72
1600	10.08.20 06:08:39	13,96	0,11	-55,78	-4,54	-29,68
1601	10.08.20 06:08:40	13,93	0,09	-55,70	-4,28	-30,02
1602	10.08.20 06:08:41	13,90	0,09	-53,06	-2,16	-34,78
1603	10.08.20 06:08:42	13,90	0,09	-45,02	-2,29	-42,69
1604	10.08.20 06:08:43	13,86	0,09	3,33	2,75	-83,92
1605	10.08.20 06:08:44	13,83	0,11	3,12	2,69	-84,19
1606	10.08.20 06:08:45	13,80	0,11	3,59	2,53	-83,88
1607	10.08.20 06:08:46	13,77	0,11	3,44	1,35	-85,21
1608	10.08.20 06:08:47	13,74	0,11	3,28	1,74	-84,98
1609	10.08.20 06:08:48	13,71	0,11	3,00	1,88	-85,12
1610	10.08.20 06:08:49	13,71	0,11	3,70	1,49	-84,81
1611	10.08.20 06:08:50	13,68	0,11	3,45	1,41	-85,15
1612	10.08.20 06:08:51	13,65	0,11	3,03	1,72	-85,26
1613	10.08.20 06:08:52	13,62	0,13	3,64	0,88	-85,48
1614	10.08.20 06:08:53	13,62	0,11	3,30	1,51	-85,18
1615	10.08.20 06:08:54	13,58	0,11	3,63	2,46	-83,91
1616	10.08.20 06:08:55	13,58	0,13	2,83	0,77	-86,39
1617	10.08.20 06:08:56	13,55	0,13	3,18	1,26	-85,57
1618	10.08.20 06:08:57	13,55	0,13	3,74	2,05	-84,21
1619	10.08.20 06:08:58	13,52	0,13	2,75	1,52	-85,73
1620	10.08.20 06:08:59	13,52	0,13	3,55	1,63	-84,82
1621	10.08.20 06:09:00	13,49	0,13	3,60	0,60	-85,80
1622	10.08.20 06:09:01	13,49	0,13	3,27	2,19	-84,54
1623	10.08.20 06:09:02	13,49	0,13	3,49	2,09	-84,42
1624	10.08.20 06:09:03	13,46	0,11	3,69	0,80	-85,51
1625	10.08.20 06:09:04	13,46	0,13	2,62	1,22	-86,16
1626	10.08.20 06:09:05	13,43	0,11	4,09	2,11	-83,80
1627	10.08.20 06:09:06	13,43	0,13	2,42	1,46	-86,12
1628	10.08.20 06:09:07	13,43	0,13	2,41	1,31	-86,28
1629	10.08.20 06:09:08	13,40	0,13	4,32	1,54	-84,14
1630	10.08.20 06:09:09	13,40	0,11	3,14	1,65	-85,21
1631	10.08.20 06:09:10	13,40	0,13	2,71	1,49	-85,80
1632	10.08.20 06:09:11	13,37	0,15	4,35	1,31	-84,34
1633	10.08.20 06:09:12	13,37	0,13	3,15	1,77	-85,07
1634	10.08.20 06:09:13	13,37	0,13	2,77	1,85	-85,38
1635	10.08.20 06:09:14	13,37	0,13	3,53	1,16	-85,31
1636	10.08.20 06:09:15	13,33	0,13	3,29	1,10	-85,61
1637	10.08.20 06:09:16	13,33	0,13	2,33	2,39	-85,28
1638	10.08.20 06:09:17	13,33	0,13	3,40	1,32	-85,28
1639	10.08.20 06:09:18	13,33	0,11	3,90	1,38	-84,72
1640	10.08.20 06:09:19	13,33	0,13	2,82	1,50	-85,68
1641	10.08.20 06:09:20	13,30	0,13	2,72	1,47	-85,81
1642	10.08.20 06:09:21	13,30	0,13	3,77	2,23	-84,00
1643	10.08.20 06:09:22	13,30	0,13	2,55	0,71	-86,74
1644	10.08.20 06:09:23	13,30	0,13	2,82	1,65	-85,54
1645	10.08.20 06:09:24	13,30	0,13	3,29	1,47	-85,24
1646	10.08.20 06:09:25	13,30	0,13	2,60	1,01	-86,39
1647	10.08.20 06:09:26	13,30	0,13	3,45	2,21	-84,34
1648	10.08.20 06:09:27	13,30	0,13	3,42	1,24	-85,34
1649	10.08.20 06:09:28	13,27	0,15	2,57	0,98	-86,45
1650	10.08.20 06:09:29	13,27	0,13	3,68	2,16	-84,17
1651	10.08.20 06:09:30	13,27	0,13	2,92	1,82	-85,26
1652	10.08.20 06:09:31	13,27	0,13	2,86	1,00	-86,13
1653	10.08.20 06:09:32	13,27	0,13	3,22	1,86	-84,92
1654	10.08.20 06:09:33	13,27	0,15	3,27	1,14	-85,59
1655	10.08.20 06:09:34	13,27	0,13	2,20	1,56	-86,24
1656	10.08.20 06:09:35	13,27	0,13	3,62	2,44	-83,94
1657	10.08.20 06:09:36	13,27	0,13	3,27	0,68	-86,05
1658	10.08.20 06:09:37	13,27	0,13	2,95	1,34	-85,71
1659	10.08.20 06:09:38	13,27	0,13	3,14	2,42	-84,44
1660	10.08.20 06:09:39	13,27	0,13	3,39	1,44	-85,17
1661	10.08.20 06:09:40	13,27	0,13	2,33	1,39	-86,28
1662	10.08.20 06:09:41	13,27	0,13	3,31	1,60	-85,09
1663	10.08.20 06:09:42	13,27	0,11	2,72	1,29	-85,99
1664	10.08.20 06:09:43	13,27	0,13	-9,71	75,00	-5,29
1665	10.08.20 06:09:44	13,27	0,11	-38,76	40,51	10,73
1666	10.08.20 06:09:45	13,30	0,13	-63,19	2,88	-23,93
1667	10.08.20 06:09:46	13,30	0,13	-55,53	-7,46	-27,01
1668	10.08.20 06:09:47	13,30	0,13	-51,46	-10,33	-28,21
1669	10.08.20 06:09:48	13,33	0,11	-55,02	0,75	-34,23
1670	10.08.20 06:09:49	13,33	0,13	-52,23	-6,36	-31,42
1671	10.08.20 06:09:50	13,33	0,13	-54,52	-3,36	-32,12
1672	10.08.20 06:09:51	13,37	0,13	-59,44	-4,56	-25,99
1673	10.08.20 06:09:52	13,37	0,13	-54,67	-4,35	-30,98
1674	10.08.20 06:09:53	13,37	0,13	-52,64	-4,14	-33,22
1675	10.08.20 06:09:54	13,40	0,15	-57,60	-4,66	-27,73
1676	10.08.20 06:09:55	13,40	0,13	-54,57	-2,85	-32,58
1677	10.08.20 06:09:56	13,40	0,13	-60,26	-1,40	-28,34
1678	10.08.20 06:09:57	13,43	0,11	-52,24	-2,03	-35,73
1679	10.08.20 06:09:58	13,43	0,13	-51,96	-3,16	-34,88
1680	10.08.20 06:09:59	13,43	0,13	-56,78	-2,00	-31,22
1681	10.08.20 06:10:00	13,43	0,11	-56,27	-2,58	-31,14
1682	10.08.20 06:10:01	13,43	0,13	-58,05	-0,23	-31,72
1683	10.08.20 06:10:02	13,46	0,11	-54,09	-3,24	-32,68
1684	10.08.20 06:10:03	13,46	0,13	-56,23	-2,77	-30,99
1685	10.08.20 06:10:04	13,46	0,13	-57,68	-3,19	-29,13
1686	10.08.20 06:10:05	13,46	0,11	-54,87	-3,86	-31,28
1687	10.08.20 06:10:06	13,49	0,13	-52,36	-3,20	-34,44
1688	10.08.20 06:10:07	13,49	0,15	-57,87	-3,32	-28,80
1689	10.08.20 06:10:08	13,52	0,11	-58,93	-0,30	-30,77
1690	10.08.20 06:10:09	13,52	0,13	-55,67	-2,76	-31,56
1691	10.08.20 06:10:10	13,52	0,11	-55,92	-3,79	-30,29
1692	10.08.20 06:10:11	13,52	0,13	-56,14	-3,43	-30,43
1693	10.08.20 06:10:12	13,52	0,11	-55,50	-3,26	-31,24
1694	10.08.20 06:10:13	13,52	0,11	-54,46	-2,54	-33,00
1695	10.08.20 06:10:14	13,55	0,13	-56,99	-3,65	-29,36
1696	10.08.20 06:10:15	13,55	0,13	-57,12	-2,76	-30,11
1697	10.08.20 06:10:16	13,55	0,15	-55,83	-3,06	-31,11
1698	10.08.20 06:10:17	13,55	0,11	-56,39	-1,39	-32,22
1699	10.08.20 06:10:18	13,55	0,11	-55,04	0,59	-34,36
1700	10.08.20 06:10:19	13,58	0,13	-53,86	-3,10	-33,04
1701	10.08.20 06:10:20	13,58	0,13	-54,96	1,20	-33,84
1702	10.08.20 06:10:21	13,58	0,13	-49,63	1,75	-38,62
1703	10.08.20 06:10:22	13,58	0,13	-57,71	-3,53	-28,76
1704	10.08.20 06:10:23	13,58	0,13	-56,73	-3,66	-29,61
1705	10.08.20 06:10:24	13,62	0,15	-55,89	-3,46	-30,65
1706	10.08.20 06:10:25	13,62	0,11	-55,17	-3,23	-31,60
1707	10.08.20 06:10:26	13,62	0,13	-56,62	-3,27	-30,11
1708	10.08.20 06:10:27	13,62	0,15	-56,40	-3,34	-30,26
1709	10.08.20 06:10:28	13,62	0,13	-56,24	-3,04	-30,72
1710	10.08.20 06:10:29	13,65	0,13	-56,43	-2,76	-30,80
1711	10.08.20 06:10:30	13,65	0,13	-55,67	-3,62	-30,71
1712	10.08.20 06:10:31	13,65	0,13	-56,74	-0,61	-32,65
1713	10.08.20 06:10:32	13,65	0,09	-55,50	-4,04	-30,46
1714	10.08.20 06:10:33	13,65	0,11	-56,49	-3,07	-30,44
1715	10.08.20 06:10:34	13,68	0,13	-55,44	-3,60	-30,96
1716	10.08.20 06:10:35	13,68	0,13	-55,62	-3,81	-30,56
1717	10.08.20 06:10:36	13,68	0,13	-56,05	-3,29	-30,66
1718	10.08.20 06:10:37	13,68	0,13	-55,60	-3,51	-30,90
1719	10.08.20 06:10:38	13,68	0,11	-55,95	-3,32	-30,73
1720	10.08.20 06:10:39	13,71	0,13	-56,15	-3,21	-30,64
1721	10.08.20 06:10:40	13,71	0,11	-57,39	-1,40	-31,21
1722	10.08.20 06:10:41	13,71	0,13	-51,63	-6,48	-31,89
1723	10.08.20 06:10:42	13,71	0,13	-54,16	-3,02	-32,82
1724	10.08.20 06:10:43	13,71	0,11	-59,17	-3,43	-27,39
1725	10.08.20 06:10:44	13,74	0,11	-55,58	-3,53	-30,89
1726	10.08.20 06:10:45	13,77	0,13	-56,51	-3,38	-30,11
1727	10.08.20 06:10:46	13,77	0,13	-56,24	-1,34	-32,42
1728	10.08.20 06:10:47	13,77	0,13	-59,35	-0,30	-30,35
1729	10.08.20 06:10:48	13,80	0,13	-54,78	-2,03	-33,20
1730	10.08.20 06:10:49	13,80	0,13	-28,41	7,79	-53,80
1731	10.08.20 06:10:50	13,83	0,11	-28,56	8,16	-53,28
1732	10.08.20 06:10:51	13,83	0,11	-29,19	8,98	-51,83
1733	10.08.20 06:10:52	13,83	0,11	-28,68	8,39	-52,92
1734	10.08.20 06:10:53	13,86	0,11	-28,55	8,49	-52,96
1735	10.08.20 06:10:54	13,86	0,13	-28,65	8,72	-52,64
1736	10.08.20 06:10:55	13,90	0,11	-28,02	8,62	-53,36
1737	10.08.20 06:10:56	13,90	0,11	-29,64	8,26	-52,10
1738	10.08.20 06:10:57	13,90	0,11	-29,45	8,64	-51,91
1739	10.08.20 06:10:58	13,90	0,11	-27,58	8,75	-53,67
1740	10.08.20 06:10:59	13,90	0,11	-28,07	8,70	-53,23
1741	10.08.20 06:11:00	13,90	0,13	-29,61	8,64	-51,75
1742	10.08.20 06:11:01	13,93	0,13	-29,34	8,85	-51,81
1743	10.08.20 06:11:02	13,93	0,11	-27,97	8,22	-53,81
1744	10.08.20 06:11:03	13,93	0,11	-28,58	8,44	-52,98
1745	10.08.20 06:11:04	13,96	0,13	-29,07	8,92	-52,01
1746	10.08.20 06:11:05	13,96	0,15	-29,14	8,85	-52,01
1747	10.08.20 06:11:06	13,96	0,13	-28,68	8,33	-52,99
1748	10.08.20 06:11:07	13,96	0,13	-27,80	9,11	-53,09
1749	10.08.20 06:11:08	13,99	0,13	-29,00	8,66	-52,34
1750	10.08.20 06:11:09	13,99	0,13	-29,56	8,76	-51,68
1751	10.08.20 06:11:10	13,99	0,13	-27,70	8,84	-53,46
1752	10.08.20 06:11:11	13,99	0,13	-28,45	8,95	-52,60
1753	10.08.20 06:11:12	13,99	0,15	-29,89	8,00	-52,12
1754	10.08.20 06:11:13	14,02	0,13	-27,83	9,06	-53,11
1755	10.08.20 06:11:14	14,02	0,13	-28,69	8,85	-52,46
1756	10.08.20 06:11:15	14,02	0,13	-29,52	8,08	-52,41
1757	10.08.20 06:11:16	14,05	0,13	-28,06	9,57	-52,37
1758	10.08.20 06:11:17	14,05	0,11	-28,32	8,14	-53,54
1759	10.08.20 06:11:18	14,05	0,15	-29,44	7,81	-52,75
1760	10.08.20 06:11:19	14,05	0,15	-26,21	-33,10	-30,69
1761	10.08.20 06:11:20	14,08	0,13	-23,61	-47,34	-19,05
1762	10.08.20 06:11:21	14,08	0,13	-23,79	-47,09	-19,12
1763	10.08.20 06:11:22	14,08	0,13	-22,44	-47,10	-20,46
1764	10.08.20 06:11:23	14,08	0,13	34,45	-42,32	13,23
1765	10.08.20 06:11:24	14,11	0,13	30,21	-24,13	35,67
1766	10.08.20 06:11:25	14,11	0,13	34,84	-41,92	13,24
1767	10.08.20 06:11:26	14,14	0,13	40,98	6,42	-42,60
1768	10.08.20 06:11:27	14,14	0,13	45,81	1,13	-43,06
1769	10.08.20 06:11:28	14,14	0,13	52,20	5,37	32,43
1770	10.08.20 06:11:29	14,14	0,11	28,59	5,41	56,01
1771	10.08.20 06:11:30	14,14	0,13	27,59	4,88	57,53
1772	10.08.20 06:11:31	14,14	0,13	27,49	5,00	57,52
1773	10.08.20 06:11:32	14,18	0,13	27,95	5,82	56,23
1774	10.08.20 06:11:33	14,18	0,13	28,06	4,47	57,47
1775	10.08.20 06:11:34	14,18	0,13	27,67	4,62	57,71
1776	10.08.20 06:11:35	14,18	0,13	28,50	4,79	56,71
1777	10.08.20 06:11:36	14,18	0,13	28,73	3,82	57,45
1778	10.08.20 06:11:37	14,18	0,11	28,96	4,54	56,50
1779	10.08.20 06:11:38	14,21	0,13	27,82	5,09	57,09
1780	10.08.20 06:11:39	14,21	0,13	27,79	5,13	57,08
1781	10.08.20 06:11:40	14,21	0,11	28,51	4,88	56,62
1782	10.08.20 06:11:41	14,21	0,15	28,59	4,95	56,46
1783	10.08.20 06:11:42	14,21	0,13	27,41	5,32	57,26
1784	10.08.20 06:11:43	14,21	0,13	27,55	4,70	57,74
1785	10.08.20 06:11:44	14,24	0,13	28,13	4,26	57,61
1786	10.08.20 06:11:45	14,24	0,13	28,38	4,84	56,78
1787	10.08.20 06:11:46	14,24	0,11	27,92	5,38	56,70
1788	10.08.20 06:11:47	14,24	0,13	27,31	4,83	57,86
1789	10.08.20 06:11:48	14,24	0,13	27,34	4,94	57,72
1790	10.08.20 06:11:49	14,27	0,13	29,01	5,54	55,45
1791	10.08.20 06:11:50	14,27	0,15	28,47	4,96	56,58
1792	10.08.20 06:11:51	14,27	0,13	26,37	4,60	59,04
1793	10.08.20 06:11:52	14,27	0,13	27,73	4,30	57,97
1794	10.08.20 06:11:53	14,27	0,11	29,43	5,11	55,46
1795	10.08.20 06:11:54	14,27	0,13	28,07	4,71	57,22
1796	10.08.20 06:11:55	14,30	0,13	26,48	4,60	58,92
1797	10.08.20 06:11:56	14,30	0,13	27,79	5,59	56,62
1798	10.08.20 06:11:57	14,30	0,13	29,01	5,03	55,96
1799	10.08.20 06:11:58	14,30	0,13	27,79	4,82	57,39
1800	10.08.20 06:11:59	14,30	0,13	27,58	5,08	57,35
1801	10.08.20 06:12:00	14,33	0,11	28,85	3,93	57,21
1802	10.08.20 06:12:01	14,33	0,11	29,43	4,41	56,16
1803	10.08.20 06:12:02	14,33	0,13	27,85	4,79	57,36
1804	10.08.20 06:12:03	14,33	0,13	27,41	4,50	58,09
1805	10.08.20 06:12:04	14,33	0,11	28,76	5,76	55,48
1806	10.08.20 06:12:05	14,36	0,11	28,22	4,79	56,99
1807	10.08.20 06:12:06	14,36	0,11	27,83	4,97	57,19
1808	10.08.20 06:12:07	14,36	0,11	27,78	5,30	56,92
1809	10.08.20 06:12:08	14,36	0,15	28,82	4,81	56,37
1810	10.08.20 06:12:09	14,39	0,13	28,07	4,30	57,63
1811	10.08.20 06:12:10	14,39	0,13	27,78	4,98	57,24
1812	10.08.20 06:12:11	14,39	0,13	28,94	5,23	55,83
1813	10.08.20 06:12:12	14,39	0,13	27,84	4,63	57,52
1814	10.08.20 06:12:13	14,39	0,11	27,18	5,74	57,08
1815	10.08.20 06:12:14	14,39	0,13	28,28	4,87	56,85
1816	10.08.20 06:12:15	14,42	0,11	28,77	4,81	56,42
1817	10.08.20 06:12:16	14,42	0,13	27,57	5,79	56,64
1818	10.08.20 06:12:17	14,42	0,13	27,28	4,57	58,16
1819	10.08.20 06:12:18	14,42	0,09	28,52	5,42	56,06
1820	10.08.20 06:12:19	14,45	0,13	28,70	5,26	56,04
1821	10.08.20 06:12:20	14,45	0,13	27,14	4,86	58,00
1822	10.08.20 06:12:21	14,45	0,13	27,90	5,15	56,95
1823	10.08.20 06:12:22	14,45	0,11	28,77	5,02	56,20
1824	10.08.20 06:12:23	14,45	0,11	27,77	5,59	56,64
1825	10.08.20 06:12:24	14,49	0,13	27,72	5,13	57,15
1826	10.08.20 06:12:25	14,49	0,11	27,55	5,03	57,42
1827	10.08.20 06:12:26	14,49	0,11	28,50	5,73	55,78
1828	10.08.20 06:12:27	14,49	0,13	27,86	4,17	57,97
1829	10.08.20 06:12:28	14,52	0,13	27,68	5,61	56,72
1830	10.08.20 06:12:29	14,52	0,11	28,29	5,82	55,88
1831	10.08.20 06:12:30	14,52	0,11	27,19	4,62	58,19
1832	10.08.20 06:12:31	14,52	0,11	27,70	5,56	56,74
1833	10.08.20 06:12:32	14,52	0,13	28,28	5,70	56,02
1834	10.08.20 06:12:33	14,52	0,13	27,69	4,75	57,56
1835	10.08.20 06:12:34	14,52	0,13	28,28	5,71	56,01
1836	10.08.20 06:12:35	14,55	0,13	26,90	5,35	57,75
1837	10.08.20 06:12:36	14,55	0,11	27,68	5,10	57,22
1838	10.08.20 06:12:37	14,55	0,11	28,34	5,67	55,99
1839	10.08.20 06:12:38	14,58	0,13	27,50	5,04	57,47
1840	10.08.20 06:12:39	14,58	0,11	27,27	5,26	57,47
1841	10.08.20 06:12:40	14,58	0,09	27,08	5,77	57,16
1842	10.08.20 06:12:41	14,58	0,13	29,12	4,42	56,46
1843	10.08.20 06:12:42	14,58	0,13	27,18	5,33	57,49
1844	10.08.20 06:12:43	14,61	0,15	27,50	5,24	57,26
1845	10.08.20 06:12:44	14,61	0,13	28,24	4,16	57,60
1846	10.08.20 06:12:45	14,61	0,13	27,53	5,71	56,76
1847	10.08.20 06:12:46	14,61	0,13	28,04	5,33	56,63
1848	10.08.20 06:12:47	14,64	0,13	27,41	5,06	57,52
1849	10.08.20 06:12:48	14,64	0,13	27,67	5,02	57,31
1850	10.08.20 06:12:49	14,64	0,13	28,32	4,95	56,73
1851	10.08.20 06:12:50	14,64	0,13	27,63	5,41	56,96
1852	10.08.20 06:12:51	14,67	0,11	28,03	4,62	57,35
1853	10.08.20 06:12:52	14,67	0,13	27,44	4,61	57,95
1854	10.08.20 06:12:53	14,67	0,13	28,71	5,09	56,20
1855	10.08.20 06:12:54	14,67	0,11	27,52	5,25	57,23
1856	10.08.20 06:12:55	14,67	0,11	27,49	4,95	57,56
1857	10.08.20 06:12:56	14,70	0,13	28,00	5,56	56,44
1858	10.08.20 06:12:57	14,70	0,11	27,37	5,26	57,37
1859	10.08.20 06:12:58	14,70	0,13	28,00	4,53	57,46
1860	10.08.20 06:12:59	14,70	0,13	27,95	5,77	56,27
1861	10.08.20 06:13:00	14,73	0,11	28,02	4,33	57,65
1862	10.08.20 06:13:01	14,73	0,13	27,71	4,35	57,94
1863	10.08.20 06:13:02	14,73	0,11	28,12	5,42	56,47
1864	10.08.20 06:13:03	14,73	0,11	28,15	4,81	57,04
1865	10.08.20 06:13:04	14,76	0,11	26,99	4,79	58,22
1866	10.08.20 06:13:05	14,76	0,13	28,53	5,24	56,23
1867	10.08.20 06:13:06	14,76	0,13	28,53	4,56	56,91
1868	10.08.20 06:13:07	14,76	0,11	27,38	4,87	57,74
1869	10.08.20 06:13:08	14,76	0,11	27,15	5,74	57,11
1870	10.08.20 06:13:09	14,79	0,11	28,61	4,49	56,90
1871	10.08.20 06:13:10	14,79	0,11	28,62	4,47	56,91
1872	10.08.20 06:13:11	14,79	0,13	26,59	5,38	58,04
1873	10.08.20 06:13:12	14,82	0,11	28,76	4,46	56,79
1874	10.08.20 06:13:13	14,82	0,13	28,07	4,70	57,23
1875	10.08.20 06:13:14	14,82	0,13	27,03	5,44	57,54
1876	10.08.20 06:13:15	14,82	0,11	35,35	-13,17	41,48
1877	10.08.20 06:13:16	14,85	0,11	63,16	23,24	-3,60
1878	10.08.20 06:13:17	14,85	0,11	27,62	-45,15	17,23
1879	10.08.20 06:13:18	14,89	0,11	10,79	-65,92	13,28
1880	10.08.20 06:13:19	14,89	0,11	3,25	-64,70	22,05
1881	10.08.20 06:13:20	14,92	0,11	-55,32	7,37	27,31
1882	10.08.20 06:13:21	15,10	0,09	-56,89	2,88	30,23
1883	10.08.20 06:13:22	15,32	0,05	-2,47	48,50	39,03
1884	10.08.20 06:13:23	15,50	0,28	-17,46	20,70	51,84
1885	10.08.20 06:13:24	15,71	0,26	-33,62	17,15	39,23
1886	10.08.20 06:13:25	15,86	0,33	1,45	35,03	53,52
1887	10.08.20 06:13:26	15,93	0,30	1,06	62,75	26,19
1888	10.08.20 06:13:27	15,93	0,30	-1,08	57,58	31,35
1889	10.08.20 06:13:28	15,99	0,35	-2,13	47,92	39,95
1890	10.08.20 06:13:29	16,02	0,33	-4,23	47,90	37,87
1891	10.08.20 06:13:30	16,05	0,35	30,47	-47,64	11,90
1892	10.08.20 06:13:31	15,99	0,33	53,98	-16,65	-19,37
1893	10.08.20 06:13:32	15,96	0,33	56,15	-16,23	-17,62
1894	10.08.20 06:13:33	15,89	0,35	67,84	-10,74	-11,42
1895	10.08.20 06:13:34	15,93	0,30	17,40	-68,68	-3,92
1896	10.08.20 06:13:35	16,38	0,39	22,76	-35,11	-32,12
1897	10.08.20 06:13:36	16,53	0,35	-62,56	7,91	-19,54
1898	10.08.20 06:13:37	16,65	0,30	-59,55	-20,58	-9,88
1899	10.08.20 06:13:38	16,80	0,30	-49,99	-20,19	-19,82
1900	10.08.20 06:13:39	16,92	0,30	-58,89	-10,76	-20,36
1901	10.08.20 06:13:40	16,98	0,30	-62,30	-18,16	-9,53
1902	10.08.20 06:13:41	17,07	0,30	-9,90	-2,84	-77,26
1903	10.08.20 06:13:42	17,16	0,30	-46,51	12,61	30,87
1904	10.08.20 06:13:43	17,28	0,26	-19,07	-12,90	58,03
1905	10.08.20 06:13:44	17,52	0,28	64,73	12,04	13,24
1906	10.08.20 06:13:45	17,79	0,26	15,04	29,64	45,33
1907	10.08.20 06:13:46	18,00	0,22	5,71	-24,47	59,81
1908	10.08.20 06:13:47	18,30	0,22	47,19	42,42	0,38
1909	10.08.20 06:13:48	18,72	0,24	33,79	55,55	-0,66
1910	10.08.20 06:13:49	19,04	0,26	-46,14	-42,85	-1,01
1911	10.08.20 06:13:50	19,25	0,24	-4,22	43,86	-41,92
1912	10.08.20 06:13:51	19,43	0,24	-61,84	-10,16	18,00
