#0	Date-time:	11/08/2020 8:46:14 PM
#1	Recorder:	24H1067
#2	File type:	1
#3	Columns:	7
#4	Channels:	5
#5	Field separation:	0
#6	Decimal point:	0
#7	Date def.:	0	0
#8	Time def.:	0
#9	Channel 1:	Temperature(°C)	Temp(°C)	2	1
#10	Channel 2:	Pressure(Bar)	Press(Bar)	2	1
#11	Reconvertion:	0
#14	Channel 3:	Tilt-X(°)	Tilt-X(°)	2	1
#18	Channel 4:	Tilt-Y(°)	Tilt-Y(°)	2	1
#19	Line color:	1	2	3	4
#22	Channel 5:	Tilt-Z(°)	Tilt-Z(°)	2	1
#30	Trend Type Number:	3
#33	Limit Temp. Corr. OTCR:	1
1	11.08.20 20:14:00	23,15	0,22	70,22	17,51	2,27
2	11.08.20 20:14:01	23,00	0,28	68,50	16,34	-5,16
3	11.08.20 20:14:02	22,88	0,20	57,81	24,73	-7,46
4	11.08.20 20:14:03	22,80	0,20	68,32	18,94	2,74
5	11.08.20 20:14:04	22,77	0,22	66,41	23,01	0,58
6	11.08.20 20:14:05	22,71	0,20	66,46	20,94	2,60
7	11.08.20 20:14:06	22,68	0,20	66,76	20,94	2,30
8	11.08.20 20:14:07	22,68	0,22	70,93	13,40	5,67
9	11.08.20 20:14:08	22,65	0,24	53,39	5,79	30,82
10	11.08.20 20:14:09	22,36	0,33	33,85	9,24	46,91
11	11.08.20 20:14:10	21,95	0,33	29,43	-23,77	36,80
12	11.08.20 20:14:11	21,66	0,35	59,10	-17,74	13,16
13	11.08.20 20:14:12	21,45	0,33	46,65	-13,84	29,51
14	11.08.20 20:14:13	21,34	0,26	12,77	-24,50	52,72
15	11.08.20 20:14:14	21,22	0,30	27,22	-1,08	61,70
16	11.08.20 20:14:15	21,16	0,33	31,75	1,17	57,08
17	11.08.20 20:14:16	21,10	0,30	17,86	-6,66	65,48
18	11.08.20 20:14:17	21,04	0,30	29,33	-13,93	46,75
19	11.08.20 20:14:18	20,99	0,30	36,68	-4,64	48,68
20	11.08.20 20:14:19	20,93	0,26	3,62	-12,93	73,46
21	11.08.20 20:14:20	20,87	0,30	23,25	-17,64	49,12
22	11.08.20 20:14:21	20,84	0,30	6,35	-6,79	76,86
23	11.08.20 20:14:22	20,78	0,28	13,38	-14,95	61,67
24	11.08.20 20:14:23	20,75	0,28	4,74	4,24	81,02
25	11.08.20 20:14:24	20,75	0,30	14,84	6,88	68,27
26	11.08.20 20:14:25	20,72	0,30	21,30	8,30	60,40
27	11.08.20 20:14:26	20,69	0,30	22,44	7,52	60,05
28	11.08.20 20:14:27	20,66	0,28	1,66	-2,70	85,64
29	11.08.20 20:14:28	20,63	0,28	4,96	2,23	82,82
30	11.08.20 20:14:29	20,60	0,30	6,52	11,28	72,19
31	11.08.20 20:14:30	20,55	0,30	16,44	23,75	49,81
32	11.08.20 20:14:31	20,55	0,35	30,24	6,31	53,44
33	11.08.20 20:14:32	20,52	0,33	19,63	24,33	46,04
34	11.08.20 20:14:33	20,49	0,30	19,91	23,36	46,73
35	11.08.20 20:14:34	20,49	0,33	18,57	23,05	48,39
36	11.08.20 20:14:35	20,49	0,35	20,66	15,14	54,20
37	11.08.20 20:14:36	20,49	0,37	26,07	6,92	57,01
38	11.08.20 20:14:37	20,46	0,37	27,29	13,19	49,52
39	11.08.20 20:14:38	20,43	0,43	38,06	6,22	45,72
40	11.08.20 20:14:39	20,40	0,43	28,62	-3,77	57,60
41	11.08.20 20:14:40	20,37	0,43	25,33	-2,40	62,27
42	11.08.20 20:14:41	20,37	0,45	26,36	-2,87	60,77
43	11.08.20 20:14:42	20,34	0,50	40,67	-2,22	47,11
44	11.08.20 20:14:43	20,31	0,52	30,21	-11,12	48,68
45	11.08.20 20:14:44	20,31	0,52	34,88	-7,55	47,57
46	11.08.20 20:14:45	20,28	0,56	35,92	-7,40	46,68
47	11.08.20 20:14:46	20,28	0,58	38,24	-1,32	50,44
48	11.08.20 20:14:47	20,28	0,58	42,62	-2,57	44,82
49	11.08.20 20:14:48	20,25	0,62	40,70	2,76	46,54
50	11.08.20 20:14:49	20,25	0,64	36,08	3,08	50,83
51	11.08.20 20:14:50	20,25	0,67	35,95	8,42	45,63
52	11.08.20 20:14:51	20,22	0,67	42,68	8,37	38,95
53	11.08.20 20:14:52	20,22	0,67	46,78	7,79	35,43
54	11.08.20 20:14:53	20,22	0,69	50,80	4,92	34,27
55	11.08.20 20:14:54	20,22	0,69	51,78	-1,69	36,53
56	11.08.20 20:14:55	20,22	0,71	51,74	-1,12	37,15
57	11.08.20 20:14:56	20,22	0,73	54,71	-2,45	32,84
58	11.08.20 20:14:57	20,19	0,73	52,72	-3,76	33,52
59	11.08.20 20:14:58	20,19	0,75	53,07	-3,59	33,33
60	11.08.20 20:14:59	20,16	0,75	53,35	3,04	33,61
61	11.08.20 20:15:00	20,16	0,75	51,03	4,88	34,09
62	11.08.20 20:15:01	20,16	0,77	52,27	6,14	31,59
63	11.08.20 20:15:02	20,13	0,79	54,94	6,87	28,18
64	11.08.20 20:15:03	20,11	0,79	53,52	7,21	29,27
65	11.08.20 20:15:04	20,11	0,79	51,23	6,79	31,98
66	11.08.20 20:15:05	20,11	0,79	50,33	6,07	33,61
67	11.08.20 20:15:06	20,11	0,81	53,45	6,52	30,03
68	11.08.20 20:15:07	20,11	0,81	55,34	9,74	24,91
69	11.08.20 20:15:08	20,11	0,84	56,38	8,68	24,94
70	11.08.20 20:15:09	20,08	0,84	52,34	6,89	30,77
71	11.08.20 20:15:10	20,08	0,84	54,27	4,40	31,33
72	11.08.20 20:15:11	20,08	0,86	56,28	9,18	24,54
73	11.08.20 20:15:12	20,08	0,86	57,99	6,15	25,86
74	11.08.20 20:15:13	20,08	0,88	57,67	5,68	26,65
75	11.08.20 20:15:14	20,08	0,92	56,85	9,66	23,49
76	11.08.20 20:15:15	20,08	0,90	62,51	5,03	22,46
77	11.08.20 20:15:16	20,08	0,90	63,38	2,11	24,52
78	11.08.20 20:15:17	20,11	0,92	62,51	5,07	22,42
79	11.08.20 20:15:18	20,11	0,94	60,40	10,35	19,25
80	11.08.20 20:15:19	20,11	0,96	62,06	7,11	20,83
81	11.08.20 20:15:20	20,05	0,94	57,53	4,08	28,39
82	11.08.20 20:15:21	19,99	0,94	57,29	8,06	24,66
83	11.08.20 20:15:22	19,96	0,98	59,24	10,74	20,02
84	11.08.20 20:15:23	19,87	1,00	55,60	7,86	26,54
85	11.08.20 20:15:24	19,75	1,00	62,73	4,18	23,08
86	11.08.20 20:15:25	19,69	1,05	59,02	11,12	19,86
87	11.08.20 20:15:26	19,63	1,04	58,27	8,70	23,03
88	11.08.20 20:15:27	19,57	1,07	56,90	5,89	27,21
89	11.08.20 20:15:28	19,46	1,11	60,14	6,94	22,92
90	11.08.20 20:15:29	19,40	1,11	62,13	6,76	21,11
91	11.08.20 20:15:30	19,37	1,08	57,34	4,89	27,77
92	11.08.20 20:15:31	19,37	1,08	57,84	4,99	27,17
93	11.08.20 20:15:32	19,37	1,13	66,05	3,76	20,18
94	11.08.20 20:15:33	19,37	1,13	66,16	3,31	20,53
95	11.08.20 20:15:34	19,37	1,13	60,06	3,01	26,93
96	11.08.20 20:15:35	19,37	1,13	57,95	3,40	28,65
97	11.08.20 20:15:36	19,40	1,17	63,86	4,50	21,64
98	11.08.20 20:15:37	19,40	1,17	67,00	3,12	19,87
99	11.08.20 20:15:38	19,40	1,17	63,17	3,59	23,24
100	11.08.20 20:15:39	19,43	1,19	60,39	4,75	24,86
101	11.08.20 20:15:40	19,43	1,21	61,38	5,17	23,45
102	11.08.20 20:15:41	19,46	1,21	64,72	6,32	18,96
103	11.08.20 20:15:42	19,46	1,24	63,92	6,75	19,33
104	11.08.20 20:15:43	19,46	1,28	61,77	5,58	22,65
105	11.08.20 20:15:44	19,28	1,38	62,68	3,11	24,21
106	11.08.20 20:15:45	18,95	1,36	62,78	4,00	23,22
107	11.08.20 20:15:46	18,84	1,38	65,26	3,93	20,81
108	11.08.20 20:15:47	18,75	1,40	66,74	3,36	19,91
109	11.08.20 20:15:48	18,45	1,42	50,28	-7,57	32,15
110	11.08.20 20:15:49	18,24	1,35	38,78	-7,25	43,97
111	11.08.20 20:15:50	18,12	1,39	47,62	1,15	41,23
112	11.08.20 20:15:51	17,88	1,48	59,52	3,55	26,93
113	11.08.20 20:15:52	17,55	1,49	63,84	0,69	25,47
114	11.08.20 20:15:53	17,31	1,51	61,27	1,72	27,02
115	11.08.20 20:15:54	17,07	1,58	61,86	4,44	23,70
116	11.08.20 20:15:55	16,92	1,57	61,80	4,63	23,56
117	11.08.20 20:15:56	16,83	1,59	59,33	2,94	27,73
118	11.08.20 20:15:57	16,71	1,61	62,11	3,14	24,75
119	11.08.20 20:15:58	16,62	1,66	63,61	2,62	23,77
120	11.08.20 20:15:59	16,56	1,66	57,96	3,13	28,91
121	11.08.20 20:16:00	16,59	1,64	56,63	4,34	29,03
122	11.08.20 20:16:01	16,68	1,64	59,13	3,99	26,88
123	11.08.20 20:16:02	16,80	1,66	58,39	3,22	28,39
124	11.08.20 20:16:03	16,89	1,68	60,40	3,57	26,02
125	11.08.20 20:16:04	16,98	1,70	60,63	3,65	25,72
126	11.08.20 20:16:05	17,07	1,70	57,82	3,53	28,64
127	11.08.20 20:16:06	17,16	1,66	51,73	-1,74	36,53
128	11.08.20 20:16:07	17,22	1,68	50,58	-0,36	39,06
129	11.08.20 20:16:08	17,31	1,68	49,54	-1,43	39,03
130	11.08.20 20:16:09	17,34	1,71	48,82	1,31	39,87
131	11.08.20 20:16:10	17,40	1,71	50,88	0,87	38,26
132	11.08.20 20:16:11	17,40	1,73	52,16	1,22	36,62
133	11.08.20 20:16:12	17,40	1,73	51,30	4,50	34,20
134	11.08.20 20:16:13	17,37	1,73	53,55	4,39	32,06
135	11.08.20 20:16:14	17,34	1,75	53,23	1,85	34,91
136	11.08.20 20:16:15	17,31	1,75	52,25	0,09	37,66
137	11.08.20 20:16:16	17,28	1,77	53,96	4,83	31,21
138	11.08.20 20:16:17	17,25	1,81	57,75	7,77	24,47
139	11.08.20 20:16:18	17,25	1,83	55,82	4,29	29,89
140	11.08.20 20:16:19	17,19	1,81	46,65	-0,06	43,29
141	11.08.20 20:16:20	17,13	1,83	50,15	-4,04	35,82
142	11.08.20 20:16:21	17,07	1,81	47,07	2,44	40,49
143	11.08.20 20:16:22	16,77	1,85	40,46	2,17	47,37
144	11.08.20 20:16:23	16,47	1,85	27,74	6,72	55,53
145	11.08.20 20:16:24	16,32	1,85	24,12	8,91	56,97
146	11.08.20 20:16:25	15,74	1,93	24,27	9,47	56,26
147	11.08.20 20:16:26	15,16	1,92	22,53	10,70	56,77
148	11.08.20 20:16:27	14,61	1,79	20,37	11,53	58,11
149	11.08.20 20:16:28	14,39	1,72	20,45	11,75	57,81
150	11.08.20 20:16:29	14,21	1,68	20,23	12,56	57,21
151	11.08.20 20:16:30	14,02	1,70	21,63	10,16	58,21
152	11.08.20 20:16:31	13,83	1,67	22,70	8,31	58,99
153	11.08.20 20:16:32	13,74	1,61	19,72	11,35	58,93
154	11.08.20 20:16:33	13,68	1,56	18,89	13,48	57,63
155	11.08.20 20:16:34	13,71	1,54	22,56	11,78	55,66
156	11.08.20 20:16:35	13,74	1,50	23,81	10,39	55,80
157	11.08.20 20:16:36	13,80	1,46	23,36	10,90	55,75
158	11.08.20 20:16:37	13,83	1,44	25,05	10,14	54,81
159	11.08.20 20:16:38	13,90	1,42	26,96	7,38	55,67
160	11.08.20 20:16:39	13,93	1,37	23,97	8,58	57,45
161	11.08.20 20:16:40	13,99	1,35	27,06	7,56	55,38
162	11.08.20 20:16:41	14,05	1,33	23,28	9,71	57,01
163	11.08.20 20:16:42	14,11	1,29	24,28	10,12	55,60
164	11.08.20 20:16:43	14,18	1,27	25,83	10,36	53,81
165	11.08.20 20:16:44	14,24	1,23	24,13	11,67	54,20
166	11.08.20 20:16:45	14,27	1,21	21,62	9,73	58,65
167	11.08.20 20:16:46	14,33	1,19	17,53	13,19	59,28
168	11.08.20 20:16:47	14,39	1,16	20,18	11,10	58,71
169	11.08.20 20:16:48	14,49	1,14	26,01	8,10	55,89
170	11.08.20 20:16:49	14,67	1,06	20,96	14,44	54,61
171	11.08.20 20:16:50	14,89	1,02	17,02	11,74	61,23
172	11.08.20 20:16:51	15,01	1,02	24,17	10,97	54,86
173	11.08.20 20:16:52	15,13	1,04	22,21	12,81	54,98
174	11.08.20 20:16:53	15,22	1,02	34,40	4,84	50,76
175	11.08.20 20:16:54	15,38	1,05	31,66	8,15	50,19
176	11.08.20 20:16:55	15,50	1,07	40,28	2,28	47,44
177	11.08.20 20:16:56	15,59	1,09	43,07	-2,86	44,08
178	11.08.20 20:16:57	15,65	1,09	36,59	3,32	50,09
179	11.08.20 20:16:58	15,71	1,11	32,13	8,85	49,02
180	11.08.20 20:16:59	15,74	1,13	38,94	4,90	46,16
181	11.08.20 20:17:00	15,80	1,16	45,56	-1,32	43,12
182	11.08.20 20:17:01	15,86	1,14	41,05	2,29	46,66
183	11.08.20 20:17:02	15,89	1,16	40,83	2,12	47,04
184	11.08.20 20:17:03	15,96	1,16	33,97	5,33	50,70
185	11.08.20 20:17:04	15,99	1,18	29,93	9,01	51,06
186	11.08.20 20:17:05	16,02	1,18	27,23	8,88	53,89
187	11.08.20 20:17:06	16,05	1,18	24,14	10,63	55,23
188	11.08.20 20:17:07	16,08	1,20	25,30	9,87	54,83
189	11.08.20 20:17:08	16,08	1,22	24,66	7,94	57,40
190	11.08.20 20:17:09	16,08	1,22	27,27	6,44	56,29
191	11.08.20 20:17:10	16,08	1,22	28,30	6,22	55,48
192	11.08.20 20:17:11	16,08	1,25	30,40	1,70	57,90
193	11.08.20 20:17:12	16,05	1,24	28,67	1,04	60,29
194	11.08.20 20:17:13	16,05	1,29	32,92	-0,15	56,93
195	11.08.20 20:17:14	16,05	1,29	35,96	-2,25	51,79
196	11.08.20 20:17:15	16,02	1,29	37,62	-4,56	47,82
197	11.08.20 20:17:16	16,02	1,31	37,37	-5,41	47,22
198	11.08.20 20:17:17	15,99	1,31	31,72	-5,36	52,92
199	11.08.20 20:17:18	15,96	1,33	34,78	-4,17	51,05
200	11.08.20 20:17:19	15,83	1,35	36,30	-5,89	47,80
201	11.08.20 20:17:20	15,56	1,41	37,92	-4,71	47,37
202	11.08.20 20:17:21	15,32	1,47	39,03	-3,27	47,70
203	11.08.20 20:17:22	15,13	1,49	34,43	-8,24	47,34
204	11.08.20 20:17:23	15,04	1,49	37,83	-0,61	51,56
205	11.08.20 20:17:24	14,85	1,51	29,65	-10,35	50,00
206	11.08.20 20:17:25	14,70	1,51	31,87	-7,91	50,22
207	11.08.20 20:17:26	14,64	1,51	36,27	-1,35	52,38
208	11.08.20 20:17:27	14,58	1,53	30,46	-9,96	49,58
209	11.08.20 20:17:28	14,52	1,55	28,59	-11,31	50,11
210	11.08.20 20:17:29	14,45	1,57	35,87	-2,60	51,53
211	11.08.20 20:17:30	14,39	1,57	32,32	-5,82	51,87
212	11.08.20 20:17:31	14,33	1,59	23,09	-15,30	51,61
213	11.08.20 20:17:32	14,30	1,61	27,99	-6,90	55,11
214	11.08.20 20:17:33	14,24	1,63	34,48	-2,70	52,83
215	11.08.20 20:17:34	14,18	1,63	24,68	-15,12	50,20
216	11.08.20 20:17:35	14,11	1,70	30,75	-7,38	51,86
217	11.08.20 20:17:36	14,05	1,70	30,17	-4,65	55,18
218	11.08.20 20:17:37	14,02	1,67	27,30	-5,89	56,82
219	11.08.20 20:17:38	13,96	1,72	19,90	-14,80	55,30
220	11.08.20 20:17:39	13,86	1,82	27,66	-6,79	55,55
221	11.08.20 20:17:40	13,68	1,78	25,71	-7,00	57,29
222	11.08.20 20:17:41	13,52	1,82	27,16	-9,96	52,88
223	11.08.20 20:17:42	13,40	1,82	19,58	-13,00	57,42
224	11.08.20 20:17:43	13,33	1,82	17,25	-14,49	58,26
225	11.08.20 20:17:44	13,33	1,86	17,05	-14,05	58,89
226	11.08.20 20:17:45	13,33	1,86	16,05	-12,83	61,11
227	11.08.20 20:17:46	13,30	1,90	16,07	-14,00	59,93
228	11.08.20 20:17:47	13,24	1,97	17,82	-14,02	58,16
229	11.08.20 20:17:48	13,05	1,96	18,70	-12,49	58,80
230	11.08.20 20:17:49	12,96	1,92	17,99	-12,29	59,72
231	11.08.20 20:17:50	12,86	2,00	15,79	-12,48	61,73
232	11.08.20 20:17:51	12,64	2,00	15,82	-13,27	60,91
233	11.08.20 20:17:52	12,45	2,04	15,79	-12,13	62,08
234	11.08.20 20:17:53	12,32	2,04	16,17	-11,96	61,87
235	11.08.20 20:17:54	12,16	2,06	17,32	-11,44	61,24
236	11.08.20 20:17:55	12,07	2,15	22,68	-8,96	58,36
237	11.08.20 20:17:56	11,94	2,15	18,17	-10,53	61,30
238	11.08.20 20:17:57	11,85	2,17	16,13	-11,17	62,70
239	11.08.20 20:17:58	11,69	2,19	15,48	-11,45	63,07
240	11.08.20 20:17:59	11,49	2,21	17,38	-8,94	63,68
241	11.08.20 20:18:00	11,40	2,23	14,79	-9,24	65,97
242	11.08.20 20:18:01	11,30	2,25	17,74	-7,82	64,44
243	11.08.20 20:18:02	11,10	2,29	17,89	-6,83	65,28
244	11.08.20 20:18:03	10,94	2,31	17,65	-6,67	65,68
245	11.08.20 20:18:04	10,75	2,33	17,96	-5,91	66,13
246	11.08.20 20:18:05	10,58	2,37	19,70	-3,36	66,94
247	11.08.20 20:18:06	10,45	2,37	19,18	-1,38	69,45
248	11.08.20 20:18:07	10,29	2,36	16,82	-3,93	69,25
249	11.08.20 20:18:08	10,13	2,41	22,69	-0,85	66,46
250	11.08.20 20:18:09	9,96	2,47	23,87	2,92	63,20
251	11.08.20 20:18:10	9,80	2,47	30,03	10,14	49,83
252	11.08.20 20:18:11	9,66	2,51	33,22	12,18	44,60
253	11.08.20 20:18:12	9,56	2,57	35,02	15,49	39,49
254	11.08.20 20:18:13	9,46	2,55	35,81	19,50	34,69
255	11.08.20 20:18:14	9,43	2,55	39,18	20,20	30,61
256	11.08.20 20:18:15	9,40	2,61	43,92	21,55	24,53
257	11.08.20 20:18:16	9,33	2,61	47,93	27,00	15,07
258	11.08.20 20:18:17	9,33	2,63	63,69	23,13	-3,18
259	11.08.20 20:18:18	9,36	2,66	62,06	21,97	-5,97
260	11.08.20 20:18:19	9,33	2,65	31,83	8,08	50,09
261	11.08.20 20:18:20	9,23	2,72	28,94	16,09	44,98
262	11.08.20 20:18:21	8,96	2,74	33,10	16,79	40,11
263	11.08.20 20:18:22	8,73	2,82	48,61	26,00	15,39
264	11.08.20 20:18:23	8,56	2,82	59,62	16,76	-13,63
265	11.08.20 20:18:24	8,49	2,80	36,40	11,06	42,53
266	11.08.20 20:18:25	8,46	2,82	32,39	19,05	38,56
267	11.08.20 20:18:26	8,35	2,84	44,35	24,14	21,51
268	11.08.20 20:18:27	8,12	2,90	54,89	17,60	-17,51
269	11.08.20 20:18:28	8,01	2,90	42,27	21,59	26,14
270	11.08.20 20:18:29	7,98	2,92	43,33	21,41	25,25
271	11.08.20 20:18:30	7,95	2,96	59,70	15,83	-14,47
272	11.08.20 20:18:31	7,91	2,96	60,27	26,82	2,91
273	11.08.20 20:18:32	7,88	2,98	38,20	12,95	38,85
274	11.08.20 20:18:33	7,84	3,00	63,42	23,52	-3,06
275	11.08.20 20:18:34	7,81	3,02	59,06	15,93	-15,01
276	11.08.20 20:18:35	7,74	3,05	37,17	11,05	41,78
277	11.08.20 20:18:36	7,67	3,11	54,80	25,53	9,67
278	11.08.20 20:18:37	7,53	3,11	58,13	11,89	-19,98
279	11.08.20 20:18:38	7,43	3,13	42,41	16,43	31,17
280	11.08.20 20:18:39	7,43	3,19	52,60	22,66	14,74
281	11.08.20 20:18:40	7,33	3,21	59,00	17,40	-13,60
282	11.08.20 20:18:41	7,26	3,21	37,80	12,53	39,67
283	11.08.20 20:18:42	7,22	3,28	57,91	29,06	3,03
284	11.08.20 20:18:43	7,15	3,25	63,23	17,56	-9,21
285	11.08.20 20:18:44	7,12	3,27	43,29	9,50	37,22
286	11.08.20 20:18:45	7,05	3,34	63,49	19,66	-6,85
287	11.08.20 20:18:46	6,98	3,34	54,44	16,72	-18,84
288	11.08.20 20:18:47	6,91	3,36	38,27	15,53	36,20
289	11.08.20 20:18:48	6,84	3,42	58,04	26,80	5,16
290	11.08.20 20:18:49	6,73	3,44	58,50	14,54	-16,96
291	11.08.20 20:18:50	6,70	3,44	43,74	11,17	35,09
292	11.08.20 20:18:51	6,63	3,48	62,60	24,11	-3,29
293	11.08.20 20:18:52	6,63	3,53	64,47	25,19	0,34
294	11.08.20 20:18:53	6,59	3,53	35,24	12,59	42,17
295	11.08.20 20:18:54	6,52	3,57	59,39	26,42	-4,19
296	11.08.20 20:18:55	6,45	3,59	59,60	18,19	-12,21
297	11.08.20 20:18:56	6,38	3,63	39,11	11,76	39,13
298	11.08.20 20:18:57	6,35	3,65	55,55	22,84	-11,61
299	11.08.20 20:18:58	6,28	3,67	52,81	16,85	20,34
300	11.08.20 20:18:59	6,21	3,71	44,66	14,75	30,59
301	11.08.20 20:19:00	6,17	3,76	65,89	22,85	-1,26
302	11.08.20 20:19:01	6,10	3,76	52,88	13,07	-24,05
303	11.08.20 20:19:02	6,06	3,80	42,35	11,80	35,84
304	11.08.20 20:19:03	5,99	3,84	55,27	19,43	15,30
305	11.08.20 20:19:04	5,89	3,90	57,86	10,13	-22,02
306	11.08.20 20:19:05	5,85	3,92	39,78	17,96	32,26
307	11.08.20 20:19:06	5,78	3,95	42,94	23,12	23,94
308	11.08.20 20:19:07	5,71	3,94	56,40	13,01	-20,59
309	11.08.20 20:19:08	5,71	3,97	53,03	22,97	14,00
310	11.08.20 20:19:09	5,64	4,01	43,78	14,52	31,70
311	11.08.20 20:19:10	5,56	4,07	62,50	17,64	-9,86
312	11.08.20 20:19:11	5,53	4,07	56,70	23,54	-9,77
313	11.08.20 20:19:12	5,53	4,11	33,19	9,15	47,66
314	11.08.20 20:19:13	5,49	4,16	46,28	22,13	21,60
315	11.08.20 20:19:14	5,46	4,18	63,99	12,69	-13,32
316	11.08.20 20:19:15	5,49	4,16	67,09	20,99	-1,93
317	11.08.20 20:19:16	5,46	4,20	36,11	11,67	42,21
318	11.08.20 20:19:17	5,42	4,26	44,88	23,29	21,83
319	11.08.20 20:19:18	5,38	4,30	61,41	23,52	5,07
320	11.08.20 20:19:19	5,38	4,30	54,43	15,80	-19,77
321	11.08.20 20:19:20	5,38	4,35	37,04	11,10	41,86
322	11.08.20 20:19:21	5,28	4,39	44,49	17,61	27,90
323	11.08.20 20:19:22	5,20	4,41	64,76	18,54	-6,70
324	11.08.20 20:19:23	5,17	4,43	57,88	23,74	-8,38
325	11.08.20 20:19:24	5,13	4,45	30,06	5,26	54,68
326	11.08.20 20:19:25	5,06	4,49	36,28	19,52	34,20
327	11.08.20 20:19:26	4,99	4,51	46,57	22,42	21,02
328	11.08.20 20:19:27	4,91	4,58	61,60	19,66	-8,74
329	11.08.20 20:19:28	4,88	4,60	66,46	21,69	-1,85
330	11.08.20 20:19:29	4,84	4,60	36,59	7,76	45,65
331	11.08.20 20:19:30	4,77	4,62	39,61	18,93	31,45
332	11.08.20 20:19:31	4,73	4,66	48,16	24,97	16,87
333	11.08.20 20:19:32	4,70	4,68	54,73	18,49	-16,78
334	11.08.20 20:19:33	4,70	4,73	41,22	20,57	28,20
335	11.08.20 20:19:34	4,66	4,75	37,20	16,22	36,58
336	11.08.20 20:19:35	4,62	4,77	52,08	19,85	18,07
337	11.08.20 20:19:36	4,59	4,79	54,80	23,28	11,92
338	11.08.20 20:19:37	4,62	4,81	58,58	27,75	3,67
339	11.08.20 20:19:38	4,66	4,83	55,27	18,74	-15,98
340	11.08.20 20:19:39	4,66	4,85	34,67	13,96	41,37
341	11.08.20 20:19:40	4,62	4,87	31,13	16,04	42,83
342	11.08.20 20:19:41	4,51	4,96	46,92	23,06	20,02
343	11.08.20 20:19:42	4,40	4,98	65,99	23,93	0,09
344	11.08.20 20:19:43	4,37	5,00	58,97	21,75	-9,29
345	11.08.20 20:19:44	4,37	4,98	34,15	13,79	42,06
346	11.08.20 20:19:45	4,33	5,02	36,66	21,67	31,68
347	11.08.20 20:19:46	4,29	5,08	46,34	23,73	19,93
348	11.08.20 20:19:47	4,18	5,13	59,20	17,40	-13,40
349	11.08.20 20:19:48	4,18	5,13	53,53	24,26	12,21
350	11.08.20 20:19:49	4,18	5,15	32,65	11,83	45,51
351	11.08.20 20:19:50	4,14	5,19	35,07	19,18	35,75
352	11.08.20 20:19:51	4,11	5,19	43,49	24,65	21,86
353	11.08.20 20:19:52	4,11	5,23	62,23	25,62	2,16
354	11.08.20 20:19:53	4,07	5,25	60,66	21,82	-7,51
355	11.08.20 20:19:54	4,07	5,25	35,10	9,05	45,85
356	11.08.20 20:19:55	4,03	5,27	45,64	23,24	21,11
357	11.08.20 20:19:56	4,03	5,30	64,07	25,75	-0,18
358	11.08.20 20:19:57	4,07	5,36	62,33	23,29	-4,38
359	11.08.20 20:19:58	4,07	5,36	32,68	8,91	48,41
360	11.08.20 20:19:59	4,03	5,40	41,28	22,45	26,27
361	11.08.20 20:20:00	4,00	5,40	60,61	27,16	-2,24
362	11.08.20 20:20:01	4,00	5,44	58,10	19,32	-12,58
363	11.08.20 20:20:02	3,96	5,44	35,13	10,53	44,33
364	11.08.20 20:20:03	3,92	5,51	42,62	23,86	23,53
365	11.08.20 20:20:04	3,85	5,55	53,64	22,19	14,17
366	11.08.20 20:20:05	3,85	5,57	58,74	16,20	-15,06
367	11.08.20 20:20:06	3,85	5,59	42,07	19,69	28,24
368	11.08.20 20:20:07	3,85	5,59	29,29	12,82	47,89
369	11.08.20 20:20:08	3,81	5,64	31,65	13,43	44,92
370	11.08.20 20:20:09	3,77	5,68	37,78	15,13	37,09
371	11.08.20 20:20:10	3,77	5,72	41,85	12,84	35,31
372	11.08.20 20:20:11	3,73	5,76	39,22	12,19	38,59
373	11.08.20 20:20:12	3,77	5,76	28,85	4,50	56,65
374	11.08.20 20:20:13	3,77	5,78	23,03	-1,75	65,22
375	11.08.20 20:20:14	3,73	5,81	17,11	-7,06	65,83
376	11.08.20 20:20:15	3,55	5,87	18,70	-6,70	64,61
377	11.08.20 20:20:16	3,40	5,89	23,28	-7,01	59,71
378	11.08.20 20:20:17	3,32	5,91	27,16	-5,38	57,46
379	11.08.20 20:20:18	3,28	5,93	25,33	-3,06	61,61
380	11.08.20 20:20:19	3,28	5,93	21,96	-4,57	63,47
381	11.08.20 20:20:20	3,32	5,97	18,77	-6,40	64,83
382	11.08.20 20:20:21	3,25	6,01	16,96	-8,38	64,65
383	11.08.20 20:20:22	3,21	6,03	20,75	-6,98	62,27
384	11.08.20 20:20:23	3,17	6,06	33,67	-3,27	53,06
385	11.08.20 20:20:24	3,13	6,10	41,78	4,00	44,22
386	11.08.20 20:20:25	3,13	6,10	29,85	1,35	58,81
387	11.08.20 20:20:26	3,17	6,12	17,41	-7,86	64,73
388	11.08.20 20:20:27	3,13	6,16	18,40	-9,33	62,27
389	11.08.20 20:20:28	3,02	6,18	24,27	-5,49	60,24
390	11.08.20 20:20:29	2,98	6,18	28,75	-4,20	57,05
391	11.08.20 20:20:30	3,02	6,23	33,75	-0,49	55,76
392	11.08.20 20:20:31	3,02	6,27	37,43	3,48	49,09
393	11.08.20 20:20:32	3,06	6,27	35,35	5,67	48,98
394	11.08.20 20:20:33	3,06	6,29	31,58	0,34	58,08
395	11.08.20 20:20:34	3,06	6,35	32,96	-1,45	55,59
396	11.08.20 20:20:35	3,06	6,38	36,99	2,26	50,75
397	11.08.20 20:20:36	3,10	6,40	35,72	3,18	51,10
398	11.08.20 20:20:37	3,13	6,42	36,86	2,34	50,79
399	11.08.20 20:20:38	3,13	6,46	39,34	6,56	44,10
400	11.08.20 20:20:39	3,13	6,48	37,54	5,66	46,81
401	11.08.20 20:20:40	3,13	6,53	32,94	2,94	54,12
402	11.08.20 20:20:41	3,10	6,53	34,67	3,67	51,66
403	11.08.20 20:20:42	3,10	6,59	39,30	5,69	45,00
404	11.08.20 20:20:43	3,10	6,57	38,70	5,93	45,37
405	11.08.20 20:20:44	3,10	6,61	35,97	5,77	48,27
406	11.08.20 20:20:45	3,13	6,63	35,45	2,16	52,39
407	11.08.20 20:20:46	3,13	6,68	37,69	3,12	49,18
408	11.08.20 20:20:47	3,17	6,70	33,54	2,57	53,89
409	11.08.20 20:20:48	3,17	6,70	27,49	-1,32	61,19
410	11.08.20 20:20:49	3,17	6,74	22,72	-6,82	60,45
411	11.08.20 20:20:50	3,17	6,78	26,79	-6,59	56,62
412	11.08.20 20:20:51	3,17	6,85	27,20	-6,39	56,41
413	11.08.20 20:20:52	3,17	6,85	21,82	-10,65	57,53
414	11.08.20 20:20:53	3,10	6,89	19,66	-11,87	58,47
415	11.08.20 20:20:54	3,02	6,89	21,68	-10,89	57,43
416	11.08.20 20:20:55	3,02	6,95	23,52	-8,84	57,64
417	11.08.20 20:20:56	2,98	6,97	19,91	-10,95	59,14
418	11.08.20 20:20:57	2,98	7,00	23,05	-8,87	58,08
419	11.08.20 20:20:58	2,98	7,02	23,99	-8,48	57,53
420	11.08.20 20:20:59	3,02	7,06	22,49	-8,35	59,16
421	11.08.20 20:21:00	3,02	7,08	19,81	-10,02	60,18
422	11.08.20 20:21:01	2,98	7,10	16,96	-12,26	60,78
423	11.08.20 20:21:02	2,94	7,14	16,02	-12,91	61,07
424	11.08.20 20:21:03	2,91	7,17	19,98	-10,61	59,41
425	11.08.20 20:21:04	2,87	7,19	21,47	-9,54	58,99
426	11.08.20 20:21:05	2,87	7,21	21,23	-7,98	60,80
427	11.08.20 20:21:06	2,87	7,25	17,43	-9,90	62,67
428	11.08.20 20:21:07	2,87	7,29	19,13	-10,29	60,58
429	11.08.20 20:21:08	2,79	7,31	22,00	-7,91	60,09
430	11.08.20 20:21:09	2,72	7,33	17,23	-8,58	64,19
431	11.08.20 20:21:10	2,68	7,38	16,81	-9,83	63,35
432	11.08.20 20:21:11	2,60	7,40	22,42	-7,40	60,18
433	11.08.20 20:21:12	2,52	7,42	28,06	-1,93	60,01
434	11.08.20 20:21:13	2,49	7,46	24,97	-2,49	62,54
435	11.08.20 20:21:14	2,49	7,48	25,24	-2,60	62,16
436	11.08.20 20:21:15	2,49	7,50	26,17	-3,38	60,45
437	11.08.20 20:21:16	2,49	7,52	28,50	0,30	61,20
438	11.08.20 20:21:17	2,45	7,57	28,83	3,25	57,92
439	11.08.20 20:21:18	2,41	7,59	34,71	8,38	46,91
440	11.08.20 20:21:19	2,41	7,63	39,90	10,51	39,59
441	11.08.20 20:21:20	2,41	7,67	37,00	7,73	45,27
442	11.08.20 20:21:21	2,45	7,70	32,49	6,12	51,40
443	11.08.20 20:21:22	2,45	7,70	26,12	0,85	63,04
444	11.08.20 20:21:23	2,49	7,72	23,70	0,21	66,09
445	11.08.20 20:21:24	2,45	7,76	21,08	-2,09	66,83
446	11.08.20 20:21:25	2,41	7,78	29,00	0,87	60,14
447	11.08.20 20:21:26	2,37	7,82	38,62	10,46	40,92
448	11.08.20 20:21:27	2,37	7,84	33,35	9,01	47,64
449	11.08.20 20:21:28	2,37	7,87	28,45	2,79	58,77
450	11.08.20 20:21:29	2,37	7,91	28,84	6,36	54,80
451	11.08.20 20:21:30	2,33	7,93	29,01	5,76	55,23
452	11.08.20 20:21:31	2,29	7,95	36,09	12,83	41,07
453	11.08.20 20:21:32	2,26	7,99	39,72	9,41	40,87
454	11.08.20 20:21:33	2,26	8,01	41,90	14,23	33,87
455	11.08.20 20:21:34	2,26	8,04	28,17	2,92	58,90
456	11.08.20 20:21:35	2,26	8,06	17,78	-14,02	58,21
457	11.08.20 20:21:36	2,29	8,10	30,41	-7,44	52,15
458	11.08.20 20:21:37	2,29	8,14	28,42	-15,60	45,98
459	11.08.20 20:21:38	2,29	8,19	24,43	-18,21	47,36
460	11.08.20 20:21:39	2,26	8,23	18,73	-23,13	48,15
461	11.08.20 20:21:40	2,26	8,25	24,40	-21,95	43,65
462	11.08.20 20:21:41	2,22	8,27	24,11	-19,57	46,31
463	11.08.20 20:21:42	2,18	8,27	19,66	-20,84	49,51
464	11.08.20 20:21:43	2,14	8,27	19,91	-17,34	52,75
465	11.08.20 20:21:44	2,10	8,29	19,62	-15,80	54,58
466	11.08.20 20:21:45	2,06	8,31	21,71	-12,52	55,78
467	11.08.20 20:21:46	2,06	8,33	22,39	-13,02	54,59
468	11.08.20 20:21:47	2,02	8,35	24,36	-10,65	54,99
469	11.08.20 20:21:48	2,02	8,35	27,20	-11,24	51,55
470	11.08.20 20:21:49	2,02	8,38	26,94	-8,03	55,02
471	11.08.20 20:21:50	2,06	8,40	33,25	-5,26	51,48
472	11.08.20 20:21:51	2,06	8,44	37,99	-6,59	45,42
473	11.08.20 20:21:52	2,06	8,44	35,62	-7,84	46,54
474	11.08.20 20:21:53	2,10	8,46	35,79	-9,00	45,21
475	11.08.20 20:21:54	2,10	8,46	37,90	-7,47	44,63
476	11.08.20 20:21:55	2,10	8,46	39,78	-4,82	45,40
477	11.08.20 20:21:56	2,14	8,53	44,45	-7,53	38,02
478	11.08.20 20:21:57	2,14	8,55	48,49	-5,36	36,14
479	11.08.20 20:21:58	2,14	8,57	43,05	-5,55	41,40
480	11.08.20 20:21:59	2,14	8,57	41,15	-3,66	45,19
481	11.08.20 20:22:00	2,14	8,57	49,90	-5,87	34,23
482	11.08.20 20:22:01	2,14	8,63	53,00	-4,89	32,12
483	11.08.20 20:22:02	2,14	8,63	46,86	-5,53	37,62
484	11.08.20 20:22:03	2,14	8,66	46,46	-2,94	40,60
485	11.08.20 20:22:04	2,14	8,68	54,90	-3,86	31,24
486	11.08.20 20:22:05	2,14	8,70	53,59	-5,95	30,46
487	11.08.20 20:22:06	2,14	8,74	47,30	-5,30	37,40
488	11.08.20 20:22:07	2,14	8,74	49,10	-4,26	36,64
489	11.08.20 20:22:08	2,14	8,76	51,03	-3,82	35,15
490	11.08.20 20:22:09	2,14	8,80	46,69	-4,71	38,60
491	11.08.20 20:22:10	2,14	8,80	44,38	-3,54	42,08
492	11.08.20 20:22:11	2,14	8,83	48,11	-2,76	39,13
493	11.08.20 20:22:12	2,14	8,87	47,86	-3,32	38,82
494	11.08.20 20:22:13	2,14	8,91	41,16	-2,94	45,91
495	11.08.20 20:22:14	2,18	8,93	45,23	-1,03	43,74
496	11.08.20 20:22:15	2,14	8,95	53,08	-2,16	34,76
497	11.08.20 20:22:16	2,14	9,00	50,27	-3,55	36,18
498	11.08.20 20:22:17	2,14	9,00	44,98	-3,31	41,71
499	11.08.20 20:22:18	2,14	9,06	48,36	-2,14	39,50
500	11.08.20 20:22:19	2,14	9,06	48,74	-3,27	37,99
501	11.08.20 20:22:20	2,14	9,10	51,58	-2,58	35,84
502	11.08.20 20:22:21	2,14	9,13	55,79	-2,44	31,76
503	11.08.20 20:22:22	2,14	9,17	52,20	-3,54	34,26
504	11.08.20 20:22:23	2,18	9,17	47,03	-3,08	39,89
505	11.08.20 20:22:24	2,18	9,21	48,86	-1,99	39,15
506	11.08.20 20:22:25	2,18	9,26	52,30	-2,00	35,70
507	11.08.20 20:22:26	2,14	9,28	51,71	-2,77	35,52
508	11.08.20 20:22:27	2,14	9,30	49,16	-2,49	38,35
509	11.08.20 20:22:28	2,14	9,32	48,36	-1,92	39,72
510	11.08.20 20:22:29	2,14	9,36	47,77	-1,83	40,41
511	11.08.20 20:22:30	2,18	9,38	47,66	-1,02	41,32
512	11.08.20 20:22:31	2,18	9,41	51,02	-0,06	38,92
513	11.08.20 20:22:32	2,18	9,45	49,23	-1,17	39,59
514	11.08.20 20:22:33	2,18	9,47	52,26	-1,39	36,35
515	11.08.20 20:22:34	2,18	9,51	54,54	-2,38	33,07
516	11.08.20 20:22:35	2,18	9,55	50,89	-3,08	36,03
517	11.08.20 20:22:36	2,18	9,58	47,32	-4,36	38,32
518	11.08.20 20:22:37	2,14	9,62	52,71	-5,17	32,12
519	11.08.20 20:22:38	2,10	9,64	54,63	-6,96	28,41
520	11.08.20 20:22:39	2,10	9,68	51,07	-4,63	34,31
521	11.08.20 20:22:40	2,10	9,68	42,65	-3,78	43,57
522	11.08.20 20:22:41	2,06	9,72	48,26	-6,60	35,14
523	11.08.20 20:22:42	2,06	9,77	56,63	-4,41	28,96
524	11.08.20 20:22:43	2,06	9,79	48,39	-5,52	36,09
525	11.08.20 20:22:44	2,06	9,81	41,62	-4,79	43,59
526	11.08.20 20:22:45	2,06	9,83	45,20	1,49	43,31
527	11.08.20 20:22:46	2,06	9,87	54,95	-4,75	30,30
528	11.08.20 20:22:47	2,06	9,92	59,12	-3,63	27,24
529	11.08.20 20:22:48	2,06	9,94	48,47	-3,56	37,97
530	11.08.20 20:22:49	2,06	9,94	48,11	-0,67	41,21
531	11.08.20 20:22:50	2,02	9,98	25,89	-2,19	61,91
532	11.08.20 20:22:51	2,02	9,98	8,04	-1,55	80,41
533	11.08.20 20:22:52	2,02	9,98	1,81	2,42	85,77
534	11.08.20 20:22:53	2,02	9,98	-4,64	5,66	79,70
535	11.08.20 20:22:54	2,02	9,98	-2,82	5,40	81,78
536	11.08.20 20:22:55	1,98	9,98	-1,30	3,73	84,98
537	11.08.20 20:22:56	1,95	9,98	-4,48	5,06	80,45
538	11.08.20 20:22:57	1,95	10,00	-6,30	2,20	81,50
539	11.08.20 20:22:58	1,91	10,00	-1,98	-0,43	87,59
540	11.08.20 20:22:59	1,87	9,98	-3,08	2,11	84,81
541	11.08.20 20:23:00	1,87	9,98	-6,54	3,84	79,62
542	11.08.20 20:23:01	1,83	10,00	-2,72	0,77	86,52
543	11.08.20 20:23:02	1,83	10,00	-2,89	-1,69	85,42
544	11.08.20 20:23:03	1,83	9,98	-2,03	1,75	86,22
545	11.08.20 20:23:04	1,79	9,98	-5,16	-1,46	83,38
546	11.08.20 20:23:05	1,79	9,98	-2,89	2,33	84,78
547	11.08.20 20:23:06	1,79	9,98	-2,75	3,99	83,25
548	11.08.20 20:23:07	1,79	9,98	-3,51	-1,46	85,03
549	11.08.20 20:23:08	1,79	9,98	-5,45	-1,66	82,89
550	11.08.20 20:23:09	1,75	9,98	-3,07	2,74	84,18
551	11.08.20 20:23:10	1,75	9,96	-0,09	-1,73	88,18
552	11.08.20 20:23:11	1,75	9,98	-0,92	2,73	86,35
553	11.08.20 20:23:12	1,75	9,98	-6,60	3,23	80,17
554	11.08.20 20:23:13	1,75	9,98	-6,07	0,66	83,27
555	11.08.20 20:23:14	1,75	9,96	-1,84	-1,34	86,82
556	11.08.20 20:23:15	1,75	9,98	-2,93	3,65	83,43
557	11.08.20 20:23:16	1,75	9,98	-3,17	-0,44	86,40
558	11.08.20 20:23:17	1,75	9,96	-5,58	1,79	82,63
559	11.08.20 20:23:18	1,75	9,98	2,87	-0,53	86,60
560	11.08.20 20:23:19	1,75	9,96	-5,65	3,06	81,28
561	11.08.20 20:23:20	1,75	9,96	1,05	0,80	88,14
562	11.08.20 20:23:21	1,75	9,96	-5,25	-0,06	84,69
563	11.08.20 20:23:22	1,75	9,96	-6,56	1,43	82,02
564	11.08.20 20:23:23	1,75	9,98	-4,56	0,42	85,02
565	11.08.20 20:23:24	1,75	9,96	-4,32	1,87	83,80
566	11.08.20 20:23:25	1,75	9,96	-4,47	2,75	82,78
567	11.08.20 20:23:26	1,75	9,96	-5,71	2,01	82,28
568	11.08.20 20:23:27	1,75	9,98	-3,78	1,65	84,57
569	11.08.20 20:23:28	1,75	9,96	-3,44	0,97	85,60
570	11.08.20 20:23:29	1,75	9,96	-1,58	1,68	86,74
571	11.08.20 20:23:30	1,75	9,96	-5,06	0,00	84,94
572	11.08.20 20:23:31	1,75	9,96	-2,62	-0,30	87,09
573	11.08.20 20:23:32	1,75	9,96	-2,98	-0,12	86,90
574	11.08.20 20:23:33	1,75	9,94	-5,10	8,22	76,68
575	11.08.20 20:23:34	1,75	9,94	-3,57	2,20	84,23
576	11.08.20 20:23:35	1,79	9,96	-3,38	1,52	85,10
577	11.08.20 20:23:36	1,79	9,94	-5,44	3,87	80,68
578	11.08.20 20:23:37	1,79	9,94	-2,38	3,68	83,94
579	11.08.20 20:23:38	1,79	9,94	-5,33	5,79	78,87
580	11.08.20 20:23:39	1,79	9,96	-1,54	7,21	81,24
581	11.08.20 20:23:40	1,79	9,91	-2,03	4,68	83,30
582	11.08.20 20:23:41	1,79	9,94	-4,59	3,04	82,37
583	11.08.20 20:23:42	1,79	9,94	-5,44	2,10	82,46
584	11.08.20 20:23:43	1,79	9,94	-2,43	-1,14	86,43
585	11.08.20 20:23:44	1,79	9,94	-4,13	2,24	83,62
586	11.08.20 20:23:45	1,79	9,94	-5,75	-0,96	83,29
587	11.08.20 20:23:46	1,79	9,94	-5,39	-2,76	81,85
588	11.08.20 20:23:47	1,79	9,91	-5,51	2,37	82,12
589	11.08.20 20:23:48	1,79	9,94	-2,14	1,46	86,39
590	11.08.20 20:23:49	1,79	9,94	-2,81	-0,39	86,81
591	11.08.20 20:23:50	1,79	9,94	-5,00	0,47	84,53
592	11.08.20 20:23:51	1,79	9,94	-2,04	-1,42	86,54
593	11.08.20 20:23:52	1,79	9,94	-4,73	-0,76	84,50
594	11.08.20 20:23:53	1,83	9,94	-0,44	0,15	89,41
595	11.08.20 20:23:54	1,83	9,91	-4,32	-1,85	83,82
596	11.08.20 20:23:55	1,83	9,94	-2,98	0,42	86,60
597	11.08.20 20:23:56	1,83	9,94	-3,97	-0,88	85,15
598	11.08.20 20:23:57	1,83	9,94	-4,49	-3,88	81,63
599	11.08.20 20:23:58	1,83	9,91	-2,75	-4,01	83,24
600	11.08.20 20:23:59	1,83	9,91	-3,90	-5,42	80,69
601	11.08.20 20:24:00	1,83	9,94	-0,15	-1,54	88,31
602	11.08.20 20:24:01	1,83	9,94	-5,79	-0,98	83,23
603	11.08.20 20:24:02	1,83	9,91	-3,90	-0,51	85,60
604	11.08.20 20:24:03	1,83	9,91	-2,54	-2,42	85,03
605	11.08.20 20:24:04	1,83	9,94	-2,87	-0,23	86,90
606	11.08.20 20:24:05	1,83	9,91	-3,77	-0,65	85,58
607	11.08.20 20:24:06	1,79	9,91	-4,17	-0,06	85,77
608	11.08.20 20:24:07	1,79	9,94	-5,79	2,20	82,01
609	11.08.20 20:24:08	1,79	9,94	-4,24	1,63	84,12
610	11.08.20 20:24:09	1,79	9,94	-3,30	1,25	85,45
611	11.08.20 20:24:10	1,79	9,91	-1,93	0,82	87,25
612	11.08.20 20:24:11	1,79	9,91	1,27	1,55	87,18
613	11.08.20 20:24:12	1,79	9,91	-4,80	1,44	83,76
614	11.08.20 20:24:13	1,79	9,91	-2,95	-1,00	86,05
615	11.08.20 20:24:14	1,79	9,91	-2,77	1,82	85,41
616	11.08.20 20:24:15	1,79	9,91	-3,33	3,87	82,80
617	11.08.20 20:24:16	1,79	9,91	-3,99	1,07	84,94
618	11.08.20 20:24:17	1,79	9,91	-5,38	2,45	82,17
619	11.08.20 20:24:18	1,79	9,89	-3,53	2,47	84,00
620	11.08.20 20:24:19	1,79	9,87	-3,20	3,33	83,47
621	11.08.20 20:24:20	1,79	9,89	-4,65	2,80	82,56
622	11.08.20 20:24:21	1,79	9,91	-4,06	2,84	83,11
623	11.08.20 20:24:22	1,79	9,89	-4,70	4,79	80,50
624	11.08.20 20:24:23	1,79	9,91	-4,34	3,41	82,25
625	11.08.20 20:24:24	1,79	9,89	-4,98	1,98	83,04
626	11.08.20 20:24:25	1,79	9,89	-3,94	-1,29	84,77
627	11.08.20 20:24:26	1,79	9,91	-3,10	-0,29	86,60
628	11.08.20 20:24:27	1,79	9,89	-3,92	0,52	85,56
629	11.08.20 20:24:28	1,75	9,89	-3,73	3,94	82,33
630	11.08.20 20:24:29	1,79	9,89	-5,23	4,12	80,65
631	11.08.20 20:24:30	1,75	9,89	-3,07	3,62	83,31
632	11.08.20 20:24:31	1,75	9,87	-5,18	2,45	82,37
633	11.08.20 20:24:32	1,75	9,89	-6,27	2,90	80,82
634	11.08.20 20:24:33	1,75	9,87	-3,72	3,85	82,43
635	11.08.20 20:24:34	1,75	9,89	-4,46	2,84	82,70
636	11.08.20 20:24:35	1,75	9,87	-5,44	5,71	78,85
637	11.08.20 20:24:36	1,75	9,87	-6,98	2,88	80,14
638	11.08.20 20:24:37	1,75	9,87	-2,91	6,27	80,82
639	11.08.20 20:24:38	1,75	9,87	-4,26	5,97	79,77
640	11.08.20 20:24:39	1,75	9,87	-5,68	6,08	78,25
641	11.08.20 20:24:40	1,75	9,87	-4,00	5,08	80,93
642	11.08.20 20:24:41	1,75	9,89	-7,37	4,59	78,05
643	11.08.20 20:24:42	1,75	9,87	-2,53	6,48	80,99
644	11.08.20 20:24:43	1,75	9,87	-4,34	5,53	80,13
645	11.08.20 20:24:44	1,75	9,89	-5,09	5,03	79,88
646	11.08.20 20:24:45	1,71	9,87	-4,52	4,58	80,89
647	11.08.20 20:24:46	1,71	9,87	-2,88	4,66	82,46
648	11.08.20 20:24:47	1,71	9,87	-3,94	4,77	81,29
649	11.08.20 20:24:48	1,71	9,87	-4,87	3,33	81,80
650	11.08.20 20:24:49	1,71	9,87	-4,84	5,61	79,55
651	11.08.20 20:24:50	1,71	9,85	-4,63	5,12	80,26
652	11.08.20 20:24:51	1,71	9,87	-4,67	4,24	81,10
653	11.08.20 20:24:52	1,71	9,85	-5,08	4,90	80,01
654	11.08.20 20:24:53	1,71	9,85	-5,42	4,97	79,61
655	11.08.20 20:24:54	1,67	9,87	-3,55	5,72	80,73
656	11.08.20 20:24:55	1,67	9,87	-5,97	6,70	77,33
657	11.08.20 20:24:56	1,67	9,87	-4,91	5,67	79,42
658	11.08.20 20:24:57	1,67	9,87	-5,58	2,66	81,76
659	11.08.20 20:24:58	1,67	9,87	-4,27	3,96	81,77
660	11.08.20 20:24:59	1,67	9,85	-3,25	4,77	81,98
661	11.08.20 20:25:00	1,67	9,85	-5,16	3,51	81,34
662	11.08.20 20:25:01	1,67	9,85	-4,70	5,53	79,78
663	11.08.20 20:25:02	1,67	9,85	-4,17	5,48	80,35
664	11.08.20 20:25:03	1,67	9,85	-0,28	6,63	83,10
665	11.08.20 20:25:04	1,67	9,83	-2,22	6,37	81,41
666	11.08.20 20:25:05	1,67	9,85	-6,27	3,72	80,01
667	11.08.20 20:25:06	1,63	9,87	-2,94	9,69	77,37
668	11.08.20 20:25:07	1,67	9,85	-1,88	7,86	80,26
669	11.08.20 20:25:08	1,67	9,85	-5,01	4,57	80,42
670	11.08.20 20:25:09	1,63	9,87	-4,81	5,28	79,91
671	11.08.20 20:25:10	1,63	9,83	-3,22	5,11	81,67
672	11.08.20 20:25:11	1,63	9,85	-2,04	5,45	82,51
673	11.08.20 20:25:12	1,63	9,83	-5,41	4,43	80,16
674	11.08.20 20:25:13	1,63	9,83	-2,59	7,01	80,39
675	11.08.20 20:25:14	1,63	9,85	-3,07	6,44	80,49
676	11.08.20 20:25:15	1,63	9,83	-3,53	5,87	80,60
677	11.08.20 20:25:16	1,63	9,83	-5,19	4,81	80,01
678	11.08.20 20:25:17	1,63	9,83	2,59	2,45	84,97
679	11.08.20 20:25:18	1,63	9,83	-2,13	5,48	82,39
680	11.08.20 20:25:19	1,63	9,83	-3,50	4,02	82,48
681	11.08.20 20:25:20	1,63	9,85	-5,40	4,93	79,67
682	11.08.20 20:25:21	1,63	9,81	-3,78	6,12	80,09
683	11.08.20 20:25:22	1,63	9,81	-5,30	6,43	78,27
684	11.08.20 20:25:23	1,63	9,83	-3,13	4,89	81,98
685	11.08.20 20:25:24	1,63	9,83	-3,57	5,49	80,94
686	11.08.20 20:25:25	1,63	9,81	-3,99	5,22	80,79
687	11.08.20 20:25:26	1,63	9,83	-3,73	4,79	81,49
688	11.08.20 20:25:27	1,63	9,81	-5,13	8,89	75,99
689	11.08.20 20:25:28	1,63	9,81	-2,74	4,08	83,18
690	11.08.20 20:25:29	1,63	9,85	-6,14	7,78	76,08
691	11.08.20 20:25:30	1,63	9,81	-5,47	5,86	78,67
692	11.08.20 20:25:31	1,63	9,83	-4,42	6,82	78,76
693	11.08.20 20:25:32	1,63	9,83	-4,21	6,29	79,50
694	11.08.20 20:25:33	1,59	9,80	-4,35	5,68	79,97
695	11.08.20 20:25:34	1,63	9,81	-3,61	8,46	77,93
696	11.08.20 20:25:35	1,59	9,83	-3,89	5,26	80,85
697	11.08.20 20:25:36	1,59	9,80	-4,63	4,16	81,21
698	11.08.20 20:25:37	1,59	9,80	-4,83	2,05	83,13
699	11.08.20 20:25:38	1,59	9,80	-3,67	5,22	81,11
700	11.08.20 20:25:39	1,59	9,78	-5,05	6,45	78,49
701	11.08.20 20:25:40	1,59	9,78	-2,48	5,97	81,55
702	11.08.20 20:25:41	1,59	9,78	-2,99	6,15	80,85
703	11.08.20 20:25:42	1,59	9,80	-4,68	6,00	79,32
704	11.08.20 20:25:43	1,59	9,80	-4,34	5,61	80,05
705	11.08.20 20:25:44	1,59	9,76	-3,19	5,41	81,41
706	11.08.20 20:25:45	1,59	9,78	-2,52	4,01	83,47
707	11.08.20 20:25:46	1,59	9,78	-4,61	4,41	80,97
708	11.08.20 20:25:47	1,59	9,78	-3,45	5,41	81,14
709	11.08.20 20:25:48	1,59	9,78	-4,91	4,65	80,44
710	11.08.20 20:25:49	1,59	9,78	-3,13	5,47	81,40
711	11.08.20 20:25:50	1,59	9,78	-4,85	6,85	78,30
712	11.08.20 20:25:51	1,59	9,80	-3,69	4,49	81,82
713	11.08.20 20:25:52	1,59	9,78	-2,85	5,16	81,99
714	11.08.20 20:25:53	1,59	9,76	-3,67	4,27	82,06
715	11.08.20 20:25:54	1,59	9,78	-3,84	6,11	80,05
716	11.08.20 20:25:55	1,59	9,78	-5,53	7,87	76,61
717	11.08.20 20:25:56	1,59	9,80	-3,70	6,72	79,58
718	11.08.20 20:25:57	1,59	9,78	-3,39	8,17	78,44
719	11.08.20 20:25:58	1,56	9,78	-3,97	6,04	79,99
720	11.08.20 20:25:59	1,59	9,76	-4,49	5,48	80,03
721	11.08.20 20:26:00	1,56	9,76	-4,54	5,33	80,14
722	11.08.20 20:26:01	1,56	9,76	-5,37	5,16	79,48
723	11.08.20 20:26:02	1,56	9,78	-2,27	8,64	79,09
724	11.08.20 20:26:03	1,56	9,76	-5,27	5,78	78,95
725	11.08.20 20:26:04	1,56	9,78	-7,38	4,73	77,90
726	11.08.20 20:26:05	1,56	9,74	-3,06	4,72	82,22
727	11.08.20 20:26:06	1,56	9,76	-6,14	7,03	76,83
728	11.08.20 20:26:07	1,56	9,78	-3,66	5,19	81,15
729	11.08.20 20:26:08	1,56	9,74	-4,77	6,91	78,32
730	11.08.20 20:26:09	1,56	9,76	-1,53	6,12	82,35
731	11.08.20 20:26:10	1,56	9,74	-6,39	5,72	77,90
732	11.08.20 20:26:11	1,56	9,74	-7,39	3,89	78,72
733	11.08.20 20:26:12	1,56	9,74	-6,89	5,20	77,92
734	11.08.20 20:26:13	1,56	9,76	-1,59	4,28	84,13
735	11.08.20 20:26:14	1,56	9,78	-4,99	4,99	80,02
736	11.08.20 20:26:15	1,56	9,76	-8,03	5,71	76,27
737	11.08.20 20:26:16	1,56	9,74	-1,50	3,73	84,76
738	11.08.20 20:26:17	1,56	9,74	-5,69	4,27	80,04
739	11.08.20 20:26:18	1,56	9,76	-5,65	6,57	77,78
740	11.08.20 20:26:19	1,56	9,76	-4,07	5,00	80,93
741	11.08.20 20:26:20	1,56	9,74	-2,94	6,66	80,40
742	11.08.20 20:26:21	1,56	9,76	-5,85	5,87	78,28
743	11.08.20 20:26:22	1,56	9,76	-8,87	5,11	76,02
744	11.08.20 20:26:23	1,56	9,74	-4,28	4,20	81,52
745	11.08.20 20:26:24	1,52	9,74	-4,54	5,41	80,04
746	11.08.20 20:26:25	1,52	9,74	-4,40	3,14	82,46
747	11.08.20 20:26:26	1,52	9,74	-4,11	2,74	83,15
748	11.08.20 20:26:27	1,52	9,74	-4,70	4,70	80,61
749	11.08.20 20:26:28	1,52	9,72	-4,21	3,55	82,24
750	11.08.20 20:26:29	1,52	9,74	-4,06	3,66	82,27
751	11.08.20 20:26:30	1,52	9,74	-3,15	3,83	83,02
752	11.08.20 20:26:31	1,52	9,72	-4,96	5,51	79,53
753	11.08.20 20:26:32	1,52	9,74	-4,48	4,03	81,49
754	11.08.20 20:26:33	1,52	9,72	-4,41	2,79	82,80
755	11.08.20 20:26:34	1,52	9,76	-4,83	5,07	80,10
756	11.08.20 20:26:35	1,52	9,72	-4,55	4,95	80,51
757	11.08.20 20:26:36	1,52	9,72	-5,60	3,70	80,70
758	11.08.20 20:26:37	1,52	9,72	-5,07	4,27	80,66
759	11.08.20 20:26:38	1,52	9,74	-6,30	2,22	81,48
760	11.08.20 20:26:39	1,52	9,72	-5,56	4,86	79,58
761	11.08.20 20:26:40	1,52	9,70	-4,26	2,75	82,99
762	11.08.20 20:26:41	1,52	9,72	-4,95	5,33	79,72
763	11.08.20 20:26:42	1,52	9,72	-5,28	3,80	80,92
764	11.08.20 20:26:43	1,52	9,72	-5,15	3,37	81,48
765	11.08.20 20:26:44	1,52	9,74	-3,82	3,98	82,19
766	11.08.20 20:26:45	1,52	9,72	-3,56	4,19	82,25
767	11.08.20 20:26:46	1,52	9,72	-4,24	3,55	82,21
768	11.08.20 20:26:47	1,52	9,74	-5,01	4,32	80,67
769	11.08.20 20:26:48	1,52	9,72	-6,07	3,33	80,60
770	11.08.20 20:26:49	1,48	9,72	-5,57	4,22	80,21
771	11.08.20 20:26:50	1,48	9,74	-5,21	3,65	81,14
772	11.08.20 20:26:51	1,48	9,72	-2,44	4,47	83,10
773	11.08.20 20:26:52	1,48	9,74	-4,83	4,04	81,12
774	11.08.20 20:26:53	1,48	9,72	-5,10	3,97	80,92
775	11.08.20 20:26:54	1,48	9,74	-5,59	3,84	80,58
776	11.08.20 20:26:55	1,48	9,72	-5,39	3,19	81,42
777	11.08.20 20:26:56	1,48	9,70	-3,98	1,41	84,61
778	11.08.20 20:26:57	1,48	9,72	-3,57	0,62	85,81
779	11.08.20 20:26:58	1,48	9,72	-3,47	3,46	83,08
780	11.08.20 20:26:59	1,48	9,72	-5,69	3,09	81,22
781	11.08.20 20:27:00	1,48	9,72	-2,96	4,54	82,50
782	11.08.20 20:27:01	1,48	9,70	-1,84	3,81	84,35
783	11.08.20 20:27:02	1,48	9,70	-5,23	2,55	82,22
784	11.08.20 20:27:03	1,48	9,70	-3,98	4,55	81,47
785	11.08.20 20:27:04	1,48	9,70	0,06	4,92	85,02
786	11.08.20 20:27:05	1,48	9,70	-5,50	5,61	78,89
787	11.08.20 20:27:06	1,48	9,70	-5,32	5,95	78,73
788	11.08.20 20:27:07	1,48	9,67	-5,32	5,69	78,99
789	11.08.20 20:27:08	1,48	9,70	-3,47	2,98	83,55
790	11.08.20 20:27:09	1,48	9,70	-1,72	3,22	85,06
791	11.08.20 20:27:10	1,48	9,70	-5,02	3,56	81,42
792	11.08.20 20:27:11	1,48	9,70	-9,80	3,54	76,65
793	11.08.20 20:27:12	1,48	9,70	-4,29	6,10	79,61
794	11.08.20 20:27:13	1,48	9,70	-6,39	3,55	80,06
795	11.08.20 20:27:14	1,48	9,70	-2,97	3,08	83,96
796	11.08.20 20:27:15	1,48	9,70	-4,60	2,99	82,41
797	11.08.20 20:27:16	1,48	9,70	-3,70	3,15	83,15
798	11.08.20 20:27:17	1,44	9,70	-5,58	4,27	80,15
799	11.08.20 20:27:18	1,44	9,67	-5,23	4,73	80,05
800	11.08.20 20:27:19	1,44	9,67	-4,51	5,75	79,74
801	11.08.20 20:27:20	1,44	9,70	-5,77	5,62	78,61
802	11.08.20 20:27:21	1,44	9,70	-6,11	4,07	79,82
803	11.08.20 20:27:22	1,44	9,70	-5,01	4,40	80,59
804	11.08.20 20:27:23	1,44	9,70	-5,09	6,90	78,01
805	11.08.20 20:27:24	1,44	9,70	-3,62	7,37	79,01
806	11.08.20 20:27:25	1,44	9,67	-6,25	6,80	76,95
807	11.08.20 20:27:26	1,44	9,70	-5,57	7,48	76,95
808	11.08.20 20:27:27	1,44	9,70	-5,17	5,84	78,99
809	11.08.20 20:27:28	1,44	9,65	-4,84	6,54	78,61
810	11.08.20 20:27:29	1,44	9,70	-3,23	6,92	79,85
811	11.08.20 20:27:30	1,44	9,67	-4,20	-2,52	83,27
812	11.08.20 20:27:31	1,44	9,70	5,76	-20,24	64,00
813	11.08.20 20:27:32	1,44	9,67	-9,39	-1,13	79,48
814	11.08.20 20:27:33	1,44	9,70	6,50	-2,00	81,50
815	11.08.20 20:27:34	1,44	9,70	-9,71	2,18	78,11
816	11.08.20 20:27:35	1,44	9,70	-5,38	3,25	81,38
817	11.08.20 20:27:36	1,44	9,70	-5,64	4,01	80,36
818	11.08.20 20:27:37	1,44	9,70	-6,54	3,04	80,42
819	11.08.20 20:27:38	1,44	9,67	-4,72	3,10	82,18
820	11.08.20 20:27:39	1,44	9,67	-5,76	3,08	81,16
821	11.08.20 20:27:40	1,44	9,67	-5,34	-0,21	84,45
822	11.08.20 20:27:41	1,44	9,67	-7,62	-0,12	82,26
823	11.08.20 20:27:42	1,44	9,67	-4,50	-0,03	85,47
824	11.08.20 20:27:43	1,44	9,67	-8,22	0,89	80,89
825	11.08.20 20:27:44	1,44	9,67	-5,00	5,12	79,88
826	11.08.20 20:27:45	1,44	9,70	-6,91	4,53	78,56
827	11.08.20 20:27:46	1,40	9,69	-5,76	4,62	79,62
828	11.08.20 20:27:47	1,44	9,70	-2,19	4,21	83,60
829	11.08.20 20:27:48	1,40	9,67	-4,50	3,42	82,09
830	11.08.20 20:27:49	1,40	9,69	-3,53	6,35	80,12
831	11.08.20 20:27:50	1,40	9,67	-4,33	4,66	81,01
832	11.08.20 20:27:51	1,40	9,67	-4,80	4,80	80,40
833	11.08.20 20:27:52	1,40	9,67	-4,55	3,25	82,20
834	11.08.20 20:27:53	1,40	9,67	-6,41	3,69	79,90
835	11.08.20 20:27:54	1,40	9,67	-5,41	4,00	80,59
836	11.08.20 20:27:55	1,40	9,65	-1,92	3,28	84,80
837	11.08.20 20:27:56	1,40	9,67	-7,44	7,72	74,84
838	11.08.20 20:27:57	1,40	9,67	-4,17	1,84	83,99
839	11.08.20 20:27:58	1,40	9,67	-4,57	3,27	82,15
840	11.08.20 20:27:59	1,40	9,65	-3,10	4,37	82,52
841	11.08.20 20:28:00	1,40	9,65	-4,60	3,83	81,57
842	11.08.20 20:28:01	1,40	9,65	-5,94	2,95	81,11
843	11.08.20 20:28:02	1,40	9,67	-3,05	4,96	81,99
844	11.08.20 20:28:03	1,40	9,65	-4,52	6,56	78,92
845	11.08.20 20:28:04	1,40	9,67	-5,94	3,78	80,29
846	11.08.20 20:28:05	1,40	9,67	-8,16	3,43	78,41
847	11.08.20 20:28:06	1,40	9,65	-4,65	3,68	81,67
848	11.08.20 20:28:07	1,40	9,63	-5,40	6,99	77,61
849	11.08.20 20:28:08	1,40	9,65	-4,89	1,60	83,51
850	11.08.20 20:28:09	1,40	9,63	-4,22	3,25	82,53
851	11.08.20 20:28:10	1,40	9,65	-7,23	5,70	77,07
852	11.08.20 20:28:11	1,40	9,65	-5,70	2,56	81,74
853	11.08.20 20:28:12	1,40	9,65	-3,96	8,49	77,56
854	11.08.20 20:28:13	1,40	9,63	-4,65	7,12	78,23
855	11.08.20 20:28:14	1,40	9,67	-7,05	4,76	78,19
856	11.08.20 20:28:15	1,40	9,65	-3,94	4,15	81,90
857	11.08.20 20:28:16	1,40	9,63	-3,55	3,36	83,08
858	11.08.20 20:28:17	1,40	9,65	-3,54	5,43	81,03
859	11.08.20 20:28:18	1,36	9,63	-3,83	7,11	79,06
860	11.08.20 20:28:19	1,36	9,65	-6,15	-3,06	80,79
861	11.08.20 20:28:20	1,36	9,63	-6,19	3,56	80,25
862	11.08.20 20:28:21	1,36	9,63	-3,84	2,00	84,16
863	11.08.20 20:28:22	1,36	9,63	-7,12	6,86	76,02
864	11.08.20 20:28:23	1,36	9,65	-3,21	6,45	80,34
865	11.08.20 20:28:24	1,36	9,65	-5,75	3,87	80,38
866	11.08.20 20:28:25	1,36	9,63	-6,32	3,20	80,48
867	11.08.20 20:28:26	1,36	9,63	-3,99	4,46	81,55
868	11.08.20 20:28:27	1,36	9,65	-7,25	7,13	75,62
869	11.08.20 20:28:28	1,36	9,63	-5,54	2,13	82,33
870	11.08.20 20:28:29	1,36	9,63	-2,32	1,44	86,23
871	11.08.20 20:28:30	1,36	9,65	-0,88	3,23	85,89
872	11.08.20 20:28:31	1,36	9,61	-4,89	3,75	81,36
873	11.08.20 20:28:32	1,36	9,61	-6,53	1,60	81,87
874	11.08.20 20:28:33	1,36	9,63	-4,50	1,68	83,82
875	11.08.20 20:28:34	1,36	9,59	-5,68	1,89	82,43
876	11.08.20 20:28:35	1,36	9,63	-5,66	5,12	79,22
877	11.08.20 20:28:36	1,36	9,63	-5,30	2,73	81,96
878	11.08.20 20:28:37	1,36	9,63	-4,23	1,48	84,29
879	11.08.20 20:28:38	1,36	9,61	-3,00	4,57	82,43
880	11.08.20 20:28:39	1,36	9,63	-3,13	4,10	82,77
881	11.08.20 20:28:40	1,36	9,63	-5,76	3,02	81,22
882	11.08.20 20:28:41	1,36	9,61	-4,88	1,87	83,25
883	11.08.20 20:28:42	1,36	9,61	-2,35	3,44	84,21
884	11.08.20 20:28:43	1,36	9,61	-6,21	2,87	80,92
885	11.08.20 20:28:44	1,36	9,61	-4,88	3,24	81,88
886	11.08.20 20:28:45	1,36	9,61	-2,77	2,77	84,46
887	11.08.20 20:28:46	1,36	9,61	-4,92	4,23	80,85
888	11.08.20 20:28:47	1,36	9,63	-5,46	2,21	82,33
889	11.08.20 20:28:48	1,36	9,63	-4,54	3,15	82,31
890	11.08.20 20:28:49	1,36	9,61	-4,08	3,89	82,03
891	11.08.20 20:28:50	1,36	9,59	-5,16	4,31	80,53
892	11.08.20 20:28:51	1,36	9,59	-4,41	2,51	83,08
893	11.08.20 20:28:52	1,36	9,61	-0,54	-0,80	88,66
894	11.08.20 20:28:53	1,36	9,61	-3,73	4,32	81,94
895	11.08.20 20:28:54	1,36	9,61	-6,88	4,72	78,40
896	11.08.20 20:28:55	1,32	9,61	-4,61	2,19	83,20
897	11.08.20 20:28:56	1,32	9,59	-2,69	4,32	82,99
898	11.08.20 20:28:57	1,32	9,59	-4,73	4,17	81,10
899	11.08.20 20:28:58	1,32	9,59	-4,66	4,25	81,09
900	11.08.20 20:28:59	1,32	9,61	-3,72	4,32	81,96
901	11.08.20 20:29:00	1,32	9,57	-3,88	3,49	82,63
902	11.08.20 20:29:01	1,32	9,59	-3,95	3,78	82,27
903	11.08.20 20:29:02	1,32	9,59	-5,02	4,36	80,62
904	11.08.20 20:29:03	1,32	9,57	-3,15	2,25	84,60
905	11.08.20 20:29:04	1,32	9,59	-3,80	5,27	80,93
906	11.08.20 20:29:05	1,32	9,57	-4,27	4,90	80,84
907	11.08.20 20:29:06	1,32	9,59	-2,55	5,10	82,36
908	11.08.20 20:29:07	1,32	9,57	-2,42	6,11	81,47
909	11.08.20 20:29:08	1,32	9,57	-2,28	2,68	85,05
910	11.08.20 20:29:09	1,32	9,59	-2,49	4,74	82,77
911	11.08.20 20:29:10	1,32	9,57	-3,44	4,95	81,61
912	11.08.20 20:29:11	1,32	9,54	-5,39	6,03	78,58
913	11.08.20 20:29:12	1,32	9,57	-21,39	4,88	63,73
914	11.08.20 20:29:13	1,32	9,59	-5,75	7,13	77,12
915	11.08.20 20:29:14	1,32	9,57	-5,18	7,44	77,38
916	11.08.20 20:29:15	1,32	9,59	-5,89	4,72	79,38
917	11.08.20 20:29:16	1,32	9,57	-3,43	7,12	79,46
918	11.08.20 20:29:17	1,32	9,57	2,73	2,09	85,18
919	11.08.20 20:29:18	1,32	9,57	-5,28	5,24	79,48
920	11.08.20 20:29:19	1,32	9,59	-4,80	6,19	79,01
921	11.08.20 20:29:20	1,32	9,59	-3,88	7,14	78,98
922	11.08.20 20:29:21	1,32	9,57	-0,48	4,44	85,08
923	11.08.20 20:29:22	1,32	9,59	-7,55	7,29	75,16
924	11.08.20 20:29:23	1,32	9,54	-3,00	8,30	78,70
925	11.08.20 20:29:24	1,32	9,57	6,96	15,50	67,54
926	11.08.20 20:29:25	1,32	9,57	-5,02	6,61	78,36
927	11.08.20 20:29:26	1,32	9,57	-3,04	7,58	79,37
928	11.08.20 20:29:27	1,32	9,54	-4,79	6,06	79,15
929	11.08.20 20:29:28	1,32	9,57	-5,74	6,36	77,90
930	11.08.20 20:29:29	1,32	9,54	-3,28	1,15	85,57
931	11.08.20 20:29:30	1,32	9,54	-3,31	4,00	82,69
932	11.08.20 20:29:31	1,32	9,54	-4,67	4,93	80,40
933	11.08.20 20:29:32	1,32	9,54	-6,07	0,98	82,96
934	11.08.20 20:29:33	1,32	9,54	-2,72	1,74	85,54
935	11.08.20 20:29:34	1,32	9,57	-4,15	3,63	82,22
936	11.08.20 20:29:35	1,32	9,57	-4,43	1,46	84,11
937	11.08.20 20:29:36	1,32	9,54	-4,79	2,23	82,97
938	11.08.20 20:29:37	1,32	9,54	-4,88	4,09	81,03
939	11.08.20 20:29:38	1,32	9,57	-3,67	4,52	81,80
940	11.08.20 20:29:39	1,32	9,57	-4,50	2,72	82,77
941	11.08.20 20:29:40	1,32	9,57	-6,39	0,63	82,99
942	11.08.20 20:29:41	1,32	9,57	-4,92	1,25	83,83
943	11.08.20 20:29:42	1,32	9,54	-2,88	1,36	85,75
944	11.08.20 20:29:43	1,32	9,54	-2,56	2,20	85,24
945	11.08.20 20:29:44	1,32	9,54	-5,30	3,50	81,20
946	11.08.20 20:29:45	1,32	9,54	-4,39	0,98	84,63
947	11.08.20 20:29:46	1,28	9,54	-4,03	3,80	82,17
948	11.08.20 20:29:47	1,28	9,54	-2,24	7,84	79,92
949	11.08.20 20:29:48	1,28	9,52	-4,24	5,38	80,38
950	11.08.20 20:29:49	1,28	9,54	-6,84	1,86	81,30
951	11.08.20 20:29:50	1,28	9,54	-2,43	0,24	87,34
952	11.08.20 20:29:51	1,28	9,54	-4,05	4,38	81,57
953	11.08.20 20:29:52	1,28	9,54	-3,42	4,96	81,62
954	11.08.20 20:29:53	1,28	9,56	-5,38	2,79	81,83
955	11.08.20 20:29:54	1,28	9,56	-5,09	3,45	81,46
956	11.08.20 20:29:55	1,28	9,54	-0,75	6,62	82,63
957	11.08.20 20:29:56	1,28	9,54	-4,97	9,80	75,23
958	11.08.20 20:29:57	1,28	9,54	-4,26	3,62	82,12
959	11.08.20 20:29:58	1,28	9,54	-3,55	4,13	82,31
960	11.08.20 20:29:59	1,28	9,54	-2,78	4,92	82,30
961	11.08.20 20:30:00	1,28	9,54	-3,63	3,41	82,96
962	11.08.20 20:30:01	1,28	9,54	-2,16	5,68	82,16
963	11.08.20 20:30:02	1,28	9,54	0,99	6,32	82,68
964	11.08.20 20:30:03	1,28	9,56	-3,55	2,59	83,86
965	11.08.20 20:30:04	1,28	9,54	-4,94	2,17	82,88
966	11.08.20 20:30:05	1,28	9,54	1,26	6,21	82,53
967	11.08.20 20:30:06	1,28	9,54	1,88	6,99	81,13
968	11.08.20 20:30:07	1,28	9,54	-0,18	5,60	84,22
969	11.08.20 20:30:08	1,28	9,54	-1,10	7,54	81,36
970	11.08.20 20:30:09	1,28	9,52	1,10	8,95	79,95
971	11.08.20 20:30:10	1,28	9,52	0,45	7,09	82,46
972	11.08.20 20:30:11	1,28	9,54	6,38	7,47	76,15
973	11.08.20 20:30:12	1,28	9,52	6,26	9,39	74,34
974	11.08.20 20:30:13	1,28	9,54	3,53	8,65	77,82
975	11.08.20 20:30:14	1,28	9,54	5,26	8,35	76,40
976	11.08.20 20:30:15	1,28	9,52	11,44	10,68	67,87
977	11.08.20 20:30:16	1,28	9,50	12,97	11,62	65,41
978	11.08.20 20:30:17	1,28	9,52	7,37	27,11	55,52
979	11.08.20 20:30:18	1,28	9,54	0,89	29,18	59,93
980	11.08.20 20:30:19	1,28	9,52	15,28	26,19	48,53
981	11.08.20 20:30:20	1,28	9,52	39,29	10,61	40,11
982	11.08.20 20:30:21	1,28	9,48	34,51	17,49	38,00
983	11.08.20 20:30:22	1,28	9,52	16,66	8,85	64,49
984	11.08.20 20:30:23	1,28	9,50	32,68	26,36	30,96
985	11.08.20 20:30:24	1,24	9,50	64,83	12,66	12,51
986	11.08.20 20:30:25	1,28	9,50	58,30	22,20	9,50
987	11.08.20 20:30:26	1,24	9,50	53,84	20,53	15,63
988	11.08.20 20:30:27	1,24	9,48	61,26	15,42	13,32
989	11.08.20 20:30:28	1,24	9,48	68,06	7,95	13,99
990	11.08.20 20:30:29	1,24	9,46	65,65	7,51	16,84
991	11.08.20 20:30:30	1,24	9,46	61,95	14,32	13,73
992	11.08.20 20:30:31	1,24	9,44	62,38	7,89	19,73
993	11.08.20 20:30:32	1,24	9,41	52,27	1,70	36,03
994	11.08.20 20:30:33	1,24	9,41	51,59	8,14	30,27
995	11.08.20 20:30:34	1,24	9,44	55,25	21,35	13,40
996	11.08.20 20:30:35	1,24	9,41	35,17	23,29	31,54
997	11.08.20 20:30:36	1,24	9,35	26,82	15,46	47,72
998	11.08.20 20:30:37	1,24	9,35	50,96	14,21	24,83
999	11.08.20 20:30:38	1,24	9,39	54,25	22,00	13,75
1000	11.08.20 20:30:39	1,24	9,35	57,63	4,62	27,74
1001	11.08.20 20:30:40	1,24	9,31	54,64	0,40	34,96
1002	11.08.20 20:30:41	1,24	9,26	65,19	8,69	16,12
1003	11.08.20 20:30:42	1,24	9,29	54,23	19,61	16,17
1004	11.08.20 20:30:43	1,20	9,26	62,82	5,35	21,82
1005	11.08.20 20:30:44	1,20	9,22	68,24	3,01	18,75
1006	11.08.20 20:30:45	1,20	9,22	67,38	9,06	13,57
1007	11.08.20 20:30:46	1,20	9,20	65,79	8,24	15,97
1008	11.08.20 20:30:47	1,20	9,18	72,21	6,11	11,67
1009	11.08.20 20:30:48	1,20	9,18	70,29	11,79	7,92
1010	11.08.20 20:30:49	1,20	9,18	64,96	5,01	20,03
1011	11.08.20 20:30:50	1,20	9,09	60,26	-1,20	28,55
1012	11.08.20 20:30:51	1,20	9,09	61,44	11,13	17,43
1013	11.08.20 20:30:52	1,20	9,11	57,11	17,62	15,28
1014	11.08.20 20:30:53	1,20	9,09	43,23	14,48	32,30
1015	11.08.20 20:30:54	1,20	9,03	42,30	11,38	36,32
1016	11.08.20 20:30:55	1,20	8,99	59,08	10,76	20,17
1017	11.08.20 20:30:56	1,20	8,99	60,81	16,40	12,79
1018	11.08.20 20:30:57	1,20	8,96	60,89	11,17	17,93
1019	11.08.20 20:30:58	1,20	8,92	56,08	6,43	27,49
1020	11.08.20 20:30:59	1,20	8,86	60,54	5,79	23,67
1021	11.08.20 20:31:00	1,16	8,88	62,62	15,50	11,88
1022	11.08.20 20:31:01	1,16	8,88	63,58	10,02	16,39
1023	11.08.20 20:31:02	1,16	8,81	66,38	0,86	22,76
1024	11.08.20 20:31:03	1,16	8,75	76,47	2,84	10,69
1025	11.08.20 20:31:04	1,16	8,75	74,44	15,39	-0,17
1026	11.08.20 20:31:05	1,16	8,75	54,44	14,44	21,11
1027	11.08.20 20:31:06	1,16	8,71	54,22	6,33	29,45
1028	11.08.20 20:31:07	1,16	8,64	69,72	0,96	19,31
1029	11.08.20 20:31:08	1,16	8,64	75,19	14,10	-0,71
1030	11.08.20 20:31:09	1,16	8,64	62,42	15,05	12,53
1031	11.08.20 20:31:10	1,16	8,60	58,22	6,05	25,73
1032	11.08.20 20:31:11	1,16	8,54	61,23	0,10	28,68
1033	11.08.20 20:31:12	1,16	8,47	72,60	7,66	9,74
1034	11.08.20 20:31:13	1,16	8,54	62,44	21,22	6,34
1035	11.08.20 20:31:14	1,16	8,49	61,94	9,17	18,88
1036	11.08.20 20:31:15	1,12	8,36	59,17	-1,59	29,23
1037	11.08.20 20:31:16	1,12	8,26	72,59	5,51	11,90
1038	11.08.20 20:31:17	1,12	8,32	58,65	24,10	7,25
1039	11.08.20 20:31:18	1,12	8,34	64,97	11,61	13,42
1040	11.08.20 20:31:19	1,08	8,21	55,44	3,36	31,21
1041	11.08.20 20:31:20	1,08	8,08	66,21	-2,35	21,45
1042	11.08.20 20:31:21	1,08	8,06	72,41	15,48	2,12
1043	11.08.20 20:31:22	1,08	8,06	64,12	16,79	9,09
1044	11.08.20 20:31:23	1,04	8,04	61,92	7,07	21,01
1045	11.08.20 20:31:24	1,04	7,93	67,29	1,98	20,73
1046	11.08.20 20:31:25	1,04	7,83	76,29	-0,28	13,43
1047	11.08.20 20:31:26	1,04	7,78	82,02	5,53	2,45
1048	11.08.20 20:31:27	1,04	7,78	59,35	15,18	15,47
1049	11.08.20 20:31:28	1,04	7,74	73,91	5,17	10,93
1050	11.08.20 20:31:29	1,04	7,66	73,83	1,28	14,88
1051	11.08.20 20:31:30	1,04	7,57	79,97	4,91	5,12
1052	11.08.20 20:31:31	1,04	7,55	62,13	12,94	14,93
1053	11.08.20 20:31:32	1,04	7,48	74,24	5,33	10,43
1054	11.08.20 20:31:33	1,04	7,42	73,02	3,82	13,17
1055	11.08.20 20:31:34	1,00	7,38	76,79	11,37	1,85
1056	11.08.20 20:31:35	1,00	7,33	78,53	7,73	3,73
1057	11.08.20 20:31:36	1,00	7,23	76,53	-0,22	13,26
1058	11.08.20 20:31:37	1,00	7,16	78,10	4,16	7,73
1059	11.08.20 20:31:38	1,00	7,14	68,83	12,98	8,19
1060	11.08.20 20:31:39	1,00	7,12	81,04	7,10	-1,86
1061	11.08.20 20:31:40	1,00	7,01	84,01	-0,67	5,31
1062	11.08.20 20:31:41	1,00	6,88	80,73	-0,83	8,43
1063	11.08.20 20:31:42	1,00	6,86	60,54	12,32	17,14
1064	11.08.20 20:31:43	0,96	6,84	76,59	10,68	2,73
1065	11.08.20 20:31:44	0,96	6,78	86,83	1,92	1,26
1066	11.08.20 20:31:45	0,96	6,65	84,89	-3,22	1,88
1067	11.08.20 20:31:46	0,92	6,56	65,30	5,56	19,15
1068	11.08.20 20:31:47	0,92	6,56	56,36	21,21	12,43
1069	11.08.20 20:31:48	0,92	6,50	82,04	5,21	2,75
1070	11.08.20 20:31:49	0,92	6,41	73,80	3,89	12,32
1071	11.08.20 20:31:50	0,92	6,33	78,03	3,42	8,55
1072	11.08.20 20:31:51	0,88	6,24	75,41	2,52	12,07
1073	11.08.20 20:31:52	0,88	6,20	75,32	6,11	8,57
1074	11.08.20 20:31:53	0,88	6,13	81,92	7,00	1,09
1075	11.08.20 20:31:54	0,88	6,07	61,28	7,66	21,05
1076	11.08.20 20:31:55	0,88	5,98	80,10	2,09	7,81
1077	11.08.20 20:31:56	0,88	5,92	84,77	3,26	1,97
1078	11.08.20 20:31:57	0,88	5,88	60,15	10,61	19,25
1079	11.08.20 20:31:58	0,88	5,81	83,10	3,27	3,63
1080	11.08.20 20:31:59	0,84	5,71	79,98	0,61	9,41
1081	11.08.20 20:32:00	0,84	5,64	70,53	8,10	11,37
1082	11.08.20 20:32:01	0,84	5,62	76,93	8,90	-4,17
1083	11.08.20 20:32:02	0,84	5,53	85,58	1,65	2,77
1084	11.08.20 20:32:03	0,84	5,45	84,19	0,75	5,06
1085	11.08.20 20:32:04	0,84	5,38	60,24	11,09	18,67
1086	11.08.20 20:32:05	0,88	5,41	61,31	18,17	10,51
1087	11.08.20 20:32:06	0,84	5,43	66,66	19,24	4,10
1088	11.08.20 20:32:07	0,88	5,43	66,55	16,74	6,71
1089	11.08.20 20:32:08	0,88	5,43	62,20	17,82	9,99
1090	11.08.20 20:32:09	0,88	5,45	66,16	16,37	7,47
1091	11.08.20 20:32:10	0,88	5,43	64,41	15,55	10,04
1092	11.08.20 20:32:11	0,88	5,41	63,69	13,06	13,25
1093	11.08.20 20:32:12	0,88	5,41	71,37	-0,56	18,07
1094	11.08.20 20:32:13	0,88	5,36	55,94	-16,47	17,59
1095	11.08.20 20:32:14	0,88	5,34	45,91	-25,48	18,62
1096	11.08.20 20:32:15	0,88	5,34	52,48	-22,32	15,21
1097	11.08.20 20:32:16	0,88	5,32	54,21	-20,04	15,75
1098	11.08.20 20:32:17	0,88	5,34	56,47	-21,43	12,10
1099	11.08.20 20:32:18	0,88	5,32	54,43	-21,18	14,40
1100	11.08.20 20:32:19	0,88	5,34	55,23	-20,56	14,21
1101	11.08.20 20:32:20	0,88	5,34	58,73	-16,55	14,72
1102	11.08.20 20:32:21	0,88	5,32	58,45	-14,37	17,18
1103	11.08.20 20:32:22	0,88	5,32	64,65	-10,04	15,31
1104	11.08.20 20:32:23	0,88	5,34	71,35	-5,18	13,47
1105	11.08.20 20:32:24	0,88	5,32	72,48	0,39	17,13
1106	11.08.20 20:32:25	0,92	5,32	68,85	3,94	17,22
1107	11.08.20 20:32:26	0,92	5,30	67,94	6,20	15,86
1108	11.08.20 20:32:27	0,92	5,30	63,55	11,34	15,11
1109	11.08.20 20:32:28	0,92	5,26	55,27	14,49	20,24
1110	11.08.20 20:32:29	0,92	5,19	46,62	15,92	27,47
1111	11.08.20 20:32:30	0,92	5,15	45,92	16,81	27,26
1112	11.08.20 20:32:31	0,92	5,09	44,71	17,23	28,05
1113	11.08.20 20:32:32	0,92	5,00	42,06	17,17	30,77
1114	11.08.20 20:32:33	0,88	4,89	39,75	16,62	33,63
1115	11.08.20 20:32:34	0,92	4,81	39,43	17,27	33,31
1116	11.08.20 20:32:35	0,92	4,74	39,83	18,24	31,93
1117	11.08.20 20:32:36	0,92	4,64	41,13	17,22	31,64
1118	11.08.20 20:32:37	0,92	4,53	41,68	16,98	31,34
1119	11.08.20 20:32:38	0,92	4,44	40,98	16,63	32,39
1120	11.08.20 20:32:39	0,92	4,36	39,00	17,44	33,56
1121	11.08.20 20:32:40	0,92	4,25	38,50	15,46	36,04
1122	11.08.20 20:32:41	0,92	4,17	36,73	14,10	39,17
1123	11.08.20 20:32:42	0,92	4,06	32,57	17,31	40,12
1124	11.08.20 20:32:43	0,92	3,97	35,53	16,06	38,42
1125	11.08.20 20:32:44	0,92	3,87	33,69	16,80	39,52
1126	11.08.20 20:32:45	0,96	3,76	34,58	17,29	38,14
1127	11.08.20 20:32:46	0,96	3,70	34,85	17,09	38,06
1128	11.08.20 20:32:47	0,96	3,61	33,72	17,78	38,51
1129	11.08.20 20:32:48	0,96	3,52	35,88	14,92	39,21
1130	11.08.20 20:32:49	0,96	3,42	36,87	14,33	38,81
1131	11.08.20 20:32:50	0,96	3,31	32,32	18,35	39,33
1132	11.08.20 20:32:51	0,96	3,25	33,58	16,34	40,08
1133	11.08.20 20:32:52	0,96	3,18	32,06	13,87	44,07
1134	11.08.20 20:32:53	0,96	3,12	32,49	16,17	41,34
1135	11.08.20 20:32:54	1,00	3,03	33,25	14,73	42,03
1136	11.08.20 20:32:55	1,00	2,97	34,23	15,05	40,72
1137	11.08.20 20:32:56	1,04	2,91	30,89	15,89	43,22
1138	11.08.20 20:32:57	1,08	2,82	37,38	9,51	43,11
1139	11.08.20 20:32:58	1,12	2,74	29,54	15,60	44,86
1140	11.08.20 20:32:59	1,16	2,67	32,33	16,00	41,67
1141	11.08.20 20:33:00	1,16	2,61	34,48	11,86	43,66
1142	11.08.20 20:33:01	1,20	2,54	32,85	12,31	44,84
1143	11.08.20 20:33:02	1,24	2,46	32,85	10,96	46,19
1144	11.08.20 20:33:03	1,28	2,37	31,03	12,32	46,65
1145	11.08.20 20:33:04	1,32	2,27	28,93	12,34	48,73
1146	11.08.20 20:33:05	1,40	2,25	26,71	10,69	52,60
1147	11.08.20 20:33:06	1,52	2,14	26,46	9,25	54,29
1148	11.08.20 20:33:07	1,71	2,08	27,94	6,83	55,23
1149	11.08.20 20:33:08	1,87	2,02	28,06	4,39	57,55
1150	11.08.20 20:33:09	2,06	1,93	28,44	2,72	58,84
1151	11.08.20 20:33:10	2,33	1,87	28,86	2,96	58,18
1152	11.08.20 20:33:11	2,56	1,83	25,33	4,77	59,90
1153	11.08.20 20:33:12	2,83	1,73	27,02	2,86	60,12
1154	11.08.20 20:33:13	3,10	1,67	24,90	1,15	63,94
1155	11.08.20 20:33:14	3,28	1,65	23,61	3,97	62,41
1156	11.08.20 20:33:15	3,47	1,57	25,53	4,32	60,15
1157	11.08.20 20:33:16	3,70	1,55	19,99	7,26	62,75
1158	11.08.20 20:33:17	3,85	1,51	22,12	9,78	58,11
1159	11.08.20 20:33:18	4,03	1,47	20,55	11,57	57,88
1160	11.08.20 20:33:19	4,22	1,40	22,31	11,14	56,55
1161	11.08.20 20:33:20	4,37	1,38	21,51	10,56	57,92
1162	11.08.20 20:33:21	4,51	1,32	22,46	9,12	58,42
1163	11.08.20 20:33:22	4,70	1,28	20,63	13,70	55,67
1164	11.08.20 20:33:23	4,84	1,22	23,58	10,80	55,62
1165	11.08.20 20:33:24	5,02	1,22	22,08	9,52	58,40
1166	11.08.20 20:33:25	5,10	1,22	22,12	10,58	57,30
1167	11.08.20 20:33:26	5,20	1,16	21,07	12,78	56,15
1168	11.08.20 20:33:27	5,31	1,14	19,96	9,76	60,28
1169	11.08.20 20:33:28	5,49	1,10	18,11	11,17	60,71
1170	11.08.20 20:33:29	5,74	1,06	20,68	9,91	59,41
1171	11.08.20 20:33:30	5,99	1,06	28,29	5,31	56,40
1172	11.08.20 20:33:31	6,21	1,02	20,55	12,81	56,64
1173	11.08.20 20:33:32	6,35	1,02	29,43	3,32	57,25
1174	11.08.20 20:33:33	6,59	1,00	19,78	12,42	57,80
1175	11.08.20 20:33:34	6,66	0,96	24,75	9,56	55,69
1176	11.08.20 20:33:35	6,84	0,96	27,06	11,06	51,88
1177	11.08.20 20:33:36	6,87	0,96	23,56	17,85	48,59
1178	11.08.20 20:33:37	7,01	0,90	27,50	11,93	50,56
1179	11.08.20 20:33:38	7,19	0,90	31,67	7,32	51,00
1180	11.08.20 20:33:39	7,26	0,88	25,40	14,12	50,48
1181	11.08.20 20:33:40	7,43	0,88	24,07	16,76	49,17
1182	11.08.20 20:33:41	7,53	0,86	24,18	17,51	48,30
1183	11.08.20 20:33:42	7,64	0,86	27,75	14,00	48,25
1184	11.08.20 20:33:43	7,71	0,82	27,93	15,12	46,95
1185	11.08.20 20:33:44	7,81	0,78	29,54	12,84	47,62
1186	11.08.20 20:33:45	7,91	0,78	31,39	11,24	47,37
1187	11.08.20 20:33:46	8,01	0,74	25,48	17,84	46,68
1188	11.08.20 20:33:47	8,15	0,76	24,26	18,57	47,16
1189	11.08.20 20:33:48	8,25	0,72	23,53	22,08	44,39
1190	11.08.20 20:33:49	8,35	0,72	27,37	15,89	46,75
1191	11.08.20 20:33:50	8,42	0,66	31,33	10,00	48,67
1192	11.08.20 20:33:51	8,63	0,64	33,07	4,99	51,94
1193	11.08.20 20:33:52	8,83	0,64	25,06	13,49	51,44
1194	11.08.20 20:33:53	8,96	0,64	22,82	15,42	51,76
1195	11.08.20 20:33:54	9,13	0,60	22,03	13,76	54,21
1196	11.08.20 20:33:55	9,26	0,62	20,61	12,40	56,99
1197	11.08.20 20:33:56	9,40	0,58	22,48	14,46	53,06
1198	11.08.20 20:33:57	9,66	0,56	22,79	14,25	52,96
1199	11.08.20 20:33:58	9,93	0,52	25,78	11,11	53,12
1200	11.08.20 20:33:59	10,06	0,54	29,93	12,81	47,26
1201	11.08.20 20:34:00	10,16	0,55	28,21	13,39	48,40
1202	11.08.20 20:34:01	10,19	0,52	11,46	25,82	52,71
1203	11.08.20 20:34:02	10,32	0,48	23,03	14,19	52,78
1204	11.08.20 20:34:03	10,45	0,45	24,03	11,63	54,34
1205	11.08.20 20:34:04	10,65	0,41	29,45	4,88	55,67
1206	11.08.20 20:34:05	10,81	0,43	24,31	7,37	58,31
1207	11.08.20 20:34:06	10,85	0,43	26,31	4,33	59,35
1208	11.08.20 20:34:07	10,98	0,41	23,01	2,33	64,66
1209	11.08.20 20:34:08	11,17	0,37	28,72	-4,88	56,40
1210	11.08.20 20:34:09	11,49	0,37	22,59	-2,80	64,60
1211	11.08.20 20:34:10	11,81	0,41	29,31	0,86	59,83
1212	11.08.20 20:34:11	12,04	0,37	16,82	8,77	64,41
1213	11.08.20 20:34:12	12,20	0,35	20,75	10,94	58,31
1214	11.08.20 20:34:13	12,29	0,33	22,52	6,90	60,57
1215	11.08.20 20:34:14	12,39	0,35	19,07	8,99	61,94
1216	11.08.20 20:34:15	12,48	0,33	10,77	13,72	65,51
1217	11.08.20 20:34:16	12,67	0,28	22,52	4,00	63,48
1218	11.08.20 20:34:17	12,70	0,30	20,08	4,77	65,15
1219	11.08.20 20:34:18	12,70	0,30	21,80	9,59	58,61
1220	11.08.20 20:34:19	12,77	0,28	17,16	3,18	69,66
1221	11.08.20 20:34:20	12,86	0,26	12,74	4,70	72,56
1222	11.08.20 20:34:21	12,96	0,26	17,86	6,71	65,43
1223	11.08.20 20:34:22	13,05	0,28	24,49	-3,89	61,61
1224	11.08.20 20:34:23	13,11	0,28	19,19	2,72	68,08
1225	11.08.20 20:34:24	13,11	0,26	16,04	4,78	69,18
1226	11.08.20 20:34:25	13,18	0,26	16,02	8,81	65,18
1227	11.08.20 20:34:26	13,24	0,26	18,98	8,30	62,72
1228	11.08.20 20:34:27	13,30	0,33	27,28	-2,99	59,73
1229	11.08.20 20:34:28	13,33	0,26	17,66	11,28	61,06
1230	11.08.20 20:34:29	13,40	0,26	19,54	6,39	64,07
1231	11.08.20 20:34:30	13,43	0,22	14,32	11,38	64,30
1232	11.08.20 20:34:31	13,46	0,24	16,12	13,50	60,38
1233	11.08.20 20:34:32	13,49	0,24	22,66	9,11	58,23
1234	11.08.20 20:34:33	13,49	0,24	15,16	10,50	64,34
1235	11.08.20 20:34:34	13,55	0,24	20,92	3,11	65,97
1236	11.08.20 20:34:35	13,65	0,26	41,47	-15,15	33,39
1237	11.08.20 20:34:36	13,68	0,24	15,59	8,10	66,30
1238	11.08.20 20:34:37	13,65	0,24	15,89	10,15	63,96
1239	11.08.20 20:34:38	13,74	0,18	17,53	7,55	64,92
1240	11.08.20 20:34:39	13,86	0,20	15,03	7,66	67,31
1241	11.08.20 20:34:40	13,86	0,20	14,51	6,52	68,97
1242	11.08.20 20:34:41	13,86	0,20	26,31	2,94	60,76
1243	11.08.20 20:34:42	13,93	0,18	17,32	0,68	72,00
1244	11.08.20 20:34:43	13,96	0,20	22,12	-4,98	62,90
1245	11.08.20 20:34:44	14,02	0,20	28,22	-1,42	60,36
1246	11.08.20 20:34:45	14,02	0,22	20,06	8,18	61,76
1247	11.08.20 20:34:46	14,02	0,22	15,99	9,00	65,00
1248	11.08.20 20:34:47	14,08	0,22	25,57	10,07	54,36
1249	11.08.20 20:34:48	14,14	0,22	19,07	14,72	56,21
1250	11.08.20 20:34:49	14,14	0,22	27,35	8,75	53,89
1251	11.08.20 20:34:50	14,14	0,22	27,44	3,28	59,28
1252	11.08.20 20:34:51	14,08	0,22	33,84	-9,30	46,86
1253	11.08.20 20:34:52	14,05	0,18	30,46	5,72	53,83
1254	11.08.20 20:34:53	14,08	0,20	26,25	12,52	51,23
1255	11.08.20 20:34:54	14,08	0,20	34,55	1,35	54,10
1256	11.08.20 20:34:55	14,08	0,20	20,74	9,75	59,50
1257	11.08.20 20:34:56	14,14	0,22	30,62	1,28	58,10
1258	11.08.20 20:34:57	14,27	0,15	36,38	-11,87	41,76
1259	11.08.20 20:34:58	14,33	0,15	19,42	1,67	68,91
1260	11.08.20 20:34:59	14,36	0,15	6,55	10,50	72,95
1261	11.08.20 20:35:00	14,39	0,11	9,62	31,98	48,41
1262	11.08.20 20:35:01	14,45	0,18	27,11	17,64	45,25
1263	11.08.20 20:35:02	14,49	0,15	21,15	14,79	54,06
1264	11.08.20 20:35:03	14,45	0,13	23,90	16,58	49,52
1265	11.08.20 20:35:04	14,45	0,13	26,85	13,99	49,15
1266	11.08.20 20:35:05	14,42	0,13	33,94	5,23	50,84
1267	11.08.20 20:35:06	14,42	0,11	21,89	11,66	56,46
1268	11.08.20 20:35:07	14,42	0,15	27,00	-5,41	57,59
1269	11.08.20 20:35:08	14,45	0,15	33,05	-4,60	52,36
1270	11.08.20 20:35:09	14,55	0,07	19,60	13,01	57,40
1271	11.08.20 20:35:10	14,61	0,09	27,37	9,62	53,01
1272	11.08.20 20:35:11	14,64	0,07	21,35	21,76	46,89
1273	11.08.20 20:35:12	14,67	0,11	33,09	12,78	44,12
1274	11.08.20 20:35:13	14,70	0,09	29,88	20,42	39,70
1275	11.08.20 20:35:14	14,73	0,07	45,64	29,50	14,86
1276	11.08.20 20:35:15	14,70	0,11	56,55	26,52	6,93
1277	11.08.20 20:35:16	14,58	0,13	56,95	26,90	6,14
1278	11.08.20 20:35:17	14,42	0,15	57,14	27,56	5,30
1279	11.08.20 20:35:18	14,24	0,13	57,49	26,38	6,13
1280	11.08.20 20:35:19	14,08	0,15	57,85	25,96	6,19
1281	11.08.20 20:35:20	13,93	0,13	58,75	25,82	5,44
1282	11.08.20 20:35:21	13,77	0,15	58,71	25,54	5,76
1283	11.08.20 20:35:22	13,62	0,15	57,92	26,69	5,39
1284	11.08.20 20:35:23	13,49	0,18	58,08	26,70	5,22
1285	11.08.20 20:35:24	13,33	0,15	55,80	28,01	6,19
1286	11.08.20 20:35:25	13,21	0,18	56,86	27,99	5,15
1287	11.08.20 20:35:26	13,08	0,15	57,65	26,80	5,55
1288	11.08.20 20:35:27	12,99	0,18	58,16	26,58	5,26
1289	11.08.20 20:35:28	12,89	0,20	49,73	31,92	8,35
1290	11.08.20 20:35:29	12,80	0,18	62,44	23,26	4,29
1291	11.08.20 20:35:30	12,70	0,20	58,39	26,32	5,29
1292	11.08.20 20:35:31	12,61	0,20	58,61	26,40	4,98
1293	11.08.20 20:35:32	12,55	0,20	59,30	24,86	5,84
1294	11.08.20 20:35:33	12,45	0,20	65,08	20,16	4,77
1295	11.08.20 20:35:34	12,39	0,22	28,13	37,78	24,09
1296	11.08.20 20:35:35	12,29	0,22	70,36	-10,77	8,86
1297	11.08.20 20:35:36	12,20	0,22	70,28	5,14	14,57
1298	11.08.20 20:35:37	12,13	0,22	75,77	-5,43	8,80
1299	11.08.20 20:35:38	12,04	0,22	76,83	-8,33	4,84
1300	11.08.20 20:35:39	11,94	0,22	74,00	-8,83	7,17
1301	11.08.20 20:35:40	11,88	0,24	70,69	-12,05	7,26
1302	11.08.20 20:35:41	11,78	0,22	82,66	0,00	7,34
1303	11.08.20 20:35:42	11,72	0,22	28,52	60,51	-0,97
1304	11.08.20 20:35:43	11,65	0,22	55,71	25,38	8,91
1305	11.08.20 20:35:44	11,56	0,22	57,46	27,15	5,39
1306	11.08.20 20:35:45	11,49	0,20	58,45	25,69	5,85
1307	11.08.20 20:35:46	11,46	0,22	83,32	0,15	6,53
1308	11.08.20 20:35:47	11,40	0,22	75,43	-6,21	8,37
1309	11.08.20 20:35:48	11,36	0,22	75,88	-6,24	7,88
1310	11.08.20 20:35:49	11,30	0,22	78,20	-4,83	6,97
1311	11.08.20 20:35:50	11,23	0,22	33,72	35,35	20,93
1312	11.08.20 20:35:51	11,20	0,22	-12,44	9,55	68,01
1313	11.08.20 20:35:52	11,17	0,22	-9,54	0,62	79,85
1314	11.08.20 20:35:53	11,14	0,22	-11,60	0,03	78,37
1315	11.08.20 20:35:54	11,07	0,20	-12,38	1,16	76,46
1316	11.08.20 20:35:55	11,07	0,22	-11,19	-2,03	76,78
1317	11.08.20 20:35:56	11,04	0,22	-4,76	3,29	81,96
1318	11.08.20 20:35:57	11,01	0,22	-9,36	-2,45	78,19
1319	11.08.20 20:35:58	10,98	0,24	-3,64	-2,00	84,36
1320	11.08.20 20:35:59	10,94	0,22	-5,62	0,78	83,60
1321	11.08.20 20:36:00	10,94	0,22	-5,92	-0,42	83,66
1322	11.08.20 20:36:01	10,91	0,22	-2,67	-3,82	83,50
1323	11.08.20 20:36:02	10,88	0,22	-2,58	-1,89	85,52
1324	11.08.20 20:36:03	10,85	0,24	-3,73	-0,91	85,36
1325	11.08.20 20:36:04	10,85	0,20	-2,24	-0,91	86,85
1326	11.08.20 20:36:05	10,81	0,22	-5,84	0,95	83,21
1327	11.08.20 20:36:06	10,78	0,22	-6,83	-0,16	83,01
1328	11.08.20 20:36:07	10,78	0,22	-7,93	-1,48	80,59
1329	11.08.20 20:36:08	10,75	0,20	-62,90	8,01	-19,08
1330	11.08.20 20:36:09	10,78	0,20	-0,17	77,55	-12,28
1331	11.08.20 20:36:10	10,78	0,22	0,28	81,67	-8,05
1332	11.08.20 20:36:11	10,78	0,20	1,96	81,70	-6,34
1333	11.08.20 20:36:12	10,75	0,20	2,27	81,92	-5,80
1334	11.08.20 20:36:13	10,75	0,22	1,50	82,22	-6,28
1335	11.08.20 20:36:14	10,78	0,20	1,32	81,89	-6,79
1336	11.08.20 20:36:15	10,78	0,22	0,18	83,62	-6,21
1337	11.08.20 20:36:16	10,78	0,22	0,42	82,37	-7,21
1338	11.08.20 20:36:17	10,78	0,20	2,48	80,41	-7,11
1339	11.08.20 20:36:18	10,78	0,24	2,75	81,44	-5,81
1340	11.08.20 20:36:19	10,78	0,20	1,48	82,51	-6,00
1341	11.08.20 20:36:20	10,78	0,20	0,88	82,39	-6,73
1342	11.08.20 20:36:21	10,81	0,20	1,25	81,95	-6,79
1343	11.08.20 20:36:22	10,81	0,20	0,36	83,23	-6,41
1344	11.08.20 20:36:23	10,81	0,22	2,41	80,77	-6,81
1345	11.08.20 20:36:24	10,81	0,20	2,35	81,50	-6,16
1346	11.08.20 20:36:25	10,85	0,18	0,61	83,57	-5,82
1347	11.08.20 20:36:26	10,91	0,20	0,54	82,27	-7,19
1348	11.08.20 20:36:27	10,91	0,20	1,64	80,98	-7,38
1349	11.08.20 20:36:28	10,91	0,20	1,78	82,68	-5,55
1350	11.08.20 20:36:29	10,91	0,20	1,68	82,04	-6,28
1351	11.08.20 20:36:30	10,91	0,20	0,27	82,31	-7,42
1352	11.08.20 20:36:31	10,91	0,20	0,61	82,95	-6,43
1353	11.08.20 20:36:32	10,91	0,20	1,70	82,47	-5,83
1354	11.08.20 20:36:33	10,91	0,22	1,52	81,61	-6,87
1355	11.08.20 20:36:34	10,91	0,20	0,33	82,94	-6,73
1356	11.08.20 20:36:35	10,91	0,20	-0,06	83,77	-6,17
1357	11.08.20 20:36:36	10,91	0,20	1,81	81,26	-6,93
1358	11.08.20 20:36:37	10,94	0,20	1,82	82,12	-6,06
1359	11.08.20 20:36:38	10,91	0,20	2,28	81,68	-6,04
1360	11.08.20 20:36:39	10,94	0,20	0,33	82,34	-7,33
1361	11.08.20 20:36:40	10,94	0,18	-0,96	81,76	-7,28
1362	11.08.20 20:36:41	10,94	0,22	0,76	83,72	-5,53
1363	11.08.20 20:36:42	10,94	0,20	3,46	81,49	-5,05
1364	11.08.20 20:36:43	10,94	0,22	1,54	80,69	-7,77
1365	11.08.20 20:36:44	10,98	0,20	-1,03	81,13	-7,84
1366	11.08.20 20:36:45	10,94	0,20	1,40	85,02	-3,59
1367	11.08.20 20:36:46	10,94	0,20	21,59	41,00	-27,41
1368	11.08.20 20:36:47	10,98	0,20	1,74	63,00	-25,26
1369	11.08.20 20:36:48	10,98	0,20	-13,56	27,53	-48,92
1370	11.08.20 20:36:49	11,01	0,20	-18,88	8,06	-63,06
1371	11.08.20 20:36:50	11,27	0,00	-13,93	67,74	8,33
1372	11.08.20 20:36:51	12,32	0,07	70,48	-2,02	17,50
1373	11.08.20 20:36:52	13,08	0,03	1,34	-36,26	52,40
1374	11.08.20 20:36:53	13,86	0,05	40,64	-14,67	34,69
1375	11.08.20 20:36:54	13,99	0,07	-6,38	-56,76	26,85
1376	11.08.20 20:36:55	13,99	0,09	-12,32	-32,57	-45,11
1377	11.08.20 20:36:56	13,96	0,11	21,81	-44,54	-23,65
1378	11.08.20 20:36:57	13,90	0,07	-1,31	-16,67	-72,02
1379	11.08.20 20:36:58	13,86	0,09	8,39	-37,03	-44,59
1380	11.08.20 20:36:59	13,83	0,13	11,18	-46,72	-32,10
1381	11.08.20 20:37:00	13,77	0,11	-6,57	-76,57	-6,86
1382	11.08.20 20:37:01	13,71	0,13	-24,08	-60,23	5,68
1383	11.08.20 20:37:02	13,68	0,15	-19,33	-63,59	7,08
1384	11.08.20 20:37:03	13,65	0,13	3,96	-85,53	0,51
1385	11.08.20 20:37:04	13,62	0,13	1,80	-87,09	-1,11
1386	11.08.20 20:37:05	13,58	0,15	2,38	-86,68	-0,94
1387	11.08.20 20:37:06	13,55	0,15	4,45	-85,29	0,26
1388	11.08.20 20:37:07	13,55	0,15	3,78	-86,01	0,21
1389	11.08.20 20:37:08	13,52	0,13	4,53	-85,32	-0,15
1390	11.08.20 20:37:09	13,52	0,15	3,12	-85,26	-1,62
1391	11.08.20 20:37:10	13,49	0,18	4,14	-83,81	-2,05
1392	11.08.20 20:37:11	13,46	0,15	2,93	-84,99	2,08
1393	11.08.20 20:37:12	13,46	0,18	2,50	-86,28	1,22
1394	11.08.20 20:37:13	13,43	0,15	3,26	-84,67	-2,07
1395	11.08.20 20:37:14	13,40	0,18	3,70	-84,22	-2,08
1396	11.08.20 20:37:15	13,40	0,18	4,21	-85,19	0,59
1397	11.08.20 20:37:16	13,40	0,18	3,47	-84,56	1,97
1398	11.08.20 20:37:17	13,37	0,18	2,60	-85,68	-1,73
1399	11.08.20 20:37:18	13,37	0,18	2,61	-85,57	-1,83
1400	11.08.20 20:37:19	13,37	0,18	5,16	-84,56	0,29
1401	11.08.20 20:37:20	13,37	0,18	5,61	-83,66	0,73
1402	11.08.20 20:37:21	13,33	0,18	3,11	-85,49	-1,39
1403	11.08.20 20:37:22	13,33	0,18	3,20	-85,54	-1,26
1404	11.08.20 20:37:23	13,33	0,18	4,41	-85,05	0,54
1405	11.08.20 20:37:24	13,33	0,18	2,65	-87,14	-0,21
1406	11.08.20 20:37:25	13,30	0,18	4,00	-84,68	-1,32
1407	11.08.20 20:37:26	13,30	0,18	4,75	-85,13	0,11
1408	11.08.20 20:37:27	13,30	0,18	3,70	-86,04	-0,26
1409	11.08.20 20:37:28	13,30	0,18	3,97	-84,54	-1,49
1410	11.08.20 20:37:29	13,30	0,20	4,10	-85,70	0,20
1411	11.08.20 20:37:30	13,30	0,20	4,12	-85,44	-0,43
1412	11.08.20 20:37:31	13,30	0,18	3,39	-85,74	-0,87
1413	11.08.20 20:37:32	13,30	0,20	3,34	-86,55	0,12
1414	11.08.20 20:37:33	13,27	0,18	3,84	-85,72	-0,43
1415	11.08.20 20:37:34	13,27	0,18	3,82	-85,32	-0,86
1416	11.08.20 20:37:35	13,27	0,20	4,70	-84,55	-0,75
1417	11.08.20 20:37:36	13,27	0,20	3,54	-86,10	0,36
1418	11.08.20 20:37:37	13,27	0,18	2,47	-87,35	0,18
1419	11.08.20 20:37:38	13,27	0,20	4,24	-84,62	-1,14
1420	11.08.20 20:37:39	13,27	0,20	5,59	-83,11	-1,30
1421	11.08.20 20:37:40	13,27	0,20	3,65	-85,35	1,00
1422	11.08.20 20:37:41	13,27	0,22	1,87	-87,80	-0,33
1423	11.08.20 20:37:42	13,27	0,22	2,68	-85,50	-1,82
1424	11.08.20 20:37:43	13,27	0,20	5,40	-84,04	0,56
1425	11.08.20 20:37:44	13,27	0,20	3,42	-85,47	1,12
1426	11.08.20 20:37:45	13,30	0,22	2,52	-85,61	-1,87
1427	11.08.20 20:37:46	13,30	0,22	4,54	-83,84	-1,62
1428	11.08.20 20:37:47	13,30	0,22	4,82	-84,36	0,82
1429	11.08.20 20:37:48	13,30	0,18	3,62	-86,20	0,18
1430	11.08.20 20:37:49	13,30	0,20	3,88	-85,32	-0,80
1431	11.08.20 20:37:50	13,30	0,20	4,90	-83,71	-1,38
1432	11.08.20 20:37:51	13,30	0,20	4,55	-84,34	-1,11
1433	11.08.20 20:37:52	13,30	0,20	3,07	-86,31	0,63
1434	11.08.20 20:37:53	13,30	0,20	2,65	-86,83	0,52
1435	11.08.20 20:37:54	13,30	0,20	3,59	-85,12	-1,29
1436	11.08.20 20:37:55	13,30	0,20	4,55	-84,37	-1,08
1437	11.08.20 20:37:56	13,33	0,20	5,98	-83,67	-0,35
1438	11.08.20 20:37:57	13,33	0,20	3,40	-86,54	0,06
1439	11.08.20 20:37:58	13,33	0,20	2,30	-86,92	-0,78
1440	11.08.20 20:37:59	13,33	0,20	5,09	-83,78	-1,13
1441	11.08.20 20:38:00	13,33	0,18	5,40	-84,60	0,00
1442	11.08.20 20:38:01	13,33	0,20	4,10	-85,78	0,12
1443	11.08.20 20:38:02	13,33	0,20	2,84	-85,48	-1,68
1444	11.08.20 20:38:03	13,33	0,20	3,47	-85,44	-1,09
1445	11.08.20 20:38:04	13,33	0,22	4,69	-83,80	1,51
1446	11.08.20 20:38:05	13,37	0,20	4,00	-85,85	0,15
1447	11.08.20 20:38:06	13,37	0,22	2,98	-84,21	-2,81
1448	11.08.20 20:38:07	13,37	0,20	4,01	-85,31	-0,68
1449	11.08.20 20:38:08	13,37	0,20	6,22	-82,78	1,00
1450	11.08.20 20:38:09	13,37	0,18	4,80	-84,39	-0,81
1451	11.08.20 20:38:10	13,37	0,20	2,62	-86,19	-1,19
1452	11.08.20 20:38:11	13,37	0,20	3,80	-85,31	-0,89
1453	11.08.20 20:38:12	13,40	0,20	5,31	-84,49	-0,20
1454	11.08.20 20:38:13	13,40	0,20	4,45	-85,36	0,18
1455	11.08.20 20:38:14	13,40	0,18	2,96	-86,41	-0,63
1456	11.08.20 20:38:15	13,40	0,22	2,59	-85,89	-1,52
1457	11.08.20 20:38:16	13,40	0,20	4,65	-85,32	-0,03
1458	11.08.20 20:38:17	13,40	0,18	5,65	-83,85	0,50
1459	11.08.20 20:38:18	13,43	0,22	3,42	-85,39	-1,20
1460	11.08.20 20:38:19	13,43	0,20	3,04	-85,49	-1,48
1461	11.08.20 20:38:20	13,43	0,18	3,76	-86,09	-0,14
1462	11.08.20 20:38:21	13,43	0,18	4,65	-84,37	0,99
1463	11.08.20 20:38:22	13,46	0,20	4,17	-84,86	-0,97
1464	11.08.20 20:38:23	13,46	0,20	2,88	-84,34	-2,78
1465	11.08.20 20:38:24	13,46	0,18	2,74	-86,62	0,64
1466	11.08.20 20:38:25	13,46	0,20	4,48	-83,66	1,86
1467	11.08.20 20:38:26	13,46	0,18	5,45	-82,65	-1,90
1468	11.08.20 20:38:27	13,49	0,20	2,76	-84,55	-2,69
1469	11.08.20 20:38:28	13,49	0,20	2,62	-86,74	0,64
1470	11.08.20 20:38:29	13,49	0,20	4,29	-84,40	1,30
1471	11.08.20 20:38:30	13,49	0,20	4,42	-84,79	-0,79
1472	11.08.20 20:38:31	13,49	0,20	2,58	-85,17	-2,25
1473	11.08.20 20:38:32	13,52	0,20	1,77	-87,85	-0,38
1474	11.08.20 20:38:33	13,52	0,20	3,76	-85,05	1,19
1475	11.08.20 20:38:34	13,52	0,20	5,17	-84,60	-0,23
1476	11.08.20 20:38:35	13,52	0,20	2,96	-85,47	-1,58
1477	11.08.20 20:38:36	13,52	0,18	3,34	-85,45	-1,22
1478	11.08.20 20:38:37	13,55	0,18	3,37	-85,81	0,82
1479	11.08.20 20:38:38	13,55	0,20	3,94	-85,69	-0,37
1480	11.08.20 20:38:39	13,55	0,18	5,87	-82,30	-1,83
1481	11.08.20 20:38:40	13,55	0,20	3,34	-86,50	0,15
1482	11.08.20 20:38:41	13,55	0,20	1,48	-87,86	0,65
1483	11.08.20 20:38:42	13,58	0,20	2,42	-86,41	-1,18
1484	11.08.20 20:38:43	13,58	0,18	4,61	-83,94	-1,44
1485	11.08.20 20:38:44	13,58	0,20	4,37	-84,40	1,23
1486	11.08.20 20:38:45	13,58	0,18	2,49	-86,73	0,78
1487	11.08.20 20:38:46	13,62	0,18	2,12	-84,93	-2,94
1488	11.08.20 20:38:47	13,62	0,18	2,97	-86,46	-0,57
1489	11.08.20 20:38:48	13,62	0,18	4,87	-83,29	1,85
1490	11.08.20 20:38:49	13,62	0,20	4,52	-85,16	-0,32
1491	11.08.20 20:38:50	13,65	0,20	3,36	-83,57	-3,07
1492	11.08.20 20:38:51	13,65	0,20	3,66	-85,73	-0,61
1493	11.08.20 20:38:52	13,65	0,20	3,62	-84,64	1,74
1494	11.08.20 20:38:53	13,65	0,20	2,42	-87,40	-0,18
1495	11.08.20 20:38:54	13,68	0,20	2,12	-85,48	-2,41
1496	11.08.20 20:38:55	13,68	0,20	5,57	-84,12	-0,31
1497	11.08.20 20:38:56	13,68	0,20	5,72	-83,71	0,56
1498	11.08.20 20:38:57	13,68	0,18	2,52	-86,31	-1,17
1499	11.08.20 20:38:58	13,71	0,20	2,42	-87,09	-0,49
1500	11.08.20 20:38:59	13,71	0,20	4,78	-85,17	0,06
1501	11.08.20 20:39:00	13,71	0,20	5,51	-82,99	-1,50
1502	11.08.20 20:39:01	13,71	0,20	3,82	-85,02	-1,16
1503	11.08.20 20:39:02	13,74	0,20	2,51	-86,57	0,92
1504	11.08.20 20:39:03	13,74	0,18	2,45	-87,23	0,31
1505	11.08.20 20:39:04	13,74	0,18	3,79	-84,71	-1,50
1506	11.08.20 20:39:05	13,77	0,18	4,13	-84,83	-1,04
1507	11.08.20 20:39:06	13,77	0,20	4,30	-85,46	-0,24
1508	11.08.20 20:39:07	13,77	0,20	3,74	-85,96	0,30
1509	11.08.20 20:39:08	13,77	0,20	2,30	-87,38	-0,32
1510	11.08.20 20:39:09	13,80	0,18	2,90	-85,69	-1,41
1511	11.08.20 20:39:10	13,80	0,20	5,49	-84,48	-0,03
1512	11.08.20 20:39:11	13,80	0,20	5,50	-84,20	0,30
1513	11.08.20 20:39:12	13,83	0,18	1,46	-87,38	-1,16
1514	11.08.20 20:39:13	13,83	0,20	2,88	-86,23	-0,89
1515	11.08.20 20:39:14	13,83	0,20	5,20	-83,54	1,26
1516	11.08.20 20:39:15	13,86	0,18	4,14	-84,91	0,96
1517	11.08.20 20:39:16	13,86	0,20	3,61	-84,77	-1,62
1518	11.08.20 20:39:17	13,90	0,20	2,13	-86,44	-1,43
1519	11.08.20 20:39:18	13,90	0,18	2,59	-85,69	1,71
1520	11.08.20 20:39:19	13,90	0,18	4,16	-84,94	0,89
1521	11.08.20 20:39:20	13,90	0,18	4,42	-83,42	-2,17
1522	11.08.20 20:39:21	13,93	0,18	3,56	-85,62	-0,82
1523	11.08.20 20:39:22	13,93	0,20	3,17	-85,61	1,22
1524	11.08.20 20:39:23	13,93	0,20	3,77	-85,69	0,54
1525	11.08.20 20:39:24	13,96	0,20	2,00	-86,97	-1,04
1526	11.08.20 20:39:25	13,96	0,22	3,71	-85,48	-0,80
1527	11.08.20 20:39:26	13,96	0,22	5,39	-83,91	0,70
1528	11.08.20 20:39:27	13,96	0,20	3,69	-85,28	1,04
1529	11.08.20 20:39:28	13,99	0,20	1,59	-88,32	0,09
1530	11.08.20 20:39:29	13,99	0,20	4,08	-85,26	-0,67
1531	11.08.20 20:39:30	13,99	0,20	5,39	-84,32	0,29
1532	11.08.20 20:39:31	14,02	0,22	3,19	-85,63	1,19
1533	11.08.20 20:39:32	14,02	0,22	3,19	-86,58	-0,23
1534	11.08.20 20:39:33	14,02	0,20	4,20	-85,08	-0,73
1535	11.08.20 20:39:34	14,02	0,20	4,51	-85,22	0,26
1536	11.08.20 20:39:35	14,02	0,22	3,85	-85,67	0,48
1537	11.08.20 20:39:36	14,05	0,20	3,39	-86,61	0,00
1538	11.08.20 20:39:37	14,05	0,18	5,12	-84,65	-0,23
1539	11.08.20 20:39:38	14,05	0,20	5,35	-83,16	-1,49
1540	11.08.20 20:39:39	14,05	0,22	5,47	-83,86	-0,67
1541	11.08.20 20:39:40	14,08	0,20	3,52	-85,59	0,90
1542	11.08.20 20:39:41	14,08	0,20	3,89	-86,00	-0,12
1543	11.08.20 20:39:42	14,11	0,20	6,05	-82,65	-1,30
1544	11.08.20 20:39:43	14,11	0,22	6,92	-81,80	-1,28
1545	11.08.20 20:39:44	14,11	0,20	4,43	-85,45	0,12
1546	11.08.20 20:39:45	14,11	0,20	6,81	-82,52	-0,67
1547	11.08.20 20:39:46	14,14	0,22	7,20	-81,24	-1,56
1548	11.08.20 20:39:47	14,14	0,22	4,49	-84,32	-1,19
1549	11.08.20 20:39:48	14,14	0,20	6,86	-82,77	-0,37
1550	11.08.20 20:39:49	14,18	0,20	8,16	-81,22	-0,62
1551	11.08.20 20:39:50	14,18	0,20	6,43	-82,27	-1,31
1552	11.08.20 20:39:51	14,18	0,22	7,09	-81,69	-1,21
1553	11.08.20 20:39:52	14,21	0,20	7,36	-81,40	-1,24
1554	11.08.20 20:39:53	14,21	0,22	7,12	-81,17	-1,72
1555	11.08.20 20:39:54	14,21	0,20	7,64	-81,05	-1,31
1556	11.08.20 20:39:55	14,21	0,18	8,14	-81,28	-0,58
1557	11.08.20 20:39:56	14,24	0,22	7,73	-81,93	-0,34
1558	11.08.20 20:39:57	14,24	0,20	6,93	-81,65	-1,42
1559	11.08.20 20:39:58	14,24	0,20	5,94	-81,53	-2,54
1560	11.08.20 20:39:59	14,24	0,18	6,91	-81,35	-1,74
1561	11.08.20 20:40:00	14,24	0,20	6,96	-82,59	-0,44
1562	11.08.20 20:40:01	14,27	0,20	5,92	-68,92	15,15
1563	11.08.20 20:40:02	14,27	0,18	-12,60	-23,13	54,27
1564	11.08.20 20:40:03	14,30	0,20	-33,17	-15,06	41,77
1565	11.08.20 20:40:04	14,33	0,20	-27,15	-37,44	25,41
1566	11.08.20 20:40:05	14,33	0,20	-11,38	-39,09	39,53
1567	11.08.20 20:40:06	14,36	0,20	-4,13	-37,62	48,25
1568	11.08.20 20:40:07	14,39	0,22	-16,44	-36,47	37,09
1569	11.08.20 20:40:08	14,39	0,20	-6,34	-18,92	64,74
1570	11.08.20 20:40:09	14,42	0,20	-18,39	-29,41	42,20
1571	11.08.20 20:40:10	14,42	0,22	-9,97	-25,05	54,97
1572	11.08.20 20:40:11	14,45	0,20	-19,34	-23,36	47,30
1573	11.08.20 20:40:12	14,45	0,22	-7,51	-26,74	55,76
1574	11.08.20 20:40:13	14,49	0,20	-11,67	-30,28	48,05
1575	11.08.20 20:40:14	14,49	0,22	-12,47	-35,51	42,02
1576	11.08.20 20:40:15	14,52	0,20	-7,85	-29,53	52,62
1577	11.08.20 20:40:16	14,52	0,22	-14,00	-26,42	49,58
1578	11.08.20 20:40:17	14,52	0,20	-14,48	-33,96	41,56
1579	11.08.20 20:40:18	14,52	0,20	-13,25	-29,01	47,73
1580	11.08.20 20:40:19	14,55	0,20	-12,08	-27,39	50,53
1581	11.08.20 20:40:20	14,55	0,20	-13,72	-33,54	42,74
1582	11.08.20 20:40:21	14,58	0,20	-3,48	-14,50	72,02
1583	11.08.20 20:40:22	14,58	0,22	-28,33	-30,18	31,49
1584	11.08.20 20:40:23	14,61	0,20	-22,95	-26,17	40,88
1585	11.08.20 20:40:24	14,61	0,22	-21,40	-34,60	34,00
1586	11.08.20 20:40:25	14,61	0,20	-19,81	-35,03	35,16
1587	11.08.20 20:40:26	14,64	0,20	1,00	-34,95	54,05
1588	11.08.20 20:40:27	14,64	0,20	58,81	-27,81	-3,38
1589	11.08.20 20:40:28	14,67	0,20	51,75	-33,42	-4,83
1590	11.08.20 20:40:29	14,67	0,18	38,57	-26,75	-24,69
1591	11.08.20 20:40:30	14,67	0,20	16,57	-54,27	-19,17
1592	11.08.20 20:40:31	14,67	0,20	13,81	-75,61	0,59
1593	11.08.20 20:40:32	14,67	0,22	18,75	-17,42	53,83
1594	11.08.20 20:40:33	14,70	0,20	0,55	-24,35	65,10
1595	11.08.20 20:40:34	14,70	0,20	1,73	-24,20	64,07
1596	11.08.20 20:40:35	14,70	0,20	-15,98	-33,72	40,30
1597	11.08.20 20:40:36	14,73	0,20	-18,49	-31,57	39,95
1598	11.08.20 20:40:37	14,73	0,20	-30,06	-18,75	41,19
1599	11.08.20 20:40:38	14,76	0,20	-7,75	-26,87	55,38
1600	11.08.20 20:40:39	14,76	0,20	-17,68	-27,36	44,96
1601	11.08.20 20:40:40	14,79	0,18	-23,45	-24,46	42,08
1602	11.08.20 20:40:41	14,82	0,20	-23,45	-20,86	45,70
1603	11.08.20 20:40:42	14,82	0,20	-18,23	-27,91	43,86
1604	11.08.20 20:40:43	14,85	0,20	-19,92	-25,94	44,14
1605	11.08.20 20:40:44	14,89	0,20	-14,60	-20,75	54,65
1606	11.08.20 20:40:45	14,89	0,18	-6,37	-20,29	63,35
1607	11.08.20 20:40:46	14,89	0,20	7,57	-20,27	62,16
1608	11.08.20 20:40:47	14,92	0,18	13,66	-8,63	67,71
1609	11.08.20 20:40:48	14,95	0,20	5,77	27,56	56,67
1610	11.08.20 20:40:49	14,95	0,18	-2,37	-3,82	83,81
1611	11.08.20 20:40:50	14,98	0,20	-6,59	-24,12	59,29
1612	11.08.20 20:40:51	14,98	0,20	-0,15	-9,87	79,99
1613	11.08.20 20:40:52	15,01	0,20	19,07	8,07	62,86
1614	11.08.20 20:40:53	15,01	0,18	23,46	9,03	57,51
1615	11.08.20 20:40:54	15,01	0,18	46,36	7,81	35,84
1616	11.08.20 20:40:55	15,01	0,20	23,77	-59,55	6,68
1617	11.08.20 20:40:56	15,01	0,20	-10,71	-53,69	-25,60
1618	11.08.20 20:40:57	15,01	0,22	-9,77	-54,09	-26,14
1619	11.08.20 20:40:58	15,01	0,22	-8,85	-54,68	-26,47
1620	11.08.20 20:40:59	15,01	0,18	-9,44	-53,52	-27,03
1621	11.08.20 20:41:00	15,01	0,20	-9,77	-53,35	-26,88
1622	11.08.20 20:41:01	15,01	0,18	-9,82	-53,98	-26,20
1623	11.08.20 20:41:02	15,04	0,22	-9,91	-54,02	-26,07
1624	11.08.20 20:41:03	15,04	0,20	-9,89	-53,65	-26,46
1625	11.08.20 20:41:04	15,04	0,18	-9,12	-53,92	-26,97
1626	11.08.20 20:41:05	15,07	0,20	-8,95	-54,42	-26,62
1627	11.08.20 20:41:06	15,07	0,20	-9,40	-54,03	-26,57
1628	11.08.20 20:41:07	15,07	0,20	-10,24	-53,17	-26,58
1629	11.08.20 20:41:08	15,07	0,18	-10,36	-53,08	-26,56
1630	11.08.20 20:41:09	15,07	0,20	-9,73	-54,00	-26,26
1631	11.08.20 20:41:10	15,10	0,18	-8,83	-54,31	-26,87
1632	11.08.20 20:41:11	15,10	0,20	-9,59	-54,22	-26,20
1633	11.08.20 20:41:12	15,10	0,18	-10,41	-53,76	-25,83
1634	11.08.20 20:41:13	15,10	0,20	-9,85	-52,93	-27,22
1635	11.08.20 20:41:14	15,13	0,20	-8,93	-53,71	-27,36
1636	11.08.20 20:41:15	15,13	0,18	-9,50	-54,46	-26,04
1637	11.08.20 20:41:16	15,13	0,18	-10,38	-55,27	-24,35
1638	11.08.20 20:41:17	15,16	0,20	-10,20	-54,18	-25,63
1639	11.08.20 20:41:18	15,16	0,18	-9,32	-53,26	-27,42
1640	11.08.20 20:41:19	15,16	0,20	-9,15	-53,32	-27,53
1641	11.08.20 20:41:20	15,16	0,22	-9,62	-53,86	-26,52
1642	11.08.20 20:41:21	15,16	0,18	-5,09	-69,11	-15,80
1643	11.08.20 20:41:22	15,19	0,20	-18,85	-23,69	47,45
1644	11.08.20 20:41:23	15,22	0,20	-30,52	8,17	51,30
1645	11.08.20 20:41:24	15,32	0,18	-32,35	24,90	32,76
1646	11.08.20 20:41:25	15,47	0,15	-30,06	24,56	35,39
1647	11.08.20 20:41:26	15,65	0,15	-27,36	11,23	51,41
1648	11.08.20 20:41:27	15,83	0,18	22,40	43,71	23,89
1649	11.08.20 20:41:28	16,05	0,39	-13,39	19,35	57,26
1650	11.08.20 20:41:29	16,26	0,35	-23,35	13,57	53,09
1651	11.08.20 20:41:30	16,41	0,37	-27,59	25,44	36,97
1652	11.08.20 20:41:31	16,53	0,37	-30,86	24,24	34,90
1653	11.08.20 20:41:32	16,62	0,37	-30,43	25,05	34,52
1654	11.08.20 20:41:33	16,71	0,37	-30,63	25,47	33,90
1655	11.08.20 20:41:34	16,80	0,37	-29,44	24,91	35,65
1656	11.08.20 20:41:35	16,86	0,37	-29,71	26,12	34,17
1657	11.08.20 20:41:36	16,92	0,35	-31,50	26,19	32,31
1658	11.08.20 20:41:37	16,98	0,35	-33,94	24,78	31,28
1659	11.08.20 20:41:38	17,04	0,37	-2,06	35,07	52,86
1660	11.08.20 20:41:39	17,10	0,37	-20,88	26,15	42,98
1661	11.08.20 20:41:40	17,13	0,35	-24,54	25,43	40,03
1662	11.08.20 20:41:41	17,19	0,30	0,49	17,43	72,08
1663	11.08.20 20:41:42	17,25	0,33	5,33	13,85	70,82
1664	11.08.20 20:41:43	17,28	0,33	-8,49	54,22	27,29
1665	11.08.20 20:41:44	17,28	0,35	-2,50	54,82	32,68
1666	11.08.20 20:41:45	17,28	0,33	0,81	53,68	35,51
1667	11.08.20 20:41:46	17,31	0,35	12,99	27,95	49,06
1668	11.08.20 20:41:47	17,31	0,33	10,48	47,78	31,74
1669	11.08.20 20:41:48	17,28	0,35	3,54	47,49	38,96
1670	11.08.20 20:41:49	17,28	0,33	8,24	46,11	35,65
1671	11.08.20 20:41:50	17,25	0,35	47,52	-40,79	1,69
1672	11.08.20 20:41:51	17,19	0,33	39,24	-47,49	-3,27
1673	11.08.20 20:41:52	17,16	0,35	35,61	-48,03	-6,36
1674	11.08.20 20:41:53	17,10	0,35	28,67	-50,70	-10,63
1675	11.08.20 20:41:54	17,04	0,37	54,35	-15,85	-19,79
1676	11.08.20 20:41:55	17,01	0,30	50,87	-27,54	-11,59
1677	11.08.20 20:41:56	17,31	0,37	22,69	-27,33	-39,99
1678	11.08.20 20:41:57	17,49	0,35	23,32	-30,52	-36,17
1679	11.08.20 20:41:58	17,52	0,33	21,13	-14,23	-54,64
1680	11.08.20 20:41:59	17,52	0,33	21,82	-13,74	-54,43
1681	11.08.20 20:42:00	17,49	0,35	22,61	-14,48	-52,91
1682	11.08.20 20:42:01	17,49	0,35	23,51	-15,09	-51,40
1683	11.08.20 20:42:02	17,49	0,35	22,61	-15,14	-52,25
1684	11.08.20 20:42:03	17,46	0,35	21,42	-14,26	-54,32
1685	11.08.20 20:42:04	17,46	0,35	20,58	-13,80	-55,62
1686	11.08.20 20:42:05	17,43	0,35	22,33	-14,50	-53,16
1687	11.08.20 20:42:06	17,43	0,35	23,55	-14,91	-51,54
1688	11.08.20 20:42:07	17,43	0,33	22,52	-14,75	-52,73
1689	11.08.20 20:42:08	17,43	0,35	22,38	-14,34	-53,29
1690	11.08.20 20:42:09	17,43	0,35	22,25	-14,54	-53,21
1691	11.08.20 20:42:10	17,43	0,33	21,09	-14,21	-54,70
1692	11.08.20 20:42:11	17,43	0,35	21,38	-14,92	-53,70
1693	11.08.20 20:42:12	17,43	0,35	23,57	-14,69	-51,74
1694	11.08.20 20:42:13	17,43	0,33	24,02	-14,56	-51,42
1695	11.08.20 20:42:14	17,43	0,35	21,96	-14,69	-53,35
1696	11.08.20 20:42:15	17,43	0,35	20,60	-14,41	-54,99
1697	11.08.20 20:42:16	17,43	0,37	22,23	-14,22	-53,55
1698	11.08.20 20:42:17	17,43	0,37	23,24	-14,88	-51,87
1699	11.08.20 20:42:18	17,43	0,35	22,21	-15,02	-52,77
1700	11.08.20 20:42:19	17,43	0,33	22,43	-14,86	-52,71
1701	11.08.20 20:42:20	17,43	0,35	22,61	-15,50	-51,89
1702	11.08.20 20:42:21	17,43	0,35	21,72	-13,92	-54,36
1703	11.08.20 20:42:22	17,43	0,37	17,98	-22,74	-49,28
1704	11.08.20 20:42:23	17,43	0,35	23,11	-21,42	-45,47
1705	11.08.20 20:42:24	17,43	0,35	24,57	-23,11	-42,32
1706	11.08.20 20:42:25	17,43	0,35	25,14	-21,18	-43,68
1707	11.08.20 20:42:26	17,46	0,37	25,17	-21,28	-43,55
1708	11.08.20 20:42:27	17,46	0,35	24,72	-21,53	-43,75
1709	11.08.20 20:42:28	17,46	0,37	25,63	-21,73	-42,65
1710	11.08.20 20:42:29	17,46	0,35	26,52	-21,24	-42,24
1711	11.08.20 20:42:30	17,46	0,37	25,43	-21,73	-42,84
1712	11.08.20 20:42:31	17,46	0,37	24,76	-21,11	-44,12
1713	11.08.20 20:42:32	17,46	0,37	24,40	-20,64	-44,97
1714	11.08.20 20:42:33	17,46	0,35	26,28	-21,27	-42,45
1715	11.08.20 20:42:34	17,46	0,35	27,51	-21,40	-41,09
1716	11.08.20 20:42:35	17,46	0,37	25,52	-21,40	-43,08
1717	11.08.20 20:42:36	17,46	0,35	24,19	-21,74	-44,07
1718	11.08.20 20:42:37	17,46	0,35	24,63	-21,00	-44,37
1719	11.08.20 20:42:38	17,46	0,37	25,59	-20,64	-43,77
1720	11.08.20 20:42:39	17,46	0,37	26,74	-21,56	-41,70
1721	11.08.20 20:42:40	17,46	0,37	26,57	-22,15	-41,28
1722	11.08.20 20:42:41	17,46	0,37	24,89	-21,88	-43,23
1723	11.08.20 20:42:42	17,49	0,37	24,37	-21,55	-44,07
1724	11.08.20 20:42:43	17,49	0,37	25,62	-21,31	-43,07
1725	11.08.20 20:42:44	17,49	0,37	25,27	-20,20	-44,53
1726	11.08.20 20:42:45	17,49	0,37	25,09	-21,30	-43,60
1727	11.08.20 20:42:46	17,49	0,37	27,20	-22,72	-40,07
1728	11.08.20 20:42:47	17,49	0,37	27,39	-21,82	-40,79
1729	11.08.20 20:42:48	17,49	0,35	23,92	-19,78	-46,31
1730	11.08.20 20:42:49	17,49	0,35	23,31	-20,74	-45,95
1731	11.08.20 20:42:50	17,49	0,37	26,41	-22,22	-41,37
1732	11.08.20 20:42:51	17,49	0,37	28,02	-21,50	-40,48
1733	11.08.20 20:42:52	17,49	0,37	26,12	-20,47	-43,41
1734	11.08.20 20:42:53	17,49	0,37	24,61	-20,57	-44,82
1735	11.08.20 20:42:54	17,52	0,37	25,26	-21,11	-43,63
1736	11.08.20 20:42:55	17,52	0,37	25,78	-21,21	-43,01
1737	11.08.20 20:42:56	17,52	0,37	26,16	-21,49	-42,35
1738	11.08.20 20:42:57	17,52	0,39	26,51	-21,20	-42,29
1739	11.08.20 20:42:58	17,52	0,37	25,70	-21,05	-43,26
1740	11.08.20 20:42:59	17,52	0,37	25,64	-20,57	-43,79
1741	11.08.20 20:43:00	17,52	0,35	26,01	-20,57	-43,42
1742	11.08.20 20:43:01	17,52	0,37	25,99	-21,34	-42,67
1743	11.08.20 20:43:02	17,52	0,39	25,79	-21,24	-42,97
1744	11.08.20 20:43:03	17,52	0,35	26,03	-21,26	-42,70
1745	11.08.20 20:43:04	17,52	0,37	25,52	-21,21	-43,28
1746	11.08.20 20:43:05	17,52	0,37	25,28	-20,95	-43,77
1747	11.08.20 20:43:06	17,52	0,35	26,34	-21,07	-42,59
1748	11.08.20 20:43:07	17,55	0,35	26,48	-21,45	-42,07
1749	11.08.20 20:43:08	17,55	0,37	25,43	-20,93	-43,64
1750	11.08.20 20:43:09	17,55	0,35	25,51	-20,73	-43,76
1751	11.08.20 20:43:10	17,55	0,37	26,01	-21,27	-42,72
1752	11.08.20 20:43:11	17,55	0,37	25,91	-21,35	-42,74
1753	11.08.20 20:43:12	17,55	0,35	25,67	-21,08	-43,26
1754	11.08.20 20:43:13	17,55	0,37	25,63	-21,80	-42,56
1755	11.08.20 20:43:14	17,55	0,37	25,93	-22,10	-41,96
1756	11.08.20 20:43:15	17,55	0,37	25,56	-21,12	-43,33
1757	11.08.20 20:43:16	17,55	0,37	25,13	-19,80	-45,07
1758	11.08.20 20:43:17	17,55	0,37	25,84	-20,86	-43,30
1759	11.08.20 20:43:18	17,58	0,37	26,50	-22,22	-41,28
1760	11.08.20 20:43:19	17,58	0,37	25,69	-21,99	-42,32
1761	11.08.20 20:43:20	17,58	0,37	25,20	-21,28	-43,52
1762	11.08.20 20:43:21	17,58	0,37	25,71	-20,80	-43,49
1763	11.08.20 20:43:22	17,58	0,37	25,30	-21,02	-43,67
1764	11.08.20 20:43:23	17,58	0,37	25,07	-21,31	-43,62
1765	11.08.20 20:43:24	17,58	0,37	26,70	-22,01	-41,29
1766	11.08.20 20:43:25	17,61	0,37	27,18	-21,06	-41,76
1767	11.08.20 20:43:26	17,61	0,37	25,05	-20,36	-44,59
1768	11.08.20 20:43:27	17,61	0,37	24,21	-21,40	-44,39
1769	11.08.20 20:43:28	17,61	0,37	25,65	-21,60	-42,74
1770	11.08.20 20:43:29	17,61	0,37	26,93	-20,97	-42,10
1771	11.08.20 20:43:30	17,61	0,37	26,53	-20,80	-42,68
1772	11.08.20 20:43:31	17,61	0,39	25,77	-21,69	-42,54
1773	11.08.20 20:43:32	17,61	0,39	25,00	-21,90	-43,10
1774	11.08.20 20:43:33	17,61	0,35	25,06	-21,01	-43,94
1775	11.08.20 20:43:34	17,64	0,35	26,27	-20,83	-42,89
1776	11.08.20 20:43:35	17,64	0,37	26,12	-21,70	-42,19
1777	11.08.20 20:43:36	17,64	0,35	25,82	-21,81	-42,38
1778	11.08.20 20:43:37	17,64	0,37	26,44	-20,74	-42,82
1779	11.08.20 20:43:38	17,64	0,37	26,22	-20,69	-43,10
1780	11.08.20 20:43:39	17,64	0,37	25,09	-21,40	-43,52
1781	11.08.20 20:43:40	17,64	0,37	24,65	-21,65	-43,70
1782	11.08.20 20:43:41	17,64	0,37	26,14	-21,54	-42,32
1783	11.08.20 20:43:42	17,67	0,35	27,12	-20,69	-42,18
1784	11.08.20 20:43:43	17,67	0,37	25,92	-20,52	-43,56
1785	11.08.20 20:43:44	17,67	0,37	25,15	-21,53	-43,32
1786	11.08.20 20:43:45	17,67	0,37	25,52	-22,25	-42,24
1787	11.08.20 20:43:46	17,67	0,37	25,30	-22,00	-42,69
1788	11.08.20 20:43:47	17,67	0,37	24,79	-21,32	-43,89
1789	11.08.20 20:43:48	17,67	0,37	26,39	-20,78	-42,82
1790	11.08.20 20:43:49	17,70	0,37	26,84	-20,79	-42,38
1791	11.08.20 20:43:50	17,70	0,37	26,05	-21,11	-42,84
1792	11.08.20 20:43:51	17,70	0,37	25,72	-22,00	-42,29
1793	11.08.20 20:43:52	17,70	0,37	24,70	-22,30	-43,00
1794	11.08.20 20:43:53	17,70	0,37	24,16	-21,93	-43,91
1795	11.08.20 20:43:54	17,70	0,37	26,21	-21,00	-42,79
1796	11.08.20 20:43:55	17,70	0,37	27,64	-21,04	-41,32
1797	11.08.20 20:43:56	17,70	0,39	25,50	-21,77	-42,73
1798	11.08.20 20:43:57	17,73	0,37	24,15	-22,25	-43,60
1799	11.08.20 20:43:58	17,73	0,37	25,41	-21,59	-43,00
1800	11.08.20 20:43:59	17,73	0,37	26,55	-20,84	-42,61
1801	11.08.20 20:44:00	17,73	0,35	25,82	-21,14	-43,04
1802	11.08.20 20:44:01	17,73	0,37	25,36	-21,03	-43,61
1803	11.08.20 20:44:02	17,76	0,37	26,11	-21,17	-42,72
1804	11.08.20 20:44:03	17,76	0,37	25,94	-22,49	-41,56
1805	11.08.20 20:44:04	17,76	0,37	25,08	-22,20	-42,72
1806	11.08.20 20:44:05	17,76	0,37	24,97	-21,22	-43,81
1807	11.08.20 20:44:06	17,76	0,37	25,61	-20,23	-44,15
1808	11.08.20 20:44:07	17,76	0,37	23,28	-18,47	-48,25
1809	11.08.20 20:44:08	17,79	0,35	-24,91	-61,69	-3,40
1810	11.08.20 20:44:09	17,88	0,33	-10,98	-49,45	-29,57
1811	11.08.20 20:44:10	18,09	0,30	3,63	-63,92	-22,45
1812	11.08.20 20:44:11	18,42	0,35	-42,86	-38,06	9,08
1813	11.08.20 20:44:12	18,66	0,35	10,88	-50,49	-28,63
1814	11.08.20 20:44:13	18,95	0,33	20,27	-61,63	-8,10
1815	11.08.20 20:44:14	19,25	0,30	9,27	-77,96	-2,77
1816	11.08.20 20:44:15	19,49	0,28	-0,27	-53,20	-36,53
1817	11.08.20 20:44:16	19,75	0,28	-1,37	-49,39	-39,24
1818	11.08.20 20:44:17	20,02	0,26	-2,23	-48,41	-39,36
1819	11.08.20 20:44:18	20,25	0,28	-3,08	-48,38	-38,54
1820	11.08.20 20:44:19	20,46	0,28	-2,41	-49,42	-38,17
1821	11.08.20 20:44:20	20,69	0,28	28,59	-6,71	-54,71
1822	11.08.20 20:44:21	20,93	0,28	-8,14	8,60	-73,26
1823	11.08.20 20:44:22	21,13	0,28	7,03	-56,08	-26,88
1824	11.08.20 20:44:23	21,31	0,26	10,81	65,22	-13,97
1825	11.08.20 20:44:24	21,51	0,24	-6,94	-23,98	-59,07
1826	11.08.20 20:44:25	21,72	0,26	-13,30	-21,57	-55,13
1827	11.08.20 20:44:26	21,92	0,24	-32,75	52,71	-4,53
