#0	Date-time:	31/07/2020 2:36:38 PM
#1	Recorder:	90H0950
#2	File type:	1
#3	Columns:	7
#4	Channels:	5
#5	Field separation:	0
#6	Decimal point:	0
#7	Date def.:	0	0
#8	Time def.:	0
#9	Channel 1:	Temperature(°C)	Temp(°C)	2	1
#10	Channel 2:	Pressure(Bar)	Press(Bar)	2	1
#11	Reconvertion:	0
#14	Channel 3:	Tilt-X(°)	Tilt-X(°)	2	1
#18	Channel 4:	Tilt-Y(°)	Tilt-Y(°)	2	1
#19	Line color:	1	2	3	4
#22	Channel 5:	Tilt-Z(°)	Tilt-Z(°)	2	1
#30	Trend Type Number:	3
#33	Limit Temp. Corr. OTCR:	1
1	31.07.20 14:08:00	24,65	0,34	-57,29	-15,85	-16,86
2	31.07.20 14:08:01	24,62	0,34	-3,89	-38,95	47,16
3	31.07.20 14:08:02	24,62	0,32	-58,37	-14,45	-17,17
4	31.07.20 14:08:03	24,59	0,32	-6,20	-82,14	-1,67
5	31.07.20 14:08:04	24,59	0,32	-5,89	-80,56	-3,55
6	31.07.20 14:08:05	24,59	0,32	-6,77	-79,85	-3,38
7	31.07.20 14:08:06	24,56	0,34	-5,66	-82,32	-2,02
8	31.07.20 14:08:07	24,56	0,34	-4,49	-84,44	-1,08
9	31.07.20 14:08:08	24,56	0,34	-3,62	-85,73	-0,65
10	31.07.20 14:08:09	24,56	0,34	-5,29	-77,73	-6,98
11	31.07.20 14:08:10	24,53	0,34	-3,11	-75,27	-11,62
12	31.07.20 14:08:11	24,53	0,34	-2,44	-74,36	-13,20
13	31.07.20 14:08:12	24,53	0,34	-2,48	-75,29	-12,23
14	31.07.20 14:08:13	24,50	0,34	-2,72	-74,74	-12,54
15	31.07.20 14:08:14	24,50	0,34	-2,66	-75,25	-12,08
16	31.07.20 14:08:15	24,50	0,34	-3,52	-74,03	-12,45
17	31.07.20 14:08:16	24,47	0,34	-3,40	-73,98	-12,62
18	31.07.20 14:08:17	24,47	0,34	-12,04	-63,69	-14,27
19	31.07.20 14:08:18	24,47	0,34	-9,09	-17,36	63,55
20	31.07.20 14:08:19	24,47	0,34	-16,84	-12,24	60,92
21	31.07.20 14:08:20	24,47	0,32	4,85	-4,99	80,16
22	31.07.20 14:08:21	24,47	0,32	-19,85	-14,19	55,96
23	31.07.20 14:08:22	24,47	0,34	-16,66	-6,86	66,48
24	31.07.20 14:08:23	24,47	0,34	8,71	-14,85	66,44
25	31.07.20 14:08:24	24,47	0,32	-18,14	-6,07	65,79
26	31.07.20 14:08:25	24,47	0,32	-19,58	-5,48	64,94
27	31.07.20 14:08:26	24,44	0,34	-19,35	-6,26	64,39
28	31.07.20 14:08:27	24,44	0,32	-18,53	-6,03	65,44
29	31.07.20 14:08:28	24,44	0,34	-19,63	-6,81	63,56
30	31.07.20 14:08:29	24,41	0,32	-18,19	-6,51	65,30
31	31.07.20 14:08:30	24,41	0,32	-18,84	-6,81	64,35
32	31.07.20 14:08:31	24,41	0,32	-18,55	-5,04	66,40
33	31.07.20 14:08:32	24,38	0,32	-18,10	-5,79	66,11
34	31.07.20 14:08:33	24,38	0,32	-19,16	-6,14	64,70
35	31.07.20 14:08:34	24,38	0,32	-18,84	-6,59	64,57
36	31.07.20 14:08:35	24,38	0,34	-18,07	-6,81	65,11
37	31.07.20 14:08:36	24,36	0,34	-17,85	-7,96	64,19
38	31.07.20 14:08:37	24,36	0,32	-18,83	-7,84	63,33
39	31.07.20 14:08:38	24,36	0,32	-17,62	-8,16	64,23
40	31.07.20 14:08:39	24,36	0,32	-17,51	-7,73	64,76
41	31.07.20 14:08:40	24,33	0,34	-16,92	-7,28	65,80
42	31.07.20 14:08:41	24,33	0,32	-18,32	-6,85	64,83
43	31.07.20 14:08:42	24,33	0,34	-17,87	-6,91	65,22
44	31.07.20 14:08:43	24,33	0,32	-17,77	-6,89	65,34
45	31.07.20 14:08:44	24,30	0,34	-7,65	-28,37	53,97
46	31.07.20 14:08:45	24,30	0,32	61,12	-23,39	-5,48
47	31.07.20 14:08:46	24,30	0,34	79,83	-9,53	0,64
48	31.07.20 14:08:47	24,30	0,34	56,36	23,82	9,82
49	31.07.20 14:08:48	24,27	0,34	58,68	22,72	8,60
50	31.07.20 14:08:49	24,27	0,34	60,91	21,78	7,31
51	31.07.20 14:08:50	24,27	0,32	61,66	18,21	10,13
52	31.07.20 14:08:51	24,27	0,32	55,88	23,72	10,41
53	31.07.20 14:08:52	24,27	0,34	53,79	25,07	11,14
54	31.07.20 14:08:53	24,24	0,34	57,45	22,13	10,42
55	31.07.20 14:08:54	24,24	0,34	53,26	28,93	7,82
56	31.07.20 14:08:55	24,24	0,34	50,84	24,48	14,68
57	31.07.20 14:08:56	24,24	0,32	48,49	30,54	10,97
58	31.07.20 14:08:57	24,21	0,34	55,90	25,45	8,65
59	31.07.20 14:08:58	24,21	0,32	55,81	25,50	8,69
60	31.07.20 14:08:59	24,21	0,34	53,88	26,97	9,15
61	31.07.20 14:09:00	24,21	0,36	67,86	13,87	8,27
62	31.07.20 14:09:01	24,21	0,34	80,40	-0,79	8,81
63	31.07.20 14:09:02	24,18	0,29	78,63	-3,98	7,39
64	31.07.20 14:09:03	24,18	0,32	78,96	-3,43	7,61
65	31.07.20 14:09:04	24,18	0,32	78,97	-3,80	7,23
66	31.07.20 14:09:05	24,18	0,32	78,20	-4,25	7,55
67	31.07.20 14:09:06	24,15	0,32	78,40	-4,46	7,14
68	31.07.20 14:09:07	24,15	0,32	77,12	-4,66	8,22
69	31.07.20 14:09:08	24,15	0,34	78,38	-4,59	7,03
70	31.07.20 14:09:09	24,15	0,32	77,23	-4,76	8,01
71	31.07.20 14:09:10	24,15	0,34	77,09	-5,24	7,67
72	31.07.20 14:09:11	24,12	0,34	77,72	-5,05	7,23
73	31.07.20 14:09:12	24,12	0,34	77,44	-4,97	7,59
74	31.07.20 14:09:13	24,12	0,32	78,20	-4,92	6,88
75	31.07.20 14:09:14	24,12	0,34	78,15	-4,36	7,49
76	31.07.20 14:09:15	24,12	0,34	77,81	-4,95	7,24
77	31.07.20 14:09:16	24,12	0,32	78,13	-4,45	7,42
78	31.07.20 14:09:17	24,09	0,34	77,80	-4,54	7,66
79	31.07.20 14:09:18	24,09	0,32	78,15	-4,81	7,04
80	31.07.20 14:09:19	24,09	0,32	77,55	-4,62	7,83
81	31.07.20 14:09:20	24,09	0,32	77,76	-4,97	7,26
82	31.07.20 14:09:21	24,09	0,34	77,44	-4,99	7,56
83	31.07.20 14:09:22	24,09	0,32	77,54	-5,50	6,96
84	31.07.20 14:09:23	24,07	0,34	78,54	-4,76	6,70
85	31.07.20 14:09:24	24,07	0,34	77,49	-5,12	7,39
86	31.07.20 14:09:25	24,07	0,32	76,95	-5,01	8,04
87	31.07.20 14:09:26	24,07	0,32	76,63	-5,72	7,66
88	31.07.20 14:09:27	24,07	0,34	76,93	-5,29	7,77
89	31.07.20 14:09:28	24,04	0,34	76,06	-6,75	7,19
90	31.07.20 14:09:29	24,04	0,32	76,35	-6,08	7,57
91	31.07.20 14:09:30	24,04	0,32	76,19	-6,39	7,41
92	31.07.20 14:09:31	24,04	0,34	77,30	-5,73	6,97
93	31.07.20 14:09:32	24,04	0,34	77,31	-4,71	7,98
94	31.07.20 14:09:33	24,04	0,34	78,85	-4,16	6,99
95	31.07.20 14:09:34	24,04	0,34	78,02	-4,24	7,74
96	31.07.20 14:09:35	24,01	0,34	78,22	-4,21	7,56
97	31.07.20 14:09:36	24,01	0,34	77,77	-4,30	7,93
98	31.07.20 14:09:37	24,01	0,32	78,56	-3,96	7,48
99	31.07.20 14:09:38	24,01	0,34	79,00	-3,30	7,70
100	31.07.20 14:09:39	24,01	0,34	78,32	-4,26	7,42
101	31.07.20 14:09:40	24,01	0,34	78,09	-4,08	7,83
102	31.07.20 14:09:41	24,01	0,34	78,10	-4,33	7,57
103	31.07.20 14:09:42	23,98	0,34	76,66	-5,47	7,87
104	31.07.20 14:09:43	23,98	0,32	77,35	-5,77	6,88
105	31.07.20 14:09:44	23,98	0,36	77,18	-5,47	7,35
106	31.07.20 14:09:45	23,98	0,34	77,91	-5,09	7,00
107	31.07.20 14:09:46	23,98	0,34	77,67	-4,96	7,37
108	31.07.20 14:09:47	23,98	0,34	78,10	-4,41	7,49
109	31.07.20 14:09:48	23,98	0,34	77,49	-4,85	7,66
110	31.07.20 14:09:49	23,95	0,29	78,25	-4,33	7,42
111	31.07.20 14:09:50	23,95	0,32	78,21	-3,88	7,91
112	31.07.20 14:09:51	23,95	0,32	78,58	-3,97	7,45
113	31.07.20 14:09:52	23,95	0,32	78,84	-3,00	8,17
114	31.07.20 14:09:53	23,95	0,32	78,76	-3,71	7,53
115	31.07.20 14:09:54	23,95	0,32	78,28	-3,93	7,79
116	31.07.20 14:09:55	23,95	0,32	78,16	-4,07	7,77
117	31.07.20 14:09:56	23,95	0,32	78,65	-3,73	7,61
118	31.07.20 14:09:57	23,92	0,32	77,78	-4,31	7,91
119	31.07.20 14:09:58	23,92	0,32	77,54	-4,92	7,54
120	31.07.20 14:09:59	23,92	0,32	78,08	-4,32	7,60
121	31.07.20 14:10:00	23,92	0,32	78,37	-3,84	7,79
122	31.07.20 14:10:01	23,92	0,32	79,46	-3,78	6,77
123	31.07.20 14:10:02	23,92	0,34	77,25	-4,44	8,31
124	31.07.20 14:10:03	23,92	0,32	77,93	-4,88	7,19
125	31.07.20 14:10:04	23,92	0,32	77,14	-5,49	7,37
126	31.07.20 14:10:05	23,89	0,32	76,41	-5,99	7,60
127	31.07.20 14:10:06	23,89	0,32	76,56	-5,94	7,50
128	31.07.20 14:10:07	23,89	0,34	78,12	-4,75	7,13
129	31.07.20 14:10:08	23,89	0,34	77,12	-5,33	7,55
130	31.07.20 14:10:09	23,89	0,32	78,20	-4,14	7,66
131	31.07.20 14:10:10	23,89	0,32	77,49	-5,12	7,39
132	31.07.20 14:10:11	23,89	0,32	78,17	-3,93	7,90
133	31.07.20 14:10:12	23,89	0,32	78,07	-4,40	7,53
134	31.07.20 14:10:13	23,86	0,32	78,01	-4,27	7,72
135	31.07.20 14:10:14	23,86	0,32	77,94	-4,34	7,72
136	31.07.20 14:10:15	23,86	0,34	78,66	-3,86	7,49
137	31.07.20 14:10:16	23,86	0,32	77,78	-4,05	8,17
138	31.07.20 14:10:17	23,86	0,32	78,22	-4,16	7,62
139	31.07.20 14:10:18	23,86	0,32	77,73	-4,72	7,55
140	31.07.20 14:10:19	23,86	0,32	77,08	-4,76	8,16
141	31.07.20 14:10:20	23,86	0,32	78,82	-3,51	7,68
142	31.07.20 14:10:21	23,86	0,32	77,53	-4,23	8,24
143	31.07.20 14:10:22	23,83	0,34	78,42	-4,30	7,28
144	31.07.20 14:10:23	23,83	0,32	77,33	-4,69	7,97
145	31.07.20 14:10:24	23,83	0,34	78,47	-4,52	7,01
146	31.07.20 14:10:25	23,83	0,32	77,41	-5,16	7,43
147	31.07.20 14:10:26	23,83	0,32	78,15	-4,21	7,64
148	31.07.20 14:10:27	23,83	0,34	77,37	-4,95	7,68
149	31.07.20 14:10:28	23,83	0,34	78,04	-4,61	7,35
150	31.07.20 14:10:29	23,83	0,34	77,05	-5,18	7,77
151	31.07.20 14:10:30	23,83	0,34	78,44	-4,14	7,42
152	31.07.20 14:10:31	23,83	0,34	77,44	-4,93	7,64
153	31.07.20 14:10:32	23,80	0,32	78,06	-4,42	7,52
154	31.07.20 14:10:33	23,80	0,34	78,15	-4,47	7,39
155	31.07.20 14:10:34	23,80	0,32	76,45	-5,62	7,93
156	31.07.20 14:10:35	23,80	0,32	78,08	-4,89	7,02
157	31.07.20 14:10:36	23,80	0,34	77,03	-5,56	7,41
158	31.07.20 14:10:37	23,80	0,34	78,33	-4,59	7,08
159	31.07.20 14:10:38	23,80	0,34	78,13	-4,29	7,58
160	31.07.20 14:10:39	23,80	0,34	77,93	-4,71	7,36
161	31.07.20 14:10:40	23,80	0,34	78,15	-4,21	7,64
162	31.07.20 14:10:41	23,80	0,34	78,85	-4,08	7,07
163	31.07.20 14:10:42	23,80	0,34	79,20	-2,63	8,17
164	31.07.20 14:10:43	23,80	0,34	79,71	-2,38	7,91
165	31.07.20 14:10:44	23,80	0,34	79,02	-3,19	7,79
166	31.07.20 14:10:45	23,77	0,32	77,93	-4,81	7,26
167	31.07.20 14:10:46	23,77	0,34	76,51	-7,24	6,25
168	31.07.20 14:10:47	23,77	0,34	73,15	-11,09	5,76
169	31.07.20 14:10:48	23,77	0,34	20,31	-65,18	4,51
170	31.07.20 14:10:49	23,77	0,34	4,56	-80,80	4,64
171	31.07.20 14:10:50	23,77	0,34	4,74	-81,28	3,98
172	31.07.20 14:10:51	23,77	0,34	5,83	-79,84	4,33
173	31.07.20 14:10:52	23,77	0,34	6,18	-79,48	4,34
174	31.07.20 14:10:53	23,77	0,34	7,30	-78,33	4,37
175	31.07.20 14:10:54	23,77	0,34	7,73	-78,17	4,10
176	31.07.20 14:10:55	23,75	0,32	8,47	-76,64	4,89
177	31.07.20 14:10:56	23,75	0,32	7,02	-79,38	3,60
178	31.07.20 14:10:57	23,75	0,32	7,06	-78,28	4,66
179	31.07.20 14:10:58	23,75	0,32	7,44	-78,66	3,90
180	31.07.20 14:10:59	23,75	0,32	7,28	-78,26	4,47
181	31.07.20 14:11:00	23,75	0,29	7,84	-78,24	3,92
182	31.07.20 14:11:01	23,75	0,32	7,10	-79,13	3,77
183	31.07.20 14:11:02	23,75	0,32	5,63	-79,55	4,81
184	31.07.20 14:11:03	23,75	0,32	7,50	-78,74	3,75
185	31.07.20 14:11:04	23,75	0,32	7,93	-79,02	3,05
186	31.07.20 14:11:05	23,75	0,32	7,37	-78,08	4,54
187	31.07.20 14:11:06	23,72	0,32	7,33	-78,14	4,53
188	31.07.20 14:11:07	23,72	0,32	7,21	-79,15	3,64
189	31.07.20 14:11:08	23,72	0,32	8,52	-77,86	3,62
190	31.07.20 14:11:09	23,72	0,32	7,98	-77,49	4,54
191	31.07.20 14:11:10	23,72	0,32	7,94	-77,87	4,19
192	31.07.20 14:11:11	23,72	0,32	8,36	-78,17	3,47
193	31.07.20 14:11:12	23,72	0,32	8,29	-77,50	4,21
194	31.07.20 14:11:13	23,72	0,32	7,73	-76,90	5,37
195	31.07.20 14:11:14	23,72	0,34	9,77	-75,24	4,99
196	31.07.20 14:11:15	23,72	0,32	10,95	-76,11	2,94
197	31.07.20 14:11:16	23,69	0,32	10,83	-73,55	5,62
198	31.07.20 14:11:17	23,69	0,29	12,52	-72,35	5,13
199	31.07.20 14:11:18	23,69	0,32	12,15	-73,55	4,29
200	31.07.20 14:11:19	23,69	0,32	13,16	-72,04	4,79
201	31.07.20 14:11:20	23,69	0,32	13,22	-70,94	5,84
202	31.07.20 14:11:21	23,69	0,32	12,92	-72,44	4,64
203	31.07.20 14:11:22	23,69	0,32	13,96	-70,77	5,27
204	31.07.20 14:11:23	23,69	0,32	13,06	-71,43	5,51
205	31.07.20 14:11:24	23,69	0,32	12,80	-71,51	5,69
206	31.07.20 14:11:25	23,69	0,32	11,92	-73,16	4,92
207	31.07.20 14:11:26	23,69	0,32	10,97	-73,83	5,20
208	31.07.20 14:11:27	23,69	0,32	10,39	-74,22	5,38
209	31.07.20 14:11:28	23,66	0,32	9,15	-75,44	5,42
210	31.07.20 14:11:29	23,66	0,32	11,09	-74,71	4,20
211	31.07.20 14:11:30	23,66	0,32	13,11	-71,14	5,75
212	31.07.20 14:11:31	23,66	0,32	14,61	-69,45	5,94
213	31.07.20 14:11:32	23,66	0,32	16,30	-69,69	4,01
214	31.07.20 14:11:33	23,66	0,32	15,13	-69,71	5,17
215	31.07.20 14:11:34	23,66	0,34	14,84	-69,35	5,80
216	31.07.20 14:11:35	23,66	0,32	12,54	-71,99	5,47
217	31.07.20 14:11:36	23,66	0,34	10,01	-76,03	3,97
218	31.07.20 14:11:37	23,66	0,32	8,49	-76,83	4,67
219	31.07.20 14:11:38	23,66	0,32	6,10	-77,95	5,95
220	31.07.20 14:11:39	23,66	0,34	5,39	-80,15	4,46
221	31.07.20 14:11:40	23,63	0,34	5,96	-79,58	4,47
222	31.07.20 14:11:41	23,63	0,32	8,37	-76,47	5,15
223	31.07.20 14:11:42	23,63	0,32	11,66	-72,20	6,14
224	31.07.20 14:11:43	23,63	0,32	16,87	-68,94	4,19
225	31.07.20 14:11:44	23,63	0,32	18,67	-65,70	5,64
226	31.07.20 14:11:45	23,63	0,34	20,12	-63,67	6,21
227	31.07.20 14:11:46	23,63	0,32	18,84	-66,13	5,03
228	31.07.20 14:11:47	23,63	0,32	17,43	-66,88	5,69
229	31.07.20 14:11:48	23,63	0,34	16,94	-67,53	5,53
230	31.07.20 14:11:49	23,63	0,34	15,57	-69,20	5,23
231	31.07.20 14:11:50	23,63	0,34	12,52	-72,24	5,24
232	31.07.20 14:11:51	23,63	0,32	10,89	-73,60	5,52
233	31.07.20 14:11:52	23,60	0,34	10,98	-74,22	4,80
234	31.07.20 14:11:53	23,60	0,34	10,24	-73,97	5,79
235	31.07.20 14:11:54	23,60	0,34	10,76	-73,71	5,53
236	31.07.20 14:11:55	23,60	0,32	12,22	-72,11	5,66
237	31.07.20 14:11:56	23,60	0,34	11,85	-71,47	6,67
238	31.07.20 14:11:57	23,60	0,34	13,81	-71,38	4,81
239	31.07.20 14:11:58	23,60	0,34	15,25	-68,53	6,22
240	31.07.20 14:11:59	23,60	0,34	25,85	-62,67	1,49
241	31.07.20 14:12:00	23,60	0,34	54,46	-35,29	0,25
242	31.07.20 14:12:01	23,60	0,34	68,50	-20,04	1,45
243	31.07.20 14:12:02	23,60	0,34	66,51	-20,64	-2,85
244	31.07.20 14:12:03	23,60	0,32	65,77	-19,78	-4,44
245	31.07.20 14:12:04	23,57	0,34	66,50	-20,03	-3,47
246	31.07.20 14:12:05	23,57	0,34	67,35	-18,79	-3,86
247	31.07.20 14:12:06	23,57	0,34	63,21	-23,05	-3,75
248	31.07.20 14:12:07	23,57	0,34	57,18	-29,49	-3,33
249	31.07.20 14:12:08	23,57	0,34	64,34	-23,21	2,45
250	31.07.20 14:12:09	23,57	0,32	53,99	-31,08	4,93
251	31.07.20 14:12:10	23,57	0,32	67,39	-16,92	-5,69
252	31.07.20 14:12:11	23,57	0,32	79,73	-3,32	-6,95
253	31.07.20 14:12:12	23,57	0,34	74,85	-1,56	-13,59
254	31.07.20 14:12:13	23,57	0,34	75,26	0,37	-14,38
255	31.07.20 14:12:14	23,57	0,34	74,95	-0,91	-14,14
256	31.07.20 14:12:15	23,54	0,32	75,57	-1,22	-13,21
257	31.07.20 14:12:16	23,54	0,34	76,30	-0,54	-13,16
258	31.07.20 14:12:17	23,54	0,34	75,05	0,18	-14,77
259	31.07.20 14:12:18	23,54	0,34	74,14	-1,03	-14,83
260	31.07.20 14:12:19	23,54	0,34	74,45	-1,39	-14,16
261	31.07.20 14:12:20	23,54	0,34	74,97	-0,97	-14,06
262	31.07.20 14:12:21	23,54	0,34	75,06	-0,97	-13,97
263	31.07.20 14:12:22	23,54	0,34	74,17	-1,71	-14,12
264	31.07.20 14:12:23	23,54	0,34	73,00	-1,85	-15,15
265	31.07.20 14:12:24	23,54	0,34	74,04	-0,64	-15,32
266	31.07.20 14:12:25	23,54	0,34	74,67	-0,59	-14,74
267	31.07.20 14:12:26	23,54	0,34	73,30	-2,39	-14,31
268	31.07.20 14:12:27	23,51	0,32	73,35	-2,37	-14,28
269	31.07.20 14:12:28	23,51	0,32	73,50	-2,34	-14,16
270	31.07.20 14:12:29	23,51	0,32	73,45	-2,65	-13,90
271	31.07.20 14:12:30	23,51	0,32	70,31	-6,11	-13,58
272	31.07.20 14:12:31	23,51	0,29	70,16	-5,40	-14,44
273	31.07.20 14:12:32	23,51	0,32	72,91	-3,52	-13,56
274	31.07.20 14:12:33	23,51	0,29	73,21	-3,38	-13,40
275	31.07.20 14:12:34	23,51	0,32	70,06	-5,37	-14,57
276	31.07.20 14:12:35	23,51	0,32	71,47	-3,11	-15,42
277	31.07.20 14:12:36	23,51	0,32	72,50	-3,42	-14,08
278	31.07.20 14:12:37	23,51	0,32	72,99	-2,95	-14,06
279	31.07.20 14:12:38	23,51	0,32	74,01	-2,36	-13,63
280	31.07.20 14:12:39	23,48	0,32	73,82	-2,57	-13,61
281	31.07.20 14:12:40	23,48	0,32	74,55	-1,69	-13,76
282	31.07.20 14:12:41	23,48	0,32	71,90	-3,80	-14,30
283	31.07.20 14:12:42	23,48	0,32	72,05	-3,37	-14,58
284	31.07.20 14:12:43	23,48	0,32	73,31	-2,45	-14,23
285	31.07.20 14:12:44	23,48	0,32	72,75	-3,81	-13,45
286	31.07.20 14:12:45	23,48	0,32	72,92	-3,68	-13,39
287	31.07.20 14:12:46	23,48	0,32	71,54	-4,16	-14,30
288	31.07.20 14:12:47	23,48	0,32	72,78	-2,92	-14,31
289	31.07.20 14:12:48	23,48	0,34	71,77	-2,74	-15,49
290	31.07.20 14:12:49	23,45	0,32	71,03	-4,65	-14,31
291	31.07.20 14:12:50	23,45	0,32	71,64	-4,41	-13,96
292	31.07.20 14:12:51	23,45	0,32	72,49	-3,57	-13,94
293	31.07.20 14:12:52	23,45	0,32	71,75	-3,54	-14,71
294	31.07.20 14:12:53	23,45	0,34	70,74	-3,95	-15,31
295	31.07.20 14:12:54	23,45	0,34	71,27	-3,46	-15,27
296	31.07.20 14:12:55	23,45	0,32	71,95	-3,29	-14,76
297	31.07.20 14:12:56	23,45	0,32	71,74	-3,65	-14,61
298	31.07.20 14:12:57	23,45	0,32	71,45	-3,90	-14,65
299	31.07.20 14:12:58	23,45	0,34	72,05	-2,82	-15,13
300	31.07.20 14:12:59	23,45	0,32	72,20	-2,97	-14,83
301	31.07.20 14:13:00	23,45	0,32	70,82	-4,71	-14,48
302	31.07.20 14:13:01	23,45	0,34	70,84	-4,51	-14,64
303	31.07.20 14:13:02	23,43	0,32	69,61	-5,57	-14,82
304	31.07.20 14:13:03	23,43	0,32	68,88	-6,06	-15,06
305	31.07.20 14:13:04	23,43	0,32	66,29	-9,36	-14,35
306	31.07.20 14:13:05	23,43	0,34	70,13	-17,97	-1,90
307	31.07.20 14:13:06	23,43	0,32	69,91	-15,44	-4,65
308	31.07.20 14:13:07	23,43	0,34	65,30	-14,99	-9,71
309	31.07.20 14:13:08	23,43	0,34	62,36	-24,90	2,74
310	31.07.20 14:13:09	23,43	0,34	74,09	-12,19	3,73
311	31.07.20 14:13:10	23,43	0,32	80,31	2,43	7,26
312	31.07.20 14:13:11	23,43	0,32	54,93	25,17	9,89
313	31.07.20 14:13:12	23,43	0,34	55,72	25,71	8,57
314	31.07.20 14:13:13	23,43	0,32	56,01	26,50	7,49
315	31.07.20 14:13:14	23,40	0,34	45,17	35,58	9,25
316	31.07.20 14:13:15	23,40	0,34	49,21	30,04	10,75
317	31.07.20 14:13:16	23,40	0,34	42,70	37,64	9,67
318	31.07.20 14:13:17	23,40	0,32	40,29	28,88	20,83
319	31.07.20 14:13:18	23,40	0,34	39,47	35,77	14,76
320	31.07.20 14:13:19	23,40	0,32	32,17	42,27	15,56
321	31.07.20 14:13:20	23,40	0,34	34,21	38,56	17,23
322	31.07.20 14:13:21	23,40	0,34	47,40	29,54	13,05
323	31.07.20 14:13:22	23,40	0,34	58,00	26,20	5,80
324	31.07.20 14:13:23	23,40	0,34	4,10	13,07	72,83
325	31.07.20 14:13:24	23,40	0,32	3,31	-6,05	80,65
326	31.07.20 14:13:25	23,40	0,34	3,02	0,06	86,92
327	31.07.20 14:13:26	23,37	0,34	2,76	-1,85	85,39
328	31.07.20 14:13:27	23,37	0,34	2,86	-3,23	83,92
329	31.07.20 14:13:28	23,37	0,34	2,79	-2,32	84,89
330	31.07.20 14:13:29	23,37	0,34	-3,12	12,93	73,96
331	31.07.20 14:13:30	23,37	0,34	-2,92	20,89	66,19
332	31.07.20 14:13:31	23,37	0,34	-81,58	3,63	4,80
333	31.07.20 14:13:32	23,37	0,29	71,39	11,60	7,01
334	31.07.20 14:13:33	23,31	0,41	84,53	1,90	-3,57
335	31.07.20 14:13:34	23,25	0,39	83,26	-4,09	2,65
336	31.07.20 14:13:35	23,22	0,41	84,80	-3,45	1,75
337	31.07.20 14:13:36	23,22	0,41	77,31	8,54	4,15
338	31.07.20 14:13:37	23,22	0,41	66,83	20,38	-2,79
339	31.07.20 14:13:38	23,19	0,44	71,49	16,07	2,43
340	31.07.20 14:13:39	23,19	0,41	71,61	11,90	6,50
341	31.07.20 14:13:40	23,19	0,44	73,10	5,17	11,73
342	31.07.20 14:13:41	23,19	0,44	43,01	9,79	37,20
343	31.07.20 14:13:42	23,19	0,44	30,37	15,91	43,72
344	31.07.20 14:13:43	23,16	0,41	17,88	34,52	37,60
345	31.07.20 14:13:44	23,11	0,41	35,64	0,88	53,48
346	31.07.20 14:13:45	22,90	0,49	74,89	-12,41	2,70
347	31.07.20 14:13:46	22,78	0,46	50,06	10,48	29,46
348	31.07.20 14:13:47	22,70	0,46	15,61	4,82	69,57
349	31.07.20 14:13:48	22,67	0,46	18,71	-11,86	59,43
350	31.07.20 14:13:49	22,61	0,46	20,22	13,17	56,62
351	31.07.20 14:13:50	22,58	0,52	28,76	10,29	50,95
352	31.07.20 14:13:51	22,55	0,57	29,15	44,10	16,76
353	31.07.20 14:13:52	22,52	0,61	19,06	47,43	23,51
354	31.07.20 14:13:53	22,49	0,59	21,16	44,72	24,12
355	31.07.20 14:13:54	22,46	0,61	27,97	32,43	29,60
356	31.07.20 14:13:55	22,43	0,58	28,96	23,93	37,11
357	31.07.20 14:13:56	22,41	0,58	25,11	18,73	46,15
358	31.07.20 14:13:57	22,41	0,58	31,09	9,45	49,46
359	31.07.20 14:13:58	22,38	0,57	35,30	-2,74	51,96
360	31.07.20 14:13:59	22,38	0,60	30,99	-7,96	51,06
361	31.07.20 14:14:00	22,35	0,57	29,03	0,41	60,56
362	31.07.20 14:14:01	22,32	0,57	32,10	-2,16	55,73
363	31.07.20 14:14:02	22,29	0,61	33,25	-8,37	48,38
364	31.07.20 14:14:03	22,29	0,61	36,28	-7,37	46,35
365	31.07.20 14:14:04	22,26	0,63	40,55	-10,70	38,75
366	31.07.20 14:14:05	22,23	0,63	39,53	-8,47	41,99
367	31.07.20 14:14:06	22,23	0,65	43,64	-11,45	34,91
368	31.07.20 14:14:07	22,20	0,65	44,16	-13,00	32,84
369	31.07.20 14:14:08	22,20	0,63	42,61	2,94	44,44
370	31.07.20 14:14:09	22,17	0,62	32,11	-1,30	56,59
371	31.07.20 14:14:10	22,17	0,60	27,03	-1,34	61,63
372	31.07.20 14:14:11	22,14	0,57	30,08	-1,88	58,04
373	31.07.20 14:14:12	22,11	0,57	25,69	6,56	57,76
374	31.07.20 14:14:13	22,11	0,57	36,01	6,32	47,67
375	31.07.20 14:14:14	22,08	0,57	37,92	3,75	48,33
376	31.07.20 14:14:15	22,08	0,59	33,32	5,72	50,96
377	31.07.20 14:14:16	22,06	0,61	37,18	3,87	48,95
378	31.07.20 14:14:17	22,06	0,63	29,34	11,37	49,29
379	31.07.20 14:14:18	22,06	0,63	28,54	16,45	45,01
380	31.07.20 14:14:19	22,06	0,66	28,38	17,98	43,63
381	31.07.20 14:14:20	22,03	0,68	36,50	16,81	36,69
382	31.07.20 14:14:21	22,03	0,68	40,00	15,20	34,80
383	31.07.20 14:14:22	22,03	0,70	47,97	7,77	34,26
384	31.07.20 14:14:23	22,00	0,67	31,14	14,56	44,30
385	31.07.20 14:14:24	22,00	0,70	32,30	10,04	47,65
386	31.07.20 14:14:25	21,97	0,70	29,94	14,08	45,98
387	31.07.20 14:14:26	21,97	0,72	31,70	8,18	50,12
388	31.07.20 14:14:27	21,97	0,72	43,95	-7,03	39,02
389	31.07.20 14:14:28	21,94	0,72	38,78	6,01	45,21
390	31.07.20 14:14:29	21,94	0,72	42,64	-6,62	40,74
391	31.07.20 14:14:30	21,91	0,71	25,51	14,24	50,25
392	31.07.20 14:14:31	21,91	0,71	37,58	-5,52	46,89
393	31.07.20 14:14:32	21,91	0,71	30,97	6,16	52,87
394	31.07.20 14:14:33	21,88	0,71	32,44	5,42	52,14
395	31.07.20 14:14:34	21,88	0,71	32,27	8,83	48,90
396	31.07.20 14:14:35	21,88	0,73	38,55	2,33	49,12
397	31.07.20 14:14:36	21,85	0,73	32,05	9,20	48,75
398	31.07.20 14:14:37	21,85	0,73	27,16	20,56	42,28
399	31.07.20 14:14:38	21,85	0,75	50,17	-4,44	35,39
400	31.07.20 14:14:39	21,85	0,73	34,84	6,47	48,69
401	31.07.20 14:14:40	21,85	0,73	29,04	7,22	53,74
402	31.07.20 14:14:41	21,82	0,75	31,32	10,16	48,52
403	31.07.20 14:14:42	21,82	0,77	38,90	5,03	46,07
404	31.07.20 14:14:43	21,82	0,75	41,02	3,50	45,48
405	31.07.20 14:14:44	21,79	0,77	38,45	7,04	44,51
406	31.07.20 14:14:45	21,79	0,77	32,23	8,18	49,59
407	31.07.20 14:14:46	21,79	0,77	33,10	7,18	49,73
408	31.07.20 14:14:47	21,76	0,79	47,59	0,61	41,81
409	31.07.20 14:14:48	21,76	0,79	50,94	-2,24	36,82
410	31.07.20 14:14:49	21,76	0,81	45,58	-1,60	42,82
411	31.07.20 14:14:50	21,73	0,79	47,06	-0,89	42,04
412	31.07.20 14:14:51	21,73	0,83	49,65	-1,29	39,05
413	31.07.20 14:14:52	21,73	0,81	46,21	-0,97	42,82
414	31.07.20 14:14:53	21,73	0,83	47,23	0,12	42,65
415	31.07.20 14:14:54	21,73	0,81	49,91	-3,25	36,83
416	31.07.20 14:14:55	21,73	0,83	49,72	1,38	38,90
417	31.07.20 14:14:56	21,73	0,88	49,38	7,54	33,08
418	31.07.20 14:14:57	21,73	0,88	51,82	7,04	31,13
419	31.07.20 14:14:58	21,73	0,86	54,93	4,96	30,11
420	31.07.20 14:14:59	21,71	0,88	58,04	2,29	29,67
421	31.07.20 14:15:00	21,71	0,90	58,53	6,07	25,40
422	31.07.20 14:15:01	21,71	0,93	59,93	1,82	28,25
423	31.07.20 14:15:02	21,71	0,90	59,01	-1,45	29,53
424	31.07.20 14:15:03	21,71	0,90	63,44	0,82	25,73
425	31.07.20 14:15:04	21,68	0,97	64,23	0,06	25,71
426	31.07.20 14:15:05	21,68	0,95	61,32	-0,18	28,49
427	31.07.20 14:15:06	21,65	0,97	59,92	3,53	26,55
428	31.07.20 14:15:07	21,65	0,97	62,34	3,88	23,78
429	31.07.20 14:15:08	21,65	1,01	61,92	5,12	22,96
430	31.07.20 14:15:09	21,65	1,01	61,32	2,85	25,84
431	31.07.20 14:15:10	21,62	1,01	64,08	3,79	22,13
432	31.07.20 14:15:11	21,62	1,03	64,31	4,14	21,55
433	31.07.20 14:15:12	21,59	1,03	62,86	1,38	25,76
434	31.07.20 14:15:13	21,59	1,05	64,95	3,05	22,00
435	31.07.20 14:15:14	21,59	1,08	64,70	4,17	21,13
436	31.07.20 14:15:15	21,56	1,10	62,10	2,48	25,42
437	31.07.20 14:15:16	21,56	1,10	60,80	7,35	21,84
438	31.07.20 14:15:17	21,56	1,10	61,08	7,88	21,04
439	31.07.20 14:15:18	21,53	1,12	58,91	7,59	23,50
440	31.07.20 14:15:19	21,53	1,12	59,72	9,03	21,25
441	31.07.20 14:15:20	21,56	1,17	60,98	7,78	21,25
442	31.07.20 14:15:21	21,56	1,14	57,78	8,40	23,82
443	31.07.20 14:15:22	21,53	1,17	58,33	8,48	23,19
444	31.07.20 14:15:23	21,53	1,19	58,56	8,74	22,71
445	31.07.20 14:15:24	21,53	1,19	58,96	9,22	21,82
446	31.07.20 14:15:25	21,53	1,24	58,10	8,88	23,03
447	31.07.20 14:15:26	21,53	1,24	56,46	9,53	24,01
448	31.07.20 14:15:27	21,53	1,26	56,91	11,36	21,72
449	31.07.20 14:15:28	21,53	1,28	58,33	10,05	21,62
450	31.07.20 14:15:29	21,53	1,28	56,38	8,90	24,72
451	31.07.20 14:15:30	21,53	1,31	56,81	9,27	23,92
452	31.07.20 14:15:31	21,50	1,33	58,46	10,57	20,97
453	31.07.20 14:15:32	21,50	1,33	55,31	8,60	26,09
454	31.07.20 14:15:33	21,50	1,35	53,14	10,36	26,50
455	31.07.20 14:15:34	21,47	1,37	54,44	10,56	24,99
456	31.07.20 14:15:35	21,47	1,39	52,79	12,75	24,45
457	31.07.20 14:15:36	21,47	1,42	53,53	13,89	22,58
458	31.07.20 14:15:37	21,44	1,44	53,69	9,12	27,19
459	31.07.20 14:15:38	21,41	1,46	51,84	8,10	30,06
460	31.07.20 14:15:39	21,38	1,50	54,31	12,32	23,37
461	31.07.20 14:15:40	21,38	1,48	51,04	0,99	37,98
462	31.07.20 14:15:41	21,35	1,47	35,65	1,13	53,23
463	31.07.20 14:15:42	21,33	1,50	49,37	7,76	32,87
464	31.07.20 14:15:43	21,15	1,57	54,46	11,90	23,64
465	31.07.20 14:15:44	21,03	1,61	54,52	6,68	28,79
466	31.07.20 14:15:45	20,97	1,65	53,09	8,50	28,41
467	31.07.20 14:15:46	20,92	1,66	55,73	11,88	22,39
468	31.07.20 14:15:47	20,89	1,68	57,80	11,03	21,18
469	31.07.20 14:15:48	20,86	1,73	57,34	8,24	24,42
470	31.07.20 14:15:49	20,83	1,70	57,20	8,05	24,75
471	31.07.20 14:15:50	20,83	1,72	59,48	8,83	21,69
472	31.07.20 14:15:51	20,80	1,77	62,92	7,28	19,80
473	31.07.20 14:15:52	20,77	1,77	61,35	6,12	22,52
474	31.07.20 14:15:53	20,74	1,79	60,44	4,77	24,79
475	31.07.20 14:15:54	20,71	1,78	62,85	6,59	20,55
476	31.07.20 14:15:55	20,68	1,80	63,70	6,72	19,58
477	31.07.20 14:15:56	20,65	1,82	60,49	3,91	25,60
478	31.07.20 14:15:57	20,62	1,84	60,88	4,79	24,33
479	31.07.20 14:15:58	20,59	1,89	62,07	5,89	22,04
480	31.07.20 14:15:59	20,53	1,93	60,92	2,10	26,97
481	31.07.20 14:16:00	20,48	1,90	51,71	-3,34	34,94
482	31.07.20 14:16:01	20,36	1,72	53,55	-2,55	33,90
483	31.07.20 14:16:02	20,06	1,93	52,18	-2,98	34,85
484	31.07.20 14:16:03	19,80	2,02	48,25	-6,08	35,67
485	31.07.20 14:16:04	19,59	2,06	48,93	-4,48	36,59
486	31.07.20 14:16:05	19,39	2,02	53,15	-1,42	35,43
487	31.07.20 14:16:06	19,18	2,09	49,71	-2,38	37,91
488	31.07.20 14:16:07	19,03	2,12	47,20	-3,45	39,35
489	31.07.20 14:16:08	18,88	2,15	50,97	-1,80	37,23
490	31.07.20 14:16:09	18,80	2,19	51,06	-1,36	37,58
491	31.07.20 14:16:10	18,71	2,16	45,97	-2,38	41,65
492	31.07.20 14:16:11	18,59	2,15	47,75	-0,89	41,36
493	31.07.20 14:16:12	18,50	2,14	51,30	0,15	38,56
494	31.07.20 14:16:13	18,44	2,08	47,05	-2,54	40,42
495	31.07.20 14:16:14	18,35	2,10	47,97	-1,76	40,27
496	31.07.20 14:16:15	18,23	2,13	51,10	1,06	37,84
497	31.07.20 14:16:16	18,14	2,15	46,90	1,16	41,94
498	31.07.20 14:16:17	18,08	2,14	43,21	-2,20	44,59
499	31.07.20 14:16:18	18,05	2,14	42,67	-0,88	46,45
500	31.07.20 14:16:19	18,02	2,09	39,61	-3,05	47,33
501	31.07.20 14:16:20	17,99	2,06	35,14	-5,22	49,64
502	31.07.20 14:16:21	17,93	2,05	31,07	-2,88	56,05
503	31.07.20 14:16:22	17,85	2,05	40,64	4,18	45,18
504	31.07.20 14:16:23	17,67	2,07	47,42	-4,74	37,84
505	31.07.20 14:16:24	17,58	2,06	33,68	-10,51	45,80
506	31.07.20 14:16:25	17,52	1,99	29,83	-3,57	56,60
507	31.07.20 14:16:26	17,46	2,01	31,25	3,55	55,20
508	31.07.20 14:16:27	17,40	2,02	36,31	2,69	51,00
509	31.07.20 14:16:28	17,37	2,02	37,88	0,06	52,06
510	31.07.20 14:16:29	17,34	1,99	40,03	-1,24	48,73
511	31.07.20 14:16:30	17,31	1,99	37,76	-4,86	47,38
512	31.07.20 14:16:31	17,34	1,95	37,80	-4,20	48,00
513	31.07.20 14:16:32	17,31	1,92	37,80	-4,25	47,94
514	31.07.20 14:16:33	17,31	1,90	35,21	-6,33	48,46
515	31.07.20 14:16:34	17,31	1,90	37,48	-7,20	45,32
516	31.07.20 14:16:35	17,31	1,90	40,49	-7,36	42,15
517	31.07.20 14:16:36	17,31	1,87	36,46	-10,14	43,40
518	31.07.20 14:16:37	17,31	1,85	33,92	-12,28	43,79
519	31.07.20 14:16:38	17,31	1,85	34,99	-13,39	41,62
520	31.07.20 14:16:39	17,31	1,85	32,70	-15,52	41,78
521	31.07.20 14:16:40	17,31	1,83	30,50	-13,31	46,19
522	31.07.20 14:16:41	17,28	1,82	33,07	-12,64	44,28
523	31.07.20 14:16:42	17,25	1,80	32,81	-12,48	44,71
524	31.07.20 14:16:43	17,25	1,80	34,67	-12,64	42,69
525	31.07.20 14:16:44	17,25	1,82	31,68	-13,63	44,68
526	31.07.20 14:16:45	17,25	1,80	31,57	-15,42	43,01
527	31.07.20 14:16:46	17,25	1,80	32,24	-14,63	43,13
528	31.07.20 14:16:47	17,25	1,77	32,72	-13,42	43,86
529	31.07.20 14:16:48	17,25	1,77	34,48	-10,05	45,47
530	31.07.20 14:16:49	17,25	1,80	33,86	-12,18	43,97
531	31.07.20 14:16:50	17,25	1,77	33,47	-12,04	44,49
532	31.07.20 14:16:51	17,28	1,78	33,21	-11,39	45,39
533	31.07.20 14:16:52	17,28	1,78	32,83	-11,36	45,81
534	31.07.20 14:16:53	17,28	1,80	32,37	-13,37	44,26
535	31.07.20 14:16:54	17,28	1,78	32,20	-13,69	44,11
536	31.07.20 14:16:55	17,28	1,78	31,50	-12,61	45,89
537	31.07.20 14:16:56	17,28	1,80	32,84	-12,67	44,49
538	31.07.20 14:16:57	17,28	1,80	31,69	-13,83	44,48
539	31.07.20 14:16:58	17,31	1,80	30,38	-13,35	46,26
540	31.07.20 14:16:59	17,31	1,83	31,56	-13,83	44,61
541	31.07.20 14:17:00	17,31	1,83	30,17	-15,46	44,37
542	31.07.20 14:17:01	17,31	1,85	28,33	-15,13	46,53
543	31.07.20 14:17:02	17,28	1,82	30,09	-16,31	43,60
544	31.07.20 14:17:03	17,28	1,85	28,77	-16,10	45,14
545	31.07.20 14:17:04	17,25	1,87	28,00	-16,79	45,20
546	31.07.20 14:17:05	17,19	1,84	27,24	-17,37	45,40
547	31.07.20 14:17:06	17,13	1,90	25,57	-21,26	43,17
548	31.07.20 14:17:07	17,04	1,89	24,19	-21,39	44,42
549	31.07.20 14:17:08	16,89	1,92	27,22	-16,66	46,12
550	31.07.20 14:17:09	16,80	2,01	25,77	-17,97	46,25
551	31.07.20 14:17:10	16,65	1,99	22,80	-19,09	48,11
552	31.07.20 14:17:11	16,47	2,07	25,86	-19,30	44,85
553	31.07.20 14:17:12	16,32	2,10	25,48	-18,93	45,59
554	31.07.20 14:17:13	16,14	2,15	27,39	-15,70	46,91
555	31.07.20 14:17:14	15,99	2,18	22,79	-20,27	46,94
556	31.07.20 14:17:15	15,86	2,19	26,62	-17,57	45,81
557	31.07.20 14:17:16	15,71	2,27	28,35	-14,49	47,17
558	31.07.20 14:17:17	15,62	2,28	25,64	-16,48	47,87
559	31.07.20 14:17:18	15,47	2,29	27,31	-15,27	47,41
560	31.07.20 14:17:19	15,38	2,30	29,91	-14,30	45,79
561	31.07.20 14:17:20	15,29	2,32	28,60	-14,51	46,89
562	31.07.20 14:17:21	15,20	2,33	29,44	-13,15	47,41
563	31.07.20 14:17:22	15,10	2,39	30,91	-13,86	45,23
564	31.07.20 14:17:23	15,04	2,39	30,49	-12,60	46,90
565	31.07.20 14:17:24	14,98	2,40	31,46	-11,88	46,66
566	31.07.20 14:17:25	14,86	2,41	31,60	-13,00	45,41
567	31.07.20 14:17:26	14,80	2,43	30,96	-14,15	44,89
568	31.07.20 14:17:27	14,74	2,42	32,54	-14,05	43,41
569	31.07.20 14:17:28	14,71	2,47	34,62	-12,26	43,12
570	31.07.20 14:17:29	14,65	2,56	32,46	-12,65	44,88
571	31.07.20 14:17:30	14,55	2,50	31,94	-13,47	44,58
572	31.07.20 14:17:31	14,49	2,52	37,05	-10,54	42,41
573	31.07.20 14:17:32	14,46	2,54	36,79	-10,44	42,76
574	31.07.20 14:17:33	14,40	2,51	33,11	-12,46	44,43
575	31.07.20 14:17:34	14,34	2,50	37,22	-10,88	41,90
576	31.07.20 14:17:35	14,25	2,44	38,96	-8,27	42,77
577	31.07.20 14:17:36	14,06	2,56	38,86	-9,75	41,39
578	31.07.20 14:17:37	13,78	2,72	38,21	-8,85	42,95
579	31.07.20 14:17:38	13,50	2,76	41,05	-8,21	40,74
580	31.07.20 14:17:39	13,32	2,84	42,15	-6,54	41,31
581	31.07.20 14:17:40	13,13	2,82	40,06	-6,27	43,67
582	31.07.20 14:17:41	12,98	2,90	41,03	-6,68	42,28
583	31.07.20 14:17:42	12,79	2,88	41,96	-5,99	42,06
584	31.07.20 14:17:43	12,63	2,88	40,07	-6,43	43,50
585	31.07.20 14:17:44	12,51	2,94	40,12	-5,84	44,04
586	31.07.20 14:17:45	12,41	2,93	40,10	-6,39	43,51
587	31.07.20 14:17:46	12,29	2,97	39,48	-7,69	42,83
588	31.07.20 14:17:47	12,19	2,96	40,31	-5,71	43,98
589	31.07.20 14:17:48	12,03	3,01	38,74	-6,13	45,13
590	31.07.20 14:17:49	11,97	3,03	39,73	-6,06	44,21
591	31.07.20 14:17:50	11,87	3,06	40,66	-6,46	42,88
592	31.07.20 14:17:51	11,78	3,03	35,75	-11,04	43,21
593	31.07.20 14:17:52	11,68	3,11	40,91	-5,44	43,66
594	31.07.20 14:17:53	11,56	3,10	36,71	-10,85	42,44
595	31.07.20 14:17:54	11,43	3,13	40,63	-8,02	41,35
596	31.07.20 14:17:55	11,33	3,15	38,37	-9,48	42,15
597	31.07.20 14:17:56	11,27	3,21	37,28	-10,06	42,66
598	31.07.20 14:17:57	11,21	3,25	42,19	-7,86	39,95
599	31.07.20 14:17:58	11,14	3,29	40,93	-9,12	39,94
600	31.07.20 14:17:59	11,01	3,28	39,35	-9,19	41,47
601	31.07.20 14:18:00	10,95	3,37	40,15	-10,59	39,25
602	31.07.20 14:18:01	10,85	3,36	44,10	-8,88	37,02
603	31.07.20 14:18:02	10,72	3,39	42,36	-9,46	38,18
604	31.07.20 14:18:03	10,63	3,40	39,44	-12,40	38,16
605	31.07.20 14:18:04	10,56	3,47	44,52	-10,85	34,63
606	31.07.20 14:18:05	10,47	3,50	43,55	-10,17	36,28
607	31.07.20 14:18:06	10,34	3,54	41,60	-12,54	35,86
608	31.07.20 14:18:07	10,30	3,56	44,47	-12,30	33,23
609	31.07.20 14:18:08	10,24	3,60	44,14	-12,25	33,61
610	31.07.20 14:18:09	10,17	3,59	42,52	-10,56	36,92
611	31.07.20 14:18:10	10,14	3,61	43,24	-13,25	33,50
612	31.07.20 14:18:11	10,14	3,63	44,32	-12,20	33,48
613	31.07.20 14:18:12	10,14	3,68	42,19	-12,60	35,21
614	31.07.20 14:18:13	10,11	3,70	42,66	-14,23	33,11
615	31.07.20 14:18:14	10,11	3,68	41,93	-12,01	36,05
616	31.07.20 14:18:15	10,08	3,70	40,41	-14,69	34,89
617	31.07.20 14:18:16	10,04	3,74	42,87	-14,56	32,58
618	31.07.20 14:18:17	10,01	3,78	43,07	-12,50	34,43
619	31.07.20 14:18:18	9,98	3,83	38,97	-15,06	35,97
620	31.07.20 14:18:19	9,91	3,84	41,87	-14,14	33,98
621	31.07.20 14:18:20	9,88	3,89	38,89	-16,57	34,54
622	31.07.20 14:18:21	9,85	3,88	39,36	-12,98	37,66
623	31.07.20 14:18:22	9,78	3,92	42,38	-11,55	36,06
624	31.07.20 14:18:23	9,75	3,92	43,43	-14,05	32,52
625	31.07.20 14:18:24	9,75	4,04	44,15	-12,49	33,36
626	31.07.20 14:18:25	9,72	4,06	42,48	-11,95	35,57
627	31.07.20 14:18:26	9,68	4,05	42,88	-10,92	36,20
628	31.07.20 14:18:27	9,68	4,10	46,03	-10,25	33,72
629	31.07.20 14:18:28	9,65	4,12	45,39	-10,24	34,37
630	31.07.20 14:18:29	9,62	4,16	42,49	-11,52	35,99
631	31.07.20 14:18:30	9,59	4,21	42,19	-11,55	36,26
632	31.07.20 14:18:31	9,52	4,25	45,36	-10,47	34,16
633	31.07.20 14:18:32	9,39	4,30	42,55	-12,88	34,57
634	31.07.20 14:18:33	9,29	4,32	41,17	-13,68	35,15
635	31.07.20 14:18:34	9,22	4,36	42,03	-12,16	35,82
636	31.07.20 14:18:35	9,19	4,38	40,60	-13,24	36,15
637	31.07.20 14:18:36	9,16	4,42	43,05	-11,00	35,95
638	31.07.20 14:18:37	9,12	4,49	41,50	-11,56	36,94
639	31.07.20 14:18:38	9,09	4,48	41,09	-11,26	37,65
640	31.07.20 14:18:39	9,06	4,52	44,90	-9,50	35,60
641	31.07.20 14:18:40	9,02	4,52	43,60	-10,43	35,97
642	31.07.20 14:18:41	8,99	4,56	41,32	-11,31	37,36
643	31.07.20 14:18:42	9,02	4,57	34,65	-20,56	34,79
644	31.07.20 14:18:43	8,99	4,59	20,88	-17,65	51,47
645	31.07.20 14:18:44	8,93	4,56	21,15	-16,14	52,71
646	31.07.20 14:18:45	8,66	4,69	20,94	-16,09	52,98
647	31.07.20 14:18:46	8,36	4,80	20,58	-14,75	54,68
648	31.07.20 14:18:47	8,16	4,85	25,14	-10,30	54,56
649	31.07.20 14:18:48	7,95	4,85	23,69	-12,46	53,85
650	31.07.20 14:18:49	7,82	4,89	24,13	-11,89	53,99
651	31.07.20 14:18:50	7,72	4,97	28,72	-8,06	53,22
652	31.07.20 14:18:51	7,68	4,97	31,60	-7,31	51,09
653	31.07.20 14:18:52	7,62	4,96	28,59	-7,19	54,23
654	31.07.20 14:18:53	7,62	5,01	31,17	-5,70	53,12
655	31.07.20 14:18:54	7,55	5,02	34,36	-6,98	48,66
656	31.07.20 14:18:55	7,51	5,04	35,58	-6,44	47,98
657	31.07.20 14:18:56	7,48	5,09	41,53	-5,55	42,92
658	31.07.20 14:18:57	7,48	5,11	44,29	-5,40	40,31
659	31.07.20 14:18:58	7,45	5,08	43,06	-6,43	40,51
660	31.07.20 14:18:59	7,45	5,11	45,93	-5,08	39,00
661	31.07.20 14:19:00	7,45	5,15	50,90	-2,63	36,47
662	31.07.20 14:19:01	7,41	5,17	50,99	-2,45	36,56
663	31.07.20 14:19:02	7,41	5,20	51,39	-2,17	36,44
664	31.07.20 14:19:03	7,38	5,19	53,54	-0,50	35,96
665	31.07.20 14:19:04	7,38	5,22	52,83	-1,00	36,17
666	31.07.20 14:19:05	7,38	5,24	53,29	-0,94	35,78
667	31.07.20 14:19:06	7,38	5,26	54,31	1,83	33,87
668	31.07.20 14:19:07	7,38	5,26	54,78	2,46	32,76
669	31.07.20 14:19:08	7,41	5,29	54,18	0,44	35,37
670	31.07.20 14:19:09	7,41	5,31	53,04	-0,59	36,37
671	31.07.20 14:19:10	7,41	5,34	54,25	2,84	32,91
672	31.07.20 14:19:11	7,41	5,36	54,13	2,25	33,61
673	31.07.20 14:19:12	7,41	5,38	53,12	-1,00	35,88
674	31.07.20 14:19:13	7,38	5,42	52,70	-1,00	36,30
675	31.07.20 14:19:14	7,38	5,42	52,57	-1,17	36,26
676	31.07.20 14:19:15	7,38	5,45	51,59	-1,85	36,56
677	31.07.20 14:19:16	7,41	5,48	51,83	-1,88	36,30
678	31.07.20 14:19:17	7,41	5,52	51,68	-2,14	36,18
679	31.07.20 14:19:18	7,41	5,52	50,44	-2,91	36,65
680	31.07.20 14:19:19	7,41	5,59	53,22	-0,67	36,10
681	31.07.20 14:19:20	7,38	5,63	53,93	2,57	33,50
682	31.07.20 14:19:21	7,38	5,63	54,42	1,60	33,98
683	31.07.20 14:19:22	7,34	5,68	53,67	0,82	35,51
684	31.07.20 14:19:23	7,34	5,70	53,54	2,16	34,30
685	31.07.20 14:19:24	7,34	5,72	54,07	3,80	32,12
686	31.07.20 14:19:25	7,34	5,75	53,90	4,78	31,32
687	31.07.20 14:19:26	7,34	5,75	53,69	2,91	33,40
688	31.07.20 14:19:27	7,34	5,77	53,07	3,16	33,77
689	31.07.20 14:19:28	7,38	5,82	53,01	8,18	28,81
690	31.07.20 14:19:29	7,38	5,87	52,91	7,94	29,14
691	31.07.20 14:19:30	7,34	5,89	52,12	6,53	31,35
692	31.07.20 14:19:31	7,34	5,93	53,23	9,90	26,87
693	31.07.20 14:19:32	7,34	5,98	53,97	10,67	25,36
694	31.07.20 14:19:33	7,31	5,95	52,99	8,88	28,12
695	31.07.20 14:19:34	7,31	6,00	52,58	5,99	31,42
696	31.07.20 14:19:35	7,31	6,02	52,10	8,13	29,78
697	31.07.20 14:19:36	7,31	6,05	54,78	8,23	26,98
698	31.07.20 14:19:37	7,31	6,07	53,47	3,38	33,15
699	31.07.20 14:19:38	7,28	6,09	52,17	5,09	32,75
700	31.07.20 14:19:39	7,28	6,11	53,53	5,13	31,34
701	31.07.20 14:19:40	7,28	6,11	39,44	3,18	47,37
702	31.07.20 14:19:41	7,24	6,11	16,76	18,10	55,14
703	31.07.20 14:19:42	7,17	6,10	12,10	17,84	60,06
704	31.07.20 14:19:43	7,07	6,16	4,47	12,52	73,01
705	31.07.20 14:19:44	6,93	6,19	1,97	6,26	81,76
706	31.07.20 14:19:45	6,79	6,11	-5,50	-1,39	83,11
707	31.07.20 14:19:46	6,62	6,21	14,60	-6,10	69,30
708	31.07.20 14:19:47	6,55	6,16	1,09	-1,64	87,27
709	31.07.20 14:19:48	6,48	6,20	-9,84	-8,90	71,26
710	31.07.20 14:19:49	6,34	6,25	16,81	-11,43	61,76
711	31.07.20 14:19:50	6,20	6,28	3,33	2,74	83,93
712	31.07.20 14:19:51	6,06	6,29	-1,33	-9,46	79,21
713	31.07.20 14:19:52	5,99	6,40	-1,71	-10,38	77,91
714	31.07.20 14:19:53	5,96	6,26	11,26	-6,78	71,96
715	31.07.20 14:19:54	5,89	6,23	15,42	-0,39	74,18
716	31.07.20 14:19:55	5,82	6,22	-24,61	-11,45	53,93
717	31.07.20 14:19:56	5,75	6,28	20,30	-4,32	65,39
718	31.07.20 14:19:57	5,71	6,53	-3,70	-8,53	77,78
719	31.07.20 14:19:58	5,68	6,21	10,64	-0,16	79,20
720	31.07.20 14:19:59	5,64	6,27	-12,38	-24,50	53,12
721	31.07.20 14:20:00	5,61	6,27	-9,59	0,64	79,77
722	31.07.20 14:20:01	5,57	6,22	0,31	-3,51	86,17
723	31.07.20 14:20:02	5,50	6,23	-0,83	-2,46	86,70
724	31.07.20 14:20:03	5,47	6,25	14,56	-13,19	62,25
725	31.07.20 14:20:04	5,43	6,23	15,85	-10,94	63,22
726	31.07.20 14:20:05	5,39	6,22	7,05	-1,57	81,38
727	31.07.20 14:20:06	5,32	6,24	12,12	-15,55	62,33
728	31.07.20 14:20:07	5,25	6,25	-3,13	-8,07	78,80
729	31.07.20 14:20:08	5,18	6,27	21,19	-9,39	59,42
730	31.07.20 14:20:09	5,11	6,26	12,58	-15,34	62,08
731	31.07.20 14:20:10	5,04	6,26	10,18	0,03	79,79
732	31.07.20 14:20:11	4,93	6,27	-2,09	8,04	79,87
733	31.07.20 14:20:12	4,86	6,17	-14,33	1,04	74,64
734	31.07.20 14:20:13	4,82	6,23	11,18	-24,10	54,72
735	31.07.20 14:20:14	4,75	6,25	5,45	23,05	61,50
736	31.07.20 14:20:15	4,72	6,24	0,23	-6,56	83,22
737	31.07.20 14:20:16	4,64	6,24	13,51	7,01	69,48
738	31.07.20 14:20:17	4,61	6,23	15,22	-21,21	53,57
739	31.07.20 14:20:18	4,54	6,20	-2,78	-8,60	78,62
740	31.07.20 14:20:19	4,50	6,22	10,12	-12,26	67,61
741	31.07.20 14:20:20	4,46	6,22	-8,72	-16,46	64,82
742	31.07.20 14:20:21	4,43	6,21	7,28	-20,44	62,27
743	31.07.20 14:20:22	4,39	6,23	6,70	-5,64	77,66
744	31.07.20 14:20:23	4,32	6,23	-4,83	4,29	80,88
745	31.07.20 14:20:24	4,32	6,20	11,02	-9,43	69,55
746	31.07.20 14:20:25	4,28	6,22	3,78	-21,46	64,76
747	31.07.20 14:20:26	4,25	6,22	3,86	-6,46	79,68
748	31.07.20 14:20:27	4,17	6,23	12,38	3,81	73,82
749	31.07.20 14:20:28	4,14	6,21	7,77	-21,18	61,06
750	31.07.20 14:20:29	4,10	6,25	-0,80	-15,81	73,39
751	31.07.20 14:20:30	4,03	6,20	7,53	-5,66	76,81
752	31.07.20 14:20:31	3,99	6,22	-0,24	-1,96	87,80
753	31.07.20 14:20:32	3,92	6,21	-19,26	-14,95	55,80
754	31.07.20 14:20:33	3,88	6,20	-30,57	-4,00	55,43
755	31.07.20 14:20:34	3,84	6,18	27,97	-18,26	43,77
756	31.07.20 14:20:35	3,81	6,15	4,32	-0,06	85,63
757	31.07.20 14:20:36	3,77	6,22	12,46	-17,49	60,05
758	31.07.20 14:20:37	3,73	6,35	13,79	-18,96	57,25
759	31.07.20 14:20:38	3,66	6,20	2,37	-17,74	69,89
760	31.07.20 14:20:39	3,62	6,18	19,06	-6,42	64,51
761	31.07.20 14:20:40	3,59	6,17	0,78	-8,47	80,76
762	31.07.20 14:20:41	3,51	6,19	-4,92	-7,76	77,33
763	31.07.20 14:20:42	3,48	6,21	-4,96	-4,19	80,85
764	31.07.20 14:20:43	3,44	6,18	6,99	-22,02	60,98
765	31.07.20 14:20:44	3,40	6,18	-4,75	-10,98	74,27
766	31.07.20 14:20:45	3,36	6,20	2,17	-10,66	77,17
767	31.07.20 14:20:46	3,33	6,17	-15,34	-5,40	69,27
768	31.07.20 14:20:47	3,29	6,16	6,37	-23,54	60,10
769	31.07.20 14:20:48	3,25	6,16	-1,56	-1,05	87,38
770	31.07.20 14:20:49	3,22	6,16	-2,39	-7,16	80,45
771	31.07.20 14:20:50	3,18	6,15	11,12	-22,80	56,07
772	31.07.20 14:20:51	3,14	6,17	-6,34	-2,88	80,78
773	31.07.20 14:20:52	3,10	6,15	10,99	-5,58	73,44
774	31.07.20 14:20:53	3,07	6,16	1,46	-13,39	75,15
775	31.07.20 14:20:54	3,03	6,16	2,35	-3,39	84,26
776	31.07.20 14:20:55	2,99	6,13	-12,60	-8,42	68,98
777	31.07.20 14:20:56	2,95	6,15	23,25	-8,01	58,74
778	31.07.20 14:20:57	2,95	6,13	8,48	-2,93	78,58
779	31.07.20 14:20:58	2,92	6,15	1,62	-33,27	55,11
780	31.07.20 14:20:59	2,88	6,14	20,16	-19,28	50,56
781	31.07.20 14:21:00	2,84	6,14	-18,09	-15,25	56,66
782	31.07.20 14:21:01	2,80	6,14	1,72	-14,52	73,76
783	31.07.20 14:21:02	2,77	6,16	-2,48	-9,87	77,66
784	31.07.20 14:21:03	2,73	6,20	12,27	-13,71	64,02
785	31.07.20 14:21:04	2,73	6,13	0,21	-6,33	83,45
786	31.07.20 14:21:05	2,69	6,10	-8,29	-10,66	71,05
787	31.07.20 14:21:06	2,69	6,15	-8,10	-16,45	65,46
788	31.07.20 14:21:07	2,65	6,24	16,59	-12,68	60,72
789	31.07.20 14:21:08	2,62	6,12	15,67	-0,52	73,81
790	31.07.20 14:21:09	2,62	6,09	-2,34	-3,43	84,23
791	31.07.20 14:21:10	2,58	6,11	4,38	-8,94	76,68
792	31.07.20 14:21:11	2,54	6,09	-11,13	-27,91	50,96
793	31.07.20 14:21:12	2,50	6,13	8,81	6,28	74,91
794	31.07.20 14:21:13	2,47	6,12	-8,13	-14,82	67,04
795	31.07.20 14:21:14	2,47	6,10	10,88	-27,06	52,06
796	31.07.20 14:21:15	2,43	6,10	5,67	5,90	78,43
797	31.07.20 14:21:16	2,39	6,09	12,24	0,34	77,43
798	31.07.20 14:21:17	2,35	6,09	15,34	-12,82	61,84
799	31.07.20 14:21:18	2,35	6,09	18,41	-9,05	62,54
800	31.07.20 14:21:19	2,31	6,11	7,69	-7,20	75,10
801	31.07.20 14:21:20	2,28	6,15	6,25	-8,16	75,58
802	31.07.20 14:21:21	2,24	6,10	9,45	-17,36	63,19
803	31.07.20 14:21:22	2,20	6,07	11,63	3,42	74,95
804	31.07.20 14:21:23	2,16	6,04	18,72	-23,32	47,96
805	31.07.20 14:21:24	2,12	6,09	-5,24	-14,43	70,34
806	31.07.20 14:21:25	2,09	6,08	23,16	-5,22	61,62
807	31.07.20 14:21:26	2,05	6,06	21,57	-1,76	66,68
808	31.07.20 14:21:27	2,05	6,13	8,96	-6,63	74,41
809	31.07.20 14:21:28	2,01	6,07	2,41	2,73	84,86
810	31.07.20 14:21:29	2,01	6,07	3,15	-10,70	76,15
811	31.07.20 14:21:30	1,97	6,09	0,58	8,95	80,47
812	31.07.20 14:21:31	1,97	6,09	27,56	7,55	54,88
813	31.07.20 14:21:32	1,93	6,07	17,46	-6,55	65,99
814	31.07.20 14:21:33	1,89	6,06	-14,83	-6,70	68,47
815	31.07.20 14:21:34	1,86	6,10	9,96	24,86	55,17
816	31.07.20 14:21:35	1,86	6,10	19,37	-0,73	69,90
817	31.07.20 14:21:36	1,86	6,06	1,44	0,47	88,09
818	31.07.20 14:21:37	1,82	6,10	3,61	-1,20	85,19
819	31.07.20 14:21:38	1,82	6,10	-11,62	-3,24	75,13
820	31.07.20 14:21:39	1,78	6,12	1,10	-5,63	83,27
821	31.07.20 14:21:40	1,74	6,09	-0,20	-9,20	80,60
822	31.07.20 14:21:41	1,74	6,09	-12,80	3,37	73,83
823	31.07.20 14:21:42	1,74	6,07	7,12	-12,56	70,32
824	31.07.20 14:21:43	1,70	6,09	-5,22	-11,79	72,99
825	31.07.20 14:21:44	1,70	6,09	-2,58	-14,13	73,29
826	31.07.20 14:21:45	1,66	6,13	38,82	-13,59	37,59
827	31.07.20 14:21:46	1,66	6,08	3,48	-16,82	69,70
828	31.07.20 14:21:47	1,62	6,08	10,56	-16,47	62,97
829	31.07.20 14:21:48	1,62	6,08	1,09	-2,77	86,13
830	31.07.20 14:21:49	1,59	6,08	18,60	-21,37	50,03
831	31.07.20 14:21:50	1,59	6,08	13,87	-3,02	73,10
832	31.07.20 14:21:51	1,55	6,07	-15,98	-11,08	62,94
833	31.07.20 14:21:52	1,55	6,07	-8,75	-7,15	74,10
834	31.07.20 14:21:53	1,51	6,07	-16,81	-3,32	69,87
835	31.07.20 14:21:54	1,51	6,07	-3,65	-9,65	76,70
836	31.07.20 14:21:55	1,47	6,06	30,15	4,74	55,11
837	31.07.20 14:21:56	1,47	6,04	1,59	-7,80	80,61
838	31.07.20 14:21:57	1,47	6,06	3,41	-0,37	86,22
839	31.07.20 14:21:58	1,43	6,06	12,39	6,27	71,34
840	31.07.20 14:21:59	1,43	6,06	12,34	-1,95	75,71
841	31.07.20 14:22:00	1,43	6,04	25,19	-20,52	44,29
842	31.07.20 14:22:01	1,39	6,05	9,99	-16,35	63,66
843	31.07.20 14:22:02	1,39	6,05	-6,40	-5,08	78,53
844	31.07.20 14:22:03	1,35	6,10	4,89	10,19	74,91
845	31.07.20 14:22:04	1,35	6,05	12,58	-6,49	70,93
846	31.07.20 14:22:05	1,31	6,05	4,20	-9,46	76,35
847	31.07.20 14:22:06	1,31	6,05	-12,29	-16,88	60,83
848	31.07.20 14:22:07	1,31	6,05	9,39	-1,36	79,25
849	31.07.20 14:22:08	1,31	6,07	-14,31	-3,81	71,87
850	31.07.20 14:22:09	1,28	6,04	3,08	2,63	84,28
851	31.07.20 14:22:10	1,28	6,04	-4,98	-0,80	84,22
852	31.07.20 14:22:11	1,28	6,02	1,80	-21,93	66,28
853	31.07.20 14:22:12	1,28	6,02	13,11	6,35	70,54
854	31.07.20 14:22:13	1,24	6,04	11,50	-14,86	63,64
855	31.07.20 14:22:14	1,24	6,04	-2,28	-10,71	77,02
856	31.07.20 14:22:15	1,24	6,04	1,90	6,53	81,57
857	31.07.20 14:22:16	1,24	6,06	2,46	0,11	87,43
858	31.07.20 14:22:17	1,20	6,03	-6,10	-0,39	83,51
859	31.07.20 14:22:18	1,20	6,06	0,23	-14,03	75,75
860	31.07.20 14:22:19	1,20	6,03	1,03	-1,28	87,70
861	31.07.20 14:22:20	1,16	6,03	-21,43	-5,59	62,98
862	31.07.20 14:22:21	1,16	6,05	-1,87	-6,42	81,71
863	31.07.20 14:22:22	1,16	6,05	2,59	-6,16	81,25
864	31.07.20 14:22:23	1,16	6,03	-1,52	-12,89	75,60
865	31.07.20 14:22:24	1,12	6,03	-4,29	-13,55	72,16
866	31.07.20 14:22:25	1,12	6,03	-6,64	-20,26	63,10
867	31.07.20 14:22:26	1,12	6,05	-5,88	-3,96	80,16
868	31.07.20 14:22:27	1,08	6,04	-1,03	-4,42	84,55
869	31.07.20 14:22:28	1,08	6,04	-1,71	-8,46	79,84
870	31.07.20 14:22:29	1,08	6,04	1,67	-20,44	67,89
871	31.07.20 14:22:30	1,08	6,04	-4,23	-5,09	80,68
872	31.07.20 14:22:31	1,04	6,02	2,45	1,49	86,06
873	31.07.20 14:22:32	1,04	6,02	-0,92	-15,09	73,98
874	31.07.20 14:22:33	1,04	6,04	22,71	-6,00	61,29
875	31.07.20 14:22:34	1,04	6,04	5,49	-11,94	72,57
876	31.07.20 14:22:35	1,00	6,04	7,25	-3,85	78,89
877	31.07.20 14:22:36	1,00	6,01	5,41	-6,97	77,62
878	31.07.20 14:22:37	1,00	6,01	-9,95	-0,21	79,84
879	31.07.20 14:22:38	1,00	6,01	12,28	-3,05	74,67
880	31.07.20 14:22:39	1,00	6,01	2,88	-2,81	84,31
881	31.07.20 14:22:40	0,96	6,05	9,67	34,61	45,72
882	31.07.20 14:22:41	0,96	6,03	25,79	-5,75	58,45
883	31.07.20 14:22:42	0,96	6,01	2,05	-13,81	74,14
884	31.07.20 14:22:43	0,96	6,01	12,93	7,41	69,66
885	31.07.20 14:22:44	0,96	5,98	22,07	-4,82	63,11
886	31.07.20 14:22:45	0,92	6,00	8,47	-5,99	75,54
887	31.07.20 14:22:46	0,92	6,03	21,33	-13,82	54,85
888	31.07.20 14:22:47	0,92	6,00	-1,41	-3,92	84,67
889	31.07.20 14:22:48	0,88	6,00	2,51	-2,54	84,95
890	31.07.20 14:22:49	0,88	6,05	22,62	-5,08	62,31
891	31.07.20 14:22:50	0,88	5,98	6,34	-17,55	66,11
892	31.07.20 14:22:51	0,85	6,00	17,72	-4,34	67,94
893	31.07.20 14:22:52	0,85	6,00	-0,27	-4,23	85,50
894	31.07.20 14:22:53	0,85	6,02	-1,90	0,34	87,76
895	31.07.20 14:22:54	0,85	6,02	1,81	-4,53	83,66
896	31.07.20 14:22:55	0,81	5,99	-0,48	4,78	84,74
897	31.07.20 14:22:56	0,85	6,00	12,41	-0,42	77,18
898	31.07.20 14:22:57	0,81	5,99	-6,04	-2,05	81,91
899	31.07.20 14:22:58	0,81	5,99	21,23	-20,39	48,38
900	31.07.20 14:22:59	0,81	5,97	13,54	-3,36	73,10
901	31.07.20 14:23:00	0,81	5,99	-3,33	-10,74	75,93
902	31.07.20 14:23:01	0,77	6,01	4,30	-3,08	82,61
903	31.07.20 14:23:02	0,77	5,99	16,88	-11,46	61,66
904	31.07.20 14:23:03	0,77	5,99	17,54	2,32	70,14
905	31.07.20 14:23:04	0,77	6,03	15,40	3,97	70,63
906	31.07.20 14:23:05	0,77	5,96	-4,81	0,95	84,24
907	31.07.20 14:23:06	0,77	5,99	-13,02	-3,86	73,12
908	31.07.20 14:23:07	0,73	6,01	-4,67	-12,07	73,27
909	31.07.20 14:23:08	0,73	5,98	6,69	-6,02	77,29
910	31.07.20 14:23:09	0,73	5,98	2,48	-11,94	75,58
911	31.07.20 14:23:10	0,73	6,01	5,12	-6,62	78,25
912	31.07.20 14:23:11	0,73	6,01	0,54	7,87	81,59
913	31.07.20 14:23:12	0,73	6,01	10,07	-7,64	72,29
914	31.07.20 14:23:13	0,69	5,98	4,39	0,98	84,63
915	31.07.20 14:23:14	0,69	6,00	15,22	4,44	70,34
916	31.07.20 14:23:15	0,69	6,00	-5,33	5,55	79,12
917	31.07.20 14:23:16	0,69	5,98	4,55	-5,95	79,50
918	31.07.20 14:23:17	0,69	6,00	-3,14	-3,50	83,36
919	31.07.20 14:23:18	0,69	6,02	13,34	-1,84	74,81
920	31.07.20 14:23:19	0,65	6,04	-2,41	3,30	84,30
921	31.07.20 14:23:20	0,65	6,00	18,68	17,20	54,12
922	31.07.20 14:23:21	0,65	5,95	-14,54	-13,94	61,52
923	31.07.20 14:23:22	0,65	6,00	-0,26	5,52	84,23
924	31.07.20 14:23:23	0,65	6,00	6,18	-9,36	74,46
925	31.07.20 14:23:24	0,65	5,97	2,55	-0,79	86,66
926	31.07.20 14:23:25	0,65	6,02	-3,74	-19,72	66,54
927	31.07.20 14:23:26	0,65	6,02	0,18	-27,29	62,53
928	31.07.20 14:23:27	0,61	6,02	6,41	-5,84	77,75
929	31.07.20 14:23:28	0,61	6,02	1,38	-7,85	80,77
930	31.07.20 14:23:29	0,61	6,02	13,53	-3,31	73,16
931	31.07.20 14:23:30	0,61	6,02	-2,98	3,13	83,89
932	31.07.20 14:23:31	0,61	5,99	8,66	-5,62	75,72
933	31.07.20 14:23:32	0,61	5,99	16,99	13,19	59,82
934	31.07.20 14:23:33	0,61	6,04	8,21	-5,51	76,28
935	31.07.20 14:23:34	0,61	5,99	6,44	17,14	66,42
936	31.07.20 14:23:35	0,61	6,02	9,01	-8,08	72,91
937	31.07.20 14:23:36	0,61	6,04	-1,77	-4,90	83,34
938	31.07.20 14:23:37	0,61	6,02	-39,00	-11,12	39,87
939	31.07.20 14:23:38	0,61	6,02	-0,54	-8,49	80,96
940	31.07.20 14:23:39	0,61	6,04	-6,65	-7,59	75,76
941	31.07.20 14:23:40	0,57	6,01	-13,99	-6,56	69,44
942	31.07.20 14:23:41	0,57	6,01	-18,34	-11,53	60,13
943	31.07.20 14:23:42	0,57	6,03	2,17	-11,85	75,99
944	31.07.20 14:23:43	0,57	6,01	-11,62	-4,74	73,64
945	31.07.20 14:23:44	0,57	5,99	18,36	-1,69	69,94
946	31.07.20 14:23:45	0,53	6,03	0,96	-5,91	83,13
947	31.07.20 14:23:46	0,53	6,01	-1,45	-3,94	84,61
948	31.07.20 14:23:47	0,53	6,01	-9,76	-1,80	78,43
949	31.07.20 14:23:48	0,53	6,03	6,99	-4,27	78,73
950	31.07.20 14:23:49	0,53	6,01	-0,82	-20,36	68,82
951	31.07.20 14:23:50	0,53	5,98	4,93	-17,86	67,21
952	31.07.20 14:23:51	0,53	6,01	41,95	-0,08	47,97
953	31.07.20 14:23:52	0,53	6,03	0,00	-19,39	70,61
954	31.07.20 14:23:53	0,53	6,01	30,82	-8,83	50,35
955	31.07.20 14:23:54	0,49	6,00	-0,86	-4,59	84,54
956	31.07.20 14:23:55	0,49	6,03	-4,67	-12,01	73,32
957	31.07.20 14:23:56	0,49	6,00	10,93	-14,48	64,59
958	31.07.20 14:23:57	0,49	6,03	-5,56	-13,65	70,79
959	31.07.20 14:23:58	0,49	6,03	1,19	-11,24	77,57
960	31.07.20 14:23:59	0,49	6,03	-11,78	-7,98	70,23
961	31.07.20 14:24:00	0,49	6,03	3,02	-9,71	77,27
962	31.07.20 14:24:01	0,49	6,03	7,52	-10,64	71,84
963	31.07.20 14:24:02	0,49	6,00	6,47	-8,42	75,11
964	31.07.20 14:24:03	0,49	6,00	5,90	-6,53	77,56
965	31.07.20 14:24:04	0,49	6,00	6,19	-24,02	59,79
966	31.07.20 14:24:05	0,49	6,03	-3,26	-6,14	80,59
967	31.07.20 14:24:06	0,45	6,02	-12,76	-10,06	67,19
968	31.07.20 14:24:07	0,49	6,03	4,39	-15,60	70,02
969	31.07.20 14:24:08	0,45	6,00	5,55	-11,85	72,60
970	31.07.20 14:24:09	0,45	5,97	9,71	-13,88	66,41
971	31.07.20 14:24:10	0,45	5,95	0,79	-10,78	78,43
972	31.07.20 14:24:11	0,45	6,00	-6,84	-16,54	66,63
973	31.07.20 14:24:12	0,45	6,00	10,63	-1,07	78,30
974	31.07.20 14:24:13	0,45	6,00	2,00	-10,73	77,27
975	31.07.20 14:24:14	0,45	6,02	-14,81	-5,97	69,22
976	31.07.20 14:24:15	0,45	6,04	-2,09	-11,33	76,58
977	31.07.20 14:24:16	0,45	6,00	-1,25	5,41	83,34
978	31.07.20 14:24:17	0,45	6,02	10,09	-7,08	72,84
979	31.07.20 14:24:18	0,45	6,00	-2,02	-10,03	77,95
980	31.07.20 14:24:19	0,45	6,00	1,71	-3,99	84,30
981	31.07.20 14:24:20	0,45	6,00	12,29	-10,79	66,92
982	31.07.20 14:24:21	0,45	6,00	13,14	-4,97	71,89
983	31.07.20 14:24:22	0,41	5,99	3,14	7,01	79,85
984	31.07.20 14:24:23	0,41	5,99	8,85	-3,25	77,90
985	31.07.20 14:24:24	0,41	5,99	-2,08	2,16	85,77
986	31.07.20 14:24:25	0,41	5,99	-13,22	-6,89	69,89
987	31.07.20 14:24:26	0,41	5,97	-4,19	-6,58	79,24
988	31.07.20 14:24:27	0,41	5,99	10,14	-3,25	76,61
989	31.07.20 14:24:28	0,41	5,97	2,74	-1,71	85,55
990	31.07.20 14:24:29	0,41	5,97	10,56	-2,50	76,93
991	31.07.20 14:24:30	0,41	5,97	-1,79	-8,38	79,83
992	31.07.20 14:24:31	0,37	5,92	-1,22	-16,97	71,81
993	31.07.20 14:24:32	0,37	5,99	4,07	-4,21	81,73
994	31.07.20 14:24:33	0,37	5,97	14,34	8,86	66,80
995	31.07.20 14:24:34	0,37	5,99	31,78	7,63	50,58
996	31.07.20 14:24:35	0,37	5,97	-1,16	-3,41	85,43
997	31.07.20 14:24:36	0,37	6,01	18,08	7,30	64,62
998	31.07.20 14:24:37	0,37	5,99	-0,18	-2,40	87,42
999	31.07.20 14:24:38	0,37	5,99	10,66	-1,97	77,37
1000	31.07.20 14:24:39	0,37	5,97	-12,22	-0,65	77,13
1001	31.07.20 14:24:40	0,37	5,99	0,93	-24,62	64,45
1002	31.07.20 14:24:41	0,37	5,99	8,89	-4,91	76,20
1003	31.07.20 14:24:42	0,37	5,99	11,86	-9,76	68,38
1004	31.07.20 14:24:43	0,37	6,01	4,13	-0,81	85,06
1005	31.07.20 14:24:44	0,37	5,97	-3,35	-5,73	80,92
1006	31.07.20 14:24:45	0,37	5,97	12,57	-13,74	63,69
1007	31.07.20 14:24:46	0,37	5,99	4,59	-1,99	83,42
1008	31.07.20 14:24:47	0,37	5,99	5,19	-5,81	79,01
1009	31.07.20 14:24:48	0,33	5,96	16,71	-5,96	67,33
1010	31.07.20 14:24:49	0,33	5,96	31,57	-13,31	45,12
1011	31.07.20 14:24:50	0,33	5,96	-15,93	-9,46	64,61
1012	31.07.20 14:24:51	0,33	5,96	26,53	-5,55	57,92
1013	31.07.20 14:24:52	0,33	5,96	-14,68	-14,42	60,90
1014	31.07.20 14:24:53	0,33	5,98	34,33	3,36	52,31
1015	31.07.20 14:24:54	0,33	5,96	2,74	-4,61	82,65
1016	31.07.20 14:24:55	0,33	5,96	-6,98	-13,50	69,52
1017	31.07.20 14:24:56	0,33	5,98	3,06	-23,26	63,69
1018	31.07.20 14:24:57	0,33	5,98	-4,28	-24,38	61,34
1019	31.07.20 14:24:58	0,33	5,98	-5,15	-18,06	66,79
1020	31.07.20 14:24:59	0,29	6,07	33,94	9,21	46,85
1021	31.07.20 14:25:00	0,29	5,96	5,06	-18,95	65,99
1022	31.07.20 14:25:01	0,29	5,98	-0,66	-26,76	62,57
1023	31.07.20 14:25:02	0,29	5,96	-7,56	-15,30	67,13
1024	31.07.20 14:25:03	0,29	5,98	2,21	-14,87	72,92
1025	31.07.20 14:25:04	0,29	5,98	4,65	-5,90	79,45
1026	31.07.20 14:25:05	0,29	5,98	-14,35	2,48	73,16
1027	31.07.20 14:25:06	0,29	5,98	11,02	-15,52	63,47
1028	31.07.20 14:25:07	0,29	5,98	-3,18	-1,38	85,44
1029	31.07.20 14:25:08	0,29	5,96	4,33	-18,61	67,06
1030	31.07.20 14:25:09	0,29	5,98	4,09	-12,05	73,87
1031	31.07.20 14:25:10	0,29	5,98	5,13	-18,02	66,85
1032	31.07.20 14:25:11	0,29	5,96	12,65	-2,48	74,87
1033	31.07.20 14:25:12	0,29	5,96	-1,30	-13,95	74,76
1034	31.07.20 14:25:13	0,29	5,98	0,56	-9,66	79,78
1035	31.07.20 14:25:14	0,29	5,96	-16,16	-2,42	71,41
1036	31.07.20 14:25:15	0,29	5,93	5,58	-12,22	72,20
1037	31.07.20 14:25:16	0,29	5,93	2,98	-37,84	49,18
1038	31.07.20 14:25:17	0,29	5,96	19,69	-11,03	59,28
1039	31.07.20 14:25:18	0,29	5,96	18,62	-27,50	43,88
1040	31.07.20 14:25:19	0,29	5,98	-6,13	-2,70	81,16
1041	31.07.20 14:25:20	0,29	5,93	-6,31	-2,19	81,49
1042	31.07.20 14:25:21	0,29	5,96	8,92	-4,90	76,18
1043	31.07.20 14:25:22	0,29	5,96	12,63	-2,02	75,35
1044	31.07.20 14:25:23	0,25	5,95	-3,27	-6,47	80,26
1045	31.07.20 14:25:24	0,25	5,93	-18,92	-2,21	68,86
1046	31.07.20 14:25:25	0,29	5,96	11,58	-9,68	68,74
1047	31.07.20 14:25:26	0,25	5,93	17,45	-5,10	67,45
1048	31.07.20 14:25:27	0,25	5,93	6,14	-9,88	73,98
1049	31.07.20 14:25:28	0,25	5,95	13,84	-8,15	68,01
1050	31.07.20 14:25:29	0,25	5,98	10,68	0,97	78,35
1051	31.07.20 14:25:30	0,25	5,98	-8,04	-9,59	72,37
1052	31.07.20 14:25:31	0,25	5,95	6,06	-7,65	76,29
1053	31.07.20 14:25:32	0,25	5,93	16,65	-10,15	63,20
1054	31.07.20 14:25:33	0,25	5,91	-3,89	-5,73	80,38
1055	31.07.20 14:25:34	0,25	5,91	14,29	-6,00	69,72
1056	31.07.20 14:25:35	0,25	5,88	5,99	0,77	83,25
1057	31.07.20 14:25:36	0,25	5,91	10,40	1,10	78,50
1058	31.07.20 14:25:37	0,25	5,91	5,59	-3,03	81,37
1059	31.07.20 14:25:38	0,25	5,88	17,90	5,64	66,46
1060	31.07.20 14:25:39	0,25	5,88	14,26	9,57	66,16
1061	31.07.20 14:25:40	0,25	5,88	27,59	5,11	57,30
1062	31.07.20 14:25:41	0,25	5,88	29,87	2,62	57,50
1063	31.07.20 14:25:42	0,25	5,88	31,85	2,49	55,66
1064	31.07.20 14:25:43	0,25	5,86	33,08	-1,66	55,26
1065	31.07.20 14:25:44	0,25	5,86	28,33	4,62	57,05
1066	31.07.20 14:25:45	0,21	5,83	32,59	2,93	54,48
1067	31.07.20 14:25:46	0,21	5,81	32,82	4,87	52,31
1068	31.07.20 14:25:47	0,21	5,79	34,40	4,55	51,04
1069	31.07.20 14:25:48	0,21	5,76	31,07	5,38	53,55
1070	31.07.20 14:25:49	0,21	5,76	43,06	2,61	44,33
1071	31.07.20 14:25:50	0,21	5,76	50,89	0,91	38,20
1072	31.07.20 14:25:51	0,21	5,74	52,31	-2,06	35,63
1073	31.07.20 14:25:52	0,21	5,76	54,32	-0,86	34,82
1074	31.07.20 14:25:53	0,21	5,72	56,56	-0,43	33,01
1075	31.07.20 14:25:54	0,21	5,72	56,47	-1,33	32,20
1076	31.07.20 14:25:55	0,21	5,72	57,45	0,78	31,77
1077	31.07.20 14:25:56	0,21	5,69	58,54	-0,12	31,35
1078	31.07.20 14:25:57	0,21	5,69	58,00	-2,28	29,72
1079	31.07.20 14:25:58	0,21	5,67	58,49	-0,90	30,61
1080	31.07.20 14:25:59	0,21	5,65	59,26	0,15	30,59
1081	31.07.20 14:26:00	0,21	5,62	59,72	-1,15	29,13
1082	31.07.20 14:26:01	0,21	5,60	56,80	-0,03	33,17
1083	31.07.20 14:26:02	0,21	5,60	57,22	0,44	32,34
1084	31.07.20 14:26:03	0,21	5,58	57,77	1,42	30,80
1085	31.07.20 14:26:04	0,21	5,55	53,59	1,86	34,55
1086	31.07.20 14:26:05	0,21	5,53	44,76	5,57	39,67
1087	31.07.20 14:26:06	0,21	5,51	47,99	5,09	36,92
1088	31.07.20 14:26:07	0,21	5,48	51,39	4,08	34,53
1089	31.07.20 14:26:08	0,21	5,46	47,80	5,67	36,52
1090	31.07.20 14:26:09	0,21	5,41	45,36	6,89	37,75
1091	31.07.20 14:26:10	0,21	5,39	43,46	8,18	38,36
1092	31.07.20 14:26:11	0,21	5,37	50,49	5,50	34,01
1093	31.07.20 14:26:12	0,21	5,34	47,72	6,55	35,74
1094	31.07.20 14:26:13	0,21	5,32	37,11	13,84	39,06
1095	31.07.20 14:26:14	0,21	5,27	37,19	13,22	39,59
1096	31.07.20 14:26:15	0,21	5,25	45,35	8,41	36,24
1097	31.07.20 14:26:16	0,21	5,20	37,33	13,16	39,51
1098	31.07.20 14:26:17	0,21	5,16	36,05	14,09	39,86
1099	31.07.20 14:26:18	0,21	5,13	36,32	13,26	40,42
1100	31.07.20 14:26:19	0,21	5,09	35,52	12,68	41,79
1101	31.07.20 14:26:20	0,21	5,06	36,69	11,63	41,68
1102	31.07.20 14:26:21	0,25	5,02	32,64	13,74	43,62
1103	31.07.20 14:26:22	0,25	4,97	36,38	11,00	42,62
1104	31.07.20 14:26:23	0,25	4,93	36,56	10,71	42,73
1105	31.07.20 14:26:24	0,25	4,88	38,08	10,28	41,64
1106	31.07.20 14:26:25	0,25	4,83	37,26	9,38	43,35
1107	31.07.20 14:26:26	0,29	4,79	38,26	9,23	42,51
1108	31.07.20 14:26:27	0,29	4,74	40,56	8,39	41,05
1109	31.07.20 14:26:28	0,29	4,70	42,29	6,55	41,17
1110	31.07.20 14:26:29	0,29	4,65	43,48	6,91	39,61
1111	31.07.20 14:26:30	0,33	4,61	42,60	5,99	41,40
1112	31.07.20 14:26:31	0,33	4,56	43,64	5,44	40,92
1113	31.07.20 14:26:32	0,33	4,52	43,79	5,08	41,14
1114	31.07.20 14:26:33	0,37	4,45	46,65	5,14	38,21
1115	31.07.20 14:26:34	0,37	4,43	46,86	4,25	38,89
1116	31.07.20 14:26:35	0,37	4,36	49,49	2,47	38,04
1117	31.07.20 14:26:36	0,37	4,33	52,92	4,47	32,61
1118	31.07.20 14:26:37	0,37	4,36	56,98	11,16	21,85
1119	31.07.20 14:26:38	0,41	4,38	59,45	11,98	18,57
1120	31.07.20 14:26:39	0,41	4,38	55,27	14,40	20,33
1121	31.07.20 14:26:40	0,41	4,41	51,83	17,96	20,20
1122	31.07.20 14:26:41	0,41	4,38	51,54	12,48	25,98
1123	31.07.20 14:26:42	0,41	4,41	65,00	3,74	21,26
1124	31.07.20 14:26:43	0,41	4,41	65,80	6,51	17,69
1125	31.07.20 14:26:44	0,45	4,39	67,09	8,02	14,90
1126	31.07.20 14:26:45	0,45	4,41	64,99	8,26	16,75
1127	31.07.20 14:26:46	0,45	4,39	63,01	7,50	19,49
1128	31.07.20 14:26:47	0,45	4,37	65,21	7,09	17,70
1129	31.07.20 14:26:48	0,45	4,37	66,15	7,25	16,60
1130	31.07.20 14:26:49	0,45	4,39	65,55	5,65	18,81
1131	31.07.20 14:26:50	0,45	4,37	66,59	4,44	18,97
1132	31.07.20 14:26:51	0,45	4,34	67,35	5,07	17,58
1133	31.07.20 14:26:52	0,45	4,34	67,95	4,42	17,63
1134	31.07.20 14:26:53	0,45	4,32	67,41	2,86	19,73
1135	31.07.20 14:26:54	0,45	4,30	67,11	0,82	22,07
1136	31.07.20 14:26:55	0,45	4,25	66,66	0,84	22,50
1137	31.07.20 14:26:56	0,45	4,20	63,16	-1,45	25,38
1138	31.07.20 14:26:57	0,45	4,13	53,78	-5,39	30,84
1139	31.07.20 14:26:58	0,45	4,09	51,55	-6,19	32,27
1140	31.07.20 14:26:59	0,45	3,99	51,39	-5,23	33,38
1141	31.07.20 14:27:00	0,45	3,92	47,90	-6,29	35,81
1142	31.07.20 14:27:01	0,45	3,83	47,88	-8,06	34,06
1143	31.07.20 14:27:02	0,45	3,76	48,15	-8,66	33,19
1144	31.07.20 14:27:03	0,49	3,67	45,79	-11,75	32,47
1145	31.07.20 14:27:04	0,49	3,60	43,55	-13,22	33,23
1146	31.07.20 14:27:05	0,49	3,51	43,99	-13,76	32,25
1147	31.07.20 14:27:06	0,49	3,44	43,57	-12,86	33,57
1148	31.07.20 14:27:07	0,49	3,37	42,24	-17,08	30,68
1149	31.07.20 14:27:08	0,53	3,30	41,99	-16,38	31,62
1150	31.07.20 14:27:09	0,53	3,21	41,08	-17,79	31,14
1151	31.07.20 14:27:10	0,53	3,14	40,50	-17,04	32,46
1152	31.07.20 14:27:11	0,53	3,07	39,80	-18,75	31,45
1153	31.07.20 14:27:12	0,57	3,00	39,62	-18,92	31,47
1154	31.07.20 14:27:13	0,57	2,91	37,69	-20,75	31,57
1155	31.07.20 14:27:14	0,61	2,84	34,41	-21,23	34,36
1156	31.07.20 14:27:15	0,65	2,80	44,14	-14,69	31,17
1157	31.07.20 14:27:16	0,69	2,73	43,09	-15,04	31,87
1158	31.07.20 14:27:17	0,73	2,69	45,32	-15,03	29,64
1159	31.07.20 14:27:18	0,73	2,60	37,11	-18,09	34,80
1160	31.07.20 14:27:19	0,77	2,55	37,48	-19,89	32,64
1161	31.07.20 14:27:20	0,81	2,49	35,97	-19,65	34,38
1162	31.07.20 14:27:21	0,81	2,42	33,52	-21,79	34,69
1163	31.07.20 14:27:22	0,81	2,33	36,27	-20,59	33,14
1164	31.07.20 14:27:23	0,85	2,28	34,67	-21,65	33,68
1165	31.07.20 14:27:24	0,88	2,17	31,45	-23,16	35,39
1166	31.07.20 14:27:25	0,96	2,11	31,68	-22,07	36,25
1167	31.07.20 14:27:26	1,04	2,05	33,63	-21,31	35,06
1168	31.07.20 14:27:27	1,24	1,93	32,11	-24,18	33,71
1169	31.07.20 14:27:28	1,43	1,88	29,39	-25,78	34,83
1170	31.07.20 14:27:29	1,59	1,78	29,95	-25,26	34,79
1171	31.07.20 14:27:30	1,70	1,63	30,68	-23,39	35,93
1172	31.07.20 14:27:31	1,82	1,64	29,06	-25,87	35,07
1173	31.07.20 14:27:32	1,89	1,60	29,70	-23,18	37,12
1174	31.07.20 14:27:33	2,09	1,50	28,66	-24,08	37,26
1175	31.07.20 14:27:34	2,31	1,46	29,17	-24,48	36,35
1176	31.07.20 14:27:35	2,43	1,42	29,21	-24,04	36,75
1177	31.07.20 14:27:36	2,50	1,39	30,54	-22,64	36,82
1178	31.07.20 14:27:37	2,62	1,40	30,03	-21,84	38,13
1179	31.07.20 14:27:38	2,77	1,37	29,38	-21,69	38,93
1180	31.07.20 14:27:39	2,92	1,20	29,28	-22,31	38,41
1181	31.07.20 14:27:40	3,14	1,08	29,92	-23,78	36,30
1182	31.07.20 14:27:41	3,36	1,06	27,85	-21,94	40,22
1183	31.07.20 14:27:42	3,66	0,99	27,92	-21,84	40,24
1184	31.07.20 14:27:43	3,99	0,79	29,13	-17,43	43,44
1185	31.07.20 14:27:44	4,54	0,85	27,74	-18,09	44,17
1186	31.07.20 14:27:45	5,18	0,57	25,12	-17,90	46,98
1187	31.07.20 14:27:46	5,71	0,53	25,20	-13,77	51,03
1188	31.07.20 14:27:47	6,34	0,32	24,83	-9,68	55,48
1189	31.07.20 14:27:48	6,86	0,29	24,17	-7,74	58,09
1190	31.07.20 14:27:49	7,31	0,18	20,20	-2,82	66,98
1191	31.07.20 14:27:50	7,75	0,13	26,30	2,79	60,92
1192	31.07.20 14:27:51	8,16	0,08	22,42	3,82	63,77
1193	31.07.20 14:27:52	8,39	0,04	22,86	3,37	63,77
1194	31.07.20 14:27:53	8,66	0,01	26,59	2,61	60,80
1195	31.07.20 14:27:54	8,93	0,01	23,46	4,18	62,36
1196	31.07.20 14:27:55	9,19	0,00	25,21	4,80	59,99
1197	31.07.20 14:27:56	9,42	0,00	28,15	5,63	56,22
1198	31.07.20 14:27:57	9,62	0,00	31,03	3,19	55,78
1199	31.07.20 14:27:58	9,75	0,00	23,65	8,04	58,31
1200	31.07.20 14:27:59	9,88	0,00	30,10	5,58	54,32
1201	31.07.20 14:28:00	9,98	0,00	25,46	7,47	57,08
1202	31.07.20 14:28:01	10,11	0,00	37,99	-3,80	48,21
1203	31.07.20 14:28:02	10,27	0,00	37,65	-0,57	51,78
1204	31.07.20 14:28:03	10,37	0,00	33,20	8,58	48,22
1205	31.07.20 14:28:04	10,43	0,00	37,62	0,52	51,86
1206	31.07.20 14:28:05	10,50	0,00	36,17	-4,75	49,08
1207	31.07.20 14:28:06	10,63	0,00	32,02	1,04	56,94
1208	31.07.20 14:28:07	10,72	0,00	26,77	3,13	60,09
1209	31.07.20 14:28:08	10,82	0,00	23,39	8,55	58,05
1210	31.07.20 14:28:09	10,92	0,00	26,25	1,10	62,65
1211	31.07.20 14:28:10	11,11	0,00	33,66	1,43	54,91
1212	31.07.20 14:28:11	11,27	0,00	31,06	-3,07	55,87
1213	31.07.20 14:28:12	11,37	0,00	30,48	0,60	58,92
1214	31.07.20 14:28:13	11,43	0,00	31,31	1,82	56,88
1215	31.07.20 14:28:14	11,49	0,00	35,65	-3,68	50,67
1216	31.07.20 14:28:15	11,59	0,00	30,54	2,65	56,81
1217	31.07.20 14:28:16	11,68	0,00	27,94	3,74	58,32
1218	31.07.20 14:28:17	11,75	0,00	29,56	6,12	54,32
1219	31.07.20 14:28:18	11,81	0,00	32,99	2,49	54,52
1220	31.07.20 14:28:19	11,87	0,00	35,79	0,76	53,45
1221	31.07.20 14:28:20	11,94	0,00	29,18	3,83	56,99
1222	31.07.20 14:28:21	12,00	0,00	23,89	1,18	64,92
1223	31.07.20 14:28:22	12,10	0,01	20,76	2,72	66,52
1224	31.07.20 14:28:23	12,29	0,00	21,25	7,32	61,43
1225	31.07.20 14:28:24	12,44	0,00	22,91	-4,23	62,86
1226	31.07.20 14:28:25	12,54	0,00	20,71	-3,75	65,54
1227	31.07.20 14:28:26	12,60	0,00	26,44	-0,82	62,73
1228	31.07.20 14:28:27	12,73	0,00	28,60	0,40	61,01
1229	31.07.20 14:28:28	12,85	0,00	22,18	4,42	63,40
1230	31.07.20 14:28:29	13,01	0,00	23,46	3,77	62,77
1231	31.07.20 14:28:30	13,07	0,00	23,00	4,14	62,86
1232	31.07.20 14:28:31	13,10	0,00	24,60	0,46	64,94
1233	31.07.20 14:28:32	13,19	0,00	22,24	1,26	66,50
1234	31.07.20 14:28:33	13,32	0,00	19,40	2,28	68,32
1235	31.07.20 14:28:34	13,41	0,00	14,15	-4,18	71,66
1236	31.07.20 14:28:35	13,50	0,00	19,25	-1,91	68,83
1237	31.07.20 14:28:36	13,63	0,00	25,38	-3,91	60,71
1238	31.07.20 14:28:37	13,72	0,00	20,85	-9,45	59,70
1239	31.07.20 14:28:38	13,81	0,00	23,21	-9,53	57,26
1240	31.07.20 14:28:39	13,91	0,00	23,21	-9,23	57,56
1241	31.07.20 14:28:40	14,03	0,00	23,83	-9,36	56,81
1242	31.07.20 14:28:41	14,12	0,00	24,61	-7,99	57,41
1243	31.07.20 14:28:42	14,22	0,00	20,75	-7,83	61,42
1244	31.07.20 14:28:43	14,28	0,00	27,22	-9,87	52,91
1245	31.07.20 14:28:44	14,37	0,00	19,40	-5,06	65,53
1246	31.07.20 14:28:45	14,40	0,00	28,14	-18,33	43,54
1247	31.07.20 14:28:46	14,46	0,00	26,55	-22,57	40,88
1248	31.07.20 14:28:47	14,52	0,00	16,65	-6,29	67,06
1249	31.07.20 14:28:48	14,58	0,00	16,29	-5,65	68,07
1250	31.07.20 14:28:49	14,65	0,00	19,62	-18,37	52,00
1251	31.07.20 14:28:50	14,74	0,00	19,75	-12,12	58,13
1252	31.07.20 14:28:51	14,80	0,00	26,25	-16,80	46,94
1253	31.07.20 14:28:52	14,86	0,00	23,71	-15,38	50,91
1254	31.07.20 14:28:53	14,95	0,00	20,31	-18,80	50,90
1255	31.07.20 14:28:54	15,01	0,00	25,17	-14,38	50,45
1256	31.07.20 14:28:55	15,07	0,00	23,62	-20,55	45,83
1257	31.07.20 14:28:56	15,07	0,00	20,75	-21,51	47,74
1258	31.07.20 14:28:57	15,10	0,00	16,84	-23,07	50,10
1259	31.07.20 14:28:58	15,13	0,00	18,73	-25,80	45,47
1260	31.07.20 14:28:59	15,20	0,00	25,50	-15,02	49,48
1261	31.07.20 14:29:00	15,29	0,00	23,34	-21,38	45,28
1262	31.07.20 14:29:01	15,38	0,00	23,94	-16,57	49,49
1263	31.07.20 14:29:02	15,50	0,00	30,03	-8,39	51,58
1264	31.07.20 14:29:03	15,56	0,00	20,15	-13,86	55,99
1265	31.07.20 14:29:04	15,62	0,00	20,47	-18,54	50,98
1266	31.07.20 14:29:05	15,68	0,00	22,90	-16,37	50,73
1267	31.07.20 14:29:06	15,74	0,00	23,22	-16,28	50,50
1268	31.07.20 14:29:07	15,80	0,00	20,20	-26,44	43,36
1269	31.07.20 14:29:08	15,89	0,00	16,62	-19,29	54,09
1270	31.07.20 14:29:09	15,95	0,00	14,07	-16,20	59,73
1271	31.07.20 14:29:10	16,02	0,00	21,46	-28,09	40,46
1272	31.07.20 14:29:11	16,05	0,00	29,81	-11,64	48,55
1273	31.07.20 14:29:12	16,08	0,00	25,98	-13,44	50,58
1274	31.07.20 14:29:13	16,11	0,00	26,35	-24,24	39,41
1275	31.07.20 14:29:14	16,11	0,00	18,07	-39,12	32,81
1276	31.07.20 14:29:15	16,14	0,01	33,85	-45,31	10,84
1277	31.07.20 14:29:16	16,17	0,04	42,19	-22,56	25,25
1278	31.07.20 14:29:17	16,23	0,00	31,86	-35,54	22,61
1279	31.07.20 14:29:18	16,26	0,00	35,70	-43,30	-11,01
1280	31.07.20 14:29:19	16,26	0,00	36,15	-27,70	26,15
1281	31.07.20 14:29:20	16,26	0,00	40,97	-21,61	27,42
1282	31.07.20 14:29:21	16,29	0,00	58,05	-24,84	7,11
1283	31.07.20 14:29:22	16,29	0,04	57,95	-29,40	-2,65
1284	31.07.20 14:29:23	16,23	0,11	59,88	-24,09	-6,03
1285	31.07.20 14:29:24	16,08	0,11	61,57	-24,91	3,52
1286	31.07.20 14:29:25	15,95	0,13	62,50	-24,54	2,95
1287	31.07.20 14:29:26	15,86	0,13	61,59	-26,63	1,78
1288	31.07.20 14:29:27	15,77	0,13	60,87	-26,13	3,00
1289	31.07.20 14:29:28	15,71	0,18	63,03	-23,76	3,21
1290	31.07.20 14:29:29	15,65	0,18	58,91	-28,53	2,56
1291	31.07.20 14:29:30	15,59	0,18	46,71	-27,19	16,10
1292	31.07.20 14:29:31	15,53	0,18	47,76	-28,29	13,94
1293	31.07.20 14:29:32	15,50	0,20	48,69	-30,99	10,32
1294	31.07.20 14:29:33	15,44	0,22	47,15	-25,29	17,56
1295	31.07.20 14:29:34	15,41	0,20	56,98	-25,20	7,82
1296	31.07.20 14:29:35	15,38	0,20	49,70	-23,79	16,52
1297	31.07.20 14:29:36	15,35	0,25	74,90	-2,02	13,08
1298	31.07.20 14:29:37	15,29	0,25	47,15	-24,89	17,96
1299	31.07.20 14:29:38	15,29	0,25	37,69	-48,62	-3,69
1300	31.07.20 14:29:39	15,26	0,25	22,62	-63,12	4,26
1301	31.07.20 14:29:40	15,23	0,25	36,39	-35,37	18,23
1302	31.07.20 14:29:41	15,20	0,25	63,25	-15,73	-11,02
1303	31.07.20 14:29:42	15,17	0,27	49,82	-32,54	7,64
1304	31.07.20 14:29:43	15,10	0,27	58,70	25,82	5,48
1305	31.07.20 14:29:44	15,07	0,29	67,96	16,10	5,94
1306	31.07.20 14:29:45	15,04	0,29	54,92	26,00	9,07
1307	31.07.20 14:29:46	15,04	0,29	62,34	17,61	10,05
1308	31.07.20 14:29:47	15,01	0,29	68,72	11,62	9,67
1309	31.07.20 14:29:48	14,98	0,27	73,28	6,79	9,93
1310	31.07.20 14:29:49	14,95	0,27	51,48	9,65	28,88
1311	31.07.20 14:29:50	14,92	0,29	-5,63	-4,35	80,02
1312	31.07.20 14:29:51	14,89	0,27	-2,29	-3,46	84,26
1313	31.07.20 14:29:52	14,86	0,29	-1,90	-11,76	76,34
1314	31.07.20 14:29:53	14,86	0,29	-0,17	-10,69	79,14
1315	31.07.20 14:29:54	14,83	0,29	2,04	-17,63	70,34
1316	31.07.20 14:29:55	14,80	0,29	0,27	-9,95	79,78
1317	31.07.20 14:29:56	14,80	0,32	-7,61	-10,19	72,20
1318	31.07.20 14:29:57	14,80	0,32	-4,57	-9,64	75,79
1319	31.07.20 14:29:58	14,77	0,32	-4,03	-10,53	75,45
1320	31.07.20 14:29:59	14,74	0,29	-4,19	-10,79	75,02
1321	31.07.20 14:30:00	14,74	0,29	-3,37	-11,33	75,31
1322	31.07.20 14:30:01	14,71	0,32	-3,37	-11,52	75,11
1323	31.07.20 14:30:02	14,71	0,29	-3,83	-9,83	76,34
1324	31.07.20 14:30:03	14,68	0,32	-0,06	-12,16	77,78
1325	31.07.20 14:30:04	14,68	0,32	-60,13	0,51	-29,36
1326	31.07.20 14:30:05	14,68	0,32	1,59	6,56	-81,85
1327	31.07.20 14:30:06	14,68	0,32	0,71	5,58	-83,71
1328	31.07.20 14:30:07	14,65	0,32	1,44	4,49	-84,07
1329	31.07.20 14:30:08	14,65	0,32	1,67	6,40	-81,93
1330	31.07.20 14:30:09	14,65	0,32	0,70	5,20	-84,10
1331	31.07.20 14:30:10	14,62	0,32	-0,12	5,25	-84,62
1332	31.07.20 14:30:11	14,62	0,32	1,58	5,56	-82,85
1333	31.07.20 14:30:12	14,62	0,32	0,76	4,59	-84,65
1334	31.07.20 14:30:13	14,58	0,32	-0,15	5,19	-84,66
1335	31.07.20 14:30:14	14,58	0,34	0,95	6,40	-82,65
1336	31.07.20 14:30:15	14,58	0,32	0,25	4,90	-84,85
1337	31.07.20 14:30:16	14,55	0,32	0,31	5,39	-84,30
1338	31.07.20 14:30:17	14,55	0,34	1,36	4,32	-84,32
1339	31.07.20 14:30:18	14,55	0,34	0,31	4,07	-85,62
1340	31.07.20 14:30:19	14,55	0,34	0,09	3,90	-86,00
1341	31.07.20 14:30:20	14,55	0,34	4,89	18,33	-66,78
1342	31.07.20 14:30:21	14,52	0,34	-6,87	-36,25	-46,88
1343	31.07.20 14:30:22	14,52	0,32	7,92	13,57	-68,51
1344	31.07.20 14:30:23	14,52	0,32	10,34	36,87	-42,79
1345	31.07.20 14:30:24	14,52	0,32	-2,17	-3,18	-84,65
1346	31.07.20 14:30:25	14,52	0,32	-2,62	-38,66	-48,72
1347	31.07.20 14:30:26	14,52	0,32	-7,15	-29,04	-53,81
1348	31.07.20 14:30:27	14,52	0,34	-60,49	-2,85	-26,67
1349	31.07.20 14:30:28	14,52	0,32	-61,34	-2,60	-26,06
1350	31.07.20 14:30:29	14,52	0,32	-63,59	12,12	-14,29
1351	31.07.20 14:30:30	14,52	0,32	-5,90	19,55	-64,55
1352	31.07.20 14:30:31	14,52	0,32	-15,83	5,37	-68,80
1353	31.07.20 14:30:32	14,52	0,32	-12,65	12,68	-64,68
1354	31.07.20 14:30:33	14,52	0,32	-10,06	13,18	-66,76
1355	31.07.20 14:30:34	14,52	0,32	-15,33	12,13	-62,54
1356	31.07.20 14:30:35	14,52	0,29	-14,35	23,34	-52,31
1357	31.07.20 14:30:36	14,52	0,32	-32,46	15,21	-42,33
1358	31.07.20 14:30:37	14,52	0,34	-16,06	14,07	-59,87
1359	31.07.20 14:30:38	14,52	0,32	-20,29	3,91	-65,80
1360	31.07.20 14:30:39	14,52	0,32	-19,08	4,07	-66,85
1361	31.07.20 14:30:40	14,49	0,32	-18,34	4,66	-67,00
1362	31.07.20 14:30:41	14,49	0,32	-19,30	4,81	-65,89
1363	31.07.20 14:30:42	14,49	0,32	-19,82	4,50	-65,68
1364	31.07.20 14:30:43	14,49	0,32	-19,22	4,56	-66,21
1365	31.07.20 14:30:44	14,49	0,32	-18,81	4,81	-66,38
1366	31.07.20 14:30:45	14,49	0,32	-19,45	4,34	-66,21
1367	31.07.20 14:30:46	14,49	0,32	-19,25	4,39	-66,36
1368	31.07.20 14:30:47	14,49	0,32	-18,95	4,52	-66,53
1369	31.07.20 14:30:48	14,49	0,32	-18,94	4,79	-66,27
1370	31.07.20 14:30:49	14,49	0,34	-19,96	4,42	-65,62
1371	31.07.20 14:30:50	14,49	0,32	-19,80	4,41	-65,79
1372	31.07.20 14:30:51	14,49	0,34	-18,22	5,37	-66,40
1373	31.07.20 14:30:52	14,49	0,32	-19,56	4,51	-65,93
1374	31.07.20 14:30:53	14,49	0,32	-19,10	3,85	-67,05
1375	31.07.20 14:30:54	14,49	0,32	-19,65	4,60	-65,75
1376	31.07.20 14:30:55	14,49	0,32	-18,78	4,52	-66,71
1377	31.07.20 14:30:56	14,49	0,34	-18,61	4,79	-66,60
1378	31.07.20 14:30:57	14,49	0,32	-19,70	4,17	-66,14
1379	31.07.20 14:30:58	14,49	0,34	-19,71	4,19	-66,10
1380	31.07.20 14:30:59	14,49	0,32	-19,00	4,89	-66,10
1381	31.07.20 14:31:00	14,49	0,34	-18,25	4,49	-67,26
1382	31.07.20 14:31:01	14,49	0,34	-19,41	4,01	-66,58
1383	31.07.20 14:31:02	14,49	0,32	-19,69	4,53	-65,78
1384	31.07.20 14:31:03	14,49	0,32	-19,34	5,24	-65,43
1385	31.07.20 14:31:04	14,49	0,32	-19,83	4,29	-65,87
1386	31.07.20 14:31:05	14,49	0,32	-18,40	5,01	-66,59
1387	31.07.20 14:31:06	14,52	0,32	-19,02	5,45	-65,53
1388	31.07.20 14:31:07	14,52	0,32	-19,47	5,52	-65,01
1389	31.07.20 14:31:08	14,52	0,34	-19,34	4,55	-66,10
1390	31.07.20 14:31:09	14,52	0,32	-17,94	4,89	-67,17
1391	31.07.20 14:31:10	14,52	0,32	-18,28	5,82	-65,89
1392	31.07.20 14:31:11	14,52	0,32	-19,77	4,78	-65,45
1393	31.07.20 14:31:12	14,52	0,32	-18,96	4,42	-66,62
1394	31.07.20 14:31:13	14,52	0,32	-18,59	5,11	-66,31
1395	31.07.20 14:31:14	14,52	0,34	-18,47	4,97	-66,56
1396	31.07.20 14:31:15	14,55	0,34	-18,33	5,43	-66,23
1397	31.07.20 14:31:16	14,55	0,34	-19,67	4,51	-65,83
1398	31.07.20 14:31:17	14,55	0,34	-19,16	4,64	-66,20
1399	31.07.20 14:31:18	14,55	0,34	-18,07	5,74	-66,19
1400	31.07.20 14:31:19	14,55	0,34	-18,87	4,76	-66,37
1401	31.07.20 14:31:20	14,55	0,34	-19,04	4,62	-66,34
1402	31.07.20 14:31:21	14,55	0,34	-19,00	5,40	-65,60
1403	31.07.20 14:31:22	14,55	0,34	-18,86	5,53	-65,61
1404	31.07.20 14:31:23	14,58	0,34	-18,65	4,73	-66,62
1405	31.07.20 14:31:24	14,58	0,34	-18,98	4,35	-66,67
1406	31.07.20 14:31:25	14,58	0,34	-18,49	4,62	-66,89
1407	31.07.20 14:31:26	14,58	0,36	-18,58	5,64	-65,78
1408	31.07.20 14:31:27	14,58	0,36	-19,41	5,19	-65,40
1409	31.07.20 14:31:28	14,62	0,36	-19,12	5,01	-65,87
1410	31.07.20 14:31:29	14,62	0,34	-18,72	5,17	-66,11
1411	31.07.20 14:31:30	14,62	0,34	-18,39	4,83	-66,78
1412	31.07.20 14:31:31	14,62	0,32	-18,89	5,18	-65,93
1413	31.07.20 14:31:32	14,62	0,34	-19,40	5,71	-64,89
1414	31.07.20 14:31:33	14,62	0,34	-18,85	5,04	-66,11
1415	31.07.20 14:31:34	14,62	0,34	-19,00	4,56	-66,44
1416	31.07.20 14:31:35	14,65	0,34	-18,59	4,59	-66,82
1417	31.07.20 14:31:36	14,65	0,34	-18,40	5,27	-66,33
1418	31.07.20 14:31:37	14,65	0,34	-19,13	5,09	-65,78
1419	31.07.20 14:31:38	14,65	0,34	-20,12	5,04	-64,84
1420	31.07.20 14:31:39	14,65	0,34	-18,66	5,64	-65,71
1421	31.07.20 14:31:40	14,68	0,32	-18,02	4,73	-67,26
1422	31.07.20 14:31:41	14,68	0,34	-19,13	4,77	-66,10
1423	31.07.20 14:31:42	14,68	0,34	-19,34	5,82	-64,83
1424	31.07.20 14:31:43	14,68	0,34	-19,92	5,25	-64,84
1425	31.07.20 14:31:44	14,68	0,34	-18,10	5,01	-66,89
1426	31.07.20 14:31:45	14,68	0,32	-17,83	4,70	-67,47
1427	31.07.20 14:31:46	14,71	0,34	-19,75	4,80	-65,45
1428	31.07.20 14:31:47	14,71	0,34	-19,38	4,95	-65,67
1429	31.07.20 14:31:48	14,71	0,34	-18,17	6,00	-65,83
1430	31.07.20 14:31:49	14,71	0,34	-18,44	37,00	-34,56
1431	31.07.20 14:31:50	14,74	0,34	-53,15	25,90	10,95
1432	31.07.20 14:31:51	14,74	0,32	-12,12	75,06	-2,82
1433	31.07.20 14:31:52	14,74	0,32	-11,67	76,48	1,85
1434	31.07.20 14:31:53	14,77	0,34	-11,49	77,71	-0,80
1435	31.07.20 14:31:54	14,77	0,34	-7,57	67,17	15,25
1436	31.07.20 14:31:55	14,80	0,34	-6,38	76,83	6,79
1437	31.07.20 14:31:56	14,80	0,34	-0,97	86,53	2,51
1438	31.07.20 14:31:57	14,80	0,34	-2,02	77,78	10,20
1439	31.07.20 14:31:58	14,80	0,34	-0,03	84,52	5,45
1440	31.07.20 14:31:59	14,83	0,32	11,27	76,38	-2,35
1441	31.07.20 14:32:00	14,83	0,34	18,49	69,04	2,47
1442	31.07.20 14:32:01	14,83	0,34	15,27	59,22	15,51
1443	31.07.20 14:32:02	14,83	0,34	14,68	73,18	2,14
1444	31.07.20 14:32:03	14,86	0,32	19,17	60,69	10,14
1445	31.07.20 14:32:04	14,86	0,32	16,57	60,83	12,60
1446	31.07.20 14:32:05	14,86	0,32	16,27	53,33	20,40
1447	31.07.20 14:32:06	14,89	0,34	19,72	45,72	24,56
1448	31.07.20 14:32:07	14,89	0,34	19,97	43,68	26,35
1449	31.07.20 14:32:08	14,89	0,34	6,42	53,05	30,53
1450	31.07.20 14:32:09	14,92	0,34	6,51	36,51	46,98
1451	31.07.20 14:32:10	14,92	0,34	13,16	39,20	37,64
1452	31.07.20 14:32:11	14,92	0,32	0,69	55,37	33,94
1453	31.07.20 14:32:12	14,95	0,32	4,17	52,45	33,38
1454	31.07.20 14:32:13	14,95	0,32	5,51	61,31	23,18
1455	31.07.20 14:32:14	14,98	0,32	15,00	45,22	29,78
1456	31.07.20 14:32:15	14,98	0,29	8,95	52,28	28,77
1457	31.07.20 14:32:16	14,98	0,29	13,69	46,71	29,61
1458	31.07.20 14:32:17	15,01	0,34	3,52	45,30	41,18
1459	31.07.20 14:32:18	15,01	0,32	19,91	65,25	4,84
1460	31.07.20 14:32:19	15,01	0,32	14,23	66,19	-9,58
1461	31.07.20 14:32:20	15,04	0,32	0,45	65,01	24,53
1462	31.07.20 14:32:21	15,04	0,34	12,34	49,35	28,31
1463	31.07.20 14:32:22	15,04	0,32	23,65	60,40	5,94
1464	31.07.20 14:32:23	15,04	0,32	31,58	42,23	16,19
1465	31.07.20 14:32:24	15,07	0,32	18,68	51,53	19,80
1466	31.07.20 14:32:25	15,07	0,32	-20,93	54,78	14,29
1467	31.07.20 14:32:26	15,07	0,32	-33,15	54,74	2,12
1468	31.07.20 14:32:27	15,10	0,32	-35,24	-1,70	-53,05
1469	31.07.20 14:32:28	15,10	0,32	-30,84	-9,18	-49,98
1470	31.07.20 14:32:29	15,13	0,29	-31,36	-9,39	-49,25
1471	31.07.20 14:32:30	15,13	0,29	-28,54	-9,18	-52,28
1472	31.07.20 14:32:31	15,13	0,32	-28,54	-9,43	-52,03
1473	31.07.20 14:32:32	15,17	0,32	-29,57	-9,83	-50,60
1474	31.07.20 14:32:33	15,17	0,32	-30,77	-9,34	-49,89
1475	31.07.20 14:32:34	15,17	0,32	-29,68	-8,67	-51,64
1476	31.07.20 14:32:35	15,17	0,29	-29,08	-9,52	-51,40
1477	31.07.20 14:32:36	15,20	0,32	-29,69	-9,89	-50,42
1478	31.07.20 14:32:37	15,20	0,29	-28,71	-9,38	-51,91
1479	31.07.20 14:32:38	15,23	0,32	-30,80	-8,87	-50,33
1480	31.07.20 14:32:39	15,23	0,32	-30,06	-8,96	-50,98
1481	31.07.20 14:32:40	15,23	0,34	-29,34	-9,03	-51,63
1482	31.07.20 14:32:41	15,26	0,32	-29,60	-9,91	-50,48
1483	31.07.20 14:32:42	15,26	0,32	-29,42	-9,49	-51,09
1484	31.07.20 14:32:43	15,26	0,32	-29,16	-8,97	-51,87
1485	31.07.20 14:32:44	15,26	0,32	-30,26	-9,78	-49,96
1486	31.07.20 14:32:45	15,26	0,32	-29,68	-9,38	-50,95
1487	31.07.20 14:32:46	15,29	0,34	-28,55	-9,28	-52,17
1488	31.07.20 14:32:47	15,29	0,34	-30,24	-9,37	-50,38
1489	31.07.20 14:32:48	15,29	0,32	-29,68	-9,48	-50,84
1490	31.07.20 14:32:49	15,29	0,32	-29,36	-9,45	-51,19
1491	31.07.20 14:32:50	15,32	0,32	-30,13	-8,85	-51,03
1492	31.07.20 14:32:51	15,32	0,32	-28,91	-8,90	-52,19
1493	31.07.20 14:32:52	15,35	0,32	-30,05	-9,86	-50,10
1494	31.07.20 14:32:53	15,35	0,32	-30,31	-9,80	-49,90
1495	31.07.20 14:32:54	15,35	0,32	-28,44	-9,17	-52,39
1496	31.07.20 14:32:55	15,35	0,32	-28,83	-9,15	-52,02
1497	31.07.20 14:32:56	15,35	0,32	-22,75	-20,74	-46,51
1498	31.07.20 14:32:57	15,35	0,32	-19,20	-23,58	-47,22
1499	31.07.20 14:32:58	15,38	0,32	-18,76	-22,72	-48,51
1500	31.07.20 14:32:59	15,38	0,32	-18,96	-23,42	-47,61
1501	31.07.20 14:33:00	15,38	0,32	-19,14	-23,39	-47,47
1502	31.07.20 14:33:01	15,41	0,29	-16,72	-22,98	-50,30
1503	31.07.20 14:33:02	15,41	0,32	-15,17	-22,60	-52,23
1504	31.07.20 14:33:03	15,44	0,34	-14,33	-22,44	-53,24
1505	31.07.20 14:33:04	15,44	0,34	-14,49	-23,03	-52,49
1506	31.07.20 14:33:05	15,44	0,34	-14,98	-23,32	-51,70
1507	31.07.20 14:33:06	15,44	0,32	-14,83	-21,94	-53,23
1508	31.07.20 14:33:07	15,44	0,34	-15,14	-22,22	-52,65
1509	31.07.20 14:33:08	15,44	0,34	-15,35	-23,58	-51,06
1510	31.07.20 14:33:09	15,47	0,34	-14,97	-22,30	-52,73
1511	31.07.20 14:33:10	15,47	0,34	-14,32	-21,95	-53,73
1512	31.07.20 14:33:11	15,47	0,34	-15,14	-23,51	-51,35
1513	31.07.20 14:33:12	15,50	0,34	-14,79	-22,89	-52,31
1514	31.07.20 14:33:13	15,50	0,34	-15,42	-21,92	-52,66
1515	31.07.20 14:33:14	15,53	0,32	-14,66	-22,85	-52,48
1516	31.07.20 14:33:15	15,53	0,32	-14,78	-22,94	-52,28
1517	31.07.20 14:33:16	15,53	0,34	-14,86	-23,01	-52,13
1518	31.07.20 14:33:17	15,53	0,32	-14,68	-22,39	-52,93
1519	31.07.20 14:33:18	15,53	0,32	-14,91	-22,35	-52,74
1520	31.07.20 14:33:19	15,53	0,34	-15,33	-22,81	-51,87
1521	31.07.20 14:33:20	15,56	0,34	-15,24	-23,10	-51,66
1522	31.07.20 14:33:21	15,56	0,32	-14,22	-22,20	-53,58
1523	31.07.20 14:33:22	15,56	0,32	-15,01	-22,34	-52,65
1524	31.07.20 14:33:23	15,56	0,32	-15,10	-23,24	-51,66
1525	31.07.20 14:33:24	15,59	0,32	-15,44	-21,90	-52,66
1526	31.07.20 14:33:25	15,59	0,32	-14,97	-22,55	-52,48
1527	31.07.20 14:33:26	15,59	0,32	-15,29	-23,18	-51,53
1528	31.07.20 14:33:27	15,62	0,34	-14,61	-21,50	-53,89
1529	31.07.20 14:33:28	15,62	0,32	-16,10	-22,32	-51,59
1530	31.07.20 14:33:29	15,62	0,32	-16,16	-22,74	-51,10
1531	31.07.20 14:33:30	15,62	0,32	-14,46	-22,30	-53,24
1532	31.07.20 14:33:31	15,65	0,32	-14,74	-22,46	-52,80
1533	31.07.20 14:33:32	15,65	0,34	-15,13	-22,59	-52,27
1534	31.07.20 14:33:33	15,65	0,34	-15,07	-22,43	-52,51
1535	31.07.20 14:33:34	15,65	0,34	-15,66	-23,15	-51,19
1536	31.07.20 14:33:35	15,65	0,32	-14,48	-22,56	-52,96
1537	31.07.20 14:33:36	15,68	0,34	-14,87	-22,81	-52,32
1538	31.07.20 14:33:37	15,68	0,34	-15,68	-25,43	-48,89
1539	31.07.20 14:33:38	15,71	0,34	-16,12	-26,16	-47,72
1540	31.07.20 14:33:39	15,71	0,32	-14,92	-24,15	-50,93
1541	31.07.20 14:33:40	15,71	0,34	-13,33	-24,57	-52,10
1542	31.07.20 14:33:41	15,71	0,34	-15,28	-24,25	-50,47
1543	31.07.20 14:33:42	15,74	0,34	-15,64	-24,53	-49,83
1544	31.07.20 14:33:43	15,74	0,32	-16,36	-23,28	-50,35
1545	31.07.20 14:33:44	15,74	0,34	-17,23	-21,70	-51,07
1546	31.07.20 14:33:45	15,74	0,34	-18,83	-21,05	-50,12
1547	31.07.20 14:33:46	15,74	0,34	-19,77	-21,11	-49,13
1548	31.07.20 14:33:47	15,77	0,34	-19,81	-20,09	-50,10
1549	31.07.20 14:33:48	15,77	0,34	-20,17	-20,06	-49,77
1550	31.07.20 14:33:49	15,77	0,34	-20,28	-19,74	-49,98
1551	31.07.20 14:33:50	15,80	0,32	-19,83	-19,24	-50,94
1552	31.07.20 14:33:51	15,80	0,32	-19,53	-20,38	-50,09
1553	31.07.20 14:33:52	15,80	0,32	-18,16	-19,64	-52,20
1554	31.07.20 14:33:53	15,80	0,32	-17,77	-20,60	-51,64
1555	31.07.20 14:33:54	15,83	0,32	-15,92	-22,18	-51,91
1556	31.07.20 14:33:55	15,83	0,32	-13,65	-24,21	-52,14
1557	31.07.20 14:33:56	15,83	0,32	-10,97	-25,29	-53,74
1558	31.07.20 14:33:57	15,83	0,29	-7,96	-28,75	-53,29
1559	31.07.20 14:33:58	15,83	0,34	-6,29	-28,37	-55,35
1560	31.07.20 14:33:59	15,83	0,32	-6,49	-28,88	-54,63
1561	31.07.20 14:34:00	15,86	0,32	-7,30	-28,49	-54,21
1562	31.07.20 14:34:01	15,86	0,32	-8,78	-27,32	-53,89
1563	31.07.20 14:34:02	15,89	0,34	-9,14	-26,30	-54,56
1564	31.07.20 14:34:03	15,89	0,34	-10,61	-25,79	-53,60
1565	31.07.20 14:34:04	15,89	0,34	-10,08	-26,34	-53,58
1566	31.07.20 14:34:05	15,89	0,34	-11,20	-25,12	-53,68
1567	31.07.20 14:34:06	15,89	0,34	-9,74	-24,97	-55,29
1568	31.07.20 14:34:07	15,92	0,34	-10,59	-25,84	-53,58
1569	31.07.20 14:34:08	15,92	0,34	-10,60	-25,35	-54,06
1570	31.07.20 14:34:09	15,92	0,32	-10,37	-25,13	-54,50
1571	31.07.20 14:34:10	15,92	0,32	-9,91	-25,22	-54,87
1572	31.07.20 14:34:11	15,95	0,34	-9,43	-28,59	-51,98
1573	31.07.20 14:34:12	15,95	0,34	-7,70	-26,66	-55,63
1574	31.07.20 14:34:13	15,95	0,32	-8,49	-26,27	-55,24
1575	31.07.20 14:34:14	15,95	0,34	-8,86	-28,00	-53,14
1576	31.07.20 14:34:15	15,99	0,32	-9,30	-25,84	-54,86
1577	31.07.20 14:34:16	15,99	0,34	-10,59	-23,45	-55,97
1578	31.07.20 14:34:17	15,99	0,34	-11,75	-26,07	-52,18
1579	31.07.20 14:34:18	16,02	0,32	-12,03	-24,05	-53,92
1580	31.07.20 14:34:19	16,02	0,32	-11,96	-21,78	-56,26
1581	31.07.20 14:34:20	16,02	0,32	-12,08	-25,06	-52,87
1582	31.07.20 14:34:21	16,02	0,34	-11,87	-25,59	-52,54
1583	31.07.20 14:34:22	16,02	0,32	-8,27	-24,29	-57,45
1584	31.07.20 14:34:23	16,05	0,32	-8,55	-27,47	-53,98
1585	31.07.20 14:34:24	16,05	0,32	-6,92	-29,44	-53,64
1586	31.07.20 14:34:25	16,05	0,32	-5,49	-28,04	-56,47
1587	31.07.20 14:34:26	16,08	0,32	-6,61	-27,56	-55,83
1588	31.07.20 14:34:27	16,08	0,32	-8,85	-27,52	-53,63
1589	31.07.20 14:34:28	16,11	0,32	-9,03	-25,96	-55,01
1590	31.07.20 14:34:29	16,11	0,29	-10,09	-24,79	-55,12
1591	31.07.20 14:34:30	16,11	0,32	-13,11	-24,41	-52,48
1592	31.07.20 14:34:31	16,11	0,32	-13,43	-22,61	-53,96
1593	31.07.20 14:34:32	16,11	0,32	-15,13	-22,29	-52,58
1594	31.07.20 14:34:33	16,11	0,34	-17,19	-20,84	-51,97
1595	31.07.20 14:34:34	16,14	0,34	-17,63	-19,53	-52,84
1596	31.07.20 14:34:35	16,14	0,34	-18,58	-20,68	-50,73
1597	31.07.20 14:34:36	16,14	0,34	-18,35	-19,58	-52,08
1598	31.07.20 14:34:37	16,14	0,32	-17,17	-19,34	-53,49
1599	31.07.20 14:34:38	16,17	0,34	-17,02	-21,94	-51,05
1600	31.07.20 14:34:39	16,17	0,32	-34,23	4,58	-51,19
1601	31.07.20 14:34:40	16,17	0,32	-33,35	3,51	-53,13
1602	31.07.20 14:34:41	16,20	0,34	-33,24	3,19	-53,57
1603	31.07.20 14:34:42	16,20	0,34	-36,78	1,49	-51,73
1604	31.07.20 14:34:43	16,20	0,34	-34,67	0,79	-54,55
1605	31.07.20 14:34:44	16,20	0,34	-34,17	1,43	-54,40
1606	31.07.20 14:34:45	16,20	0,32	-36,37	0,74	-52,89
1607	31.07.20 14:34:46	16,20	0,34	-34,32	1,44	-54,24
1608	31.07.20 14:34:47	16,23	0,34	-34,57	1,98	-53,46
1609	31.07.20 14:34:48	16,23	0,32	-34,63	1,49	-53,88
1610	31.07.20 14:34:49	16,26	0,32	-34,35	3,71	-51,95
1611	31.07.20 14:34:50	16,26	0,32	-34,98	3,97	-51,05
1612	31.07.20 14:34:51	16,26	0,32	-31,87	5,45	-52,67
1613	31.07.20 14:34:52	16,26	0,32	-33,05	6,49	-50,47
1614	31.07.20 14:34:53	16,26	0,34	-33,44	6,81	-49,75
1615	31.07.20 14:34:54	16,29	0,32	-32,42	6,60	-50,98
1616	31.07.20 14:34:55	16,29	0,32	-33,76	4,94	-51,30
1617	31.07.20 14:34:56	16,29	0,32	-32,85	4,65	-52,49
1618	31.07.20 14:34:57	16,29	0,29	-34,92	3,99	-51,09
1619	31.07.20 14:34:58	16,29	0,32	-33,28	2,57	-54,14
1620	31.07.20 14:34:59	16,29	0,29	-33,89	3,44	-52,67
1621	31.07.20 14:35:00	16,32	0,32	-35,14	2,05	-52,81
1622	31.07.20 14:35:01	16,32	0,32	-33,88	2,33	-53,78
1623	31.07.20 14:35:02	16,32	0,29	-33,57	3,27	-53,16
1624	31.07.20 14:35:03	16,35	0,34	-35,73	1,70	-52,57
1625	31.07.20 14:35:04	16,35	0,34	-33,25	3,04	-53,71
1626	31.07.20 14:35:05	16,35	0,32	-35,34	2,17	-52,50
1627	31.07.20 14:35:06	16,38	0,34	-33,39	3,02	-53,59
1628	31.07.20 14:35:07	16,38	0,32	-33,07	3,54	-53,39
1629	31.07.20 14:35:08	16,38	0,32	-35,90	1,84	-52,25
1630	31.07.20 14:35:09	16,38	0,32	-33,44	3,75	-52,82
1631	31.07.20 14:35:10	16,38	0,32	-32,74	2,50	-54,76
1632	31.07.20 14:35:11	16,41	0,32	-35,23	2,71	-52,07
1633	31.07.20 14:35:12	16,41	0,32	-35,79	2,25	-51,96
1634	31.07.20 14:35:13	16,44	0,34	-31,51	3,99	-54,49
1635	31.07.20 14:35:14	16,44	0,32	-33,94	2,72	-53,34
1636	31.07.20 14:35:15	16,44	0,32	-35,76	4,20	-50,04
1637	31.07.20 14:35:16	16,47	0,32	-33,15	3,82	-53,04
1638	31.07.20 14:35:17	16,47	0,32	-32,13	4,58	-53,29
1639	31.07.20 14:35:18	16,47	0,32	-34,12	3,56	-52,32
1640	31.07.20 14:35:19	16,47	0,34	-36,37	3,36	-50,27
1641	31.07.20 14:35:20	16,47	0,32	-31,84	3,83	-54,33
1642	31.07.20 14:35:21	16,47	0,34	-32,60	3,35	-54,06
1643	31.07.20 14:35:22	16,50	0,32	-35,22	-38,50	16,28
1644	31.07.20 14:35:23	16,50	0,32	23,42	5,77	60,81
1645	31.07.20 14:35:24	16,53	0,22	48,29	-6,74	34,98
1646	31.07.20 14:35:25	16,65	0,22	34,03	-21,21	34,76
1647	31.07.20 14:35:26	16,77	0,18	-5,35	-46,76	37,89
1648	31.07.20 14:35:27	16,92	0,18	24,32	-31,13	34,55
1649	31.07.20 14:35:28	17,01	0,51	42,74	-21,47	25,79
1650	31.07.20 14:35:29	17,04	0,49	17,13	-44,64	28,23
1651	31.07.20 14:35:30	17,07	0,49	-5,45	-71,67	12,89
1652	31.07.20 14:35:31	17,07	0,51	41,18	-29,60	19,22
1653	31.07.20 14:35:32	17,10	0,51	25,45	-44,88	19,66
1654	31.07.20 14:35:33	17,10	0,51	48,53	-17,76	23,71
1655	31.07.20 14:35:34	17,10	0,51	42,65	-31,69	15,66
1656	31.07.20 14:35:35	17,13	0,52	39,78	12,65	37,58
1657	31.07.20 14:35:36	17,13	0,52	15,84	40,75	33,41
1658	31.07.20 14:35:37	17,16	0,44	14,12	30,78	45,10
1659	31.07.20 14:35:38	17,22	0,36	9,48	24,05	56,47
1660	31.07.20 14:35:39	17,34	0,32	-28,56	4,51	56,93
1661	31.07.20 14:35:40	17,49	0,29	-37,35	10,44	42,21
1662	31.07.20 14:35:41	17,67	0,34	-25,38	14,78	49,84
1663	31.07.20 14:35:42	17,76	0,32	0,44	-12,89	76,67
1664	31.07.20 14:35:43	17,91	0,27	-19,13	-62,93	7,93
1665	31.07.20 14:35:44	18,14	0,15	-34,62	-22,59	32,80
1666	31.07.20 14:35:45	18,38	0,11	-32,55	-24,37	33,08
1667	31.07.20 14:35:46	18,62	0,08	-34,34	-25,95	29,71
1668	31.07.20 14:35:47	18,83	0,11	-28,42	-32,13	29,45
1669	31.07.20 14:35:48	19,03	0,08	-78,49	-3,14	8,38
