#0	Date-time:	31/07/2020 1:22:55 PM
#1	Recorder:	89H0950
#2	File type:	1
#3	Columns:	7
#4	Channels:	5
#5	Field separation:	0
#6	Decimal point:	0
#7	Date def.:	0	0
#8	Time def.:	0
#9	Channel 1:	Temperature(°C)	Temp(°C)	2	1
#10	Channel 2:	Pressure(Bar)	Press(Bar)	2	1
#11	Reconvertion:	0
#14	Channel 3:	Tilt-X(°)	Tilt-X(°)	2	1
#18	Channel 4:	Tilt-Y(°)	Tilt-Y(°)	2	1
#19	Line color:	1	2	3	4
#22	Channel 5:	Tilt-Z(°)	Tilt-Z(°)	2	1
#30	Trend Type Number:	3
#33	Limit Temp. Corr. OTCR:	1
1	31.07.20 12:52:00	24,73	0,32	-18,70	-1,45	69,85
2	31.07.20 12:52:01	24,73	0,29	-19,60	-0,65	69,75
3	31.07.20 12:52:02	24,70	0,32	-19,69	-0,47	69,84
4	31.07.20 12:52:03	24,70	0,32	-19,05	0,06	70,89
5	31.07.20 12:52:04	24,70	0,32	-19,52	-1,19	69,28
6	31.07.20 12:52:05	24,70	0,32	-19,76	-1,27	68,97
7	31.07.20 12:52:06	24,70	0,32	-18,97	-0,43	70,60
8	31.07.20 12:52:07	24,70	0,29	-18,71	-0,80	70,49
9	31.07.20 12:52:08	24,70	0,32	-19,13	-0,87	70,00
10	31.07.20 12:52:09	24,68	0,32	-19,92	-1,08	69,00
11	31.07.20 12:52:10	24,68	0,32	-18,31	-0,72	70,97
12	31.07.20 12:52:11	24,68	0,32	-19,76	-0,99	69,26
13	31.07.20 12:52:12	24,68	0,29	-19,63	-0,93	69,44
14	31.07.20 12:52:13	24,68	0,34	-18,71	-1,35	69,94
15	31.07.20 12:52:14	24,68	0,34	-18,62	-0,23	71,15
16	31.07.20 12:52:15	24,68	0,32	-20,20	0,12	69,68
17	31.07.20 12:52:16	24,68	0,32	-18,42	0,35	71,23
18	31.07.20 12:52:17	24,65	0,29	-19,31	0,55	70,14
19	31.07.20 12:52:18	24,65	0,29	-20,23	-0,48	69,29
20	31.07.20 12:52:19	24,65	0,29	-19,12	-0,93	69,95
21	31.07.20 12:52:20	24,65	0,29	-19,25	-0,51	70,24
22	31.07.20 12:52:21	24,65	0,29	-18,55	-0,86	70,59
23	31.07.20 12:52:22	24,65	0,29	-18,77	-0,23	70,99
24	31.07.20 12:52:23	24,65	0,32	-19,50	-1,10	69,40
25	31.07.20 12:52:24	24,62	0,29	-19,56	-0,79	69,65
26	31.07.20 12:52:25	24,62	0,29	-18,97	-1,69	69,34
27	31.07.20 12:52:26	24,62	0,29	-19,36	-1,97	68,67
28	31.07.20 12:52:27	24,62	0,29	-18,85	-1,96	69,19
29	31.07.20 12:52:28	24,62	0,29	-19,49	-1,42	69,09
30	31.07.20 12:52:29	24,62	0,32	-19,55	-1,41	69,04
31	31.07.20 12:52:30	24,62	0,29	-19,17	-0,85	69,98
32	31.07.20 12:52:31	24,59	0,32	-19,48	-1,41	69,10
33	31.07.20 12:52:32	24,59	0,32	-19,00	-1,48	69,51
34	31.07.20 12:52:33	24,59	0,29	-19,36	-0,80	69,85
35	31.07.20 12:52:34	24,59	0,32	-19,76	-0,72	69,52
36	31.07.20 12:52:35	24,59	0,29	-18,79	-0,36	70,85
37	31.07.20 12:52:36	24,59	0,29	-20,06	-1,41	68,53
38	31.07.20 12:52:37	24,59	0,29	-18,89	-1,62	69,49
39	31.07.20 12:52:38	24,56	0,29	-18,52	-1,51	69,98
40	31.07.20 12:52:39	24,56	0,29	-18,89	-0,74	70,38
41	31.07.20 12:52:40	24,56	0,29	-19,67	-1,03	69,31
42	31.07.20 12:52:41	24,56	0,32	-20,19	-0,49	69,32
43	31.07.20 12:52:42	24,56	0,29	-20,00	-0,95	69,04
44	31.07.20 12:52:43	24,56	0,29	-18,81	-0,67	70,52
45	31.07.20 12:52:44	24,56	0,29	-20,05	-0,94	69,01
46	31.07.20 12:52:45	24,56	0,29	-19,74	-0,15	70,11
47	31.07.20 12:52:46	24,53	0,32	-19,27	-0,41	70,32
48	31.07.20 12:52:47	24,53	0,29	-19,18	0,18	70,64
49	31.07.20 12:52:48	24,53	0,29	-18,77	-0,26	70,96
50	31.07.20 12:52:49	24,53	0,32	-18,90	-0,12	70,98
51	31.07.20 12:52:50	24,53	0,29	-20,42	-1,14	68,44
52	31.07.20 12:52:51	24,53	0,32	-19,01	-1,40	69,59
53	31.07.20 12:52:52	24,53	0,32	-18,72	-0,47	70,81
54	31.07.20 12:52:53	24,50	0,29	-19,66	-0,94	69,40
55	31.07.20 12:52:54	24,50	0,32	-18,75	-0,77	70,48
56	31.07.20 12:52:55	24,50	0,32	-19,77	-0,51	69,73
57	31.07.20 12:52:56	24,50	0,32	-18,55	-0,29	71,17
58	31.07.20 12:52:57	24,50	0,32	-19,10	-0,09	70,81
59	31.07.20 12:52:58	24,50	0,32	-19,18	-1,25	69,57
60	31.07.20 12:52:59	24,50	0,32	-19,10	-0,40	70,50
61	31.07.20 12:53:00	24,50	0,32	-19,03	-0,88	70,09
62	31.07.20 12:53:01	24,50	0,32	-18,84	-0,96	70,20
63	31.07.20 12:53:02	24,47	0,29	-18,67	-0,64	70,69
64	31.07.20 12:53:03	24,47	0,32	-19,33	-1,50	69,17
65	31.07.20 12:53:04	24,47	0,32	-19,24	-1,93	68,83
66	31.07.20 12:53:05	24,47	0,32	-19,81	-1,76	68,44
67	31.07.20 12:53:06	24,47	0,32	-19,55	-1,80	68,65
68	31.07.20 12:53:07	24,47	0,32	-19,68	-1,24	69,08
69	31.07.20 12:53:08	24,47	0,29	-19,48	-1,30	69,22
70	31.07.20 12:53:09	24,44	0,32	-19,71	-0,74	69,56
71	31.07.20 12:53:10	24,44	0,32	-18,46	0,20	71,33
72	31.07.20 12:53:11	24,44	0,32	-18,82	1,22	69,96
73	31.07.20 12:53:12	24,44	0,32	-19,32	0,34	70,33
74	31.07.20 12:53:13	24,44	0,29	-18,52	-0,20	71,29
75	31.07.20 12:53:14	24,44	0,32	-19,26	-0,67	70,08
76	31.07.20 12:53:15	24,44	0,32	-18,85	-0,38	70,78
77	31.07.20 12:53:16	24,44	0,32	-19,40	-1,27	69,33
78	31.07.20 12:53:17	24,44	0,32	-19,64	-1,94	68,42
79	31.07.20 12:53:18	24,41	0,29	-18,53	-0,95	70,52
80	31.07.20 12:53:19	24,41	0,32	-18,59	-0,78	70,62
81	31.07.20 12:53:20	24,41	0,32	-19,32	-1,46	69,22
82	31.07.20 12:53:21	24,41	0,29	-18,10	-1,32	70,58
83	31.07.20 12:53:22	24,41	0,27	-20,23	-1,42	68,35
84	31.07.20 12:53:23	24,41	0,29	-20,01	-0,65	69,33
85	31.07.20 12:53:24	24,41	0,29	-18,83	-0,60	70,57
86	31.07.20 12:53:25	24,41	0,27	-20,05	-0,92	69,03
87	31.07.20 12:53:26	24,41	0,29	-19,31	-0,91	69,78
88	31.07.20 12:53:27	24,38	0,32	-20,08	-0,95	68,97
89	31.07.20 12:53:28	24,38	0,32	-19,53	-0,87	69,60
90	31.07.20 12:53:29	24,38	0,29	-19,00	-0,82	70,18
91	31.07.20 12:53:30	24,38	0,29	-19,90	-1,54	68,55
92	31.07.20 12:53:31	24,38	0,29	-19,03	-1,45	69,52
93	31.07.20 12:53:32	24,38	0,29	-19,41	-1,74	68,85
94	31.07.20 12:53:33	24,38	0,29	-19,74	-1,78	68,48
95	31.07.20 12:53:34	24,38	0,29	-18,49	-1,08	70,42
96	31.07.20 12:53:35	24,38	0,32	-18,63	-1,94	69,43
97	31.07.20 12:53:36	24,36	0,32	-19,45	-0,62	69,93
98	31.07.20 12:53:37	24,36	0,29	-18,73	-0,14	71,12
99	31.07.20 12:53:38	24,36	0,29	-20,97	-1,45	67,59
100	31.07.20 12:53:39	24,36	0,32	-18,84	-3,97	67,20
101	31.07.20 12:53:40	24,36	0,29	-17,81	-6,09	66,11
102	31.07.20 12:53:41	24,36	0,29	-16,87	-9,60	63,53
103	31.07.20 12:53:42	24,36	0,29	-15,33	-10,45	64,23
104	31.07.20 12:53:43	24,36	0,32	-17,36	-11,53	61,11
105	31.07.20 12:53:44	24,33	0,29	-16,73	-10,94	62,33
106	31.07.20 12:53:45	24,33	0,32	-15,76	-10,01	64,23
107	31.07.20 12:53:46	24,33	0,29	-17,66	-12,40	59,95
108	31.07.20 12:53:47	24,33	0,29	-15,65	-9,63	64,72
109	31.07.20 12:53:48	24,33	0,29	-17,92	-10,59	61,49
110	31.07.20 12:53:49	24,33	0,29	-16,70	-8,15	65,15
111	31.07.20 12:53:50	24,33	0,29	-14,56	-9,66	65,77
112	31.07.20 12:53:51	24,33	0,29	-16,60	-10,62	62,79
113	31.07.20 12:53:52	24,33	0,29	-16,82	-10,56	62,62
114	31.07.20 12:53:53	24,30	0,29	-15,92	-9,20	64,88
115	31.07.20 12:53:54	24,30	0,29	-16,36	-9,34	64,30
116	31.07.20 12:53:55	24,30	0,32	-15,68	-8,93	65,39
117	31.07.20 12:53:56	24,30	0,32	-17,32	-9,97	62,71
118	31.07.20 12:53:57	24,30	0,29	-15,98	-9,35	64,67
119	31.07.20 12:53:58	24,30	0,32	-15,06	-9,89	65,06
120	31.07.20 12:53:59	24,30	0,32	-17,06	-9,61	63,33
121	31.07.20 12:54:00	24,30	0,32	-16,74	-9,58	63,68
122	31.07.20 12:54:01	24,30	0,32	-14,68	-7,81	67,50
123	31.07.20 12:54:02	24,30	0,32	-17,76	-8,20	64,04
124	31.07.20 12:54:03	24,27	0,29	-17,03	-7,43	65,54
125	31.07.20 12:54:04	24,27	0,29	-15,78	-8,01	66,21
126	31.07.20 12:54:05	24,27	0,32	-16,82	-7,30	65,88
127	31.07.20 12:54:06	24,27	0,32	-17,37	-5,63	67,01
128	31.07.20 12:54:07	24,27	0,32	-17,06	-5,86	67,08
129	31.07.20 12:54:08	24,27	0,29	-17,79	-4,60	67,61
130	31.07.20 12:54:09	24,27	0,32	-17,53	-3,10	69,37
131	31.07.20 12:54:10	24,27	0,32	-17,58	-2,37	70,05
132	31.07.20 12:54:11	24,27	0,32	-19,33	-1,93	68,74
133	31.07.20 12:54:12	24,27	0,32	-20,83	-1,59	67,58
134	31.07.20 12:54:13	24,27	0,29	-17,48	-2,28	70,24
135	31.07.20 12:54:14	24,27	0,32	-19,84	-2,26	67,90
136	31.07.20 12:54:15	24,24	0,32	-17,38	-3,13	69,49
137	31.07.20 12:54:16	24,24	0,32	-17,89	-3,11	69,00
138	31.07.20 12:54:17	24,24	0,32	-20,70	-4,10	65,20
139	31.07.20 12:54:18	24,24	0,32	-16,72	-3,08	70,20
140	31.07.20 12:54:19	24,24	0,32	-21,36	-2,82	65,82
141	31.07.20 12:54:20	24,24	0,32	-19,01	-2,90	68,09
142	31.07.20 12:54:21	24,24	0,32	-17,81	0,06	72,13
143	31.07.20 12:54:22	24,24	0,32	-19,80	2,43	67,78
144	31.07.20 12:54:23	24,24	0,32	-16,46	4,56	68,98
145	31.07.20 12:54:24	24,24	0,32	-19,70	7,05	63,25
146	31.07.20 12:54:25	24,21	0,32	-16,01	7,17	66,82
147	31.07.20 12:54:26	24,21	0,32	-19,70	7,79	62,52
148	31.07.20 12:54:27	24,21	0,32	-17,10	5,90	66,99
149	31.07.20 12:54:28	24,21	0,32	-17,95	3,30	68,75
150	31.07.20 12:54:29	24,21	0,34	-21,46	-1,34	67,20
151	31.07.20 12:54:30	24,21	0,32	-16,22	-4,01	69,77
152	31.07.20 12:54:31	24,21	0,32	-17,27	-5,55	67,19
153	31.07.20 12:54:32	24,21	0,34	-18,30	-8,97	62,73
154	31.07.20 12:54:33	24,21	0,32	-14,90	-9,49	65,61
155	31.07.20 12:54:34	24,21	0,32	-18,13	-11,97	59,90
156	31.07.20 12:54:35	24,21	0,32	-18,02	-10,73	61,25
157	31.07.20 12:54:36	24,18	0,29	-15,58	-6,93	67,49
158	31.07.20 12:54:37	24,18	0,29	-20,20	-7,13	62,67
159	31.07.20 12:54:38	24,18	0,29	-18,53	-5,05	66,42
160	31.07.20 12:54:39	24,18	0,29	-17,29	-0,65	72,06
161	31.07.20 12:54:40	24,18	0,29	-19,14	2,36	68,50
162	31.07.20 12:54:41	24,18	0,29	-17,58	5,25	67,17
163	31.07.20 12:54:42	24,18	0,29	-16,46	6,78	66,77
164	31.07.20 12:54:43	24,18	0,29	-18,47	8,17	63,36
165	31.07.20 12:54:44	24,18	0,32	-14,95	8,10	66,94
166	31.07.20 12:54:45	24,15	0,29	-19,02	9,53	61,45
167	31.07.20 12:54:46	24,15	0,29	-15,70	7,68	66,62
168	31.07.20 12:54:47	24,15	0,29	-17,75	7,49	64,77
169	31.07.20 12:54:48	24,15	0,29	-16,89	4,82	68,29
170	31.07.20 12:54:49	24,15	0,29	-17,18	3,22	69,59
171	31.07.20 12:54:50	24,15	0,29	-19,69	1,40	68,91
172	31.07.20 12:54:51	24,15	0,32	-17,16	0,65	72,20
173	31.07.20 12:54:52	24,15	0,29	-20,96	-0,28	68,76
174	31.07.20 12:54:53	24,15	0,29	-16,91	-1,66	71,43
175	31.07.20 12:54:54	24,15	0,32	-16,89	-1,36	71,75
176	31.07.20 12:54:55	24,15	0,29	-25,63	-5,68	58,70
177	31.07.20 12:54:56	24,12	0,29	-15,28	-2,69	72,03
178	31.07.20 12:54:57	24,12	0,32	1,63	-8,91	79,46
179	31.07.20 12:54:58	24,12	0,29	44,15	-13,44	32,41
180	31.07.20 12:54:59	24,12	0,29	80,80	4,95	4,24
181	31.07.20 12:55:00	24,12	0,29	78,73	5,56	5,71
182	31.07.20 12:55:01	24,12	0,29	78,48	5,73	5,79
183	31.07.20 12:55:02	24,12	0,32	81,31	3,40	5,30
184	31.07.20 12:55:03	24,12	0,29	78,85	6,14	5,01
185	31.07.20 12:55:04	24,12	0,32	79,10	5,00	5,90
186	31.07.20 12:55:05	24,12	0,32	79,19	-4,57	6,24
187	31.07.20 12:55:06	24,09	0,29	46,34	-37,60	6,06
188	31.07.20 12:55:07	24,09	0,29	62,12	-16,05	11,83
189	31.07.20 12:55:08	24,09	0,29	84,91	-2,81	2,28
190	31.07.20 12:55:09	24,09	0,29	75,54	0,72	13,74
191	31.07.20 12:55:10	24,09	0,32	77,15	0,51	12,34
192	31.07.20 12:55:11	24,09	0,29	73,46	1,85	14,69
193	31.07.20 12:55:12	24,09	0,32	75,00	-0,06	14,94
194	31.07.20 12:55:13	24,09	0,32	72,37	-0,41	17,22
195	31.07.20 12:55:14	24,09	0,32	71,10	-0,81	18,09
196	31.07.20 12:55:15	24,09	0,32	69,10	-3,70	17,21
197	31.07.20 12:55:16	24,09	0,29	70,78	-2,69	16,53
198	31.07.20 12:55:17	24,07	0,29	69,72	-3,64	16,64
199	31.07.20 12:55:18	24,07	0,32	69,65	-3,34	17,01
200	31.07.20 12:55:19	24,07	0,32	71,36	-2,59	16,05
201	31.07.20 12:55:20	24,07	0,29	71,85	-2,86	15,29
202	31.07.20 12:55:21	24,07	0,32	71,78	-2,70	15,52
203	31.07.20 12:55:22	24,07	0,32	70,95	-3,44	15,61
204	31.07.20 12:55:23	24,07	0,32	72,06	-2,40	15,54
205	31.07.20 12:55:24	24,07	0,32	71,08	-2,48	16,44
206	31.07.20 12:55:25	24,07	0,32	70,22	-3,30	16,48
207	31.07.20 12:55:26	24,07	0,32	71,94	-2,41	15,64
208	31.07.20 12:55:27	24,07	0,29	72,06	-2,26	15,68
209	31.07.20 12:55:28	24,04	0,34	71,40	-2,85	15,75
210	31.07.20 12:55:29	24,04	0,32	70,58	-2,98	16,44
211	31.07.20 12:55:30	24,04	0,32	71,71	-2,32	15,96
212	31.07.20 12:55:31	24,04	0,32	72,47	-1,68	15,85
213	31.07.20 12:55:32	24,04	0,32	70,95	-3,14	15,91
214	31.07.20 12:55:33	24,04	0,29	70,59	-3,60	15,81
215	31.07.20 12:55:34	24,04	0,29	72,20	-1,42	16,38
216	31.07.20 12:55:35	24,04	0,32	71,34	-2,06	16,61
217	31.07.20 12:55:36	24,04	0,32	70,52	-3,99	15,49
218	31.07.20 12:55:37	24,04	0,32	72,81	-1,67	15,52
219	31.07.20 12:55:38	24,04	0,32	71,59	-2,22	16,19
220	31.07.20 12:55:39	24,01	0,32	70,22	-3,26	16,52
221	31.07.20 12:55:40	24,01	0,32	73,22	-1,94	14,84
222	31.07.20 12:55:41	24,01	0,32	73,13	-1,73	15,14
223	31.07.20 12:55:42	24,01	0,32	71,80	-2,51	15,69
224	31.07.20 12:55:43	24,01	0,32	71,67	-1,56	16,78
225	31.07.20 12:55:44	24,01	0,34	76,61	-3,88	9,51
226	31.07.20 12:55:45	24,01	0,32	63,62	-10,21	16,17
227	31.07.20 12:55:46	24,01	0,29	67,89	-6,45	15,66
228	31.07.20 12:55:47	24,01	0,32	-3,85	28,71	57,44
229	31.07.20 12:55:48	24,01	0,32	0,12	27,28	62,60
230	31.07.20 12:55:49	23,98	0,32	0,74	6,95	82,31
231	31.07.20 12:55:50	23,98	0,32	0,45	-43,73	45,82
232	31.07.20 12:55:51	23,98	0,32	10,88	-49,41	29,71
233	31.07.20 12:55:52	23,98	0,32	17,91	-35,54	36,55
234	31.07.20 12:55:53	23,98	0,32	20,33	-43,50	26,17
235	31.07.20 12:55:54	23,98	0,32	17,47	-48,50	24,03
236	31.07.20 12:55:55	23,98	0,32	15,73	-38,40	35,86
237	31.07.20 12:55:56	23,98	0,32	1,99	-37,78	50,23
238	31.07.20 12:55:57	23,98	0,32	-4,87	-12,02	73,11
239	31.07.20 12:55:58	23,98	0,32	-12,46	3,21	74,33
240	31.07.20 12:55:59	23,98	0,34	-2,12	-18,55	69,33
241	31.07.20 12:56:00	23,98	0,32	-1,04	-19,96	69,00
242	31.07.20 12:56:01	23,95	0,32	-8,01	-4,58	77,41
243	31.07.20 12:56:02	23,95	0,32	-4,45	-11,53	74,03
244	31.07.20 12:56:03	23,95	0,29	-2,36	-9,00	78,63
245	31.07.20 12:56:04	23,95	0,29	-3,59	-8,02	78,39
246	31.07.20 12:56:05	23,95	0,32	-2,37	-8,16	79,47
247	31.07.20 12:56:06	23,95	0,29	2,01	-3,44	84,55
248	31.07.20 12:56:07	23,95	0,29	-5,97	-0,81	83,22
249	31.07.20 12:56:08	23,95	0,32	-5,20	1,89	82,90
250	31.07.20 12:56:09	23,95	0,32	-4,59	1,86	83,56
251	31.07.20 12:56:10	23,95	0,29	-3,55	2,15	84,31
252	31.07.20 12:56:11	23,95	0,29	-4,32	2,26	83,42
253	31.07.20 12:56:12	23,95	0,32	-6,05	3,26	80,68
254	31.07.20 12:56:13	23,92	0,32	-6,11	-1,98	81,92
255	31.07.20 12:56:14	23,92	0,29	-12,70	-7,81	69,48
256	31.07.20 12:56:15	23,95	0,29	13,64	-5,51	-70,85
257	31.07.20 12:56:16	23,83	0,36	52,97	-17,49	-19,54
258	31.07.20 12:56:17	23,51	0,44	18,37	0,38	71,25
259	31.07.20 12:56:18	23,22	0,54	21,81	3,36	64,83
260	31.07.20 12:56:19	23,05	0,60	31,85	8,09	50,06
261	31.07.20 12:56:20	22,93	0,58	31,40	-6,76	51,84
262	31.07.20 12:56:21	22,84	0,58	34,32	-5,96	49,72
263	31.07.20 12:56:22	22,78	0,55	23,24	-15,13	51,63
264	31.07.20 12:56:23	22,73	0,54	25,15	-30,87	33,98
265	31.07.20 12:56:24	22,67	0,58	32,31	-26,70	30,99
266	31.07.20 12:56:25	22,61	0,60	36,66	-10,65	42,69
267	31.07.20 12:56:26	22,58	0,62	35,52	-12,84	41,64
268	31.07.20 12:56:27	22,55	0,62	35,70	-14,72	39,58
269	31.07.20 12:56:28	22,52	0,61	22,43	-38,28	29,29
270	31.07.20 12:56:29	22,46	0,61	32,55	-14,69	42,76
271	31.07.20 12:56:30	22,43	0,63	32,09	-15,28	42,63
272	31.07.20 12:56:31	22,41	0,65	38,47	-11,45	40,08
273	31.07.20 12:56:32	22,38	0,67	41,01	-12,25	36,74
274	31.07.20 12:56:33	22,35	0,64	32,00	-19,07	38,93
275	31.07.20 12:56:34	22,32	0,66	25,29	-26,17	38,54
276	31.07.20 12:56:35	22,29	0,68	27,97	-16,44	45,59
277	31.07.20 12:56:36	22,26	0,70	24,98	-23,25	41,77
278	31.07.20 12:56:37	22,26	0,73	45,40	-7,03	37,57
279	31.07.20 12:56:38	22,23	0,75	43,94	-7,74	38,32
280	31.07.20 12:56:39	22,20	0,77	40,24	-11,04	38,73
281	31.07.20 12:56:40	22,17	0,76	47,99	-5,49	36,51
282	31.07.20 12:56:41	22,14	0,76	45,44	-7,54	37,02
283	31.07.20 12:56:42	22,11	0,78	43,30	-10,71	36,00
284	31.07.20 12:56:43	22,08	0,80	48,23	-7,07	34,70
285	31.07.20 12:56:44	22,06	0,80	48,26	-10,95	30,78
286	31.07.20 12:56:45	22,03	0,82	52,87	-8,38	28,75
287	31.07.20 12:56:46	22,03	0,82	52,49	-6,94	30,57
288	31.07.20 12:56:47	22,00	0,84	51,64	-6,97	31,39
289	31.07.20 12:56:48	22,00	0,82	53,74	-6,84	29,42
290	31.07.20 12:56:49	22,00	0,86	56,14	-6,25	27,61
291	31.07.20 12:56:50	22,00	0,86	54,27	-3,43	32,30
292	31.07.20 12:56:51	21,97	0,88	58,09	-2,44	29,47
293	31.07.20 12:56:52	21,97	0,91	62,48	-2,23	25,29
294	31.07.20 12:56:53	21,97	0,91	62,74	-1,02	26,25
295	31.07.20 12:56:54	21,97	0,88	64,99	0,18	24,83
296	31.07.20 12:56:55	21,94	0,93	64,97	-1,05	23,98
297	31.07.20 12:56:56	21,94	0,93	63,19	-3,51	23,30
298	31.07.20 12:56:57	21,94	0,95	62,50	-5,38	22,13
299	31.07.20 12:56:58	21,94	1,00	64,07	-6,02	19,91
300	31.07.20 12:56:59	21,94	1,00	61,18	-7,27	21,54
301	31.07.20 12:57:00	21,91	1,04	61,77	-4,82	23,41
302	31.07.20 12:57:01	21,91	1,04	64,60	-6,45	18,96
303	31.07.20 12:57:02	21,91	1,09	70,37	-4,82	14,81
304	31.07.20 12:57:03	21,88	1,08	62,51	-4,93	22,56
305	31.07.20 12:57:04	21,88	1,11	58,23	-9,81	21,96
306	31.07.20 12:57:05	21,88	1,13	68,89	-8,79	12,31
307	31.07.20 12:57:06	21,88	1,15	67,47	-6,25	16,28
308	31.07.20 12:57:07	21,82	1,15	62,31	-7,06	20,62
309	31.07.20 12:57:08	21,79	1,17	63,20	-9,91	16,89
310	31.07.20 12:57:09	21,79	1,24	68,61	-8,90	12,48
311	31.07.20 12:57:10	21,76	1,24	65,13	-8,41	16,46
312	31.07.20 12:57:11	21,76	1,26	63,73	-9,43	16,84
313	31.07.20 12:57:12	21,73	1,28	66,35	-9,87	13,78
314	31.07.20 12:57:13	21,68	1,32	65,69	-9,94	14,37
315	31.07.20 12:57:14	21,65	1,32	64,35	-10,08	15,57
316	31.07.20 12:57:15	21,59	1,38	64,76	-11,08	14,16
317	31.07.20 12:57:16	21,53	1,40	65,82	-11,40	12,78
318	31.07.20 12:57:17	21,47	1,42	64,06	-11,91	14,03
319	31.07.20 12:57:18	21,41	1,43	64,40	-11,88	13,72
320	31.07.20 12:57:19	21,35	1,50	66,08	-12,59	11,33
321	31.07.20 12:57:20	21,30	1,52	63,56	-13,35	13,09
322	31.07.20 12:57:21	21,24	1,53	61,90	-13,85	14,25
323	31.07.20 12:57:22	21,15	1,57	65,83	-13,99	10,19
324	31.07.20 12:57:23	21,09	1,61	67,51	-12,75	9,74
325	31.07.20 12:57:24	21,03	1,65	67,18	-11,59	11,22
326	31.07.20 12:57:25	21,00	1,70	68,22	-10,23	11,55
327	31.07.20 12:57:26	20,97	1,67	70,42	-8,31	11,26
328	31.07.20 12:57:27	20,92	1,71	69,79	-7,13	13,08
329	31.07.20 12:57:28	20,83	1,77	72,25	-5,53	12,22
330	31.07.20 12:57:29	20,71	1,74	74,70	-3,51	11,79
331	31.07.20 12:57:30	20,56	1,72	73,49	-2,48	14,03
332	31.07.20 12:57:31	20,42	1,82	75,42	-1,45	13,14
333	31.07.20 12:57:32	20,27	1,90	75,42	-1,09	13,49
334	31.07.20 12:57:33	20,09	1,95	73,80	-1,89	14,31
335	31.07.20 12:57:34	19,95	2,03	73,90	-1,40	14,71
336	31.07.20 12:57:35	19,77	2,15	74,81	-1,45	13,74
337	31.07.20 12:57:36	19,53	2,15	73,11	-1,99	14,89
338	31.07.20 12:57:37	19,30	2,10	72,47	-2,83	14,70
339	31.07.20 12:57:38	19,06	2,27	72,26	-3,82	13,92
340	31.07.20 12:57:39	18,83	2,34	72,27	-4,75	12,98
341	31.07.20 12:57:40	18,56	2,38	69,52	-5,26	15,22
342	31.07.20 12:57:41	18,35	2,40	70,44	-5,43	14,13
343	31.07.20 12:57:42	18,14	2,50	69,94	-6,00	14,06
344	31.07.20 12:57:43	17,88	2,52	70,46	-6,28	13,26
345	31.07.20 12:57:44	17,67	2,59	69,95	-6,21	13,84
346	31.07.20 12:57:45	17,49	2,62	70,70	-6,10	13,20
347	31.07.20 12:57:46	17,37	2,65	72,51	-4,23	13,26
348	31.07.20 12:57:47	17,31	2,53	73,60	-2,31	14,09
349	31.07.20 12:57:48	17,22	2,66	76,17	-1,43	12,40
350	31.07.20 12:57:49	17,01	2,71	78,05	-0,18	11,77
351	31.07.20 12:57:50	16,83	2,62	75,25	1,00	13,75
352	31.07.20 12:57:51	16,65	2,67	73,63	1,97	14,40
353	31.07.20 12:57:52	16,41	2,71	74,96	2,48	12,56
354	31.07.20 12:57:53	16,29	2,75	78,11	2,31	9,58
355	31.07.20 12:57:54	16,17	2,81	76,97	2,78	10,25
356	31.07.20 12:57:55	16,02	2,84	72,05	4,02	13,93
357	31.07.20 12:57:56	15,92	2,88	74,72	4,72	10,56
358	31.07.20 12:57:57	15,68	2,92	74,62	5,36	10,02
359	31.07.20 12:57:58	15,50	2,95	72,64	5,79	11,56
360	31.07.20 12:57:59	15,41	2,96	71,46	5,90	12,64
361	31.07.20 12:58:00	15,23	2,97	65,86	5,28	18,87
362	31.07.20 12:58:01	14,92	2,96	65,92	6,05	18,03
363	31.07.20 12:58:02	14,71	3,08	65,77	5,10	19,13
364	31.07.20 12:58:03	14,55	3,11	67,80	5,43	16,77
365	31.07.20 12:58:04	14,49	3,10	66,53	5,57	17,90
366	31.07.20 12:58:05	14,46	3,07	70,27	6,25	13,48
367	31.07.20 12:58:06	14,46	3,05	73,28	6,25	10,48
368	31.07.20 12:58:07	14,43	3,14	75,94	6,07	7,99
369	31.07.20 12:58:08	14,40	3,18	73,59	6,16	10,25
370	31.07.20 12:58:09	14,34	3,18	71,66	6,00	12,33
371	31.07.20 12:58:10	14,31	3,22	75,20	5,79	9,02
372	31.07.20 12:58:11	14,25	3,26	75,81	6,08	8,12
373	31.07.20 12:58:12	14,06	3,29	74,40	5,21	10,39
374	31.07.20 12:58:13	13,94	3,30	74,43	5,30	10,28
375	31.07.20 12:58:14	13,88	3,36	77,42	5,47	7,11
376	31.07.20 12:58:15	13,81	3,36	74,40	5,93	9,67
377	31.07.20 12:58:16	13,75	3,37	72,64	5,58	11,78
378	31.07.20 12:58:17	13,69	3,32	74,33	5,24	10,43
379	31.07.20 12:58:18	13,63	3,46	74,25	5,43	10,32
380	31.07.20 12:58:19	13,54	3,47	72,13	5,59	12,28
381	31.07.20 12:58:20	13,41	3,48	70,74	6,00	13,26
382	31.07.20 12:58:21	13,32	3,49	66,02	5,74	18,23
383	31.07.20 12:58:22	12,98	3,46	66,04	4,95	19,01
384	31.07.20 12:58:23	12,73	3,53	65,31	3,94	20,74
385	31.07.20 12:58:24	12,60	3,56	65,63	2,62	21,76
386	31.07.20 12:58:25	12,54	3,53	67,24	1,72	21,04
387	31.07.20 12:58:26	12,51	3,50	65,62	1,14	23,24
388	31.07.20 12:58:27	12,47	3,50	64,84	0,74	24,42
389	31.07.20 12:58:28	12,44	3,47	65,60	1,22	23,18
390	31.07.20 12:58:29	12,38	3,47	64,99	0,41	24,59
391	31.07.20 12:58:30	12,35	3,46	63,72	-0,84	25,44
392	31.07.20 12:58:31	12,32	3,46	64,58	-1,34	24,07
393	31.07.20 12:58:32	12,29	3,46	59,02	-3,49	27,49
394	31.07.20 12:58:33	12,22	3,43	54,43	-5,03	30,54
395	31.07.20 12:58:34	12,16	3,40	55,38	-4,46	30,16
396	31.07.20 12:58:35	12,03	3,24	53,11	-4,88	32,01
397	31.07.20 12:58:36	11,94	3,30	48,92	-5,16	35,92
398	31.07.20 12:58:37	11,87	3,30	47,83	-5,42	36,75
399	31.07.20 12:58:38	11,81	3,27	41,13	-5,48	43,39
400	31.07.20 12:58:39	11,75	3,17	50,47	1,82	37,71
401	31.07.20 12:58:40	11,56	3,17	42,69	-4,47	42,84
402	31.07.20 12:58:41	11,40	3,18	32,31	6,94	50,75
403	31.07.20 12:58:42	11,21	3,13	29,54	8,23	52,23
404	31.07.20 12:58:43	10,85	3,14	28,42	7,86	53,72
405	31.07.20 12:58:44	10,63	3,12	23,92	6,09	60,00
406	31.07.20 12:58:45	10,43	3,10	30,12	10,24	49,64
407	31.07.20 12:58:46	10,34	3,07	31,17	9,67	49,16
408	31.07.20 12:58:47	10,27	2,99	32,17	7,75	50,08
409	31.07.20 12:58:48	10,17	2,96	30,31	10,73	48,96
410	31.07.20 12:58:49	10,11	2,95	34,19	7,70	48,11
411	31.07.20 12:58:50	10,04	2,92	38,70	6,48	44,81
412	31.07.20 12:58:51	10,01	2,85	31,20	3,48	55,32
413	31.07.20 12:58:52	10,01	2,80	37,15	4,51	48,34
414	31.07.20 12:58:53	9,98	2,80	39,63	0,18	50,19
415	31.07.20 12:58:54	9,98	2,75	38,30	-0,19	51,51
416	31.07.20 12:58:55	9,95	2,68	40,36	-3,48	46,16
417	31.07.20 12:58:56	9,95	2,65	42,58	-1,61	45,81
418	31.07.20 12:58:57	9,95	2,61	38,96	-4,30	46,74
419	31.07.20 12:58:58	9,95	2,58	37,45	-4,19	48,35
420	31.07.20 12:58:59	9,98	2,56	38,31	-5,96	45,72
421	31.07.20 12:59:00	10,01	2,54	40,81	-3,91	45,28
422	31.07.20 12:59:01	10,01	2,47	39,91	-3,36	46,73
423	31.07.20 12:59:02	10,04	2,45	41,65	-5,22	43,13
424	31.07.20 12:59:03	10,08	2,43	41,69	-4,23	44,08
425	31.07.20 12:59:04	10,11	2,39	41,03	-4,83	44,14
426	31.07.20 12:59:05	10,11	2,39	40,02	-4,39	45,59
427	31.07.20 12:59:06	10,11	2,37	42,99	-3,06	43,95
428	31.07.20 12:59:07	10,11	2,34	41,22	-2,79	45,99
429	31.07.20 12:59:08	10,11	2,32	39,98	-2,91	47,11
430	31.07.20 12:59:09	10,14	2,30	40,89	-1,89	47,21
431	31.07.20 12:59:10	10,17	2,28	40,98	-2,58	46,43
432	31.07.20 12:59:11	10,21	2,26	42,61	-2,54	44,86
433	31.07.20 12:59:12	10,24	2,24	40,21	-4,00	45,78
434	31.07.20 12:59:13	10,27	2,22	39,10	-2,52	48,38
435	31.07.20 12:59:14	10,27	2,22	42,05	-3,56	44,39
436	31.07.20 12:59:15	10,30	2,22	40,60	-3,32	46,08
437	31.07.20 12:59:16	10,30	2,18	37,72	-4,82	47,47
438	31.07.20 12:59:17	10,30	2,20	43,39	-1,65	44,96
439	31.07.20 12:59:18	10,34	2,18	42,08	-3,99	43,93
440	31.07.20 12:59:19	10,34	2,18	41,66	-3,11	45,23
441	31.07.20 12:59:20	10,34	2,16	40,66	-1,93	47,41
442	31.07.20 12:59:21	10,34	2,20	42,15	-4,29	43,56
443	31.07.20 12:59:22	10,34	2,18	42,76	-4,15	43,09
444	31.07.20 12:59:23	10,34	2,20	41,31	-4,56	44,12
445	31.07.20 12:59:24	10,34	2,20	42,20	-2,97	44,83
446	31.07.20 12:59:25	10,34	2,23	41,85	-2,80	45,35
447	31.07.20 12:59:26	10,34	2,23	42,89	-3,41	43,70
448	31.07.20 12:59:27	10,30	2,22	43,91	-4,05	42,04
449	31.07.20 12:59:28	10,30	2,22	40,91	-5,49	43,59
450	31.07.20 12:59:29	10,30	2,25	43,80	-3,83	42,37
451	31.07.20 12:59:30	10,27	2,24	42,52	-3,94	43,54
452	31.07.20 12:59:31	10,27	2,27	43,95	-2,45	43,60
453	31.07.20 12:59:32	10,24	2,26	41,53	-5,55	42,92
454	31.07.20 12:59:33	10,21	2,28	42,80	-2,68	44,52
455	31.07.20 12:59:34	10,21	2,31	43,58	-4,15	42,27
456	31.07.20 12:59:35	10,17	2,28	41,19	-4,56	44,26
457	31.07.20 12:59:36	10,17	2,33	39,25	-4,58	46,17
458	31.07.20 12:59:37	10,17	2,26	42,25	-4,72	43,03
459	31.07.20 12:59:38	10,14	2,35	43,11	-4,28	42,61
460	31.07.20 12:59:39	10,08	2,36	40,62	-5,79	43,59
461	31.07.20 12:59:40	9,95	2,42	41,45	-4,34	44,22
462	31.07.20 12:59:41	9,85	2,43	42,89	-4,15	42,96
463	31.07.20 12:59:42	9,81	2,45	44,24	-2,40	43,37
464	31.07.20 12:59:43	9,78	2,47	39,10	-6,19	44,71
465	31.07.20 12:59:44	9,75	2,52	40,90	-3,52	45,58
466	31.07.20 12:59:45	9,68	2,49	41,19	-5,25	43,56
467	31.07.20 12:59:46	9,62	2,50	39,73	-7,65	42,62
468	31.07.20 12:59:47	9,59	2,52	37,64	-5,13	47,23
469	31.07.20 12:59:48	9,52	2,56	40,29	-5,39	44,32
470	31.07.20 12:59:49	9,49	2,58	37,23	-7,79	44,98
471	31.07.20 12:59:50	9,42	2,60	39,25	-5,16	45,59
472	31.07.20 12:59:51	9,36	2,69	40,94	-6,00	43,05
473	31.07.20 12:59:52	9,26	2,70	38,15	-6,78	45,06
474	31.07.20 12:59:53	9,19	2,72	40,32	-3,23	46,45
475	31.07.20 12:59:54	9,12	2,73	37,53	-8,60	43,87
476	31.07.20 12:59:55	9,06	2,75	38,05	-6,14	45,81
477	31.07.20 12:59:56	8,99	2,81	39,92	-3,38	46,70
478	31.07.20 12:59:57	8,89	2,80	35,72	-8,38	45,90
479	31.07.20 12:59:58	8,79	2,84	37,22	-6,35	46,42
480	31.07.20 12:59:59	8,69	2,85	41,49	-2,64	45,87
481	31.07.20 13:00:00	8,63	2,87	34,94	-8,46	46,59
482	31.07.20 13:00:01	8,59	2,89	34,48	-7,84	47,68
483	31.07.20 13:00:02	8,53	2,91	40,73	-2,69	46,58
484	31.07.20 13:00:03	8,53	2,93	37,44	-7,53	45,03
485	31.07.20 13:00:04	8,49	2,93	33,23	-8,66	48,11
486	31.07.20 13:00:05	8,46	2,97	41,37	-2,14	46,49
487	31.07.20 13:00:06	8,39	2,98	33,96	-7,95	48,09
488	31.07.20 13:00:07	8,26	3,02	33,67	-8,30	48,02
489	31.07.20 13:00:08	8,16	3,05	39,47	-4,07	46,46
490	31.07.20 13:00:09	8,12	3,07	37,78	-2,40	49,82
491	31.07.20 13:00:10	8,06	3,14	30,95	-10,15	48,90
492	31.07.20 13:00:11	8,02	3,13	38,48	-6,64	44,88
493	31.07.20 13:00:12	7,92	3,17	36,38	-4,04	49,58
494	31.07.20 13:00:13	7,85	3,19	29,91	-8,05	52,04
495	31.07.20 13:00:14	7,79	3,20	35,65	-7,04	47,31
496	31.07.20 13:00:15	7,79	3,20	36,56	-4,16	49,28
497	31.07.20 13:00:16	7,75	3,20	35,13	-4,09	50,78
498	31.07.20 13:00:17	7,75	3,25	29,45	-10,80	49,75
499	31.07.20 13:00:18	7,72	3,24	36,74	-2,60	50,66
500	31.07.20 13:00:19	7,72	3,27	31,15	-8,08	50,77
501	31.07.20 13:00:20	7,72	3,27	29,66	-8,70	51,64
502	31.07.20 13:00:21	7,65	3,31	31,97	-3,63	54,40
503	31.07.20 13:00:22	7,58	3,30	34,76	-3,49	51,75
504	31.07.20 13:00:23	7,51	3,34	28,50	-9,51	51,99
505	31.07.20 13:00:24	7,45	3,38	28,25	-8,05	53,70
506	31.07.20 13:00:25	7,41	3,40	26,40	-8,10	55,51
507	31.07.20 13:00:26	7,38	3,37	30,02	-7,11	52,87
508	31.07.20 13:00:27	7,31	3,41	30,70	-7,19	52,11
509	31.07.20 13:00:28	7,31	3,46	25,27	-9,79	54,94
510	31.07.20 13:00:29	7,28	3,48	27,87	-8,11	54,02
511	31.07.20 13:00:30	7,28	3,50	30,27	-6,31	53,41
512	31.07.20 13:00:31	7,24	3,50	25,57	-8,31	56,12
513	31.07.20 13:00:32	7,24	3,52	23,26	-9,95	56,79
514	31.07.20 13:00:33	7,24	3,54	25,15	-10,01	54,84
515	31.07.20 13:00:34	7,24	3,57	23,70	-9,66	56,63
516	31.07.20 13:00:35	7,21	3,59	21,54	-10,39	58,08
517	31.07.20 13:00:36	7,21	3,61	22,15	-10,10	57,74
518	31.07.20 13:00:37	7,21	3,61	24,73	-7,60	57,67
519	31.07.20 13:00:38	7,10	3,65	20,98	-9,47	59,55
520	31.07.20 13:00:39	7,04	3,71	20,74	-9,82	59,44
521	31.07.20 13:00:40	6,90	3,72	20,40	-9,00	60,59
522	31.07.20 13:00:41	6,79	3,73	21,13	-10,02	58,85
523	31.07.20 13:00:42	6,73	3,77	22,68	-8,50	58,81
524	31.07.20 13:00:43	6,62	3,81	17,68	-10,91	61,41
525	31.07.20 13:00:44	6,59	3,87	19,54	-10,33	60,13
526	31.07.20 13:00:45	6,48	3,86	20,19	-11,20	58,60
527	31.07.20 13:00:46	6,41	3,93	18,63	-10,75	60,62
528	31.07.20 13:00:47	6,34	3,94	19,66	-11,45	58,90
529	31.07.20 13:00:48	6,27	3,96	21,08	-11,37	57,55
530	31.07.20 13:00:49	6,20	3,97	17,96	-11,72	60,32
531	31.07.20 13:00:50	6,17	3,99	18,32	-12,49	59,19
532	31.07.20 13:00:51	6,13	4,04	19,01	-13,65	57,33
533	31.07.20 13:00:52	6,13	4,06	18,97	-11,16	59,87
534	31.07.20 13:00:53	6,10	4,08	18,79	-11,60	59,61
535	31.07.20 13:00:54	6,03	4,10	18,42	-12,82	58,76
536	31.07.20 13:00:55	5,99	4,14	27,47	-6,91	55,61
537	31.07.20 13:00:56	5,96	4,14	21,49	-11,23	57,28
538	31.07.20 13:00:57	5,96	4,18	23,51	-9,49	57,00
539	31.07.20 13:00:58	5,96	4,18	22,01	-13,11	54,88
540	31.07.20 13:00:59	5,92	4,18	19,93	-15,61	54,46
541	31.07.20 13:01:00	5,89	4,24	19,03	-16,71	54,25
542	31.07.20 13:01:01	5,89	4,24	26,71	-10,61	52,69
543	31.07.20 13:01:02	5,85	4,26	29,55	-7,46	53,00
544	31.07.20 13:01:03	5,82	4,31	26,91	-9,12	53,98
545	31.07.20 13:01:04	5,78	4,35	28,02	-10,20	51,78
546	31.07.20 13:01:05	5,78	4,33	31,87	-7,80	50,33
547	31.07.20 13:01:06	5,71	4,41	27,81	-14,77	47,42
548	31.07.20 13:01:07	5,64	4,45	30,66	-10,45	48,88
549	31.07.20 13:01:08	5,61	4,45	27,77	-13,12	49,11
550	31.07.20 13:01:09	5,61	4,47	29,35	-12,74	47,91
551	31.07.20 13:01:10	5,61	4,52	31,57	-9,88	48,56
552	31.07.20 13:01:11	5,54	4,53	26,96	-14,57	48,47
553	31.07.20 13:01:12	5,50	4,58	31,49	-7,79	50,72
554	31.07.20 13:01:13	5,47	4,57	33,14	-5,87	50,99
555	31.07.20 13:01:14	5,43	4,62	27,57	-12,95	49,48
556	31.07.20 13:01:15	5,43	4,62	28,86	-9,19	51,95
557	31.07.20 13:01:16	5,39	4,61	30,77	-6,75	52,48
558	31.07.20 13:01:17	5,39	4,66	29,80	-7,73	52,48
559	31.07.20 13:01:18	5,36	4,70	25,38	-12,89	51,74
560	31.07.20 13:01:19	5,32	4,72	26,21	-9,89	53,90
561	31.07.20 13:01:20	5,32	4,75	33,54	-3,84	52,62
562	31.07.20 13:01:21	5,32	4,79	24,60	-11,27	54,13
563	31.07.20 13:01:22	5,25	4,79	25,49	-11,63	52,88
564	31.07.20 13:01:23	5,22	4,83	28,25	-7,80	53,94
565	31.07.20 13:01:24	5,22	4,83	27,72	-6,37	55,90
566	31.07.20 13:01:25	5,18	4,85	22,45	-12,40	55,15
567	31.07.20 13:01:26	5,15	4,87	25,17	-12,36	52,48
568	31.07.20 13:01:27	5,11	4,91	23,33	-14,13	52,55
569	31.07.20 13:01:28	5,11	4,91	27,08	-8,43	54,49
570	31.07.20 13:01:29	5,07	4,93	27,09	-8,37	54,54
571	31.07.20 13:01:30	5,07	4,98	27,24	-9,31	53,45
572	31.07.20 13:01:31	5,04	5,00	25,41	-10,12	54,47
573	31.07.20 13:01:32	5,04	5,02	26,78	-10,32	52,90
574	31.07.20 13:01:33	5,00	5,04	26,03	-7,87	56,09
575	31.07.20 13:01:34	5,00	5,06	35,11	-1,00	53,88
576	31.07.20 13:01:35	4,97	5,08	24,79	-10,17	55,04
577	31.07.20 13:01:36	4,93	5,10	22,00	-12,54	55,47
578	31.07.20 13:01:37	4,86	5,16	27,05	-6,48	56,47
579	31.07.20 13:01:38	4,82	5,18	29,79	-5,01	55,20
580	31.07.20 13:01:39	4,75	5,22	24,68	-12,21	53,11
581	31.07.20 13:01:40	4,72	5,24	22,55	-12,34	55,11
582	31.07.20 13:01:41	4,68	5,26	31,29	-5,25	53,46
583	31.07.20 13:01:42	4,68	5,29	31,16	-5,44	53,40
584	31.07.20 13:01:43	4,68	5,31	22,68	-13,69	53,63
585	31.07.20 13:01:44	4,64	5,33	30,31	-6,90	52,79
586	31.07.20 13:01:45	4,61	5,37	36,13	-3,34	50,53
587	31.07.20 13:01:46	4,57	5,39	25,72	-15,31	48,98
588	31.07.20 13:01:47	4,54	5,41	29,79	-12,83	47,37
589	31.07.20 13:01:48	4,54	5,46	25,09	-15,01	49,89
590	31.07.20 13:01:49	4,54	5,48	19,68	-19,60	50,72
591	31.07.20 13:01:50	4,50	5,50	26,45	-17,28	46,27
592	31.07.20 13:01:51	4,43	5,54	19,47	-12,87	57,66
593	31.07.20 13:01:52	4,28	5,59	20,80	-10,49	58,71
594	31.07.20 13:01:53	4,21	5,59	23,06	-9,82	57,12
595	31.07.20 13:01:54	4,17	5,61	23,51	-6,71	59,78
596	31.07.20 13:01:55	4,14	5,60	27,43	-7,25	55,32
597	31.07.20 13:01:56	4,10	5,62	29,71	-5,16	55,13
598	31.07.20 13:01:57	4,10	5,64	29,37	-4,17	56,46
599	31.07.20 13:01:58	4,06	5,66	30,06	-3,92	56,02
600	31.07.20 13:01:59	4,10	5,67	34,08	-2,86	53,06
601	31.07.20 13:02:00	4,10	5,67	36,65	-3,18	50,17
602	31.07.20 13:02:01	4,10	5,69	34,37	-6,20	49,43
603	31.07.20 13:02:02	4,06	5,71	38,66	-3,56	47,78
604	31.07.20 13:02:03	4,03	5,73	40,96	-1,29	47,75
605	31.07.20 13:02:04	3,99	5,73	39,49	-4,38	46,13
606	31.07.20 13:02:05	3,99	5,75	41,61	-4,30	44,08
607	31.07.20 13:02:06	3,99	5,75	42,54	-1,22	46,24
608	31.07.20 13:02:07	3,99	5,77	46,24	-1,26	42,50
609	31.07.20 13:02:08	3,99	5,77	46,80	0,40	42,80
610	31.07.20 13:02:09	3,95	5,82	46,35	0,71	42,95
611	31.07.20 13:02:10	3,92	5,86	47,98	2,38	39,64
612	31.07.20 13:02:11	3,84	5,87	50,41	2,79	36,80
613	31.07.20 13:02:12	3,81	5,92	50,09	2,44	37,48
614	31.07.20 13:02:13	3,77	5,91	50,95	2,09	36,96
615	31.07.20 13:02:14	3,73	5,93	49,79	2,92	37,28
616	31.07.20 13:02:15	3,73	5,96	51,05	3,52	35,43
617	31.07.20 13:02:16	3,73	6,00	52,59	2,97	34,44
618	31.07.20 13:02:17	3,70	6,02	49,37	2,32	38,31
619	31.07.20 13:02:18	3,70	6,02	47,69	2,09	40,22
620	31.07.20 13:02:19	3,70	6,04	49,91	3,71	36,38
621	31.07.20 13:02:20	3,66	6,06	50,28	3,30	36,42
622	31.07.20 13:02:21	3,66	6,11	47,19	2,34	40,47
623	31.07.20 13:02:22	3,66	6,11	48,84	4,28	36,88
624	31.07.20 13:02:23	3,66	6,16	52,15	3,76	34,09
625	31.07.20 13:02:24	3,66	6,16	48,72	3,09	38,19
626	31.07.20 13:02:25	3,66	6,18	48,73	3,69	37,59
627	31.07.20 13:02:26	3,62	6,22	50,91	4,03	35,07
628	31.07.20 13:02:27	3,59	6,27	49,80	3,99	36,22
629	31.07.20 13:02:28	3,59	6,31	53,72	1,12	35,16
630	31.07.20 13:02:29	3,55	6,36	52,70	2,66	34,64
631	31.07.20 13:02:30	3,55	6,38	50,77	-1,15	38,08
632	31.07.20 13:02:31	3,51	6,42	55,42	1,48	33,10
633	31.07.20 13:02:32	3,51	6,44	59,06	2,30	28,65
634	31.07.20 13:02:33	3,51	6,49	56,06	0,97	32,97
635	31.07.20 13:02:34	3,51	6,49	54,61	2,50	32,88
636	31.07.20 13:02:35	3,48	6,53	55,30	-0,55	34,15
637	31.07.20 13:02:36	3,48	6,56	53,89	2,90	33,21
638	31.07.20 13:02:37	3,44	6,58	53,22	2,98	33,80
639	31.07.20 13:02:38	3,44	6,60	48,27	2,88	38,85
640	31.07.20 13:02:39	3,44	6,60	23,19	7,80	59,01
641	31.07.20 13:02:40	3,40	6,60	14,97	-12,00	63,03
642	31.07.20 13:02:41	3,40	6,62	0,54	6,88	82,57
643	31.07.20 13:02:42	3,36	6,64	-22,88	3,16	63,96
644	31.07.20 13:02:43	3,33	6,68	12,87	-1,25	75,88
645	31.07.20 13:02:44	3,25	6,65	-7,19	1,78	81,03
646	31.07.20 13:02:45	3,22	6,67	1,90	24,72	63,38
647	31.07.20 13:02:46	3,18	6,69	23,04	4,83	62,14
648	31.07.20 13:02:47	3,18	6,69	12,54	1,92	75,54
649	31.07.20 13:02:48	3,14	6,66	3,01	-8,18	78,81
650	31.07.20 13:02:49	3,10	6,68	9,51	-4,25	76,24
651	31.07.20 13:02:50	3,07	6,63	-20,04	-9,29	60,67
652	31.07.20 13:02:51	3,07	6,65	-25,81	-6,15	58,04
653	31.07.20 13:02:52	3,07	6,65	49,17	19,64	21,19
654	31.07.20 13:02:53	3,03	6,60	18,91	31,10	39,99
655	31.07.20 13:02:54	2,99	6,72	13,12	-2,41	74,46
656	31.07.20 13:02:55	2,92	6,66	-13,61	3,65	72,73
657	31.07.20 13:02:56	2,88	6,68	-5,22	-8,91	75,88
658	31.07.20 13:02:57	2,84	6,68	9,58	22,50	57,92
659	31.07.20 13:02:58	2,84	6,68	4,64	-9,47	75,89
660	31.07.20 13:02:59	2,80	6,67	5,99	-2,12	81,89
661	31.07.20 13:03:00	2,80	6,65	-2,08	4,65	83,27
662	31.07.20 13:03:01	2,77	6,65	-6,83	-6,44	76,73
663	31.07.20 13:03:02	2,77	6,65	-7,17	-6,88	75,95
664	31.07.20 13:03:03	2,77	6,69	-19,40	-11,90	58,70
665	31.07.20 13:03:04	2,69	6,66	15,19	32,61	42,20
666	31.07.20 13:03:05	2,65	6,68	-19,41	12,76	57,83
667	31.07.20 13:03:06	2,62	6,65	-5,07	1,98	82,95
668	31.07.20 13:03:07	2,58	6,67	-0,09	1,39	88,52
669	31.07.20 13:03:08	2,58	6,67	21,74	-6,71	61,56
670	31.07.20 13:03:09	2,54	6,64	-11,03	-6,24	72,73
671	31.07.20 13:03:10	2,54	6,67	-5,43	23,23	61,34
672	31.07.20 13:03:11	2,50	6,66	5,27	-1,77	82,96
673	31.07.20 13:03:12	2,50	6,66	-2,06	-3,02	84,92
674	31.07.20 13:03:13	2,50	6,66	-2,62	-2,71	84,67
675	31.07.20 13:03:14	2,47	6,66	-3,76	-2,42	83,83
676	31.07.20 13:03:15	2,47	6,66	-3,23	0,03	86,74
677	31.07.20 13:03:16	2,47	6,66	-1,90	-3,59	84,51
678	31.07.20 13:03:17	2,43	6,68	-3,90	0,09	86,01
679	31.07.20 13:03:18	2,39	6,65	-17,00	5,38	67,62
680	31.07.20 13:03:19	2,39	6,65	-6,06	5,50	78,44
681	31.07.20 13:03:20	2,35	6,65	0,57	-8,68	80,75
682	31.07.20 13:03:21	2,31	6,67	-12,65	8,16	69,19
683	31.07.20 13:03:22	2,28	6,69	16,18	4,52	69,29
684	31.07.20 13:03:23	2,28	6,64	4,67	-3,79	81,53
685	31.07.20 13:03:24	2,24	6,66	-3,07	1,48	85,45
686	31.07.20 13:03:25	2,20	6,65	-0,65	-10,37	78,99
687	31.07.20 13:03:26	2,20	6,63	-2,40	-15,85	71,75
688	31.07.20 13:03:27	2,16	6,65	-0,35	-13,85	75,80
689	31.07.20 13:03:28	2,16	6,63	3,39	-18,64	67,97
690	31.07.20 13:03:29	2,12	6,65	-5,55	-11,95	72,50
691	31.07.20 13:03:30	2,12	6,65	-2,27	8,43	79,30
692	31.07.20 13:03:31	2,12	6,62	5,50	-4,65	79,86
693	31.07.20 13:03:32	2,09	6,64	-13,80	8,88	67,31
694	31.07.20 13:03:33	2,09	6,64	5,83	-1,61	82,56
695	31.07.20 13:03:34	2,05	6,64	3,03	-11,72	75,25
696	31.07.20 13:03:35	2,01	6,63	0,85	-9,49	79,65
697	31.07.20 13:03:36	1,97	6,63	-1,29	-11,85	76,86
698	31.07.20 13:03:37	1,97	6,63	-4,48	-10,79	74,73
699	31.07.20 13:03:38	1,93	6,63	-5,98	-11,87	72,15
700	31.07.20 13:03:39	1,93	6,63	0,38	-12,69	76,93
701	31.07.20 13:03:40	1,93	6,63	1,12	-12,07	76,81
702	31.07.20 13:03:41	1,89	6,62	-1,02	-13,00	75,98
703	31.07.20 13:03:42	1,89	6,62	-3,84	-10,70	75,46
704	31.07.20 13:03:43	1,89	6,62	-0,59	-15,69	73,72
705	31.07.20 13:03:44	1,89	6,64	-8,17	-14,49	67,34
706	31.07.20 13:03:45	1,86	6,64	-10,43	-0,57	79,00
707	31.07.20 13:03:46	1,86	6,66	4,44	0,51	85,05
708	31.07.20 13:03:47	1,86	6,64	-6,79	-2,44	80,76
709	31.07.20 13:03:48	1,82	6,64	5,65	-15,85	68,50
710	31.07.20 13:03:49	1,78	6,63	1,66	-12,25	76,09
711	31.07.20 13:03:50	1,78	6,66	9,85	-13,73	66,41
712	31.07.20 13:03:51	1,74	6,63	-1,73	-11,60	76,66
713	31.07.20 13:03:52	1,74	6,65	1,30	-9,69	79,01
714	31.07.20 13:03:53	1,70	6,65	-2,37	-14,85	72,79
715	31.07.20 13:03:54	1,70	6,62	-0,61	-4,32	85,07
716	31.07.20 13:03:55	1,66	6,64	6,14	-8,62	75,24
717	31.07.20 13:03:56	1,62	6,62	9,91	-21,39	58,71
718	31.07.20 13:03:57	1,62	6,62	-0,12	-19,56	70,33
719	31.07.20 13:03:58	1,59	6,63	-1,08	-14,62	74,30
720	31.07.20 13:03:59	1,59	6,63	-3,71	-14,92	71,37
721	31.07.20 13:04:00	1,55	6,63	0,12	-16,64	73,24
722	31.07.20 13:04:01	1,55	6,65	-3,29	-14,47	72,25
723	31.07.20 13:04:02	1,55	6,63	5,67	1,93	82,41
724	31.07.20 13:04:03	1,55	6,61	0,25	-9,32	80,43
725	31.07.20 13:04:04	1,55	6,61	1,21	-5,31	83,48
726	31.07.20 13:04:05	1,51	6,63	4,20	-6,56	79,24
727	31.07.20 13:04:06	1,51	6,60	1,10	-13,75	75,15
728	31.07.20 13:04:07	1,51	6,63	1,40	-13,98	74,62
729	31.07.20 13:04:08	1,51	6,60	1,38	-15,82	72,80
730	31.07.20 13:04:09	1,47	6,60	1,03	-14,45	74,52
731	31.07.20 13:04:10	1,47	6,62	-5,28	-15,70	69,02
732	31.07.20 13:04:11	1,47	6,62	3,65	-14,08	72,27
733	31.07.20 13:04:12	1,47	6,62	0,42	-10,24	79,35
734	31.07.20 13:04:13	1,47	6,60	-2,40	-4,33	83,27
735	31.07.20 13:04:14	1,47	6,62	7,20	-14,27	68,53
736	31.07.20 13:04:15	1,47	6,62	2,37	-7,94	79,69
737	31.07.20 13:04:16	1,47	6,60	0,78	-10,56	78,66
738	31.07.20 13:04:17	1,47	6,58	-8,35	-5,30	76,34
739	31.07.20 13:04:18	1,43	6,59	-1,32	-1,39	87,30
740	31.07.20 13:04:19	1,43	6,59	-2,11	5,26	82,64
741	31.07.20 13:04:20	1,43	6,59	1,20	-14,24	74,56
742	31.07.20 13:04:21	1,43	6,59	0,71	-18,20	71,09
743	31.07.20 13:04:22	1,43	6,57	-4,64	-14,62	70,75
744	31.07.20 13:04:23	1,43	6,59	1,29	1,68	87,03
745	31.07.20 13:04:24	1,43	6,57	8,87	-6,44	74,69
746	31.07.20 13:04:25	1,43	6,62	0,11	0,08	89,80
747	31.07.20 13:04:26	1,39	6,57	4,02	6,44	79,55
748	31.07.20 13:04:27	1,39	6,61	2,19	-7,98	79,83
749	31.07.20 13:04:28	1,39	6,57	-6,42	-11,56	72,02
750	31.07.20 13:04:29	1,35	6,61	9,57	-0,36	80,07
751	31.07.20 13:04:30	1,35	6,59	10,73	-0,79	78,48
752	31.07.20 13:04:31	1,35	6,56	-12,64	-0,53	76,83
753	31.07.20 13:04:32	1,35	6,59	-1,35	-4,31	84,34
754	31.07.20 13:04:33	1,35	6,61	1,45	6,91	81,64
755	31.07.20 13:04:34	1,31	6,61	-1,19	-2,39	86,42
756	31.07.20 13:04:35	1,31	6,58	3,00	-9,34	77,66
757	31.07.20 13:04:36	1,31	6,58	-0,60	-7,65	81,75
758	31.07.20 13:04:37	1,31	6,58	-4,11	-0,48	85,41
759	31.07.20 13:04:38	1,31	6,58	-2,01	-8,28	79,72
760	31.07.20 13:04:39	1,31	6,58	4,00	-5,91	80,09
761	31.07.20 13:04:40	1,31	6,58	5,00	-6,97	78,03
762	31.07.20 13:04:41	1,31	6,58	-0,92	-7,08	81,99
763	31.07.20 13:04:42	1,31	6,58	-1,30	-11,52	77,18
764	31.07.20 13:04:43	1,28	6,58	8,90	-6,98	74,12
765	31.07.20 13:04:44	1,28	6,55	4,40	-13,58	72,03
766	31.07.20 13:04:45	1,28	6,58	-5,55	-5,85	78,60
767	31.07.20 13:04:46	1,28	6,58	-3,97	-6,45	79,59
768	31.07.20 13:04:47	1,28	6,58	-11,67	5,28	73,05
769	31.07.20 13:04:48	1,24	6,57	3,72	4,31	81,98
770	31.07.20 13:04:49	1,24	6,62	0,47	-15,67	73,85
771	31.07.20 13:04:50	1,24	6,57	3,39	-15,31	71,30
772	31.07.20 13:04:51	1,24	6,57	-6,98	-8,81	74,21
773	31.07.20 13:04:52	1,24	6,57	-0,85	1,37	87,78
774	31.07.20 13:04:53	1,24	6,57	-12,71	-0,15	77,15
775	31.07.20 13:04:54	1,24	6,57	-26,79	8,83	54,38
776	31.07.20 13:04:55	1,24	6,57	-4,21	9,63	76,16
777	31.07.20 13:04:56	1,24	6,60	-8,22	-2,16	79,62
778	31.07.20 13:04:57	1,20	6,57	9,89	-5,37	74,74
779	31.07.20 13:04:58	1,20	6,59	-15,87	4,21	69,92
780	31.07.20 13:04:59	1,20	6,57	19,71	0,28	70,01
781	31.07.20 13:05:00	1,20	6,59	15,54	-7,15	67,31
782	31.07.20 13:05:01	1,20	6,57	-13,45	6,32	70,23
783	31.07.20 13:05:02	1,20	6,59	14,99	-6,47	68,54
784	31.07.20 13:05:03	1,20	6,59	7,83	3,79	78,39
785	31.07.20 13:05:04	1,20	6,55	6,80	-3,67	79,53
786	31.07.20 13:05:05	1,20	6,59	8,87	-9,53	71,60
787	31.07.20 13:05:06	1,16	6,54	5,73	-12,38	71,89
788	31.07.20 13:05:07	1,16	6,54	5,90	1,51	82,59
789	31.07.20 13:05:08	1,16	6,57	-2,36	-17,13	70,51
790	31.07.20 13:05:09	1,16	6,59	14,95	4,67	70,38
791	31.07.20 13:05:10	1,16	6,57	12,61	3,38	74,01
792	31.07.20 13:05:11	1,16	6,57	-5,37	-2,97	81,66
793	31.07.20 13:05:12	1,16	6,57	-9,30	-17,13	63,57
794	31.07.20 13:05:13	1,16	6,54	-20,22	-3,21	66,57
795	31.07.20 13:05:14	1,16	6,57	6,79	6,29	76,92
796	31.07.20 13:05:15	1,16	6,61	3,50	8,29	78,21
797	31.07.20 13:05:16	1,16	6,54	20,69	-3,96	65,36
798	31.07.20 13:05:17	1,12	6,49	9,15	3,83	77,03
799	31.07.20 13:05:18	1,12	6,51	3,03	10,89	76,09
800	31.07.20 13:05:19	1,12	6,56	-5,67	1,00	83,32
801	31.07.20 13:05:20	1,12	6,56	-13,69	2,91	73,41
802	31.07.20 13:05:21	1,12	6,54	4,04	9,38	76,59
803	31.07.20 13:05:22	1,12	6,56	9,00	-4,27	76,72
804	31.07.20 13:05:23	1,12	6,51	13,94	-6,82	69,23
805	31.07.20 13:05:24	1,08	6,56	0,53	1,83	87,64
806	31.07.20 13:05:25	1,08	6,51	-4,91	-6,53	78,57
807	31.07.20 13:05:26	1,08	6,53	-1,86	2,08	86,07
808	31.07.20 13:05:27	1,08	6,58	1,80	1,16	87,04
809	31.07.20 13:05:28	1,08	6,56	-3,11	-2,01	84,88
810	31.07.20 13:05:29	1,04	6,55	1,52	-10,68	77,80
811	31.07.20 13:05:30	1,04	6,53	-5,25	4,67	80,08
812	31.07.20 13:05:31	1,04	6,55	-0,50	-0,49	89,01
813	31.07.20 13:05:32	1,04	6,55	-4,05	-11,25	74,71
814	31.07.20 13:05:33	1,04	6,55	29,77	10,81	49,42
815	31.07.20 13:05:34	1,04	6,51	9,14	-31,92	48,94
816	31.07.20 13:05:35	1,00	6,52	-28,29	6,26	55,45
817	31.07.20 13:05:36	1,00	6,52	-3,79	-4,29	81,92
818	31.07.20 13:05:37	1,00	6,52	-1,77	-10,70	77,53
819	31.07.20 13:05:38	1,00	6,52	1,34	-4,93	83,73
820	31.07.20 13:05:39	0,96	6,52	1,22	-1,65	87,12
821	31.07.20 13:05:40	0,96	6,52	-6,06	-4,52	79,42
822	31.07.20 13:05:41	0,96	6,52	-4,41	-3,84	81,75
823	31.07.20 13:05:42	0,96	6,50	-2,78	-3,72	83,50
824	31.07.20 13:05:43	0,96	6,52	-6,45	-1,56	81,99
825	31.07.20 13:05:44	0,96	6,54	-5,14	-3,30	81,56
826	31.07.20 13:05:45	0,96	6,52	-2,46	-1,29	86,25
827	31.07.20 13:05:46	0,96	6,54	-9,56	-3,39	77,05
828	31.07.20 13:05:47	0,96	6,54	-4,16	0,87	84,97
829	31.07.20 13:05:48	0,92	6,52	4,13	-6,26	79,61
830	31.07.20 13:05:49	0,92	6,52	3,83	-4,07	82,10
831	31.07.20 13:05:50	0,92	6,52	-4,98	1,89	83,12
832	31.07.20 13:05:51	0,92	6,54	-3,73	-1,81	84,46
833	31.07.20 13:05:52	0,92	6,54	3,82	1,13	85,05
834	31.07.20 13:05:53	0,88	6,51	16,30	11,65	62,05
835	31.07.20 13:05:54	0,88	6,54	16,34	-6,63	67,03
836	31.07.20 13:05:55	0,88	6,56	-6,56	2,68	80,76
837	31.07.20 13:05:56	0,88	6,56	0,76	-0,33	88,91
838	31.07.20 13:05:57	0,85	6,55	-10,95	-1,00	78,05
839	31.07.20 13:05:58	0,85	6,53	-8,18	-0,32	81,50
840	31.07.20 13:05:59	0,85	6,55	-5,93	-6,31	77,76
841	31.07.20 13:06:00	0,85	6,55	-9,53	2,67	77,80
842	31.07.20 13:06:01	0,85	6,55	8,17	0,61	81,22
843	31.07.20 13:06:02	0,85	6,55	-6,01	3,88	80,11
844	31.07.20 13:06:03	0,85	6,55	-2,29	-5,54	82,17
845	31.07.20 13:06:04	0,85	6,55	-4,22	3,56	82,22
846	31.07.20 13:06:05	0,81	6,55	-0,70	3,28	86,01
847	31.07.20 13:06:06	0,81	6,55	1,97	5,53	82,50
848	31.07.20 13:06:07	0,81	6,57	5,22	-11,43	73,36
849	31.07.20 13:06:08	0,81	6,55	0,73	-2,07	87,20
850	31.07.20 13:06:09	0,81	6,53	1,37	-1,85	86,78
851	31.07.20 13:06:10	0,81	6,55	1,93	-0,11	87,95
852	31.07.20 13:06:11	0,77	6,52	-9,22	2,40	78,38
853	31.07.20 13:06:12	0,77	6,52	2,45	-11,31	76,23
854	31.07.20 13:06:13	0,77	6,55	2,42	4,07	83,51
855	31.07.20 13:06:14	0,77	6,52	3,98	-4,62	81,40
856	31.07.20 13:06:15	0,77	6,55	4,55	-12,44	73,01
857	31.07.20 13:06:16	0,77	6,64	4,67	-4,05	81,28
858	31.07.20 13:06:17	0,77	6,55	4,40	-2,65	82,95
859	31.07.20 13:06:18	0,73	6,52	-4,90	0,59	84,50
860	31.07.20 13:06:19	0,73	6,54	-9,59	9,31	71,10
861	31.07.20 13:06:20	0,73	6,54	-9,98	0,51	79,51
862	31.07.20 13:06:21	0,73	6,52	-1,94	-0,58	87,47
863	31.07.20 13:06:22	0,73	6,56	-35,58	-5,28	49,14
864	31.07.20 13:06:23	0,73	6,54	3,84	-0,22	85,95
865	31.07.20 13:06:24	0,73	6,54	-4,61	5,88	79,51
866	31.07.20 13:06:25	0,73	6,54	8,11	-8,57	73,31
867	31.07.20 13:06:26	0,73	6,56	-5,29	-0,08	84,63
868	31.07.20 13:06:27	0,73	6,54	1,88	-1,70	86,42
869	31.07.20 13:06:28	0,73	6,52	1,60	-4,60	83,80
870	31.07.20 13:06:29	0,73	6,54	8,77	-0,27	80,96
871	31.07.20 13:06:30	0,73	6,54	5,41	-0,95	83,64
872	31.07.20 13:06:31	0,73	6,54	-2,47	4,88	82,65
873	31.07.20 13:06:32	0,69	6,54	-6,17	0,42	83,41
874	31.07.20 13:06:33	0,69	6,54	-3,94	-2,46	83,60
875	31.07.20 13:06:34	0,69	6,54	9,80	0,08	80,13
876	31.07.20 13:06:35	0,69	6,56	2,80	-6,55	80,65
877	31.07.20 13:06:36	0,69	6,54	-6,86	-7,98	75,16
878	31.07.20 13:06:37	0,69	6,56	-11,77	-4,58	73,65
879	31.07.20 13:06:38	0,69	6,54	-7,20	-6,11	76,69
880	31.07.20 13:06:39	0,65	6,56	-4,27	-5,36	80,37
881	31.07.20 13:06:40	0,65	6,58	10,87	-1,46	77,66
882	31.07.20 13:06:41	0,65	6,56	-4,88	3,92	81,20
883	31.07.20 13:06:42	0,65	6,56	-2,17	-8,94	78,89
884	31.07.20 13:06:43	0,65	6,58	4,13	-2,56	83,30
885	31.07.20 13:06:44	0,65	6,58	-3,31	-4,82	81,86
886	31.07.20 13:06:45	0,65	6,56	-0,94	-2,33	86,73
887	31.07.20 13:06:46	0,65	6,56	0,03	-9,76	80,21
888	31.07.20 13:06:47	0,65	6,56	1,82	-6,61	81,56
889	31.07.20 13:06:48	0,65	6,56	0,79	-13,52	75,69
890	31.07.20 13:06:49	0,65	6,53	-1,95	-9,40	78,65
891	31.07.20 13:06:50	0,65	6,56	1,15	-4,24	84,61
892	31.07.20 13:06:51	0,65	6,53	-3,85	-10,03	76,12
893	31.07.20 13:06:52	0,65	6,56	1,20	-3,47	85,33
894	31.07.20 13:06:53	0,65	6,56	-0,06	-10,16	79,78
895	31.07.20 13:06:54	0,65	6,56	-5,52	-4,10	80,38
896	31.07.20 13:06:55	0,65	6,58	-0,23	-6,30	83,47
897	31.07.20 13:06:56	0,65	6,58	-2,87	-4,58	82,55
898	31.07.20 13:06:57	0,65	6,56	6,26	-5,52	78,22
899	31.07.20 13:06:58	0,61	6,53	5,26	7,35	77,39
900	31.07.20 13:06:59	0,61	6,57	-7,05	-4,62	78,33
901	31.07.20 13:07:00	0,61	6,57	9,73	-3,92	76,36
902	31.07.20 13:07:01	0,61	6,55	9,38	-8,79	71,83
903	31.07.20 13:07:02	0,61	6,55	-6,32	0,63	83,05
904	31.07.20 13:07:03	0,61	6,55	5,35	-3,21	81,44
905	31.07.20 13:07:04	0,61	6,55	1,45	-9,30	79,25
906	31.07.20 13:07:05	0,61	6,57	-4,22	-4,22	81,57
907	31.07.20 13:07:06	0,61	6,57	2,14	-9,97	77,90
908	31.07.20 13:07:07	0,61	6,57	-1,65	-7,59	80,75
909	31.07.20 13:07:08	0,61	6,57	-3,29	-3,95	82,76
910	31.07.20 13:07:09	0,61	6,57	0,89	-7,38	81,73
911	31.07.20 13:07:10	0,61	6,57	-2,54	-7,47	79,99
912	31.07.20 13:07:11	0,61	6,57	-2,49	-9,93	77,59
913	31.07.20 13:07:12	0,61	6,57	0,35	-12,43	77,23
914	31.07.20 13:07:13	0,61	6,55	-1,71	-9,73	78,56
915	31.07.20 13:07:14	0,57	6,57	-0,77	-11,13	78,10
916	31.07.20 13:07:15	0,57	6,57	-2,10	-6,99	80,91
917	31.07.20 13:07:16	0,57	6,57	-0,75	-10,51	78,74
918	31.07.20 13:07:17	0,57	6,57	-5,37	-3,82	80,80
919	31.07.20 13:07:18	0,57	6,55	0,11	-10,06	79,82
920	31.07.20 13:07:19	0,57	6,57	0,84	-9,64	79,52
921	31.07.20 13:07:20	0,57	6,57	-5,34	-3,28	81,38
922	31.07.20 13:07:21	0,57	6,57	-1,09	-5,23	83,68
923	31.07.20 13:07:22	0,57	6,57	2,19	-4,49	83,32
924	31.07.20 13:07:23	0,57	6,57	-1,46	-6,18	82,36
925	31.07.20 13:07:24	0,57	6,57	-4,73	-3,26	82,01
926	31.07.20 13:07:25	0,57	6,57	-0,15	-3,32	86,53
927	31.07.20 13:07:26	0,57	6,57	1,77	-6,36	81,87
928	31.07.20 13:07:27	0,57	6,57	-2,64	-8,98	78,37
929	31.07.20 13:07:28	0,57	6,59	1,11	-10,65	78,24
930	31.07.20 13:07:29	0,57	6,57	2,17	-2,25	85,58
931	31.07.20 13:07:30	0,57	6,57	-0,14	-5,55	84,31
932	31.07.20 13:07:31	0,53	6,57	-0,84	-2,70	86,46
933	31.07.20 13:07:32	0,53	6,59	-3,15	-4,11	82,75
934	31.07.20 13:07:33	0,53	6,54	0,76	-2,09	87,15
935	31.07.20 13:07:34	0,53	6,59	-2,75	-9,45	77,80
936	31.07.20 13:07:35	0,53	6,59	-3,33	-4,78	81,90
937	31.07.20 13:07:36	0,53	6,57	-1,53	-6,64	81,84
938	31.07.20 13:07:37	0,53	6,57	-2,57	-11,27	76,16
939	31.07.20 13:07:38	0,53	6,59	1,66	-6,10	82,24
940	31.07.20 13:07:39	0,53	6,59	-3,46	-0,35	86,18
941	31.07.20 13:07:40	0,53	6,57	-9,66	-2,82	77,52
942	31.07.20 13:07:41	0,53	6,59	-6,01	-13,08	70,91
943	31.07.20 13:07:42	0,53	6,57	-5,86	4,52	79,61
944	31.07.20 13:07:43	0,53	6,57	8,35	-8,73	72,92
945	31.07.20 13:07:44	0,53	6,59	0,05	0,21	89,74
946	31.07.20 13:07:45	0,53	6,57	-16,36	-2,73	70,91
947	31.07.20 13:07:46	0,53	6,59	-1,03	-6,78	82,19
948	31.07.20 13:07:47	0,53	6,57	-9,00	-0,50	80,50
949	31.07.20 13:07:48	0,53	6,57	-2,41	-6,90	80,69
950	31.07.20 13:07:49	0,53	6,59	-10,16	-6,70	73,15
951	31.07.20 13:07:50	0,53	6,59	2,05	-13,32	74,63
952	31.07.20 13:07:51	0,53	6,57	-0,91	-4,36	84,73
953	31.07.20 13:07:52	0,53	6,57	-0,42	-4,94	84,64
954	31.07.20 13:07:53	0,53	6,59	0,83	-9,40	79,77
955	31.07.20 13:07:54	0,53	6,57	-0,19	-10,27	79,54
956	31.07.20 13:07:55	0,53	6,57	1,40	-15,13	73,47
957	31.07.20 13:07:56	0,53	6,59	-2,75	-5,69	81,57
958	31.07.20 13:07:57	0,53	6,59	-7,67	0,18	82,15
959	31.07.20 13:07:58	0,53	6,57	3,35	-11,17	75,48
960	31.07.20 13:07:59	0,53	6,57	1,05	-14,21	74,74
961	31.07.20 13:08:00	0,53	6,59	-4,33	-12,23	73,44
962	31.07.20 13:08:01	0,53	6,59	-2,64	-11,71	75,65
963	31.07.20 13:08:02	0,53	6,59	2,41	-11,83	75,76
964	31.07.20 13:08:03	0,53	6,61	29,95	-13,27	46,78
965	31.07.20 13:08:04	0,53	6,59	-5,35	-12,96	71,69
966	31.07.20 13:08:05	0,53	6,59	4,87	2,29	82,84
967	31.07.20 13:08:06	0,53	6,52	0,43	-6,00	83,57
968	31.07.20 13:08:07	0,53	6,59	-1,48	-5,43	83,09
969	31.07.20 13:08:08	0,53	6,57	-1,37	-5,11	83,52
970	31.07.20 13:08:09	0,53	6,57	0,61	-10,61	78,79
971	31.07.20 13:08:10	0,53	6,59	0,29	-7,90	81,81
972	31.07.20 13:08:11	0,53	6,57	-9,21	-8,89	71,90
973	31.07.20 13:08:12	0,53	6,59	-7,23	4,44	78,33
974	31.07.20 13:08:13	0,53	6,57	-2,56	-8,03	79,42
975	31.07.20 13:08:14	0,53	6,59	-0,81	-4,65	84,53
976	31.07.20 13:08:15	0,53	6,59	-3,52	-6,35	80,13
977	31.07.20 13:08:16	0,53	6,59	-1,86	-7,15	80,99
978	31.07.20 13:08:17	0,53	6,59	-1,83	-11,20	76,97
979	31.07.20 13:08:18	0,53	6,59	-4,37	-3,73	81,90
980	31.07.20 13:08:19	0,53	6,64	10,04	-9,74	70,22
981	31.07.20 13:08:20	0,53	6,59	-13,16	-10,97	65,87
982	31.07.20 13:08:21	0,53	6,59	10,61	-14,09	65,31
983	31.07.20 13:08:22	0,53	6,59	-9,38	-8,28	72,34
984	31.07.20 13:08:23	0,53	6,57	-2,64	1,47	85,89
985	31.07.20 13:08:24	0,53	6,57	-8,87	-6,06	75,07
986	31.07.20 13:08:25	0,53	6,59	0,26	-13,32	76,42
987	31.07.20 13:08:26	0,53	6,59	0,88	-5,52	83,60
988	31.07.20 13:08:27	0,53	6,57	-3,93	-4,28	81,79
989	31.07.20 13:08:28	0,53	6,59	-16,20	2,26	71,53
990	31.07.20 13:08:29	0,53	6,61	4,00	-1,96	84,04
991	31.07.20 13:08:30	0,53	6,59	-1,96	-7,79	80,25
992	31.07.20 13:08:31	0,53	6,59	-12,51	3,13	74,36
993	31.07.20 13:08:32	0,53	6,61	2,67	-8,46	78,87
994	31.07.20 13:08:33	0,53	6,59	-1,30	-13,14	75,56
995	31.07.20 13:08:34	0,53	6,59	1,64	-11,56	76,80
996	31.07.20 13:08:35	0,53	6,59	1,45	-9,89	78,66
997	31.07.20 13:08:36	0,53	6,59	1,81	-12,26	75,93
998	31.07.20 13:08:37	0,53	6,59	3,19	-6,16	80,65
999	31.07.20 13:08:38	0,53	6,59	-3,71	-8,02	78,27
1000	31.07.20 13:08:39	0,53	6,59	0,84	-15,18	73,98
1001	31.07.20 13:08:40	0,53	6,59	1,90	-7,74	80,36
1002	31.07.20 13:08:41	0,53	6,59	-0,72	-2,33	86,95
1003	31.07.20 13:08:42	0,53	6,61	-0,92	2,63	86,45
1004	31.07.20 13:08:43	0,49	6,59	2,63	5,72	81,65
1005	31.07.20 13:08:44	0,49	6,61	-1,61	14,67	73,72
1006	31.07.20 13:08:45	0,49	6,61	5,15	10,24	74,62
1007	31.07.20 13:08:46	0,49	6,56	6,36	25,01	58,63
1008	31.07.20 13:08:47	0,49	6,61	10,65	17,97	61,39
1009	31.07.20 13:08:48	0,49	6,61	11,34	35,81	42,85
1010	31.07.20 13:08:49	0,49	6,59	6,74	28,61	54,65
1011	31.07.20 13:08:50	0,49	6,59	13,05	32,20	44,75
1012	31.07.20 13:08:51	0,49	6,61	17,34	37,11	35,55
1013	31.07.20 13:08:52	0,49	6,59	30,80	7,45	51,75
1014	31.07.20 13:08:53	0,49	6,59	36,79	12,91	40,30
1015	31.07.20 13:08:54	0,49	6,59	33,13	12,21	44,67
1016	31.07.20 13:08:55	0,49	6,56	33,80	9,56	46,64
1017	31.07.20 13:08:56	0,49	6,56	31,81	9,25	48,95
1018	31.07.20 13:08:57	0,49	6,56	29,20	14,09	46,71
1019	31.07.20 13:08:58	0,49	6,54	37,09	15,09	37,82
1020	31.07.20 13:08:59	0,49	6,54	42,38	11,23	36,39
1021	31.07.20 13:09:00	0,49	6,54	37,08	10,75	42,17
1022	31.07.20 13:09:01	0,49	6,52	34,82	10,87	44,31
1023	31.07.20 13:09:02	0,49	6,49	36,09	12,81	41,10
1024	31.07.20 13:09:03	0,49	6,49	33,55	12,23	44,22
1025	31.07.20 13:09:04	0,49	6,47	43,26	12,35	34,39
1026	31.07.20 13:09:05	0,49	6,45	37,39	11,87	40,74
1027	31.07.20 13:09:06	0,49	6,42	34,45	16,92	38,64
1028	31.07.20 13:09:07	0,49	6,47	49,60	17,60	22,80
1029	31.07.20 13:09:08	0,49	6,47	49,16	15,00	25,85
1030	31.07.20 13:09:09	0,49	6,45	44,61	15,35	30,04
1031	31.07.20 13:09:10	0,49	6,45	45,99	14,81	29,21
1032	31.07.20 13:09:11	0,49	6,45	45,75	12,12	32,13
1033	31.07.20 13:09:12	0,49	6,40	37,55	14,29	38,16
1034	31.07.20 13:09:13	0,49	6,38	37,05	13,63	39,32
1035	31.07.20 13:09:14	0,49	6,35	33,12	17,02	39,86
1036	31.07.20 13:09:15	0,49	6,33	32,88	18,06	39,06
1037	31.07.20 13:09:16	0,49	6,31	36,11	16,09	37,80
1038	31.07.20 13:09:17	0,49	6,28	39,99	9,81	40,20
1039	31.07.20 13:09:18	0,49	6,28	38,95	11,87	39,17
1040	31.07.20 13:09:19	0,49	6,26	39,20	11,42	39,39
1041	31.07.20 13:09:20	0,49	6,24	34,92	15,66	39,43
1042	31.07.20 13:09:21	0,49	6,19	33,82	16,41	39,77
1043	31.07.20 13:09:22	0,49	6,19	33,84	16,49	39,67
1044	31.07.20 13:09:23	0,49	6,14	42,14	12,23	35,63
1045	31.07.20 13:09:24	0,45	6,14	44,11	11,23	34,66
1046	31.07.20 13:09:25	0,45	6,11	35,65	14,59	39,76
1047	31.07.20 13:09:26	0,45	6,07	32,91	16,82	40,27
1048	31.07.20 13:09:27	0,45	6,04	38,73	14,88	36,39
1049	31.07.20 13:09:28	0,45	6,02	44,32	10,68	35,00
1050	31.07.20 13:09:29	0,45	5,97	39,80	11,96	38,25
1051	31.07.20 13:09:30	0,45	5,95	39,35	12,29	38,36
1052	31.07.20 13:09:31	0,45	5,93	37,22	18,03	34,76
1053	31.07.20 13:09:32	0,45	5,93	49,11	14,27	26,62
1054	31.07.20 13:09:33	0,45	5,95	49,97	15,20	24,84
1055	31.07.20 13:09:34	0,45	5,90	50,83	14,18	24,99
1056	31.07.20 13:09:35	0,45	5,90	49,36	13,03	27,61
1057	31.07.20 13:09:36	0,45	5,88	51,09	14,57	24,34
1058	31.07.20 13:09:37	0,45	5,88	52,56	15,42	22,03
1059	31.07.20 13:09:38	0,45	5,86	51,98	14,01	24,01
1060	31.07.20 13:09:39	0,45	5,83	45,11	18,96	25,93
1061	31.07.20 13:09:40	0,45	5,83	51,97	14,07	23,97
1062	31.07.20 13:09:41	0,45	5,81	52,32	14,26	23,42
1063	31.07.20 13:09:42	0,45	5,79	48,11	13,22	28,67
1064	31.07.20 13:09:43	0,45	5,77	49,18	13,20	27,61
1065	31.07.20 13:09:44	0,45	5,77	50,85	14,29	24,85
1066	31.07.20 13:09:45	0,45	5,77	52,10	13,77	24,13
1067	31.07.20 13:09:46	0,45	5,72	53,03	14,12	22,85
1068	31.07.20 13:09:47	0,45	5,72	51,87	13,69	24,45
1069	31.07.20 13:09:48	0,45	5,67	51,48	11,99	26,53
1070	31.07.20 13:09:49	0,45	5,65	50,68	11,79	27,53
1071	31.07.20 13:09:50	0,45	5,63	52,58	12,86	24,56
1072	31.07.20 13:09:51	0,45	5,60	53,05	12,41	24,54
1073	31.07.20 13:09:52	0,45	5,60	52,02	10,65	27,33
1074	31.07.20 13:09:53	0,45	5,56	51,77	10,54	27,69
1075	31.07.20 13:09:54	0,45	5,56	52,72	11,68	25,59
1076	31.07.20 13:09:55	0,41	5,53	51,89	11,82	26,29
1077	31.07.20 13:09:56	0,45	5,51	50,17	9,62	30,21
1078	31.07.20 13:09:57	0,45	5,49	52,62	10,65	26,73
1079	31.07.20 13:09:58	0,41	5,46	55,42	12,04	22,54
1080	31.07.20 13:09:59	0,45	5,44	52,49	9,35	28,17
1081	31.07.20 13:10:00	0,41	5,43	54,42	5,81	29,77
1082	31.07.20 13:10:01	0,41	5,39	58,04	6,95	25,01
1083	31.07.20 13:10:02	0,41	5,36	58,98	5,38	25,64
1084	31.07.20 13:10:03	0,41	5,36	63,66	0,81	25,53
1085	31.07.20 13:10:04	0,41	5,32	64,05	4,92	21,03
1086	31.07.20 13:10:05	0,41	5,29	65,76	4,15	20,09
1087	31.07.20 13:10:06	0,41	5,29	68,59	0,49	20,91
1088	31.07.20 13:10:07	0,41	5,27	72,20	-1,59	16,21
1089	31.07.20 13:10:08	0,41	5,22	74,84	0,06	15,10
1090	31.07.20 13:10:09	0,41	5,22	79,71	2,58	7,71
1091	31.07.20 13:10:10	0,41	5,20	86,19	-2,54	1,27
1092	31.07.20 13:10:11	0,41	5,18	77,60	-3,57	8,83
1093	31.07.20 13:10:12	0,41	5,15	78,34	2,20	9,45
1094	31.07.20 13:10:13	0,41	5,15	85,20	-4,11	-0,70
1095	31.07.20 13:10:14	0,41	5,11	59,35	-0,24	30,40
1096	31.07.20 13:10:15	0,41	5,11	82,78	-5,13	2,08
1097	31.07.20 13:10:16	0,41	5,08	76,68	-6,96	6,37
1098	31.07.20 13:10:17	0,41	5,06	67,03	-4,95	18,02
1099	31.07.20 13:10:18	0,41	5,04	76,97	-4,29	-8,74
1100	31.07.20 13:10:19	0,41	5,04	63,66	-6,60	19,74
1101	31.07.20 13:10:20	0,41	4,99	76,47	-4,64	8,89
1102	31.07.20 13:10:21	0,41	4,97	83,71	-3,60	-2,70
1103	31.07.20 13:10:22	0,41	4,97	69,61	-4,17	16,21
1104	31.07.20 13:10:23	0,41	4,92	66,78	-10,06	-13,17
1105	31.07.20 13:10:24	0,41	4,97	78,26	8,29	3,45
1106	31.07.20 13:10:25	0,41	4,97	71,29	6,91	11,80
1107	31.07.20 13:10:26	0,41	4,97	71,32	-7,48	11,20
1108	31.07.20 13:10:27	0,41	4,99	54,97	-23,50	11,52
1109	31.07.20 13:10:28	0,41	4,97	44,25	-27,78	17,97
1110	31.07.20 13:10:29	0,41	4,99	39,84	-36,88	13,28
1111	31.07.20 13:10:30	0,41	5,01	49,33	-30,62	10,05
1112	31.07.20 13:10:31	0,41	5,01	45,66	-29,45	14,89
1113	31.07.20 13:10:32	0,45	5,04	51,45	-25,93	12,61
1114	31.07.20 13:10:33	0,45	5,07	56,38	-23,57	10,05
1115	31.07.20 13:10:34	0,45	5,11	56,93	-21,29	11,77
1116	31.07.20 13:10:35	0,45	5,14	59,08	-16,61	14,30
1117	31.07.20 13:10:36	0,45	5,11	62,98	-12,47	14,55
1118	31.07.20 13:10:37	0,45	5,16	70,21	-9,07	10,71
1119	31.07.20 13:10:38	0,45	5,18	70,51	-4,08	15,41
1120	31.07.20 13:10:39	0,45	5,18	72,55	-0,65	16,80
1121	31.07.20 13:10:40	0,45	5,21	73,50	2,23	14,27
1122	31.07.20 13:10:41	0,45	5,18	70,65	3,67	15,69
1123	31.07.20 13:10:42	0,45	5,21	65,29	5,04	19,67
1124	31.07.20 13:10:43	0,45	5,16	62,36	5,65	21,98
1125	31.07.20 13:10:44	0,45	5,11	55,17	8,38	26,45
1126	31.07.20 13:10:45	0,45	5,09	53,57	10,06	26,37
1127	31.07.20 13:10:46	0,45	5,09	60,40	10,57	19,03
1128	31.07.20 13:10:47	0,45	5,09	62,70	12,15	15,15
1129	31.07.20 13:10:48	0,45	5,09	60,41	12,61	16,98
1130	31.07.20 13:10:49	0,45	5,07	59,91	12,26	17,83
1131	31.07.20 13:10:50	0,45	5,07	61,14	12,54	16,32
1132	31.07.20 13:10:51	0,45	5,09	63,48	12,94	13,57
1133	31.07.20 13:10:52	0,45	5,09	61,95	13,81	14,24
1134	31.07.20 13:10:53	0,45	5,09	58,18	15,21	16,61
1135	31.07.20 13:10:54	0,45	5,11	60,53	15,01	14,46
1136	31.07.20 13:10:55	0,45	5,14	62,93	14,82	12,25
1137	31.07.20 13:10:56	0,45	5,14	60,14	15,74	14,12
1138	31.07.20 13:10:57	0,45	5,18	60,55	15,66	13,79
1139	31.07.20 13:10:58	0,45	5,18	61,80	15,25	12,94
1140	31.07.20 13:10:59	0,45	5,21	61,82	15,01	13,18
1141	31.07.20 13:11:00	0,45	5,23	61,85	15,17	12,98
1142	31.07.20 13:11:01	0,45	5,28	64,50	14,20	11,30
1143	31.07.20 13:11:02	0,45	5,28	62,98	15,17	11,85
1144	31.07.20 13:11:03	0,45	5,30	60,10	16,34	13,56
1145	31.07.20 13:11:04	0,45	5,30	61,03	16,27	12,71
1146	31.07.20 13:11:05	0,45	5,32	60,16	17,12	12,72
1147	31.07.20 13:11:06	0,45	5,30	53,29	19,44	17,27
1148	31.07.20 13:11:07	0,45	5,28	50,93	19,56	19,51
1149	31.07.20 13:11:08	0,45	5,25	50,40	20,16	19,44
1150	31.07.20 13:11:09	0,45	5,21	49,33	21,31	19,36
1151	31.07.20 13:11:10	0,45	5,16	45,95	24,00	20,05
1152	31.07.20 13:11:11	0,45	5,11	49,00	23,02	17,97
1153	31.07.20 13:11:12	0,45	5,07	48,06	21,88	20,05
1154	31.07.20 13:11:13	0,45	5,00	43,85	18,93	27,22
1155	31.07.20 13:11:14	0,45	4,93	47,75	20,13	22,12
1156	31.07.20 13:11:15	0,45	4,86	49,14	18,45	22,41
1157	31.07.20 13:11:16	0,45	4,81	46,87	19,11	24,01
1158	31.07.20 13:11:17	0,45	4,69	45,52	17,13	27,35
1159	31.07.20 13:11:18	0,45	4,62	44,67	17,49	27,84
1160	31.07.20 13:11:19	0,49	4,53	43,67	16,39	29,94
1161	31.07.20 13:11:20	0,49	4,46	41,79	17,09	31,12
1162	31.07.20 13:11:21	0,49	4,37	38,34	18,25	33,41
1163	31.07.20 13:11:22	0,49	4,30	37,98	18,27	33,75
1164	31.07.20 13:11:23	0,49	4,23	38,72	18,09	33,19
1165	31.07.20 13:11:24	0,49	4,18	46,70	11,17	32,13
1166	31.07.20 13:11:25	0,53	4,14	38,24	16,96	34,80
1167	31.07.20 13:11:26	0,53	4,09	38,10	17,22	34,67
1168	31.07.20 13:11:27	0,53	4,02	39,05	14,86	36,10
1169	31.07.20 13:11:28	0,53	3,93	37,43	15,46	37,12
1170	31.07.20 13:11:29	0,57	3,89	38,97	15,78	35,25
1171	31.07.20 13:11:30	0,57	3,84	39,23	16,01	34,76
1172	31.07.20 13:11:31	0,61	3,78	38,32	14,44	37,24
1173	31.07.20 13:11:32	0,61	3,75	44,74	13,91	31,35
1174	31.07.20 13:11:33	0,61	3,73	45,78	13,97	30,25
1175	31.07.20 13:11:34	0,65	3,71	38,38	13,96	37,65
1176	31.07.20 13:11:35	0,65	3,64	37,95	13,69	38,36
1177	31.07.20 13:11:36	0,65	3,59	35,82	15,13	39,06
1178	31.07.20 13:11:37	0,69	3,57	35,12	14,59	40,28
1179	31.07.20 13:11:38	0,69	3,53	38,41	14,68	36,91
1180	31.07.20 13:11:39	0,73	3,49	37,38	13,58	39,04
1181	31.07.20 13:11:40	0,73	3,46	37,27	14,58	38,15
1182	31.07.20 13:11:41	0,73	3,42	44,88	9,00	36,12
1183	31.07.20 13:11:42	0,77	3,37	43,99	10,87	35,14
1184	31.07.20 13:11:43	0,81	3,33	40,38	15,57	34,05
1185	31.07.20 13:11:44	0,81	3,28	43,89	12,96	33,15
1186	31.07.20 13:11:45	0,81	3,26	45,53	11,78	32,69
1187	31.07.20 13:11:46	0,85	3,22	41,44	14,71	33,85
1188	31.07.20 13:11:47	0,85	3,17	38,95	18,96	32,09
1189	31.07.20 13:11:48	0,85	3,15	42,36	14,85	32,79
1190	31.07.20 13:11:49	0,85	3,12	43,81	11,88	34,31
1191	31.07.20 13:11:50	0,88	3,06	40,17	16,32	33,51
1192	31.07.20 13:11:51	0,88	3,04	39,37	18,28	32,36
1193	31.07.20 13:11:52	0,92	3,02	43,72	13,28	33,00
1194	31.07.20 13:11:53	0,92	2,97	43,99	12,83	33,17
1195	31.07.20 13:11:54	0,92	2,92	38,02	21,05	30,93
1196	31.07.20 13:11:55	0,92	2,90	42,44	15,19	32,37
1197	31.07.20 13:11:56	0,92	2,85	45,45	12,00	32,55
1198	31.07.20 13:11:57	0,96	2,86	41,32	18,46	30,22
1199	31.07.20 13:11:58	0,96	2,83	43,29	14,88	31,84
1200	31.07.20 13:11:59	1,00	2,79	40,95	13,07	35,98
1201	31.07.20 13:12:00	1,00	2,74	43,63	12,57	33,79
1202	31.07.20 13:12:01	1,00	2,72	39,78	19,62	30,59
1203	31.07.20 13:12:02	1,04	2,70	41,45	15,87	32,68
1204	31.07.20 13:12:03	1,04	2,63	43,45	11,56	34,99
1205	31.07.20 13:12:04	1,08	2,61	42,01	13,08	34,90
1206	31.07.20 13:12:05	1,08	2,61	33,85	22,44	33,71
1207	31.07.20 13:12:06	1,12	2,57	44,25	12,90	32,85
1208	31.07.20 13:12:07	1,12	2,52	41,25	12,66	36,10
1209	31.07.20 13:12:08	1,16	2,48	37,56	19,70	32,74
1210	31.07.20 13:12:09	1,16	2,48	40,60	17,09	32,31
1211	31.07.20 13:12:10	1,16	2,46	42,10	13,51	34,39
1212	31.07.20 13:12:11	1,20	2,42	35,75	23,26	30,99
1213	31.07.20 13:12:12	1,20	2,39	39,99	15,22	34,79
1214	31.07.20 13:12:13	1,28	2,35	34,84	23,58	31,58
1215	31.07.20 13:12:14	1,39	2,32	33,88	26,14	29,98
1216	31.07.20 13:12:15	1,47	2,28	35,36	22,55	32,10
1217	31.07.20 13:12:16	1,59	2,25	37,31	18,12	34,57
1218	31.07.20 13:12:17	1,66	2,21	34,54	23,03	32,44
1219	31.07.20 13:12:18	1,70	2,19	41,77	15,36	32,87
1220	31.07.20 13:12:19	1,74	2,17	35,98	20,62	33,40
1221	31.07.20 13:12:20	1,74	2,12	40,59	13,89	35,52
1222	31.07.20 13:12:21	1,78	2,10	33,77	18,67	37,56
1223	31.07.20 13:12:22	1,78	2,08	31,24	20,83	37,92
1224	31.07.20 13:12:23	1,82	2,06	33,45	15,48	41,07
1225	31.07.20 13:12:24	1,82	2,01	31,25	12,47	46,27
1226	31.07.20 13:12:25	1,89	1,98	29,15	3,17	57,68
1227	31.07.20 13:12:26	2,01	1,96	52,43	0,14	37,42
1228	31.07.20 13:12:27	2,12	1,95	47,46	0,34	42,21
1229	31.07.20 13:12:28	2,16	1,89	45,14	-0,98	43,88
1230	31.07.20 13:12:29	2,24	1,90	45,84	-4,82	39,34
1231	31.07.20 13:12:30	2,39	1,82	47,99	-4,96	37,05
1232	31.07.20 13:12:31	2,47	1,76	42,98	-6,64	40,39
1233	31.07.20 13:12:32	2,54	1,72	40,88	-10,79	38,33
1234	31.07.20 13:12:33	2,65	1,73	45,62	-11,74	32,64
1235	31.07.20 13:12:34	2,80	1,63	43,37	-13,39	33,23
1236	31.07.20 13:12:35	2,92	1,64	41,62	-15,40	32,98
1237	31.07.20 13:12:36	3,07	1,61	43,17	-16,59	30,23
1238	31.07.20 13:12:37	3,25	1,47	44,71	-15,89	29,39
1239	31.07.20 13:12:38	3,48	1,49	44,93	-17,39	27,67
1240	31.07.20 13:12:39	3,77	1,33	46,34	-16,07	27,59
1241	31.07.20 13:12:40	3,95	1,33	48,56	-16,41	25,03
1242	31.07.20 13:12:41	4,10	1,30	51,46	-14,77	23,77
1243	31.07.20 13:12:42	4,28	1,22	55,26	-15,19	19,56
1244	31.07.20 13:12:43	4,43	1,15	54,43	-15,98	19,59
1245	31.07.20 13:12:44	4,64	1,00	60,45	-14,10	15,46
1246	31.07.20 13:12:45	5,04	0,93	59,90	-12,54	17,55
1247	31.07.20 13:12:46	5,29	0,93	58,76	-13,47	17,77
1248	31.07.20 13:12:47	5,47	0,76	57,23	-13,24	19,53
1249	31.07.20 13:12:48	5,82	0,73	57,71	-11,19	21,10
1250	31.07.20 13:12:49	6,17	0,65	54,91	-12,70	22,39
1251	31.07.20 13:12:50	6,45	0,56	52,59	-15,56	21,85
1252	31.07.20 13:12:51	6,83	0,50	49,96	-13,61	26,43
1253	31.07.20 13:12:52	7,21	0,52	50,95	-14,49	24,56
1254	31.07.20 13:12:53	7,55	0,44	53,17	-15,44	21,39
1255	31.07.20 13:12:54	7,79	0,34	54,94	-14,02	21,04
1256	31.07.20 13:12:55	7,92	0,27	58,85	-14,17	16,98
1257	31.07.20 13:12:56	8,12	0,22	60,60	-15,01	14,39
1258	31.07.20 13:12:57	8,26	0,25	59,15	-16,02	14,84
1259	31.07.20 13:12:58	8,49	0,22	62,32	-15,77	11,91
1260	31.07.20 13:12:59	8,73	0,06	51,45	-14,25	24,30
1261	31.07.20 13:13:00	8,96	0,04	48,13	-17,25	24,62
1262	31.07.20 13:13:01	9,16	0,06	54,31	-21,06	14,63
1263	31.07.20 13:13:02	9,29	0,04	52,57	-16,62	20,81
1264	31.07.20 13:13:03	9,45	0,06	66,04	-20,78	3,19
1265	31.07.20 13:13:04	9,55	0,00	42,24	-18,21	29,55
1266	31.07.20 13:13:05	9,65	0,01	39,98	-19,26	30,76
1267	31.07.20 13:13:06	9,72	0,00	36,67	-20,59	32,74
1268	31.07.20 13:13:07	9,81	0,00	42,35	-20,22	27,43
1269	31.07.20 13:13:08	9,95	0,00	41,80	-17,59	30,61
1270	31.07.20 13:13:09	10,01	0,00	41,66	-19,71	28,63
1271	31.07.20 13:13:10	10,08	0,00	38,14	-18,96	32,90
1272	31.07.20 13:13:11	10,14	0,00	28,62	-9,20	52,18
1273	31.07.20 13:13:12	10,27	0,01	22,35	-16,80	50,84
1274	31.07.20 13:13:13	10,56	0,00	37,76	-13,63	38,61
1275	31.07.20 13:13:14	10,82	0,00	37,90	-18,02	34,07
1276	31.07.20 13:13:15	10,95	0,00	29,48	-13,09	47,43
1277	31.07.20 13:13:16	10,95	0,00	29,09	-12,60	48,31
1278	31.07.20 13:13:17	11,01	0,00	26,88	-9,82	53,30
1279	31.07.20 13:13:18	11,14	0,00	27,73	-9,01	53,26
1280	31.07.20 13:13:19	11,24	0,00	34,55	-11,76	43,69
1281	31.07.20 13:13:20	11,43	0,00	35,73	-17,14	37,13
1282	31.07.20 13:13:21	11,56	0,00	36,13	-12,38	41,49
1283	31.07.20 13:13:22	11,65	0,00	42,21	-3,00	44,80
1284	31.07.20 13:13:23	11,68	0,00	43,96	-15,40	30,64
1285	31.07.20 13:13:24	11,68	0,00	81,48	-3,39	5,14
1286	31.07.20 13:13:25	11,68	0,00	68,61	-1,69	19,70
1287	31.07.20 13:13:26	11,72	0,00	55,63	-25,90	8,47
1288	31.07.20 13:13:27	11,81	0,00	38,88	-19,68	31,44
1289	31.07.20 13:13:28	11,94	0,00	36,61	-15,48	37,92
1290	31.07.20 13:13:29	12,03	0,00	38,34	-17,13	34,53
1291	31.07.20 13:13:30	12,10	0,00	47,39	-29,86	12,76
1292	31.07.20 13:13:31	12,19	0,00	40,62	-40,36	9,02
1293	31.07.20 13:13:32	12,22	0,00	34,57	-7,00	48,43
1294	31.07.20 13:13:33	12,25	0,00	31,89	-34,76	23,35
1295	31.07.20 13:13:34	12,32	0,00	58,44	5,89	25,68
1296	31.07.20 13:13:35	12,22	0,00	60,95	21,56	7,49
1297	31.07.20 13:13:36	12,06	0,00	63,26	21,86	4,89
1298	31.07.20 13:13:37	11,91	0,04	53,77	24,35	11,89
1299	31.07.20 13:13:38	11,72	0,06	58,09	25,06	6,85
1300	31.07.20 13:13:39	11,52	0,13	62,94	20,21	6,86
1301	31.07.20 13:13:40	11,37	0,11	58,30	24,51	7,19
1302	31.07.20 13:13:41	11,24	0,15	57,20	26,10	6,70
1303	31.07.20 13:13:42	11,11	0,15	58,59	24,69	6,72
1304	31.07.20 13:13:43	10,98	0,18	58,42	25,09	6,48
1305	31.07.20 13:13:44	10,85	0,18	57,44	25,82	6,74
1306	31.07.20 13:13:45	10,76	0,20	59,12	25,15	5,73
1307	31.07.20 13:13:46	10,66	0,20	56,96	26,83	6,21
1308	31.07.20 13:13:47	10,59	0,22	48,73	30,53	10,73
1309	31.07.20 13:13:48	10,50	0,22	40,11	33,44	16,44
1310	31.07.20 13:13:49	10,43	0,22	54,81	31,44	3,75
1311	31.07.20 13:13:50	10,37	0,25	59,57	24,86	5,56
1312	31.07.20 13:13:51	10,30	0,25	50,23	33,35	6,42
1313	31.07.20 13:13:52	10,24	0,25	55,02	32,31	2,67
1314	31.07.20 13:13:53	10,17	0,25	60,43	16,68	12,89
1315	31.07.20 13:13:54	10,11	0,27	74,74	-8,41	6,85
1316	31.07.20 13:13:55	10,08	0,27	54,59	25,50	9,91
1317	31.07.20 13:13:56	10,01	0,29	61,72	23,23	5,05
1318	31.07.20 13:13:57	9,95	0,27	50,37	33,88	5,75
1319	31.07.20 13:13:58	9,91	0,29	47,85	34,24	7,91
1320	31.07.20 13:13:59	9,85	0,29	51,07	28,66	10,27
1321	31.07.20 13:14:00	9,81	0,32	63,09	18,51	8,40
1322	31.07.20 13:14:01	9,75	0,29	79,73	-4,52	5,75
1323	31.07.20 13:14:02	9,75	0,29	73,39	-11,31	5,30
1324	31.07.20 13:14:03	9,68	0,29	75,31	-8,57	6,12
1325	31.07.20 13:14:04	9,65	0,32	68,36	15,28	6,36
1326	31.07.20 13:14:05	9,62	0,32	1,14	11,97	76,89
1327	31.07.20 13:14:06	9,59	0,32	-6,27	7,65	76,08
1328	31.07.20 13:14:07	9,52	0,29	-12,59	2,20	75,21
1329	31.07.20 13:14:08	9,49	0,32	-13,25	-0,47	76,28
1330	31.07.20 13:14:09	9,45	0,32	-1,57	3,77	84,66
1331	31.07.20 13:14:10	9,42	0,29	-11,64	-0,58	77,78
1332	31.07.20 13:14:11	9,42	0,32	-10,29	1,83	77,88
1333	31.07.20 13:14:12	9,39	0,32	-10,62	1,78	77,59
1334	31.07.20 13:14:13	9,36	0,32	-6,75	-3,22	80,03
1335	31.07.20 13:14:14	9,32	0,32	-5,88	-2,05	82,07
1336	31.07.20 13:14:15	9,29	0,32	-6,17	-3,41	80,42
1337	31.07.20 13:14:16	9,26	0,32	-6,40	-4,90	78,70
1338	31.07.20 13:14:17	9,26	0,32	-7,63	-2,99	79,38
1339	31.07.20 13:14:18	9,22	0,34	-11,36	-1,49	77,14
1340	31.07.20 13:14:19	9,22	0,34	-66,67	-6,09	-17,23
1341	31.07.20 13:14:20	9,22	0,27	6,21	69,33	14,46
1342	31.07.20 13:14:21	9,22	0,32	1,32	0,37	-88,30
1343	31.07.20 13:14:22	9,22	0,32	0,03	0,03	-89,94
1344	31.07.20 13:14:23	9,19	0,32	-0,85	0,28	-88,88
1345	31.07.20 13:14:24	9,19	0,32	0,67	0,59	-88,74
1346	31.07.20 13:14:25	9,16	0,34	1,26	0,65	-88,09
1347	31.07.20 13:14:26	9,16	0,34	-0,40	-0,06	-89,54
1348	31.07.20 13:14:27	9,16	0,34	-1,11	-0,19	-88,70
1349	31.07.20 13:14:28	9,12	0,34	1,56	0,91	-87,52
1350	31.07.20 13:14:29	9,12	0,34	0,65	0,74	-88,61
1351	31.07.20 13:14:30	9,12	0,34	-2,95	0,61	-86,43
1352	31.07.20 13:14:31	9,09	0,32	0,79	0,40	-88,81
1353	31.07.20 13:14:32	9,09	0,32	1,07	0,40	-88,52
1354	31.07.20 13:14:33	9,09	0,32	-1,06	0,93	-88,01
1355	31.07.20 13:14:34	9,06	0,32	0,47	0,40	-89,13
1356	31.07.20 13:14:35	9,06	0,32	1,38	0,09	-88,53
1357	31.07.20 13:14:36	9,06	0,32	-0,34	0,65	-89,01
1358	31.07.20 13:14:37	9,06	0,32	-0,03	0,56	-89,41
1359	31.07.20 13:14:38	9,06	0,32	0,56	0,43	-89,01
1360	31.07.20 13:14:39	9,06	0,29	0,31	0,62	-89,07
1361	31.07.20 13:14:40	9,09	0,29	0,28	0,15	-89,56
1362	31.07.20 13:14:41	9,09	0,32	-0,09	0,12	-89,78
1363	31.07.20 13:14:42	9,09	0,32	0,31	0,47	-89,22
1364	31.07.20 13:14:43	9,09	0,32	0,44	0,37	-89,19
1365	31.07.20 13:14:44	9,09	0,32	0,69	-0,06	-89,25
1366	31.07.20 13:14:45	9,09	0,32	0,25	0,31	-89,44
1367	31.07.20 13:14:46	9,12	0,32	0,31	0,59	-89,10
1368	31.07.20 13:14:47	9,12	0,32	0,85	0,31	-88,84
1369	31.07.20 13:14:48	9,12	0,32	0,28	0,56	-89,16
1370	31.07.20 13:14:49	9,12	0,32	0,34	0,19	-89,47
1371	31.07.20 13:14:50	9,12	0,29	0,50	0,25	-89,25
1372	31.07.20 13:14:51	9,16	0,32	0,44	-0,09	-89,47
1373	31.07.20 13:14:52	9,16	0,32	9,46	14,55	-65,98
1374	31.07.20 13:14:53	9,16	0,32	-30,51	23,23	-36,26
1375	31.07.20 13:14:54	9,16	0,34	-34,55	0,37	-55,09
1376	31.07.20 13:14:55	9,16	0,32	-5,48	46,39	-38,13
1377	31.07.20 13:14:56	9,16	0,32	12,32	54,39	-23,29
1378	31.07.20 13:14:57	9,16	0,32	8,51	63,63	-17,86
1379	31.07.20 13:14:58	9,16	0,32	-5,57	38,58	-45,85
1380	31.07.20 13:14:59	9,16	0,32	2,48	-1,37	-86,16
1381	31.07.20 13:15:00	9,16	0,32	-1,12	-2,86	-86,03
1382	31.07.20 13:15:01	9,19	0,32	-1,86	-2,23	-85,91
1383	31.07.20 13:15:02	9,19	0,32	-1,80	-3,22	-84,98
1384	31.07.20 13:15:03	9,22	0,29	-1,70	-2,78	-85,51
1385	31.07.20 13:15:04	9,22	0,32	-1,80	-2,82	-85,39
1386	31.07.20 13:15:05	9,22	0,29	-1,41	-2,66	-85,93
1387	31.07.20 13:15:06	9,22	0,29	-1,77	-2,64	-85,59
1388	31.07.20 13:15:07	9,22	0,29	-1,91	-3,47	-84,62
1389	31.07.20 13:15:08	9,22	0,32	-1,12	-2,05	-86,84
1390	31.07.20 13:15:09	9,22	0,32	-1,80	-2,64	-85,56
1391	31.07.20 13:15:10	9,22	0,29	-2,32	-3,86	-83,82
1392	31.07.20 13:15:11	9,22	0,32	-0,90	-2,11	-86,99
1393	31.07.20 13:15:12	9,22	0,32	-1,78	-1,60	-86,61
1394	31.07.20 13:15:13	9,22	0,32	-2,49	-4,28	-83,23
1395	31.07.20 13:15:14	9,22	0,32	-2,01	-3,30	-84,69
1396	31.07.20 13:15:15	9,22	0,32	-1,15	-0,80	-88,06
1397	31.07.20 13:15:16	9,22	0,32	-1,51	-2,32	-86,17
1398	31.07.20 13:15:17	9,22	0,32	-2,57	-4,48	-82,95
1399	31.07.20 13:15:18	9,22	0,32	-1,88	-2,61	-85,51
1400	31.07.20 13:15:19	9,22	0,32	-1,01	-1,65	-87,35
1401	31.07.20 13:15:20	9,26	0,32	-1,55	-3,07	-85,38
1402	31.07.20 13:15:21	9,26	0,32	-2,00	-2,76	-85,24
1403	31.07.20 13:15:22	9,26	0,32	-1,81	-2,90	-85,28
1404	31.07.20 13:15:23	9,26	0,34	-1,53	-2,67	-85,80
1405	31.07.20 13:15:24	9,26	0,32	-1,20	-2,79	-86,01
1406	31.07.20 13:15:25	9,29	0,32	-2,18	-2,79	-85,03
1407	31.07.20 13:15:26	9,29	0,32	-1,17	-2,96	-85,87
1408	31.07.20 13:15:27	9,29	0,29	-1,29	-2,34	-86,37
1409	31.07.20 13:15:28	9,29	0,32	-1,77	-3,19	-85,04
1410	31.07.20 13:15:29	9,29	0,32	-1,08	-3,19	-85,74
1411	31.07.20 13:15:30	9,29	0,29	-1,88	-2,36	-85,76
1412	31.07.20 13:15:31	9,29	0,32	-1,62	-3,01	-85,37
1413	31.07.20 13:15:32	9,32	0,32	-0,98	-2,70	-86,32
1414	31.07.20 13:15:33	9,32	0,32	-1,42	-2,28	-86,30
1415	31.07.20 13:15:34	9,32	0,32	46,86	-3,27	-39,88
1416	31.07.20 13:15:35	9,32	0,32	35,53	3,01	51,46
1417	31.07.20 13:15:36	9,36	0,32	13,28	12,35	64,37
1418	31.07.20 13:15:37	9,36	0,34	77,47	9,34	3,19
1419	31.07.20 13:15:38	9,39	0,32	45,25	-29,24	-15,51
1420	31.07.20 13:15:39	9,42	0,32	33,80	-33,49	-22,70
1421	31.07.20 13:15:40	9,42	0,32	34,03	-41,00	-14,97
1422	31.07.20 13:15:41	9,45	0,32	37,12	-23,15	-29,73
1423	31.07.20 13:15:42	9,52	0,29	68,41	13,99	7,60
1424	31.07.20 13:15:43	9,55	0,29	49,01	34,43	-6,56
1425	31.07.20 13:15:44	9,59	0,29	51,75	10,03	-28,22
1426	31.07.20 13:15:45	9,65	0,27	47,18	-38,49	4,33
1427	31.07.20 13:15:46	9,75	0,11	35,46	-31,00	-23,54
1428	31.07.20 13:15:47	10,01	0,15	40,58	-22,38	27,04
1429	31.07.20 13:15:48	10,27	0,08	37,60	-51,69	-0,71
1430	31.07.20 13:15:49	10,47	0,00	31,59	-41,76	-16,65
1431	31.07.20 13:15:50	10,66	0,00	24,03	-53,05	-12,92
1432	31.07.20 13:15:51	10,85	0,00	29,58	-53,68	-6,75
1433	31.07.20 13:15:52	11,01	0,00	19,78	-48,61	21,61
1434	31.07.20 13:15:53	11,24	0,00	39,09	-45,39	-5,52
1435	31.07.20 13:15:54	11,49	0,00	22,44	-18,65	-48,91
1436	31.07.20 13:15:55	11,65	0,00	17,71	0,53	-71,76
1437	31.07.20 13:15:56	11,72	0,01	26,21	-2,10	-61,69
1438	31.07.20 13:15:57	11,75	0,04	28,89	-6,14	-54,96
1439	31.07.20 13:15:58	11,78	0,04	23,61	-16,19	-50,19
1440	31.07.20 13:15:59	11,81	0,04	11,96	-32,92	-45,12
1441	31.07.20 13:16:00	11,84	0,08	19,33	-8,49	-62,18
1442	31.07.20 13:16:01	11,87	0,08	44,03	-10,26	-35,71
1443	31.07.20 13:16:02	11,87	0,08	0,19	88,11	1,70
1444	31.07.20 13:16:03	11,91	0,13	16,37	59,00	14,63
1445	31.07.20 13:16:04	11,94	0,08	-66,70	8,73	-14,58
1446	31.07.20 13:16:05	11,97	0,13	-51,88	-3,56	34,55
1447	31.07.20 13:16:06	12,00	0,13	15,58	-0,56	73,86
1448	31.07.20 13:16:07	12,00	0,11	14,37	-1,39	74,24
1449	31.07.20 13:16:08	12,03	0,13	16,43	-0,26	73,30
1450	31.07.20 13:16:09	12,03	0,15	17,03	-0,86	72,11
1451	31.07.20 13:16:10	12,03	0,18	16,06	-0,95	72,99
1452	31.07.20 13:16:11	12,06	0,20	17,03	-1,33	71,64
1453	31.07.20 13:16:12	12,06	0,20	16,43	-0,52	73,05
1454	31.07.20 13:16:13	12,06	0,20	15,71	-1,49	72,80
1455	31.07.20 13:16:14	12,06	0,22	16,42	0,06	73,53
1456	31.07.20 13:16:15	12,06	0,22	17,13	-0,98	71,88
1457	31.07.20 13:16:16	12,10	0,22	15,75	-0,59	73,66
1458	31.07.20 13:16:17	12,10	0,22	15,42	-0,83	73,75
1459	31.07.20 13:16:18	12,10	0,22	16,13	-1,43	72,44
1460	31.07.20 13:16:19	12,10	0,25	17,20	-0,52	72,28
1461	31.07.20 13:16:20	12,10	0,25	16,08	-1,30	72,62
1462	31.07.20 13:16:21	12,13	0,25	15,22	-1,22	73,56
1463	31.07.20 13:16:22	12,13	0,27	16,17	-0,55	73,28
1464	31.07.20 13:16:23	12,13	0,25	17,29	-0,46	72,25
1465	31.07.20 13:16:24	12,13	0,25	16,32	-0,70	72,97
1466	31.07.20 13:16:25	12,13	0,27	15,21	-0,90	73,89
1467	31.07.20 13:16:26	12,13	0,27	16,39	-0,03	73,58
1468	31.07.20 13:16:27	12,16	0,27	17,00	-0,68	72,32
1469	31.07.20 13:16:28	12,16	0,25	16,13	-0,69	73,18
1470	31.07.20 13:16:29	12,16	0,27	15,73	-0,58	73,69
1471	31.07.20 13:16:30	12,16	0,27	16,05	-1,03	72,92
1472	31.07.20 13:16:31	12,16	0,27	16,56	-0,29	73,15
1473	31.07.20 13:16:32	12,16	0,27	16,03	-1,21	72,75
1474	31.07.20 13:16:33	12,16	0,27	16,19	-0,69	73,12
1475	31.07.20 13:16:34	12,19	0,29	16,49	-0,58	72,94
1476	31.07.20 13:16:35	12,19	0,27	15,75	-1,01	73,24
1477	31.07.20 13:16:36	12,19	0,29	16,23	-1,02	72,74
1478	31.07.20 13:16:37	12,19	0,29	16,70	-0,46	72,84
1479	31.07.20 13:16:38	12,19	0,29	16,01	-0,78	73,21
1480	31.07.20 13:16:39	12,19	0,29	15,92	-0,57	73,50
1481	31.07.20 13:16:40	12,19	0,29	16,00	0,03	73,97
1482	31.07.20 13:16:41	12,22	0,29	17,49	-0,57	71,93
1483	31.07.20 13:16:42	12,22	0,27	16,16	-1,18	72,67
1484	31.07.20 13:16:43	12,22	0,29	14,73	-0,73	74,54
1485	31.07.20 13:16:44	12,22	0,27	16,63	0,00	73,37
1486	31.07.20 13:16:45	12,22	0,27	17,58	-0,60	71,82
1487	31.07.20 13:16:46	12,25	0,27	16,26	0,03	73,71
1488	31.07.20 13:16:47	12,25	0,27	15,34	-0,43	74,24
1489	31.07.20 13:16:48	12,25	0,29	16,20	-1,59	72,21
1490	31.07.20 13:16:49	12,25	0,29	16,57	-0,26	73,16
1491	31.07.20 13:16:50	12,25	0,29	16,36	-0,18	73,46
1492	31.07.20 13:16:51	12,25	0,27	16,73	-0,92	72,35
1493	31.07.20 13:16:52	12,29	0,29	16,10	-0,48	73,42
1494	31.07.20 13:16:53	12,29	0,29	15,53	-0,82	73,64
1495	31.07.20 13:16:54	12,29	0,29	15,43	-0,87	73,70
1496	31.07.20 13:16:55	12,29	0,32	17,81	0,14	72,05
1497	31.07.20 13:16:56	12,29	0,29	16,22	-1,01	72,77
1498	31.07.20 13:16:57	12,32	0,29	15,05	-0,83	74,12
1499	31.07.20 13:16:58	12,32	0,32	16,73	-0,75	72,51
1500	31.07.20 13:16:59	12,32	0,32	16,58	-1,13	72,29
1501	31.07.20 13:17:00	12,32	0,29	16,42	-0,55	73,03
1502	31.07.20 13:17:01	12,32	0,29	16,32	-0,52	73,16
1503	31.07.20 13:17:02	12,32	0,29	16,51	0,11	73,38
1504	31.07.20 13:17:03	12,35	0,32	15,99	-1,11	72,90
1505	31.07.20 13:17:04	12,35	0,29	16,30	-1,30	72,40
1506	31.07.20 13:17:05	12,35	0,29	16,84	0,29	72,87
1507	31.07.20 13:17:06	12,35	0,32	16,13	-0,70	73,17
1508	31.07.20 13:17:07	12,35	0,29	16,47	-0,59	72,94
1509	31.07.20 13:17:08	12,38	0,32	15,88	-1,04	73,09
1510	31.07.20 13:17:09	12,38	0,32	16,38	-1,10	72,53
1511	31.07.20 13:17:10	12,38	0,29	16,81	-0,09	73,11
1512	31.07.20 13:17:11	12,38	0,32	-1,79	0,79	87,43
1513	31.07.20 13:17:12	12,41	0,29	-82,28	0,72	7,00
1514	31.07.20 13:17:13	12,41	0,29	-58,64	-5,36	-26,00
1515	31.07.20 13:17:14	12,44	0,29	-62,86	-0,48	-26,67
1516	31.07.20 13:17:15	12,47	0,29	-49,26	-7,33	-33,41
1517	31.07.20 13:17:16	12,47	0,27	-57,46	-4,64	-27,90
1518	31.07.20 13:17:17	12,51	0,29	-56,88	-7,45	-25,67
1519	31.07.20 13:17:18	12,54	0,29	-59,56	-5,07	-25,37
1520	31.07.20 13:17:19	12,54	0,27	-61,27	-3,62	-25,11
1521	31.07.20 13:17:20	12,57	0,29	-59,01	-5,72	-25,27
1522	31.07.20 13:17:21	12,57	0,29	-58,11	1,65	-30,24
1523	31.07.20 13:17:22	12,60	0,29	-64,89	2,62	-22,49
1524	31.07.20 13:17:23	12,60	0,29	-58,94	-4,64	-26,42
1525	31.07.20 13:17:24	12,60	0,29	-58,92	-5,67	-25,41
1526	31.07.20 13:17:25	12,63	0,29	-58,49	-4,50	-27,01
1527	31.07.20 13:17:26	12,63	0,29	-55,59	-4,31	-30,10
1528	31.07.20 13:17:27	12,66	0,29	-58,83	-5,69	-25,48
1529	31.07.20 13:17:28	12,66	0,29	-57,87	-9,12	-23,01
1530	31.07.20 13:17:29	12,69	0,27	-58,16	-4,70	-27,14
1531	31.07.20 13:17:30	12,69	0,27	-55,95	-5,69	-28,36
1532	31.07.20 13:17:31	12,73	0,27	-57,85	-6,07	-26,08
1533	31.07.20 13:17:32	12,73	0,27	-59,53	-3,85	-26,62
1534	31.07.20 13:17:33	12,76	0,32	-60,68	-4,76	-24,57
1535	31.07.20 13:17:34	12,76	0,29	-59,48	-5,45	-25,06
1536	31.07.20 13:17:35	12,76	0,29	-62,59	0,06	-27,35
1537	31.07.20 13:17:36	12,79	0,29	-61,81	-4,43	-23,77
1538	31.07.20 13:17:37	12,79	0,27	-62,56	-4,98	-22,46
1539	31.07.20 13:17:38	12,82	0,27	-57,86	-5,09	-27,04
1540	31.07.20 13:17:39	12,82	0,29	-60,80	-3,94	-25,26
1541	31.07.20 13:17:40	12,85	0,29	-60,26	-3,78	-25,97
1542	31.07.20 13:17:41	12,85	0,27	-60,78	-2,92	-26,30
1543	31.07.20 13:17:42	12,85	0,27	-61,18	-2,93	-25,89
1544	31.07.20 13:17:43	12,88	0,29	-60,92	-3,12	-25,96
1545	31.07.20 13:17:44	12,88	0,29	-59,79	-3,40	-26,81
1546	31.07.20 13:17:45	12,88	0,29	-59,46	-3,71	-26,83
1547	31.07.20 13:17:46	12,91	0,27	-60,26	-3,48	-26,26
1548	31.07.20 13:17:47	12,91	0,27	-60,05	-4,01	-25,94
1549	31.07.20 13:17:48	12,94	0,27	-57,73	-4,45	-27,82
1550	31.07.20 13:17:49	12,94	0,27	-58,77	-4,43	-26,80
1551	31.07.20 13:17:50	12,94	0,29	-58,76	-5,07	-26,17
1552	31.07.20 13:17:51	12,98	0,27	-58,91	-4,94	-26,14
1553	31.07.20 13:17:52	12,98	0,29	-61,38	-3,49	-25,12
1554	31.07.20 13:17:53	13,01	0,27	-51,13	-8,08	-30,79
1555	31.07.20 13:17:54	13,01	0,29	-59,90	-4,15	-25,95
1556	31.07.20 13:17:55	13,04	0,27	-59,69	-4,75	-25,56
1557	31.07.20 13:17:56	13,04	0,29	-60,00	-4,73	-25,28
1558	31.07.20 13:17:57	13,07	0,27	-59,61	-4,71	-25,68
1559	31.07.20 13:17:58	13,07	0,27	-60,00	-2,80	-27,20
1560	31.07.20 13:17:59	13,10	0,27	-59,33	-4,51	-26,16
1561	31.07.20 13:18:00	13,16	0,27	-60,76	-4,42	-24,82
1562	31.07.20 13:18:01	13,16	0,27	-22,67	24,18	-43,15
1563	31.07.20 13:18:02	13,19	0,27	-9,63	35,54	-44,83
1564	31.07.20 13:18:03	13,19	0,27	24,97	37,01	28,02
1565	31.07.20 13:18:04	13,23	0,27	18,06	49,90	22,04
1566	31.07.20 13:18:05	13,23	0,27	18,98	47,31	23,71
1567	31.07.20 13:18:06	13,26	0,25	19,49	46,46	24,04
1568	31.07.20 13:18:07	13,26	0,29	19,35	46,39	24,26
1569	31.07.20 13:18:08	13,26	0,27	18,48	47,29	24,23
1570	31.07.20 13:18:09	13,26	0,27	17,50	49,74	22,76
1571	31.07.20 13:18:10	13,26	0,29	19,44	46,65	23,91
1572	31.07.20 13:18:11	13,26	0,27	19,42	45,05	25,53
1573	31.07.20 13:18:12	13,29	0,27	17,44	48,21	24,35
1574	31.07.20 13:18:13	13,29	0,27	18,07	48,72	23,21
1575	31.07.20 13:18:14	13,29	0,29	17,64	48,05	24,31
1576	31.07.20 13:18:15	13,29	0,29	19,07	45,64	25,29
1577	31.07.20 13:18:16	13,32	0,27	18,09	47,00	24,91
1578	31.07.20 13:18:17	13,32	0,29	17,28	48,50	24,22
1579	31.07.20 13:18:18	13,32	0,29	17,18	48,63	24,19
1580	31.07.20 13:18:19	13,32	0,27	18,50	46,23	25,27
1581	31.07.20 13:18:20	13,32	0,27	11,47	-7,70	-70,83
1582	31.07.20 13:18:21	13,32	0,27	-25,47	-20,75	-43,78
1583	31.07.20 13:18:22	13,32	0,27	-7,76	-35,59	-46,64
1584	31.07.20 13:18:23	13,35	0,27	-7,92	-34,86	-47,22
1585	31.07.20 13:18:24	13,35	0,29	-8,45	-33,91	-47,64
1586	31.07.20 13:18:25	13,35	0,29	-7,33	-33,41	-49,26
1587	31.07.20 13:18:26	13,38	0,27	-8,57	-34,42	-47,01
1588	31.07.20 13:18:27	13,41	0,29	-7,90	-33,80	-48,30
1589	31.07.20 13:18:28	13,44	0,27	-7,65	-33,69	-48,66
1590	31.07.20 13:18:29	13,44	0,27	-8,04	-34,46	-47,50
1591	31.07.20 13:18:30	13,47	0,27	-7,92	-33,59	-48,49
1592	31.07.20 13:18:31	13,47	0,29	-8,19	-33,77	-48,03
1593	31.07.20 13:18:32	13,47	0,29	-8,18	-34,36	-47,46
1594	31.07.20 13:18:33	13,47	0,29	-8,05	-34,42	-47,54
1595	31.07.20 13:18:34	13,47	0,27	-7,17	-33,34	-49,49
1596	31.07.20 13:18:35	13,50	0,27	-7,42	-34,05	-48,53
1597	31.07.20 13:18:36	13,50	0,27	-9,32	-34,87	-45,81
1598	31.07.20 13:18:37	13,50	0,29	-7,51	-33,88	-48,61
1599	31.07.20 13:18:38	13,54	0,29	-7,92	-32,24	-49,85
1600	31.07.20 13:18:39	13,54	0,27	-8,07	-34,41	-47,53
1601	31.07.20 13:18:40	13,57	0,27	-7,99	-35,61	-46,40
1602	31.07.20 13:18:41	13,60	0,27	-8,12	-33,67	-48,21
1603	31.07.20 13:18:42	13,60	0,27	-6,95	-32,71	-50,34
1604	31.07.20 13:18:43	13,63	0,27	-8,11	-33,73	-48,16
1605	31.07.20 13:18:44	13,63	0,27	-8,38	-36,10	-45,52
1606	31.07.20 13:18:45	13,63	0,27	-7,39	-34,13	-48,48
1607	31.07.20 13:18:46	13,63	0,27	-7,76	-31,81	-50,43
1608	31.07.20 13:18:47	13,63	0,27	-8,65	-34,42	-46,93
1609	31.07.20 13:18:48	13,63	0,27	-7,63	-35,12	-47,26
1610	31.07.20 13:18:49	13,66	0,29	-7,81	-33,47	-48,72
1611	31.07.20 13:18:50	13,66	0,29	-8,54	-33,33	-48,13
1612	31.07.20 13:18:51	13,69	0,29	-8,31	-33,11	-48,58
1613	31.07.20 13:18:52	13,72	0,29	-7,50	-34,86	-47,64
1614	31.07.20 13:18:53	13,75	0,27	-7,76	-34,24	-48,00
1615	31.07.20 13:18:54	13,75	0,27	-8,62	-33,13	-48,25
1616	31.07.20 13:18:55	13,75	0,27	-7,61	-33,49	-48,89
1617	31.07.20 13:18:56	13,78	0,27	-7,82	-34,32	-47,86
1618	31.07.20 13:18:57	13,78	0,27	-9,01	-33,84	-47,15
1619	31.07.20 13:18:58	13,78	0,27	-8,31	-32,90	-48,79
1620	31.07.20 13:18:59	13,78	0,29	-7,67	-34,64	-47,69
1621	31.07.20 13:19:00	13,78	0,29	-7,50	-33,83	-48,68
1622	31.07.20 13:19:01	13,81	0,27	-8,75	-32,95	-48,30
1623	31.07.20 13:19:02	13,81	0,27	-8,55	-34,13	-47,32
1624	31.07.20 13:19:03	13,81	0,29	-7,65	-34,80	-47,56
1625	31.07.20 13:19:04	13,85	0,25	-8,00	-33,13	-48,87
1626	31.07.20 13:19:05	13,88	0,27	-8,03	-33,00	-48,96
1627	31.07.20 13:19:06	13,88	0,29	-8,32	-34,18	-47,50
1628	31.07.20 13:19:07	13,88	0,29	-8,78	-34,10	-47,12
1629	31.07.20 13:19:08	13,88	0,29	-8,44	-33,31	-48,24
1630	31.07.20 13:19:09	13,88	0,29	-7,91	-33,61	-48,48
1631	31.07.20 13:19:10	13,91	0,29	-7,95	-33,47	-48,58
1632	31.07.20 13:19:11	13,91	0,29	-8,79	-33,54	-47,67
1633	31.07.20 13:19:12	13,91	0,29	-8,93	-34,20	-46,87
1634	31.07.20 13:19:13	13,91	0,29	-8,70	-33,16	-48,14
1635	31.07.20 13:19:14	13,94	0,27	-8,06	-33,11	-48,83
1636	31.07.20 13:19:15	13,97	0,29	-8,40	-33,81	-47,79
1637	31.07.20 13:19:16	13,97	0,27	-8,79	-33,70	-47,51
1638	31.07.20 13:19:17	14,00	0,25	-8,66	-33,35	-47,99
1639	31.07.20 13:19:18	14,00	0,27	-8,21	-33,78	-48,01
1640	31.07.20 13:19:19	14,00	0,29	-7,74	-34,37	-47,89
1641	31.07.20 13:19:20	14,00	0,27	-8,43	-32,67	-48,90
1642	31.07.20 13:19:21	14,00	0,27	-8,65	-33,46	-47,89
1643	31.07.20 13:19:22	14,00	0,29	-8,83	-34,65	-46,52
1644	31.07.20 13:19:23	14,03	0,27	-9,00	-32,82	-48,18
1645	31.07.20 13:19:24	14,03	0,29	-8,20	-33,38	-48,42
1646	31.07.20 13:19:25	14,03	0,29	-8,02	-33,54	-48,44
1647	31.07.20 13:19:26	14,06	0,27	-8,22	-33,72	-48,06
1648	31.07.20 13:19:27	14,06	0,27	-8,92	-34,28	-46,80
1649	31.07.20 13:19:28	14,09	0,29	-8,84	-32,72	-48,44
1650	31.07.20 13:19:29	14,12	0,29	-8,21	-32,93	-48,87
1651	31.07.20 13:19:30	14,12	0,29	-8,41	-34,83	-46,76
1652	31.07.20 13:19:31	14,12	0,29	-8,22	-33,75	-48,04
1653	31.07.20 13:19:32	14,12	0,27	-7,86	-32,86	-49,29
1654	31.07.20 13:19:33	14,12	0,29	-8,90	-33,93	-47,17
1655	31.07.20 13:19:34	14,15	0,29	-8,11	-33,37	-48,52
1656	31.07.20 13:19:35	14,15	0,27	-9,25	-34,20	-46,55
1657	31.07.20 13:19:36	14,15	0,29	-8,57	-33,12	-48,31
1658	31.07.20 13:19:37	14,15	0,29	-7,91	-32,40	-49,69
1659	31.07.20 13:19:38	14,19	0,27	-8,44	-34,80	-46,77
1660	31.07.20 13:19:39	14,19	0,29	-8,29	-34,22	-47,49
1661	31.07.20 13:19:40	14,22	0,29	-8,71	-32,89	-48,40
1662	31.07.20 13:19:41	14,22	0,29	-8,20	-33,32	-48,48
1663	31.07.20 13:19:42	14,25	0,29	-7,91	-33,64	-48,44
1664	31.07.20 13:19:43	14,25	0,27	-9,02	-34,04	-46,94
1665	31.07.20 13:19:44	14,25	0,29	-8,23	-34,17	-47,61
1666	31.07.20 13:19:45	14,25	0,27	-8,52	-31,97	-49,51
1667	31.07.20 13:19:46	14,25	0,27	-8,77	-33,63	-47,60
1668	31.07.20 13:19:47	14,25	0,29	-8,08	-35,02	-46,90
1669	31.07.20 13:19:48	14,25	0,27	-8,58	-33,36	-48,06
1670	31.07.20 13:19:49	14,25	0,27	-8,56	-32,33	-49,12
1671	31.07.20 13:19:50	14,28	0,29	-7,87	-33,84	-48,29
1672	31.07.20 13:19:51	14,28	0,27	-9,06	-34,56	-46,38
1673	31.07.20 13:19:52	14,31	0,29	-9,23	-32,73	-48,03
1674	31.07.20 13:19:53	14,31	0,29	-8,03	-32,83	-49,14
1675	31.07.20 13:19:54	14,31	0,29	-8,66	-33,88	-47,45
1676	31.07.20 13:19:55	14,31	0,29	-8,16	-34,76	-47,08
1677	31.07.20 13:19:56	14,34	0,29	-8,47	-32,58	-48,95
1678	31.07.20 13:19:57	14,34	0,29	-8,18	-32,61	-49,21
1679	31.07.20 13:19:58	14,34	0,32	-8,76	-35,63	-45,60
1680	31.07.20 13:19:59	14,34	0,29	-8,54	-33,30	-48,17
1681	31.07.20 13:20:00	14,34	0,32	-7,90	-32,16	-49,93
1682	31.07.20 13:20:01	14,34	0,29	-7,83	-34,38	-47,79
1683	31.07.20 13:20:02	14,37	0,29	-8,72	-34,06	-47,21
1684	31.07.20 13:20:03	14,37	0,29	-8,57	-33,78	-47,65
1685	31.07.20 13:20:04	14,40	0,27	-8,37	-32,64	-49,00
1686	31.07.20 13:20:05	14,40	0,29	-7,94	-33,68	-48,38
1687	31.07.20 13:20:06	14,43	0,29	-8,40	-34,00	-47,60
1688	31.07.20 13:20:07	14,43	0,27	-8,60	-33,98	-47,42
1689	31.07.20 13:20:08	14,43	0,29	-8,16	-33,21	-48,63
1690	31.07.20 13:20:09	14,43	0,29	-8,00	-33,88	-48,13
1691	31.07.20 13:20:10	14,43	0,29	-8,20	-33,86	-47,94
1692	31.07.20 13:20:11	14,46	0,27	-8,00	-33,30	-48,70
1693	31.07.20 13:20:12	14,46	0,27	-8,53	-34,49	-46,98
1694	31.07.20 13:20:13	14,46	0,29	-8,49	-33,35	-48,16
1695	31.07.20 13:20:14	14,46	0,29	-8,04	-32,51	-49,45
1696	31.07.20 13:20:15	14,49	0,27	-8,53	-34,59	-46,87
1697	31.07.20 13:20:16	14,52	0,27	-8,76	-34,36	-46,88
1698	31.07.20 13:20:17	14,52	0,27	-7,52	-32,58	-49,91
1699	31.07.20 13:20:18	14,52	0,27	-8,08	-33,33	-48,59
1700	31.07.20 13:20:19	14,55	0,29	-8,88	-34,44	-46,68
1701	31.07.20 13:20:20	14,55	0,29	-8,99	-33,63	-47,38
1702	31.07.20 13:20:21	14,55	0,29	-8,25	-32,90	-48,85
1703	31.07.20 13:20:22	14,55	0,29	-8,40	-33,40	-48,20
1704	31.07.20 13:20:23	14,55	0,29	-7,88	-33,60	-48,52
1705	31.07.20 13:20:24	14,55	0,27	-8,66	-34,02	-47,32
1706	31.07.20 13:20:25	14,58	0,29	-8,78	-33,81	-47,41
1707	31.07.20 13:20:26	14,58	0,29	-7,90	-33,41	-48,69
1708	31.07.20 13:20:27	14,62	0,27	-8,67	-32,58	-48,75
1709	31.07.20 13:20:28	14,62	0,29	-8,72	-34,24	-47,03
1710	31.07.20 13:20:29	14,65	0,29	-7,69	-33,67	-48,63
1711	31.07.20 13:20:30	14,65	0,29	-9,29	-33,77	-46,94
1712	31.07.20 13:20:31	14,68	0,29	-7,74	-33,81	-48,46
1713	31.07.20 13:20:32	14,68	0,27	-8,02	-32,80	-49,18
1714	31.07.20 13:20:33	14,68	0,29	-8,51	-34,27	-47,22
1715	31.07.20 13:20:34	14,68	0,27	-7,87	-34,08	-48,05
1716	31.07.20 13:20:35	14,68	0,29	-8,09	-32,72	-49,19
1717	31.07.20 13:20:36	14,71	0,29	-8,78	-34,06	-47,17
1718	31.07.20 13:20:37	14,71	0,27	-8,62	-33,19	-48,20
1719	31.07.20 13:20:38	14,71	0,27	-8,05	-33,38	-48,57
1720	31.07.20 13:20:39	14,74	0,29	-8,77	-34,07	-47,16
1721	31.07.20 13:20:40	14,77	0,32	-8,70	-32,25	-49,06
1722	31.07.20 13:20:41	14,77	0,29	-8,54	-33,99	-47,47
1723	31.07.20 13:20:42	14,77	0,29	-9,09	-34,16	-46,75
1724	31.07.20 13:20:43	14,77	0,29	-7,96	-32,35	-49,69
1725	31.07.20 13:20:44	14,80	0,29	-7,56	-33,52	-48,92
1726	31.07.20 13:20:45	14,80	0,29	-8,62	-33,92	-47,46
1727	31.07.20 13:20:46	14,80	0,29	-9,14	-33,60	-47,26
1728	31.07.20 13:20:47	14,80	0,29	-8,74	-33,40	-47,86
1729	31.07.20 13:20:48	14,80	0,29	-8,37	-33,13	-48,50
1730	31.07.20 13:20:49	14,80	0,29	-8,87	-33,91	-47,22
1731	31.07.20 13:20:50	14,83	0,32	-7,93	-33,43	-48,64
1732	31.07.20 13:20:51	14,86	0,27	-8,48	-32,93	-48,59
1733	31.07.20 13:20:52	14,86	0,29	-8,62	-33,93	-47,45
1734	31.07.20 13:20:53	14,89	0,29	-8,51	-34,59	-46,90
1735	31.07.20 13:20:54	14,89	0,29	-8,92	-32,55	-48,53
1736	31.07.20 13:20:55	14,92	0,29	-8,26	-32,78	-48,96
1737	31.07.20 13:20:56	14,92	0,27	-8,12	-34,05	-47,83
1738	31.07.20 13:20:57	14,92	0,27	-8,78	-33,78	-47,44
1739	31.07.20 13:20:58	14,92	0,27	-9,17	-33,69	-47,14
1740	31.07.20 13:20:59	14,92	0,27	-7,87	-33,42	-48,71
1741	31.07.20 13:21:00	14,92	0,27	-8,89	-32,84	-48,27
1742	31.07.20 13:21:01	14,92	0,27	-8,40	-34,30	-47,31
1743	31.07.20 13:21:02	14,95	0,27	-8,48	-33,39	-48,13
1744	31.07.20 13:21:03	14,98	0,27	-8,36	-33,53	-48,11
1745	31.07.20 13:21:04	14,98	0,27	-8,60	-33,59	-47,82
1746	31.07.20 13:21:05	15,01	0,29	-8,56	-33,10	-48,34
1747	31.07.20 13:21:06	15,01	0,29	-8,27	-33,49	-48,24
1748	31.07.20 13:21:07	15,01	0,29	-8,49	-34,27	-47,24
1749	31.07.20 13:21:08	15,01	0,29	-8,57	-34,02	-47,41
1750	31.07.20 13:21:09	15,01	0,29	-7,83	-33,19	-48,98
1751	31.07.20 13:21:10	15,01	0,27	-8,56	-32,07	-49,37
1752	31.07.20 13:21:11	15,04	0,29	-8,97	-34,82	-46,22
1753	31.07.20 13:21:12	15,04	0,29	-8,67	-34,50	-46,83
1754	31.07.20 13:21:13	15,04	0,27	-8,09	-32,46	-49,46
1755	31.07.20 13:21:14	15,04	0,29	-8,47	-33,08	-48,45
1756	31.07.20 13:21:15	15,07	0,29	-8,20	-33,58	-48,22
1757	31.07.20 13:21:16	15,10	0,27	-8,41	-34,48	-47,11
1758	31.07.20 13:21:17	15,10	0,27	-8,66	-34,38	-46,96
1759	31.07.20 13:21:18	15,13	0,29	-8,27	-32,45	-49,29
1760	31.07.20 13:21:19	15,13	0,27	-8,35	-32,83	-48,82
1761	31.07.20 13:21:20	15,13	0,27	-8,37	-34,00	-47,63
1762	31.07.20 13:21:21	15,13	0,27	-8,66	-35,20	-46,14
1763	31.07.20 13:21:22	15,13	0,29	-8,58	-33,03	-48,39
1764	31.07.20 13:21:23	15,13	0,27	-8,01	-32,11	-49,88
1765	31.07.20 13:21:24	15,17	0,29	-8,55	-33,10	-48,36
1766	31.07.20 13:21:25	15,17	0,27	-8,55	-35,31	-46,14
1767	31.07.20 13:21:26	15,17	0,27	-8,98	-34,41	-46,61
1768	31.07.20 13:21:27	15,20	0,27	-7,95	-31,79	-50,26
1769	31.07.20 13:21:28	15,20	0,27	-8,02	-32,73	-49,24
1770	31.07.20 13:21:29	15,23	0,29	-8,89	-33,99	-47,12
1771	31.07.20 13:21:30	15,23	0,29	-8,70	-35,53	-45,76
1772	31.07.20 13:21:31	15,26	0,29	-8,58	-32,19	-49,23
1773	31.07.20 13:21:32	15,26	0,29	-7,74	-32,33	-49,93
1774	31.07.20 13:21:33	15,26	0,29	-8,27	-34,55	-47,18
1775	31.07.20 13:21:34	15,26	0,27	-8,73	-34,59	-46,69
1776	31.07.20 13:21:35	15,26	0,29	-8,09	-32,43	-49,48
1777	31.07.20 13:21:36	15,29	0,29	-4,29	-39,18	-46,53
1778	31.07.20 13:21:37	15,29	0,29	36,37	14,53	39,10
1779	31.07.20 13:21:38	15,29	0,20	64,48	12,81	-12,70
1780	31.07.20 13:21:39	15,41	0,15	73,86	6,96	-9,18
1781	31.07.20 13:21:40	15,56	0,15	69,89	8,91	-11,19
1782	31.07.20 13:21:41	15,71	0,18	70,65	5,02	-14,34
1783	31.07.20 13:21:42	15,83	0,11	77,55	-1,03	-11,41
1784	31.07.20 13:21:43	15,99	0,11	75,17	4,77	10,07
1785	31.07.20 13:21:44	16,11	0,06	22,51	-32,36	35,12
1786	31.07.20 13:21:45	16,20	0,36	40,12	-11,96	37,92
1787	31.07.20 13:21:46	16,26	0,39	18,81	-35,53	35,66
1788	31.07.20 13:21:47	16,35	0,44	39,65	-26,58	23,77
1789	31.07.20 13:21:48	16,38	0,44	38,34	-23,86	27,79
1790	31.07.20 13:21:49	16,38	0,41	72,25	8,07	9,68
1791	31.07.20 13:21:50	16,38	0,44	74,88	8,99	6,13
1792	31.07.20 13:21:51	16,38	0,46	75,83	5,69	-8,48
1793	31.07.20 13:21:52	16,38	0,46	54,42	32,81	2,77
1794	31.07.20 13:21:53	16,41	0,39	3,51	85,21	1,29
1795	31.07.20 13:21:54	16,59	0,39	-14,51	56,69	18,80
1796	31.07.20 13:21:55	16,74	0,36	-17,91	25,57	46,52
1797	31.07.20 13:21:56	16,92	0,32	-3,76	80,25	5,99
1798	31.07.20 13:21:57	17,13	0,27	-12,72	75,69	-1,59
1799	31.07.20 13:21:58	17,31	0,27	-15,03	73,98	0,99
1800	31.07.20 13:21:59	17,52	0,25	-57,61	6,98	25,40
