#0	Date-time:	15/08/2020 6:25:18 PM
#1	Recorder:	72H1067
#2	File type:	1
#3	Columns:	7
#4	Channels:	5
#5	Field separation:	0
#6	Decimal point:	0
#7	Date def.:	0	0
#8	Time def.:	0
#9	Channel 1:	Temperature(°C)	Temp(°C)	2	1
#10	Channel 2:	Pressure(Bar)	Press(Bar)	2	1
#11	Reconvertion:	0
#14	Channel 3:	Tilt-X(°)	Tilt-X(°)	2	1
#18	Channel 4:	Tilt-Y(°)	Tilt-Y(°)	2	1
#19	Line color:	1	2	3	4
#22	Channel 5:	Tilt-Z(°)	Tilt-Z(°)	2	1
#30	Trend Type Number:	3
#33	Limit Temp. Corr. OTCR:	1
1	15.08.20 17:52:00	20,99	0,43	34,40	-2,21	53,39
2	15.08.20 17:52:01	20,99	0,50	42,15	2,38	45,47
3	15.08.20 17:52:02	20,96	0,54	38,64	-1,54	49,82
4	15.08.20 17:52:03	20,96	0,57	48,41	4,89	36,70
5	15.08.20 17:52:04	20,96	0,59	45,80	-0,24	43,96
6	15.08.20 17:52:05	20,96	0,57	42,04	1,88	46,07
7	15.08.20 17:52:06	20,96	0,57	43,77	-11,58	34,65
8	15.08.20 17:52:07	20,93	0,63	55,76	-9,58	24,66
9	15.08.20 17:52:08	20,90	0,63	57,04	0,86	32,10
10	15.08.20 17:52:09	20,90	0,65	58,00	2,72	29,28
11	15.08.20 17:52:10	20,90	0,67	54,00	1,22	34,78
12	15.08.20 17:52:11	20,87	0,65	51,80	-0,92	37,29
13	15.08.20 17:52:12	20,87	0,65	48,78	-2,71	38,51
14	15.08.20 17:52:13	20,87	0,67	48,67	-3,93	37,40
15	15.08.20 17:52:14	20,87	0,67	48,76	-1,64	39,60
16	15.08.20 17:52:15	20,87	0,69	49,10	-1,12	39,78
17	15.08.20 17:52:16	20,84	0,69	52,38	1,00	36,62
18	15.08.20 17:52:17	20,84	0,71	53,75	2,96	33,28
19	15.08.20 17:52:18	20,84	0,71	54,24	6,50	29,26
20	15.08.20 17:52:19	20,84	0,74	57,61	3,89	28,50
21	15.08.20 17:52:20	20,84	0,71	53,75	3,04	33,21
22	15.08.20 17:52:21	20,84	0,71	47,66	3,40	38,94
23	15.08.20 17:52:22	20,81	0,74	55,59	3,32	31,09
24	15.08.20 17:52:23	20,81	0,78	61,21	5,62	23,17
25	15.08.20 17:52:24	20,81	0,78	58,90	5,22	25,88
26	15.08.20 17:52:25	20,78	0,76	51,31	2,36	36,33
27	15.08.20 17:52:26	20,78	0,78	54,59	8,07	27,35
28	15.08.20 17:52:27	20,78	0,82	60,53	9,45	20,02
29	15.08.20 17:52:28	20,78	0,82	58,77	5,57	25,65
30	15.08.20 17:52:29	20,75	0,76	50,55	-1,60	37,85
31	15.08.20 17:52:30	20,75	0,78	54,32	3,64	32,04
32	15.08.20 17:52:31	20,75	0,82	54,81	10,12	25,07
33	15.08.20 17:52:32	20,75	0,84	54,56	15,94	19,50
34	15.08.20 17:52:33	20,75	0,84	56,97	16,89	16,15
35	15.08.20 17:52:34	20,75	0,86	57,36	14,33	18,31
36	15.08.20 17:52:35	20,75	0,86	57,25	3,85	28,90
37	15.08.20 17:52:36	20,72	0,84	53,82	5,09	31,09
38	15.08.20 17:52:37	20,69	0,86	53,67	13,49	22,84
39	15.08.20 17:52:38	20,69	0,88	57,49	13,92	18,60
40	15.08.20 17:52:39	20,69	0,91	59,91	12,32	17,77
41	15.08.20 17:52:40	20,69	0,93	57,71	12,61	19,68
42	15.08.20 17:52:41	20,69	0,93	57,68	12,58	19,74
43	15.08.20 17:52:42	20,66	0,93	58,13	9,58	22,29
44	15.08.20 17:52:43	20,66	0,90	55,68	8,22	26,10
45	15.08.20 17:52:44	20,66	0,90	54,23	8,79	26,98
46	15.08.20 17:52:45	20,66	0,90	58,18	9,53	22,30
47	15.08.20 17:52:46	20,66	0,93	59,24	8,19	22,57
48	15.08.20 17:52:47	20,63	0,95	55,65	12,39	21,96
49	15.08.20 17:52:48	20,63	0,93	57,44	13,15	19,42
50	15.08.20 17:52:49	20,63	0,97	58,32	11,78	19,89
51	15.08.20 17:52:50	20,63	0,97	57,08	10,32	22,60
52	15.08.20 17:52:51	20,63	0,97	56,24	10,23	23,53
53	15.08.20 17:52:52	20,63	0,97	58,79	8,90	22,30
54	15.08.20 17:52:53	20,63	0,99	57,13	8,07	24,80
55	15.08.20 17:52:54	20,63	0,99	58,73	9,47	21,80
56	15.08.20 17:52:55	20,63	1,03	62,33	11,88	15,78
57	15.08.20 17:52:56	20,60	1,03	57,65	11,37	20,98
58	15.08.20 17:52:57	20,60	1,05	56,73	5,37	27,90
59	15.08.20 17:52:58	20,60	1,05	54,87	9,23	25,90
60	15.08.20 17:52:59	20,60	1,05	61,54	12,15	16,31
61	15.08.20 17:53:00	20,58	1,05	59,36	10,37	20,27
62	15.08.20 17:53:01	20,58	1,10	57,23	6,87	25,90
63	15.08.20 17:53:02	20,58	1,10	56,78	7,85	25,38
64	15.08.20 17:53:03	20,58	1,10	62,19	8,49	19,32
65	15.08.20 17:53:04	20,58	1,14	62,72	8,24	19,04
66	15.08.20 17:53:05	20,58	1,14	59,53	9,71	20,77
67	15.08.20 17:53:06	20,58	1,18	58,59	10,97	20,44
68	15.08.20 17:53:07	20,58	1,16	57,40	11,04	21,56
69	15.08.20 17:53:08	20,58	1,16	53,87	8,91	27,22
70	15.08.20 17:53:09	20,58	1,16	53,73	12,43	23,85
71	15.08.20 17:53:10	20,58	1,20	56,30	17,17	16,53
72	15.08.20 17:53:11	20,55	1,22	56,11	15,00	18,89
73	15.08.20 17:53:12	20,55	1,22	55,16	10,96	23,88
74	15.08.20 17:53:13	20,55	1,22	56,78	8,02	25,21
75	15.08.20 17:53:14	20,55	1,25	56,91	10,52	22,56
76	15.08.20 17:53:15	20,55	1,27	55,39	13,63	20,97
77	15.08.20 17:53:16	20,55	1,27	53,34	15,89	20,77
78	15.08.20 17:53:17	20,55	1,31	56,41	12,00	21,59
79	15.08.20 17:53:18	20,55	1,29	56,97	7,87	25,17
80	15.08.20 17:53:19	20,55	1,31	56,46	10,09	23,44
81	15.08.20 17:53:20	20,52	1,35	57,02	11,84	21,14
82	15.08.20 17:53:21	20,52	1,35	56,15	14,31	19,54
83	15.08.20 17:53:22	20,52	1,37	56,56	13,34	20,10
84	15.08.20 17:53:23	20,46	1,37	55,41	13,97	20,62
85	15.08.20 17:53:24	20,43	1,39	55,99	14,08	19,93
86	15.08.20 17:53:25	20,40	1,44	55,97	15,63	18,40
87	15.08.20 17:53:26	20,28	1,46	56,22	13,03	20,75
88	15.08.20 17:53:27	20,22	1,46	55,55	14,75	19,71
89	15.08.20 17:53:28	20,16	1,50	55,99	17,43	16,58
90	15.08.20 17:53:29	20,02	1,56	56,92	12,52	20,56
91	15.08.20 17:53:30	19,93	1,56	55,26	9,36	25,38
92	15.08.20 17:53:31	19,84	1,56	55,05	10,10	24,85
93	15.08.20 17:53:32	19,81	1,58	55,46	16,41	18,12
94	15.08.20 17:53:33	19,78	1,67	57,54	17,17	15,30
95	15.08.20 17:53:34	19,52	1,64	58,03	10,34	21,63
96	15.08.20 17:53:35	19,40	1,64	55,85	5,58	28,57
97	15.08.20 17:53:36	19,25	1,73	54,13	13,68	22,19
98	15.08.20 17:53:37	18,89	1,89	57,68	17,71	14,61
99	15.08.20 17:53:38	18,30	1,78	59,40	9,48	21,12
100	15.08.20 17:53:39	18,03	1,76	59,29	3,85	26,87
101	15.08.20 17:53:40	17,94	1,78	58,33	8,95	22,72
102	15.08.20 17:53:41	17,82	1,78	60,71	2,93	26,36
103	15.08.20 17:53:42	17,76	1,77	59,64	-0,76	29,61
104	15.08.20 17:53:43	17,73	1,77	60,01	-0,71	29,28
105	15.08.20 17:53:44	17,73	1,75	61,16	0,54	28,31
106	15.08.20 17:53:45	17,73	1,73	53,19	-10,05	26,75
107	15.08.20 17:53:46	17,76	1,69	51,15	-9,77	29,08
108	15.08.20 17:53:47	17,76	1,71	53,61	-8,99	27,40
109	15.08.20 17:53:48	17,70	1,73	54,50	-11,02	24,47
110	15.08.20 17:53:49	17,58	1,73	57,66	-7,74	24,60
111	15.08.20 17:53:50	17,52	1,77	54,72	11,25	24,03
112	15.08.20 17:53:51	17,16	1,92	58,70	9,69	21,61
113	15.08.20 17:53:52	16,35	1,95	59,85	8,35	21,80
114	15.08.20 17:53:53	15,93	1,97	60,70	9,26	20,05
115	15.08.20 17:53:54	15,68	1,97	57,38	12,82	19,80
116	15.08.20 17:53:55	15,47	1,94	56,14	15,77	18,09
117	15.08.20 17:53:56	15,25	2,01	56,21	17,03	16,76
118	15.08.20 17:53:57	15,10	2,07	55,25	15,18	19,57
119	15.08.20 17:53:58	14,92	2,03	52,82	11,70	25,48
120	15.08.20 17:53:59	14,82	2,05	53,04	14,50	22,45
121	15.08.20 17:54:00	14,76	2,07	57,16	14,90	17,94
122	15.08.20 17:54:01	14,76	2,09	59,27	12,54	18,19
123	15.08.20 17:54:02	14,79	2,11	56,77	9,79	23,44
124	15.08.20 17:54:03	14,79	2,13	56,90	9,45	23,65
125	15.08.20 17:54:04	14,82	2,17	57,73	10,64	21,63
126	15.08.20 17:54:05	14,67	2,22	58,43	9,64	21,93
127	15.08.20 17:54:06	14,55	2,24	59,58	6,67	23,74
128	15.08.20 17:54:07	14,52	2,21	57,24	4,69	28,07
129	15.08.20 17:54:08	14,55	2,19	55,83	2,93	31,24
130	15.08.20 17:54:09	14,58	2,19	54,20	3,51	32,29
131	15.08.20 17:54:10	14,64	2,21	58,70	2,80	28,50
132	15.08.20 17:54:11	14,67	2,22	58,20	1,73	30,08
133	15.08.20 17:54:12	14,70	2,24	56,79	0,91	32,29
134	15.08.20 17:54:13	14,73	2,24	61,21	1,25	27,54
135	15.08.20 17:54:14	14,76	2,26	64,77	1,14	24,09
136	15.08.20 17:54:15	14,76	2,28	58,32	-0,21	31,47
137	15.08.20 17:54:16	14,76	2,30	54,92	-2,44	32,64
138	15.08.20 17:54:17	14,67	2,30	59,10	-1,40	29,50
139	15.08.20 17:54:18	14,52	2,34	64,52	-0,09	25,39
140	15.08.20 17:54:19	14,42	2,34	61,59	-0,35	28,05
141	15.08.20 17:54:20	14,39	2,34	56,17	-0,48	33,35
142	15.08.20 17:54:21	14,36	2,34	54,00	-0,24	35,76
143	15.08.20 17:54:22	14,21	2,32	50,94	-1,03	38,03
144	15.08.20 17:54:23	14,08	2,29	43,00	-8,87	38,13
145	15.08.20 17:54:24	13,86	2,27	38,47	-9,80	41,73
146	15.08.20 17:54:25	13,71	2,31	39,36	-8,70	41,94
147	15.08.20 17:54:26	13,58	2,27	38,47	-10,10	41,43
148	15.08.20 17:54:27	13,40	2,31	32,23	-13,07	44,70
149	15.08.20 17:54:28	13,11	2,33	42,97	-1,94	45,09
150	15.08.20 17:54:29	12,83	2,30	51,54	-3,13	35,33
151	15.08.20 17:54:30	12,70	2,28	51,21	-0,96	37,83
152	15.08.20 17:54:31	12,55	2,22	51,78	1,52	36,70
153	15.08.20 17:54:32	12,51	2,26	53,24	4,44	32,31
154	15.08.20 17:54:33	12,55	2,24	56,57	1,97	31,46
155	15.08.20 17:54:34	12,58	2,19	51,03	-3,28	35,69
156	15.08.20 17:54:35	12,58	2,19	49,70	-3,66	36,64
157	15.08.20 17:54:36	12,58	2,19	51,37	-1,32	37,30
158	15.08.20 17:54:37	12,61	2,15	49,09	-0,12	40,79
159	15.08.20 17:54:38	12,58	2,15	47,62	2,81	39,57
160	15.08.20 17:54:39	12,51	2,15	45,46	4,61	39,93
161	15.08.20 17:54:40	12,48	2,11	42,97	8,10	38,93
162	15.08.20 17:54:41	12,07	2,21	41,75	7,71	40,54
163	15.08.20 17:54:42	11,69	2,21	41,32	7,78	40,90
164	15.08.20 17:54:43	11,62	2,16	40,66	3,32	46,02
165	15.08.20 17:54:44	11,59	2,16	42,77	7,03	40,20
166	15.08.20 17:54:45	11,40	2,16	38,02	0,64	51,34
167	15.08.20 17:54:46	11,36	2,12	38,51	6,88	44,61
168	15.08.20 17:54:47	11,33	2,12	38,83	7,60	43,57
169	15.08.20 17:54:48	11,36	2,08	36,51	7,98	45,51
170	15.08.20 17:54:49	11,36	2,10	37,19	10,67	42,13
171	15.08.20 17:54:50	11,33	2,05	33,65	2,29	54,07
172	15.08.20 17:54:51	11,36	2,08	38,71	12,21	39,08
173	15.08.20 17:54:52	11,27	2,05	30,74	0,64	58,62
174	15.08.20 17:54:53	11,23	2,03	27,95	0,00	62,05
175	15.08.20 17:54:54	11,14	2,03	34,67	7,28	48,05
176	15.08.20 17:54:55	11,04	2,03	29,82	3,87	56,31
177	15.08.20 17:54:56	11,04	2,01	27,57	2,11	60,31
178	15.08.20 17:54:57	11,07	2,01	29,97	7,13	52,89
179	15.08.20 17:54:58	11,07	2,03	32,58	9,26	48,16
180	15.08.20 17:54:59	11,04	2,03	29,94	6,35	53,71
181	15.08.20 17:55:00	11,01	2,01	26,87	3,96	59,18
182	15.08.20 17:55:01	10,91	2,01	26,93	5,15	57,91
183	15.08.20 17:55:02	10,81	2,03	25,57	4,61	59,82
184	15.08.20 17:55:03	10,75	2,03	23,76	5,92	60,32
185	15.08.20 17:55:04	10,72	2,03	26,53	10,18	53,29
186	15.08.20 17:55:05	10,65	2,03	27,98	10,59	51,43
187	15.08.20 17:55:06	10,65	2,03	28,38	9,67	51,95
188	15.08.20 17:55:07	10,52	2,05	26,03	9,40	54,57
189	15.08.20 17:55:08	10,42	2,02	25,46	10,17	54,37
190	15.08.20 17:55:09	10,36	2,04	26,70	11,94	51,36
191	15.08.20 17:55:10	10,29	2,04	23,63	12,14	54,23
192	15.08.20 17:55:11	10,22	2,06	25,67	15,02	49,32
193	15.08.20 17:55:12	10,19	2,04	27,09	13,33	49,58
194	15.08.20 17:55:13	10,16	2,06	26,32	14,76	48,92
195	15.08.20 17:55:14	10,13	2,09	31,51	16,88	41,61
196	15.08.20 17:55:15	10,09	2,11	33,82	18,48	37,71
197	15.08.20 17:55:16	10,03	2,11	34,22	20,34	35,44
198	15.08.20 17:55:17	9,99	2,13	29,58	19,36	41,06
199	15.08.20 17:55:18	9,96	2,13	30,74	19,36	39,90
200	15.08.20 17:55:19	9,89	2,15	29,55	19,53	40,92
201	15.08.20 17:55:20	9,73	2,17	27,98	19,90	42,11
202	15.08.20 17:55:21	9,56	2,17	37,58	21,86	30,56
203	15.08.20 17:55:22	9,53	2,19	37,48	23,80	28,72
204	15.08.20 17:55:23	9,53	2,21	38,83	25,10	26,06
205	15.08.20 17:55:24	9,53	2,23	38,00	25,52	26,48
206	15.08.20 17:55:25	9,60	2,23	39,61	25,16	25,23
207	15.08.20 17:55:26	9,60	2,25	39,69	27,55	22,77
208	15.08.20 17:55:27	9,56	2,27	39,29	27,99	22,72
209	15.08.20 17:55:28	9,60	2,29	45,44	29,32	15,24
210	15.08.20 17:55:29	9,53	2,29	50,95	30,74	8,31
211	15.08.20 17:55:30	9,46	2,27	33,10	16,65	40,25
212	15.08.20 17:55:31	9,40	2,29	44,94	31,67	13,40
213	15.08.20 17:55:32	9,26	2,33	46,47	32,30	11,22
214	15.08.20 17:55:33	9,20	2,33	26,99	15,92	47,10
215	15.08.20 17:55:34	9,16	2,31	31,25	23,46	35,29
216	15.08.20 17:55:35	9,06	2,35	36,37	28,24	25,40
217	15.08.20 17:55:36	9,00	2,35	52,14	35,07	-2,79
218	15.08.20 17:55:37	9,00	2,37	34,21	19,37	36,43
219	15.08.20 17:55:38	9,00	2,39	38,00	27,23	24,77
220	15.08.20 17:55:39	8,96	2,42	53,78	31,83	-4,39
221	15.08.20 17:55:40	8,86	2,44	30,65	17,71	41,64
222	15.08.20 17:55:41	8,83	2,44	28,13	23,74	38,14
223	15.08.20 17:55:42	8,73	2,48	31,95	25,43	32,62
224	15.08.20 17:55:43	8,52	2,48	38,96	29,98	21,06
225	15.08.20 17:55:44	8,42	2,47	49,65	33,53	-6,82
226	15.08.20 17:55:45	8,35	2,54	32,29	17,52	40,19
227	15.08.20 17:55:46	8,29	2,54	50,64	35,31	4,05
228	15.08.20 17:55:47	8,22	2,56	50,76	36,48	2,76
229	15.08.20 17:55:48	8,05	2,58	29,70	20,63	39,66
230	15.08.20 17:55:49	7,95	2,60	29,80	26,39	33,81
231	15.08.20 17:55:50	7,77	2,64	47,24	38,92	3,84
232	15.08.20 17:55:51	7,67	2,64	45,39	35,53	9,08
233	15.08.20 17:55:52	7,57	2,64	32,55	20,43	37,02
234	15.08.20 17:55:53	7,53	2,66	54,07	27,53	-8,40
235	15.08.20 17:55:54	7,50	2,72	41,00	22,63	26,38
236	15.08.20 17:55:55	7,43	2,68	42,38	28,33	19,29
237	15.08.20 17:55:56	7,40	2,70	46,94	35,21	-7,84
238	15.08.20 17:55:57	7,36	2,72	30,69	21,84	37,47
239	15.08.20 17:55:58	7,36	2,72	29,74	25,73	34,53
240	15.08.20 17:55:59	7,22	2,76	49,63	35,05	5,32
241	15.08.20 17:56:00	7,05	2,78	49,93	36,20	3,86
242	15.08.20 17:56:01	7,01	2,78	32,92	19,13	37,95
243	15.08.20 17:56:02	6,94	2,84	51,15	28,91	-9,93
244	15.08.20 17:56:03	6,91	2,84	39,37	26,85	23,78
245	15.08.20 17:56:04	6,91	2,87	33,21	25,65	31,15
246	15.08.20 17:56:05	6,84	2,89	50,85	32,60	-6,55
247	15.08.20 17:56:06	6,73	2,91	35,46	25,81	28,73
248	15.08.20 17:56:07	6,73	2,89	36,98	29,84	23,18
249	15.08.20 17:56:08	6,70	2,93	47,98	32,47	-9,55
250	15.08.20 17:56:09	6,70	2,95	31,37	16,02	42,61
251	15.08.20 17:56:10	6,70	2,97	57,24	32,36	0,39
252	15.08.20 17:56:11	6,73	2,99	45,51	33,25	11,24
253	15.08.20 17:56:12	6,73	3,01	27,84	21,48	40,67
254	15.08.20 17:56:13	6,70	3,03	40,74	34,03	15,24
255	15.08.20 17:56:14	6,63	3,03	48,99	35,73	-5,29
256	15.08.20 17:56:15	6,59	3,06	29,54	18,59	41,87
257	15.08.20 17:56:16	6,59	3,08	52,18	32,99	-4,83
258	15.08.20 17:56:17	6,56	3,12	45,60	31,73	12,67
259	15.08.20 17:56:18	6,52	3,12	31,68	22,77	35,55
260	15.08.20 17:56:19	6,52	3,12	49,07	35,34	-5,59
261	15.08.20 17:56:20	6,52	3,14	32,94	26,77	30,29
262	15.08.20 17:56:21	6,56	3,16	28,49	20,81	40,71
263	15.08.20 17:56:22	6,52	3,18	44,17	33,04	12,80
264	15.08.20 17:56:23	6,49	3,23	50,10	36,13	3,77
265	15.08.20 17:56:24	6,49	3,23	33,21	19,01	37,79
266	15.08.20 17:56:25	6,49	3,27	51,72	30,62	-7,66
267	15.08.20 17:56:26	6,49	3,27	41,60	31,25	17,15
268	15.08.20 17:56:27	6,42	3,29	36,15	24,24	29,61
269	15.08.20 17:56:28	6,38	3,29	46,21	33,02	-10,77
270	15.08.20 17:56:29	6,31	3,33	33,27	28,92	27,81
271	15.08.20 17:56:30	6,28	3,33	33,69	25,63	30,68
272	15.08.20 17:56:31	6,17	3,37	50,06	28,56	-11,38
273	15.08.20 17:56:32	6,06	3,41	32,96	19,94	37,10
274	15.08.20 17:56:33	5,99	3,41	55,33	34,38	0,29
275	15.08.20 17:56:34	5,96	3,48	46,95	33,34	9,71
276	15.08.20 17:56:35	5,89	3,48	30,68	23,27	36,05
277	15.08.20 17:56:36	5,78	3,52	49,13	39,27	-1,60
278	15.08.20 17:56:37	5,56	3,54	39,77	34,14	16,09
279	15.08.20 17:56:38	5,46	3,54	28,55	22,79	38,66
280	15.08.20 17:56:39	5,38	3,58	51,72	33,81	-4,47
281	15.08.20 17:56:40	5,31	3,60	40,16	27,00	22,84
282	15.08.20 17:56:41	5,24	3,62	39,08	25,23	25,69
283	15.08.20 17:56:42	5,20	3,62	51,01	32,21	-6,78
284	15.08.20 17:56:43	5,10	3,62	29,40	18,93	41,67
285	15.08.20 17:56:44	4,99	3,70	37,98	30,87	21,15
286	15.08.20 17:56:45	4,88	3,72	50,38	38,08	-1,55
287	15.08.20 17:56:46	4,77	3,72	28,91	16,97	44,13
288	15.08.20 17:56:47	4,70	3,74	37,23	28,69	24,08
289	15.08.20 17:56:48	4,59	3,78	50,47	37,80	-1,73
290	15.08.20 17:56:49	4,48	3,80	30,92	15,50	43,57
291	15.08.20 17:56:50	4,44	3,80	33,59	23,85	32,55
292	15.08.20 17:56:51	4,40	3,87	39,29	26,22	24,49
293	15.08.20 17:56:52	4,37	3,87	49,23	28,62	12,15
294	15.08.20 17:56:53	4,37	3,89	55,48	29,62	4,90
295	15.08.20 17:56:54	4,37	3,91	35,64	21,40	32,96
296	15.08.20 17:56:55	4,37	3,91	26,13	16,51	47,37
297	15.08.20 17:56:56	4,33	3,95	22,37	13,76	53,87
298	15.08.20 17:56:57	4,18	3,95	25,25	15,28	49,47
299	15.08.20 17:56:58	4,03	3,97	27,79	14,57	47,64
300	15.08.20 17:56:59	3,96	3,99	32,79	20,08	37,13
301	15.08.20 17:57:00	3,85	4,03	36,54	21,10	32,35
302	15.08.20 17:57:01	3,77	4,05	35,64	23,72	30,64
303	15.08.20 17:57:02	3,77	4,05	32,85	21,57	35,58
304	15.08.20 17:57:03	3,77	4,07	27,92	19,38	42,70
305	15.08.20 17:57:04	3,70	4,05	22,76	16,31	50,92
306	15.08.20 17:57:05	3,59	4,11	22,43	13,31	54,26
307	15.08.20 17:57:06	3,55	4,11	26,45	15,87	47,69
308	15.08.20 17:57:07	3,51	4,13	29,41	18,98	41,61
309	15.08.20 17:57:08	3,47	4,13	38,60	22,24	29,16
310	15.08.20 17:57:09	3,47	4,18	46,04	30,20	13,76
311	15.08.20 17:57:10	3,47	4,20	40,27	29,89	19,83
312	15.08.20 17:57:11	3,47	4,20	32,26	24,56	33,19
313	15.08.20 17:57:12	3,47	4,24	27,20	21,68	41,12
314	15.08.20 17:57:13	3,44	4,22	28,85	22,29	38,87
315	15.08.20 17:57:14	3,36	4,28	35,59	25,25	29,16
316	15.08.20 17:57:15	3,28	4,30	50,72	32,78	6,50
317	15.08.20 17:57:16	3,25	4,32	38,72	26,74	24,54
318	15.08.20 17:57:17	3,28	4,32	26,40	17,58	46,02
319	15.08.20 17:57:18	3,25	4,37	30,49	21,57	37,93
320	15.08.20 17:57:19	3,17	4,37	30,23	20,94	38,83
321	15.08.20 17:57:20	3,13	4,41	29,82	22,82	37,36
322	15.08.20 17:57:21	3,10	4,41	35,13	24,69	30,19
323	15.08.20 17:57:22	3,06	4,45	40,55	32,08	17,37
324	15.08.20 17:57:23	3,02	4,45	44,61	33,98	11,41
325	15.08.20 17:57:24	3,06	4,47	28,16	17,56	44,29
326	15.08.20 17:57:25	3,06	4,49	30,58	24,02	35,41
327	15.08.20 17:57:26	3,06	4,51	35,49	27,33	27,19
328	15.08.20 17:57:27	3,02	4,53	53,53	35,94	0,52
329	15.08.20 17:57:28	3,02	4,56	39,01	22,14	28,85
330	15.08.20 17:57:29	3,02	4,58	34,60	23,55	31,85
331	15.08.20 17:57:30	2,98	4,62	38,23	29,21	22,56
332	15.08.20 17:57:31	2,94	4,62	49,98	36,65	-3,38
333	15.08.20 17:57:32	2,94	4,64	30,91	18,05	41,04
334	15.08.20 17:57:33	2,94	4,68	34,24	25,51	30,26
335	15.08.20 17:57:34	2,87	4,70	49,10	35,45	5,45
336	15.08.20 17:57:35	2,83	4,73	35,38	24,94	29,68
337	15.08.20 17:57:36	2,83	4,73	25,10	20,22	44,68
338	15.08.20 17:57:37	2,83	4,77	25,80	21,47	42,74
339	15.08.20 17:57:38	2,75	4,79	32,13	21,79	36,08
340	15.08.20 17:57:39	2,72	4,83	41,33	27,03	21,63
341	15.08.20 17:57:40	2,68	4,85	45,04	28,80	16,16
342	15.08.20 17:57:41	2,72	4,85	32,42	23,69	33,89
343	15.08.20 17:57:42	2,75	4,87	27,46	16,28	46,26
344	15.08.20 17:57:43	2,75	4,90	25,20	13,54	51,27
345	15.08.20 17:57:44	2,72	4,92	23,86	10,28	55,86
346	15.08.20 17:57:45	2,68	4,94	24,18	10,43	55,39
347	15.08.20 17:57:46	2,68	4,98	26,06	11,04	52,90
348	15.08.20 17:57:47	2,68	5,00	27,09	13,21	49,70
349	15.08.20 17:57:48	2,60	5,02	23,54	14,91	51,55
350	15.08.20 17:57:49	2,60	5,02	23,86	16,71	49,42
351	15.08.20 17:57:50	2,56	5,04	24,26	12,53	53,21
352	15.08.20 17:57:51	2,56	5,06	25,60	13,68	50,72
353	15.08.20 17:57:52	2,56	5,09	27,25	17,74	45,01
354	15.08.20 17:57:53	2,52	5,09	24,35	15,84	49,81
355	15.08.20 17:57:54	2,49	5,13	26,18	14,57	49,25
356	15.08.20 17:57:55	2,45	5,15	28,14	16,73	45,13
357	15.08.20 17:57:56	2,49	5,15	29,80	20,32	39,88
358	15.08.20 17:57:57	2,49	5,17	28,84	19,92	41,24
359	15.08.20 17:57:58	2,52	5,19	28,75	18,28	42,97
360	15.08.20 17:57:59	2,56	5,24	34,62	23,22	32,16
361	15.08.20 17:58:00	2,56	5,24	39,28	26,47	24,25
362	15.08.20 17:58:01	2,56	5,26	44,97	34,60	10,43
363	15.08.20 17:58:02	2,56	5,28	35,18	26,79	28,02
364	15.08.20 17:58:03	2,60	5,28	31,20	23,77	35,03
365	15.08.20 17:58:04	2,60	5,32	32,73	25,64	31,64
366	15.08.20 17:58:05	2,56	5,34	43,60	30,64	15,75
367	15.08.20 17:58:06	2,56	5,39	48,03	31,13	10,84
368	15.08.20 17:58:07	2,56	5,39	29,45	16,67	43,88
369	15.08.20 17:58:08	2,60	5,39	26,13	22,01	41,86
370	15.08.20 17:58:09	2,56	5,43	26,72	21,93	41,35
371	15.08.20 17:58:10	2,52	5,45	29,89	24,74	35,36
372	15.08.20 17:58:11	2,49	5,49	35,85	28,53	25,62
373	15.08.20 17:58:12	2,49	5,49	49,08	33,80	-7,12
374	15.08.20 17:58:13	2,45	5,53	34,83	18,70	36,47
375	15.08.20 17:58:14	2,49	5,56	42,58	30,62	16,80
376	15.08.20 17:58:15	2,45	5,55	46,91	34,18	-8,91
377	15.08.20 17:58:16	2,41	5,58	28,99	20,64	40,37
378	15.08.20 17:58:17	2,41	5,62	34,95	29,71	25,34
379	15.08.20 17:58:18	2,41	5,64	44,92	31,44	-13,64
380	15.08.20 17:58:19	2,37	5,66	32,95	24,01	33,04
381	15.08.20 17:58:20	2,37	5,68	46,20	31,42	12,38
382	15.08.20 17:58:21	2,33	5,72	45,02	28,98	15,99
383	15.08.20 17:58:22	2,33	5,75	35,27	21,34	33,39
384	15.08.20 17:58:23	2,33	5,77	51,48	34,99	-3,53
385	15.08.20 17:58:24	2,33	5,79	27,96	17,43	44,61
386	15.08.20 17:58:25	2,29	5,81	21,98	16,33	51,69
387	15.08.20 17:58:26	2,26	5,87	21,80	13,18	55,02
388	15.08.20 17:58:27	2,18	5,89	24,50	13,92	51,57
389	15.08.20 17:58:28	2,14	5,92	27,02	6,38	56,60
390	15.08.20 17:58:29	2,14	5,98	31,70	4,08	54,22
391	15.08.20 17:58:30	2,14	6,00	25,91	-6,95	57,14
392	15.08.20 17:58:31	2,14	6,04	20,58	-24,21	45,21
393	15.08.20 17:58:32	2,10	6,09	17,11	-19,72	53,17
394	15.08.20 17:58:33	2,10	6,06	19,77	-19,24	50,99
395	15.08.20 17:58:34	2,10	6,13	23,88	-19,99	46,13
396	15.08.20 17:58:35	2,06	6,13	21,31	-16,00	52,69
397	15.08.20 17:58:36	2,02	6,15	21,47	-19,93	48,61
398	15.08.20 17:58:37	2,02	6,15	23,52	-20,28	46,20
399	15.08.20 17:58:38	2,02	6,15	23,59	-16,41	50,00
400	15.08.20 17:58:39	2,02	6,17	23,16	-14,32	52,52
401	15.08.20 17:58:40	1,98	6,21	28,90	-18,78	42,32
402	15.08.20 17:58:41	1,98	6,21	30,71	-13,93	45,36
403	15.08.20 17:58:42	1,98	6,23	29,74	-11,67	48,59
404	15.08.20 17:58:43	2,02	6,28	35,28	-15,10	39,61
405	15.08.20 17:58:44	2,02	6,28	32,82	-13,50	43,68
406	15.08.20 17:58:45	2,02	6,28	33,47	-15,01	41,52
407	15.08.20 17:58:46	2,06	6,32	35,46	-11,12	43,42
408	15.08.20 17:58:47	2,02	6,34	40,12	-8,92	40,96
409	15.08.20 17:58:48	2,02	6,34	43,61	-3,60	42,79
410	15.08.20 17:58:49	2,06	6,38	48,10	-0,54	41,36
411	15.08.20 17:58:50	2,06	6,41	51,06	-0,09	38,85
412	15.08.20 17:58:51	2,02	6,43	44,62	-3,89	41,49
413	15.08.20 17:58:52	2,02	6,41	35,93	-11,91	42,17
414	15.08.20 17:58:53	2,02	6,45	42,84	-2,89	44,28
415	15.08.20 17:58:54	2,02	6,47	50,18	1,15	38,67
416	15.08.20 17:58:55	1,98	6,51	49,63	-0,59	39,78
417	15.08.20 17:58:56	1,98	6,53	43,27	-3,71	43,02
418	15.08.20 17:58:57	1,98	6,56	41,07	-6,02	42,91
419	15.08.20 17:58:58	1,98	6,58	41,13	-4,73	44,14
420	15.08.20 17:58:59	1,98	6,60	45,15	-0,95	43,90
421	15.08.20 17:59:00	1,98	6,62	48,56	0,59	40,85
422	15.08.20 17:59:01	1,98	6,64	44,22	-1,05	44,72
423	15.08.20 17:59:02	1,98	6,66	46,01	0,55	43,45
424	15.08.20 17:59:03	1,98	6,73	51,48	3,09	35,44
425	15.08.20 17:59:04	1,95	6,73	48,05	-0,12	41,83
426	15.08.20 17:59:05	1,95	6,75	45,58	1,61	42,80
427	15.08.20 17:59:06	1,95	6,77	47,66	2,70	39,64
428	15.08.20 17:59:07	1,95	6,81	49,26	2,77	37,98
429	15.08.20 17:59:08	1,95	6,83	49,07	1,88	39,05
430	15.08.20 17:59:09	1,95	6,88	47,35	3,22	39,42
431	15.08.20 17:59:10	1,95	6,92	45,92	0,18	43,90
432	15.08.20 17:59:11	1,95	6,94	46,70	2,32	40,98
433	15.08.20 17:59:12	1,91	6,98	52,12	1,59	36,29
434	15.08.20 17:59:13	1,91	7,00	53,55	1,64	34,81
435	15.08.20 17:59:14	1,91	7,05	51,67	1,30	37,03
436	15.08.20 17:59:15	1,91	7,07	48,10	-2,46	39,43
437	15.08.20 17:59:16	1,91	7,09	47,58	3,00	39,42
438	15.08.20 17:59:17	1,91	7,15	48,98	-0,33	40,69
439	15.08.20 17:59:18	1,87	7,20	53,39	2,57	34,04
440	15.08.20 17:59:19	1,83	7,22	57,49	1,16	31,35
441	15.08.20 17:59:20	1,83	7,26	50,38	-1,01	38,61
442	15.08.20 17:59:21	1,79	7,26	39,75	-4,93	45,32
443	15.08.20 17:59:22	1,79	7,28	45,89	1,46	42,65
444	15.08.20 17:59:23	1,79	7,32	49,62	1,73	38,65
445	15.08.20 17:59:24	1,79	7,34	47,43	1,99	40,57
446	15.08.20 17:59:25	1,83	7,39	46,25	1,74	42,01
447	15.08.20 17:59:26	1,83	7,41	48,43	4,31	37,26
448	15.08.20 17:59:27	1,83	7,45	53,55	4,82	31,63
449	15.08.20 17:59:28	1,83	7,45	51,72	4,65	33,63
450	15.08.20 17:59:29	1,83	7,47	46,41	4,66	38,93
451	15.08.20 17:59:30	1,83	7,50	28,03	6,48	55,49
452	15.08.20 17:59:31	1,83	7,52	-4,49	11,75	73,76
453	15.08.20 17:59:32	1,79	7,54	5,02	16,24	68,73
454	15.08.20 17:59:33	1,75	7,52	-4,89	16,74	68,37
455	15.08.20 17:59:34	1,75	7,49	-2,68	8,35	78,97
456	15.08.20 17:59:35	1,75	7,52	-2,10	4,80	83,10
457	15.08.20 17:59:36	1,71	7,54	-5,13	5,47	79,40
458	15.08.20 17:59:37	1,71	7,56	-5,71	0,48	83,81
459	15.08.20 17:59:38	1,67	7,51	-1,46	-1,71	86,82
460	15.08.20 17:59:39	1,63	7,51	-3,86	0,23	85,90
461	15.08.20 17:59:40	1,59	7,51	-10,61	3,71	75,68
462	15.08.20 17:59:41	1,59	7,53	-2,56	1,56	85,87
463	15.08.20 17:59:42	1,59	7,53	-3,63	1,26	85,11
464	15.08.20 17:59:43	1,59	7,53	-3,13	1,25	85,62
465	15.08.20 17:59:44	1,56	7,53	1,13	-5,27	83,61
466	15.08.20 17:59:45	1,56	7,51	-8,58	0,58	80,83
467	15.08.20 17:59:46	1,56	7,53	-6,82	-1,84	81,34
468	15.08.20 17:59:47	1,56	7,53	-5,19	-2,05	82,75
469	15.08.20 17:59:48	1,56	7,53	-9,20	1,40	79,40
470	15.08.20 17:59:49	1,56	7,51	-3,01	0,21	86,78
471	15.08.20 17:59:50	1,56	7,51	-3,51	0,06	86,43
472	15.08.20 17:59:51	1,56	7,51	-4,85	-1,09	84,07
473	15.08.20 17:59:52	1,56	7,51	-4,59	-2,82	82,59
474	15.08.20 17:59:53	1,56	7,51	-0,48	-1,11	88,41
475	15.08.20 17:59:54	1,56	7,51	0,23	4,91	84,86
476	15.08.20 17:59:55	1,56	7,51	-11,36	2,83	75,80
477	15.08.20 17:59:56	1,56	7,53	-10,54	3,14	76,32
478	15.08.20 17:59:57	1,56	7,51	-4,98	-0,48	84,54
479	15.08.20 17:59:58	1,52	7,53	-4,08	-0,89	85,03
480	15.08.20 17:59:59	1,52	7,53	-3,49	-2,13	84,38
481	15.08.20 18:00:00	1,52	7,51	-5,28	0,60	84,12
482	15.08.20 18:00:01	1,52	7,53	-4,80	0,12	85,08
483	15.08.20 18:00:02	1,52	7,51	-6,22	0,98	82,80
484	15.08.20 18:00:03	1,52	7,51	-8,40	2,03	79,57
485	15.08.20 18:00:04	1,52	7,53	1,51	-4,93	83,56
486	15.08.20 18:00:05	1,52	7,53	3,09	-9,82	77,09
487	15.08.20 18:00:06	1,52	7,53	-3,55	-5,89	80,56
488	15.08.20 18:00:07	1,52	7,53	-6,63	-5,06	78,32
489	15.08.20 18:00:08	1,52	7,53	-6,04	-7,44	76,52
490	15.08.20 18:00:09	1,52	7,51	-2,48	-3,03	84,49
491	15.08.20 18:00:10	1,52	7,53	-4,16	-3,30	82,55
492	15.08.20 18:00:11	1,48	7,53	-4,80	-6,11	79,10
493	15.08.20 18:00:12	1,48	7,55	-2,35	-5,54	82,12
494	15.08.20 18:00:13	1,48	7,51	-4,18	-8,63	77,19
495	15.08.20 18:00:14	1,48	7,53	-7,31	-8,86	73,83
496	15.08.20 18:00:15	1,48	7,53	-9,78	-13,69	66,53
497	15.08.20 18:00:16	1,48	7,53	-1,73	-8,68	79,60
498	15.08.20 18:00:17	1,48	7,55	-1,81	-3,82	84,37
499	15.08.20 18:00:18	1,48	7,51	-4,09	7,86	78,05
500	15.08.20 18:00:19	1,48	7,53	-2,57	9,87	77,57
501	15.08.20 18:00:20	1,48	7,55	-0,15	11,41	78,43
502	15.08.20 18:00:21	1,48	7,53	-4,28	6,33	79,39
503	15.08.20 18:00:22	1,48	7,53	-2,18	1,27	86,55
504	15.08.20 18:00:23	1,44	7,53	-6,38	2,45	81,17
505	15.08.20 18:00:24	1,44	7,51	0,46	-0,69	88,85
506	15.08.20 18:00:25	1,44	7,53	1,39	2,28	86,32
507	15.08.20 18:00:26	1,44	7,55	-3,79	-5,62	80,59
508	15.08.20 18:00:27	1,44	7,55	-3,82	-0,15	86,03
509	15.08.20 18:00:28	1,44	7,53	-2,18	-8,00	79,82
510	15.08.20 18:00:29	1,44	7,53	-3,56	-10,59	75,84
511	15.08.20 18:00:30	1,44	7,53	-5,42	-2,70	81,88
512	15.08.20 18:00:31	1,44	7,53	-4,17	-3,28	82,54
513	15.08.20 18:00:32	1,44	7,53	-1,16	-1,91	86,93
514	15.08.20 18:00:33	1,44	7,53	-5,71	-5,04	79,25
515	15.08.20 18:00:34	1,44	7,55	-3,77	-4,94	81,29
516	15.08.20 18:00:35	1,44	7,53	-1,43	-7,68	80,89
517	15.08.20 18:00:36	1,44	7,53	-3,53	-6,07	80,40
518	15.08.20 18:00:37	1,44	7,53	-4,81	-8,97	76,22
519	15.08.20 18:00:38	1,44	7,53	-4,30	-3,11	82,59
520	15.08.20 18:00:39	1,44	7,55	-5,40	-0,77	83,83
521	15.08.20 18:00:40	1,44	7,53	-3,89	-1,88	84,23
522	15.08.20 18:00:41	1,44	7,55	-3,80	-1,72	84,48
523	15.08.20 18:00:42	1,44	7,53	-2,90	-4,79	82,30
524	15.08.20 18:00:43	1,44	7,53	-6,23	-6,33	77,44
525	15.08.20 18:00:44	1,44	7,53	-6,37	-0,85	82,78
526	15.08.20 18:00:45	1,44	7,53	-2,68	-3,99	83,33
527	15.08.20 18:00:46	1,44	7,51	-6,16	-1,94	81,90
528	15.08.20 18:00:47	1,44	7,55	-5,30	-8,88	75,82
529	15.08.20 18:00:48	1,44	7,53	-4,74	-5,67	79,59
530	15.08.20 18:00:49	1,44	7,53	-0,42	-2,61	86,98
531	15.08.20 18:00:50	1,40	7,53	-5,81	-2,85	81,34
532	15.08.20 18:00:51	1,40	7,53	-6,56	-7,89	75,56
533	15.08.20 18:00:52	1,40	7,53	0,00	-6,74	83,26
534	15.08.20 18:00:53	1,40	7,53	-2,28	-6,47	81,25
535	15.08.20 18:00:54	1,40	7,55	-4,94	-7,55	77,51
536	15.08.20 18:00:55	1,40	7,53	-5,36	-6,06	78,59
537	15.08.20 18:00:56	1,40	7,53	-3,62	-6,62	79,76
538	15.08.20 18:00:57	1,40	7,53	-5,94	-8,45	75,62
539	15.08.20 18:00:58	1,40	7,53	-3,48	-6,16	80,36
540	15.08.20 18:00:59	1,40	7,53	-3,98	-6,24	79,78
541	15.08.20 18:01:00	1,40	7,53	-1,97	-9,25	78,78
542	15.08.20 18:01:01	1,40	7,53	-6,17	-6,13	77,70
543	15.08.20 18:01:02	1,40	7,53	-6,46	-8,86	74,68
544	15.08.20 18:01:03	1,40	7,53	-3,91	-9,23	76,86
545	15.08.20 18:01:04	1,40	7,53	-2,30	-6,20	81,50
546	15.08.20 18:01:05	1,40	7,53	-5,67	-4,99	79,34
547	15.08.20 18:01:06	1,36	7,55	-4,09	-8,92	77,00
548	15.08.20 18:01:07	1,36	7,53	-1,97	-2,83	85,20
549	15.08.20 18:01:08	1,36	7,55	-1,19	-11,42	77,39
550	15.08.20 18:01:09	1,36	7,51	-4,47	-6,40	79,14
551	15.08.20 18:01:10	1,36	7,53	-1,97	2,09	85,95
552	15.08.20 18:01:11	1,36	7,53	-4,97	-4,30	80,73
553	15.08.20 18:01:12	1,36	7,53	-3,90	-2,46	83,64
554	15.08.20 18:01:13	1,36	7,53	-1,15	-6,90	81,95
555	15.08.20 18:01:14	1,36	7,53	-3,56	-4,46	81,98
556	15.08.20 18:01:15	1,36	7,55	-1,24	-9,12	79,64
557	15.08.20 18:01:16	1,36	7,53	-3,95	-7,02	79,03
558	15.08.20 18:01:17	1,36	7,53	-6,70	-3,32	79,98
559	15.08.20 18:01:18	1,36	7,53	-2,28	-6,98	80,73
560	15.08.20 18:01:19	1,36	7,53	-3,81	-1,95	84,24
561	15.08.20 18:01:20	1,36	7,53	-5,13	-4,48	80,39
562	15.08.20 18:01:21	1,36	7,53	-5,71	-4,14	80,15
563	15.08.20 18:01:22	1,36	7,53	-2,16	-7,20	80,64
564	15.08.20 18:01:23	1,36	7,53	-2,74	-5,49	81,77
565	15.08.20 18:01:24	1,36	7,53	-4,11	-5,01	80,88
566	15.08.20 18:01:25	1,36	7,53	-5,22	-1,70	83,08
567	15.08.20 18:01:26	1,36	7,53	-4,91	-2,99	82,11
568	15.08.20 18:01:27	1,36	7,53	-3,15	-4,45	82,39
569	15.08.20 18:01:28	1,36	7,53	-5,37	-2,59	82,04
570	15.08.20 18:01:29	1,36	7,53	-3,49	-5,61	80,90
571	15.08.20 18:01:30	1,32	7,53	-3,91	-4,50	81,59
572	15.08.20 18:01:31	1,32	7,53	-4,99	-1,65	83,36
573	15.08.20 18:01:32	1,32	7,53	-2,29	0,31	87,39
574	15.08.20 18:01:33	1,36	7,53	-4,06	-4,36	81,58
575	15.08.20 18:01:34	1,32	7,51	-4,70	-5,67	79,63
576	15.08.20 18:01:35	1,32	7,53	-1,72	-7,57	80,71
577	15.08.20 18:01:36	1,32	7,53	-3,91	-5,04	81,05
578	15.08.20 18:01:37	1,32	7,53	-2,33	-6,76	80,92
579	15.08.20 18:01:38	1,32	7,53	-3,81	-7,89	78,30
580	15.08.20 18:01:39	1,32	7,53	-5,07	-4,92	80,02
581	15.08.20 18:01:40	1,32	7,53	-2,61	-6,53	80,86
582	15.08.20 18:01:41	1,32	7,53	-1,80	-9,97	78,23
583	15.08.20 18:01:42	1,32	7,53	-5,15	-3,66	81,19
584	15.08.20 18:01:43	1,32	7,53	-8,20	-7,33	74,47
585	15.08.20 18:01:44	1,32	7,53	-2,89	-5,13	81,98
586	15.08.20 18:01:45	1,32	7,53	-3,00	-5,85	81,15
587	15.08.20 18:01:46	1,32	7,53	-2,83	-4,44	82,73
588	15.08.20 18:01:47	1,32	7,53	-4,87	-2,70	82,44
589	15.08.20 18:01:48	1,32	7,53	-3,89	-5,50	80,61
590	15.08.20 18:01:49	1,32	7,53	-2,39	-2,51	85,10
591	15.08.20 18:01:50	1,32	7,51	-3,96	0,85	85,20
592	15.08.20 18:01:51	1,32	7,53	-1,78	-3,09	85,13
593	15.08.20 18:01:52	1,32	7,55	-2,46	-2,57	84,97
594	15.08.20 18:01:53	1,32	7,53	-3,84	-4,64	81,52
595	15.08.20 18:01:54	1,32	7,53	-3,76	-4,13	82,11
596	15.08.20 18:01:55	1,32	7,51	-4,17	-2,77	83,06
597	15.08.20 18:01:56	1,32	7,53	-5,26	-2,51	82,23
598	15.08.20 18:01:57	1,32	7,53	-3,64	-1,51	84,85
599	15.08.20 18:01:58	1,32	7,53	-2,15	-3,35	84,50
600	15.08.20 18:01:59	1,32	7,53	-2,93	-2,01	85,06
601	15.08.20 18:02:00	1,32	7,51	-5,15	-3,00	81,85
602	15.08.20 18:02:01	1,32	7,53	-3,99	-9,41	76,60
603	15.08.20 18:02:02	1,32	7,53	-3,41	-5,25	81,34
604	15.08.20 18:02:03	1,32	7,53	-2,34	-2,76	84,90
605	15.08.20 18:02:04	1,32	7,53	-3,06	-4,88	82,06
606	15.08.20 18:02:05	1,32	7,51	-5,17	-8,30	76,53
607	15.08.20 18:02:06	1,32	7,53	-2,65	-6,81	80,54
608	15.08.20 18:02:07	1,32	7,53	-2,69	-8,78	78,54
609	15.08.20 18:02:08	1,32	7,53	-5,16	-0,58	84,25
610	15.08.20 18:02:09	1,32	7,51	-4,40	-7,62	77,98
611	15.08.20 18:02:10	1,32	7,53	-4,44	-7,24	78,32
612	15.08.20 18:02:11	1,32	7,53	-3,61	-2,41	83,99
613	15.08.20 18:02:12	1,32	7,53	-3,00	-1,25	85,75
614	15.08.20 18:02:13	1,32	7,53	-2,69	-9,96	77,35
615	15.08.20 18:02:14	1,32	7,53	-4,82	-5,05	80,13
616	15.08.20 18:02:15	1,32	7,53	-4,44	-4,10	81,46
617	15.08.20 18:02:16	1,32	7,53	-5,12	-6,06	78,82
618	15.08.20 18:02:17	1,32	7,53	-2,35	-12,38	75,27
619	15.08.20 18:02:18	1,32	7,51	-6,78	-6,47	76,75
620	15.08.20 18:02:19	1,32	7,53	-5,65	-6,64	77,70
621	15.08.20 18:02:20	1,32	7,53	-2,00	-9,23	78,77
622	15.08.20 18:02:21	1,32	7,53	-1,76	-4,76	83,48
623	15.08.20 18:02:22	1,32	7,51	-7,36	-5,19	77,45
624	15.08.20 18:02:23	1,32	7,51	-4,56	-2,38	83,06
625	15.08.20 18:02:24	1,32	7,53	-4,55	-3,92	81,53
626	15.08.20 18:02:25	1,32	7,53	-1,82	-4,93	83,25
627	15.08.20 18:02:26	1,32	7,53	-5,75	-5,22	79,03
628	15.08.20 18:02:27	1,32	7,53	-7,14	0,51	82,35
629	15.08.20 18:02:28	1,32	7,53	-2,66	0,69	86,65
630	15.08.20 18:02:29	1,32	7,53	-3,89	1,72	84,38
631	15.08.20 18:02:30	1,32	7,53	-7,30	0,94	81,77
632	15.08.20 18:02:31	1,32	7,51	-4,23	2,29	83,48
633	15.08.20 18:02:32	1,32	7,53	-3,60	2,07	84,34
634	15.08.20 18:02:33	1,32	7,53	-5,29	2,09	82,62
635	15.08.20 18:02:34	1,32	7,53	-4,37	4,05	81,58
636	15.08.20 18:02:35	1,32	7,53	-1,32	-4,19	84,49
637	15.08.20 18:02:36	1,32	7,51	-5,42	-7,80	76,78
638	15.08.20 18:02:37	1,32	7,51	-4,94	-2,57	82,49
639	15.08.20 18:02:38	1,32	7,53	-2,50	-3,09	84,41
640	15.08.20 18:02:39	1,32	7,53	-3,27	0,30	86,44
641	15.08.20 18:02:40	1,32	7,51	-5,22	-4,36	80,42
642	15.08.20 18:02:41	1,32	7,51	-4,37	-3,75	81,88
643	15.08.20 18:02:42	1,32	7,51	-4,56	-3,26	82,18
644	15.08.20 18:02:43	1,32	7,51	-5,25	-4,93	79,82
645	15.08.20 18:02:44	1,32	7,53	-6,27	-2,14	81,60
646	15.08.20 18:02:45	1,32	7,53	-2,73	-1,00	86,28
647	15.08.20 18:02:46	1,32	7,51	-2,01	-3,52	84,47
648	15.08.20 18:02:47	1,28	7,51	-5,35	-2,30	82,36
649	15.08.20 18:02:48	1,28	7,51	-4,88	-5,14	79,97
650	15.08.20 18:02:49	1,28	7,51	-2,25	-4,13	83,62
651	15.08.20 18:02:50	1,28	7,53	-6,87	-1,74	81,39
652	15.08.20 18:02:51	1,28	7,53	-5,67	-8,09	76,23
653	15.08.20 18:02:52	1,28	7,53	-1,95	-2,24	85,81
654	15.08.20 18:02:53	1,28	7,53	-1,88	-4,41	83,71
655	15.08.20 18:02:54	1,28	7,51	-5,22	-7,97	76,81
656	15.08.20 18:02:55	1,28	7,53	-6,98	-1,74	81,27
657	15.08.20 18:02:56	1,28	7,53	-3,83	-5,36	80,81
658	15.08.20 18:02:57	1,28	7,51	-2,16	-4,42	83,41
659	15.08.20 18:02:58	1,28	7,53	-2,61	-2,46	84,93
660	15.08.20 18:02:59	1,28	7,53	-6,11	0,42	83,47
661	15.08.20 18:03:00	1,28	7,53	-2,73	-5,34	81,93
662	15.08.20 18:03:01	1,28	7,53	-2,66	-5,20	82,14
663	15.08.20 18:03:02	1,28	7,51	-5,16	-3,68	81,15
664	15.08.20 18:03:03	1,28	7,51	-4,19	-5,50	80,31
665	15.08.20 18:03:04	1,28	7,53	-5,82	-5,89	78,28
666	15.08.20 18:03:05	1,28	7,53	-3,91	-2,91	83,18
667	15.08.20 18:03:06	1,28	7,53	-3,50	-2,18	84,32
668	15.08.20 18:03:07	1,28	7,55	-3,44	-3,75	82,81
669	15.08.20 18:03:08	1,28	7,53	-6,40	-0,59	83,01
670	15.08.20 18:03:09	1,28	7,53	-3,96	-0,38	85,66
671	15.08.20 18:03:10	1,28	7,53	-2,87	-6,97	80,16
672	15.08.20 18:03:11	1,28	7,51	-3,93	-5,39	80,69
673	15.08.20 18:03:12	1,28	7,53	-4,23	-3,75	82,02
674	15.08.20 18:03:13	1,28	7,53	-3,62	-7,12	79,26
675	15.08.20 18:03:14	1,28	7,53	-3,70	-10,01	76,29
676	15.08.20 18:03:15	1,28	7,51	-3,87	-6,87	79,25
677	15.08.20 18:03:16	1,28	7,53	-7,68	-1,58	80,75
678	15.08.20 18:03:17	1,28	7,53	-7,09	-5,92	76,99
679	15.08.20 18:03:18	1,28	7,51	-1,74	-5,51	82,75
680	15.08.20 18:03:19	1,28	7,53	-3,23	-5,41	81,37
681	15.08.20 18:03:20	1,28	7,53	-7,06	-2,20	80,74
682	15.08.20 18:03:21	1,28	7,53	-5,98	-4,17	79,85
683	15.08.20 18:03:22	1,28	7,51	-3,04	-7,47	79,48
684	15.08.20 18:03:23	1,24	7,53	-1,57	-4,32	84,11
685	15.08.20 18:03:24	1,24	7,53	-5,39	-8,66	75,95
686	15.08.20 18:03:25	1,24	7,53	-6,38	-5,38	78,24
687	15.08.20 18:03:26	1,24	7,53	-1,86	-1,09	87,05
688	15.08.20 18:03:27	1,24	7,53	-3,75	-10,81	75,45
689	15.08.20 18:03:28	1,24	7,51	-4,73	-7,23	78,04
690	15.08.20 18:03:29	1,24	7,53	-5,37	-4,13	80,50
691	15.08.20 18:03:30	1,24	7,51	-2,92	-5,71	81,37
692	15.08.20 18:03:31	1,24	7,55	-5,75	-0,66	83,59
693	15.08.20 18:03:32	1,24	7,53	-3,63	-13,58	72,79
694	15.08.20 18:03:33	1,24	7,53	-3,97	-6,02	80,01
695	15.08.20 18:03:34	1,24	7,55	-4,38	-9,99	75,63
696	15.08.20 18:03:35	1,24	7,55	-4,48	-5,85	79,66
697	15.08.20 18:03:36	1,24	7,53	-5,62	-11,10	73,29
698	15.08.20 18:03:37	1,24	7,53	-1,21	-10,60	78,19
699	15.08.20 18:03:38	1,24	7,53	-4,03	-5,84	80,13
700	15.08.20 18:03:39	1,24	7,55	-3,35	-7,08	79,56
701	15.08.20 18:03:40	1,24	7,53	-5,87	3,57	80,56
702	15.08.20 18:03:41	1,24	7,53	-4,27	-1,86	83,87
703	15.08.20 18:03:42	1,24	7,53	-2,54	-13,55	73,91
704	15.08.20 18:03:43	1,24	7,55	-7,51	-3,51	78,98
705	15.08.20 18:03:44	1,24	7,53	-2,51	-14,87	72,62
706	15.08.20 18:03:45	1,24	7,55	-5,84	-5,71	78,45
707	15.08.20 18:03:46	1,24	7,55	-3,15	-7,83	79,02
708	15.08.20 18:03:47	1,24	7,55	-4,90	-8,49	76,61
709	15.08.20 18:03:48	1,24	7,53	-2,53	-9,97	77,50
710	15.08.20 18:03:49	1,24	7,53	-3,00	-4,55	82,46
711	15.08.20 18:03:50	1,24	7,53	-3,10	-8,13	78,76
712	15.08.20 18:03:51	1,24	7,55	-5,76	-3,80	80,44
713	15.08.20 18:03:52	1,24	7,53	-2,71	-5,48	81,81
714	15.08.20 18:03:53	1,24	7,53	-4,36	-7,50	78,14
715	15.08.20 18:03:54	1,24	7,53	-3,40	-9,90	76,69
716	15.08.20 18:03:55	1,24	7,53	-3,39	-8,03	78,58
717	15.08.20 18:03:56	1,24	7,55	-5,42	-4,91	79,67
718	15.08.20 18:03:57	1,20	7,53	-4,15	-9,08	76,77
719	15.08.20 18:03:58	1,20	7,53	-2,57	-11,03	76,40
720	15.08.20 18:03:59	1,20	7,55	-4,34	-5,29	80,37
721	15.08.20 18:04:00	1,20	7,53	-4,06	-8,28	77,66
722	15.08.20 18:04:01	1,20	7,53	-2,56	-8,20	79,23
723	15.08.20 18:04:02	1,20	7,53	-6,01	-4,90	79,10
724	15.08.20 18:04:03	1,20	7,53	-2,37	-13,34	74,28
725	15.08.20 18:04:04	1,20	7,53	-4,06	-5,02	80,93
726	15.08.20 18:04:05	1,20	7,53	-3,16	-6,37	80,47
727	15.08.20 18:04:06	1,20	7,53	-7,79	-3,49	78,72
728	15.08.20 18:04:07	1,20	7,55	-2,92	-2,22	84,86
729	15.08.20 18:04:08	1,20	7,55	-0,79	-5,17	84,04
730	15.08.20 18:04:09	1,20	7,53	-6,01	-6,23	77,76
731	15.08.20 18:04:10	1,20	7,55	-4,98	-3,85	81,17
732	15.08.20 18:04:11	1,20	7,53	-5,21	-3,51	81,29
733	15.08.20 18:04:12	1,20	7,53	-2,16	-2,28	85,56
734	15.08.20 18:04:13	1,20	7,53	-5,04	4,57	80,39
735	15.08.20 18:04:14	1,20	7,51	-6,22	2,21	81,57
736	15.08.20 18:04:15	1,20	7,53	-3,30	3,76	82,93
737	15.08.20 18:04:16	1,20	7,53	-1,29	-6,05	82,66
738	15.08.20 18:04:17	1,20	7,53	-5,82	-0,99	83,20
739	15.08.20 18:04:18	1,20	7,53	-6,20	-6,78	77,02
740	15.08.20 18:04:19	1,20	7,53	-3,19	-6,43	80,38
741	15.08.20 18:04:20	1,20	7,53	-4,92	1,73	83,35
742	15.08.20 18:04:21	1,20	7,55	-0,43	-5,68	83,90
743	15.08.20 18:04:22	1,20	7,53	-3,30	-11,27	75,43
744	15.08.20 18:04:23	1,20	7,55	-7,84	-2,60	79,55
745	15.08.20 18:04:24	1,20	7,55	-2,43	-1,38	86,19
746	15.08.20 18:04:25	1,16	7,53	-0,79	-10,94	78,28
747	15.08.20 18:04:26	1,16	7,53	-3,62	-3,75	82,63
748	15.08.20 18:04:27	1,16	7,53	-4,50	-6,15	79,35
749	15.08.20 18:04:28	1,16	7,53	-3,93	-11,17	74,90
750	15.08.20 18:04:29	1,16	7,55	-4,43	-5,87	79,70
751	15.08.20 18:04:30	1,16	7,55	-4,71	-7,37	77,92
752	15.08.20 18:04:31	1,16	7,55	-5,49	-6,23	78,28
753	15.08.20 18:04:32	1,16	7,55	-5,37	-6,36	78,27
754	15.08.20 18:04:33	1,16	7,53	-2,15	-13,25	74,60
755	15.08.20 18:04:34	1,16	7,53	-5,77	-9,36	74,87
756	15.08.20 18:04:35	1,16	7,55	-6,50	-1,92	81,57
757	15.08.20 18:04:36	1,16	7,55	-3,95	-4,37	81,68
758	15.08.20 18:04:37	1,16	7,53	-4,35	-6,80	78,84
759	15.08.20 18:04:38	1,16	7,55	-3,64	-7,83	78,54
760	15.08.20 18:04:39	1,16	7,55	0,73	-13,48	75,80
761	15.08.20 18:04:40	1,16	7,53	-3,00	-11,50	75,50
762	15.08.20 18:04:41	1,16	7,55	-5,93	-3,75	80,33
763	15.08.20 18:04:42	1,16	7,53	-4,21	-1,03	84,76
764	15.08.20 18:04:43	1,16	7,55	-4,21	-2,37	83,42
765	15.08.20 18:04:44	1,16	7,55	-1,35	-1,85	86,81
766	15.08.20 18:04:45	1,16	7,57	-1,17	-5,12	83,71
767	15.08.20 18:04:46	1,16	7,55	-4,67	-3,77	81,56
768	15.08.20 18:04:47	1,16	7,57	-1,55	-3,39	85,05
769	15.08.20 18:04:48	1,16	7,55	-7,39	-4,92	77,69
770	15.08.20 18:04:49	1,16	7,55	-1,83	-9,73	78,44
771	15.08.20 18:04:50	1,16	7,55	-0,03	-8,10	81,87
772	15.08.20 18:04:51	1,16	7,55	-4,46	-7,56	77,98
773	15.08.20 18:04:52	1,16	7,55	-5,32	-8,36	76,32
774	15.08.20 18:04:53	1,16	7,53	-4,94	-5,80	79,26
775	15.08.20 18:04:54	1,16	7,55	-4,10	-9,46	76,44
776	15.08.20 18:04:55	1,16	7,55	-3,00	-11,92	75,07
777	15.08.20 18:04:56	1,16	7,57	-1,50	-6,40	82,10
778	15.08.20 18:04:57	1,16	7,55	-6,05	-2,76	81,18
779	15.08.20 18:04:58	1,16	7,55	-12,76	-2,99	74,24
780	15.08.20 18:04:59	1,12	7,55	-5,35	-0,88	83,77
781	15.08.20 18:05:00	1,12	7,55	-3,24	-8,67	78,09
782	15.08.20 18:05:01	1,12	7,57	-3,55	-6,63	79,82
783	15.08.20 18:05:02	1,12	7,55	-7,84	-5,64	76,52
784	15.08.20 18:05:03	1,12	7,55	-4,98	-4,45	80,57
785	15.08.20 18:05:04	1,12	7,55	-0,03	-10,23	79,74
786	15.08.20 18:05:05	1,12	7,55	-3,06	-13,24	73,70
787	15.08.20 18:05:06	1,12	7,57	-5,13	-7,89	76,98
788	15.08.20 18:05:07	1,12	7,55	-4,05	-9,07	76,88
789	15.08.20 18:05:08	1,12	7,57	-1,36	-6,75	81,89
790	15.08.20 18:05:09	1,12	7,55	-6,07	-10,82	73,11
791	15.08.20 18:05:10	1,12	7,57	-4,00	-8,73	77,26
792	15.08.20 18:05:11	1,12	7,55	-3,80	-4,01	82,20
793	15.08.20 18:05:12	1,12	7,55	-5,08	-7,44	77,48
794	15.08.20 18:05:13	1,12	7,53	-5,49	-7,23	77,27
795	15.08.20 18:05:14	1,12	7,55	-6,61	-8,11	75,27
796	15.08.20 18:05:15	1,12	7,55	-3,82	-10,08	76,09
797	15.08.20 18:05:16	1,12	7,55	-3,08	-8,65	78,27
798	15.08.20 18:05:17	1,12	7,55	-6,24	-3,94	79,81
799	15.08.20 18:05:18	1,12	7,55	-4,96	-11,31	73,73
800	15.08.20 18:05:19	1,12	7,55	-1,65	-8,02	80,34
801	15.08.20 18:05:20	1,12	7,55	-4,13	-10,57	75,30
802	15.08.20 18:05:21	1,12	7,55	-7,57	-1,37	81,06
803	15.08.20 18:05:22	1,12	7,57	-3,70	-6,22	80,08
804	15.08.20 18:05:23	1,12	7,55	-1,68	-5,46	82,87
805	15.08.20 18:05:24	1,12	7,55	-6,26	-2,28	81,46
806	15.08.20 18:05:25	1,12	7,55	-5,55	-2,51	81,94
807	15.08.20 18:05:26	1,08	7,55	-3,85	-4,93	81,22
808	15.08.20 18:05:27	1,08	7,55	-3,10	-8,59	78,30
809	15.08.20 18:05:28	1,08	7,55	-4,15	-6,38	79,47
810	15.08.20 18:05:29	1,08	7,55	-5,31	-0,71	83,98
811	15.08.20 18:05:30	1,08	7,53	-4,33	-1,70	83,97
812	15.08.20 18:05:31	1,08	7,53	-2,48	-5,53	81,99
813	15.08.20 18:05:32	1,08	7,55	-5,06	-3,65	81,29
814	15.08.20 18:05:33	1,08	7,55	-7,63	-3,05	79,32
815	15.08.20 18:05:34	1,08	7,55	-5,26	0,09	84,65
816	15.08.20 18:05:35	1,08	7,53	-2,38	-4,18	83,44
817	15.08.20 18:05:36	1,08	7,55	-2,70	-6,05	81,25
818	15.08.20 18:05:37	1,08	7,55	-4,18	-2,98	82,84
819	15.08.20 18:05:38	1,08	7,55	-4,70	-4,96	80,35
820	15.08.20 18:05:39	1,08	7,57	-3,90	-6,01	80,09
821	15.08.20 18:05:40	1,08	7,55	-4,82	-3,23	81,96
822	15.08.20 18:05:41	1,08	7,55	-6,56	-5,05	78,39
823	15.08.20 18:05:42	1,08	7,55	-2,04	-6,69	81,27
824	15.08.20 18:05:43	1,08	7,53	-5,66	-7,93	76,41
825	15.08.20 18:05:44	1,08	7,57	-5,87	-6,63	77,50
826	15.08.20 18:05:45	1,08	7,55	-2,20	-5,99	81,81
827	15.08.20 18:05:46	1,08	7,55	-2,31	-9,92	77,77
828	15.08.20 18:05:47	1,08	7,53	-5,63	-6,30	78,07
829	15.08.20 18:05:48	1,08	7,55	-6,68	-2,25	81,06
830	15.08.20 18:05:49	1,08	7,55	-0,74	-5,03	84,22
831	15.08.20 18:05:50	1,08	7,55	-4,14	-6,35	79,51
832	15.08.20 18:05:51	1,08	7,55	-6,96	-3,81	79,23
833	15.08.20 18:05:52	1,08	7,55	-3,59	-5,74	80,68
834	15.08.20 18:05:53	1,08	7,55	-6,94	-5,88	77,18
835	15.08.20 18:05:54	1,08	7,55	-2,25	-9,55	78,20
836	15.08.20 18:05:55	1,08	7,57	-5,66	-6,25	78,09
837	15.08.20 18:05:56	1,08	7,55	-5,09	-5,06	79,86
838	15.08.20 18:05:57	1,08	7,53	-3,68	-2,80	83,52
839	15.08.20 18:05:58	1,04	7,53	-4,19	-6,08	79,73
840	15.08.20 18:05:59	1,04	7,55	-6,98	-5,79	77,23
841	15.08.20 18:06:00	1,08	7,53	-4,70	-2,71	82,59
842	15.08.20 18:06:01	1,04	7,53	-1,68	-6,23	82,09
843	15.08.20 18:06:02	1,04	7,57	-5,40	-0,86	83,74
844	15.08.20 18:06:03	1,04	7,55	-7,39	2,50	80,11
845	15.08.20 18:06:04	1,04	7,55	-1,52	1,09	87,39
846	15.08.20 18:06:05	1,04	7,53	-0,84	-3,57	85,59
847	15.08.20 18:06:06	1,04	7,55	-4,82	15,38	69,80
848	15.08.20 18:06:07	1,04	7,57	-5,65	18,09	66,26
849	15.08.20 18:06:08	1,04	7,55	-1,90	18,85	69,26
850	15.08.20 18:06:09	1,04	7,55	-1,07	27,17	61,77
851	15.08.20 18:06:10	1,04	7,55	-1,31	29,55	59,13
852	15.08.20 18:06:11	1,04	7,53	1,47	32,99	55,54
853	15.08.20 18:06:12	1,04	7,55	12,61	34,27	43,12
854	15.08.20 18:06:13	1,04	7,55	43,20	-10,83	35,98
855	15.08.20 18:06:14	1,04	7,53	47,89	0,28	41,84
856	15.08.20 18:06:15	1,04	7,55	55,96	-0,32	33,73
857	15.08.20 18:06:16	1,04	7,51	47,47	-5,04	37,49
858	15.08.20 18:06:17	1,04	7,51	45,52	-8,03	36,45
859	15.08.20 18:06:18	1,04	7,48	55,95	-0,92	33,14
860	15.08.20 18:06:19	1,04	7,46	46,69	-0,44	42,88
861	15.08.20 18:06:20	1,04	7,40	32,89	-0,63	56,47
862	15.08.20 18:06:21	1,04	7,38	48,21	-5,16	36,62
863	15.08.20 18:06:22	1,04	7,42	55,34	4,53	30,13
864	15.08.20 18:06:23	1,00	7,38	45,83	1,64	42,53
865	15.08.20 18:06:24	1,00	7,31	34,81	0,03	55,16
866	15.08.20 18:06:25	1,00	7,29	43,46	-3,12	43,43
867	15.08.20 18:06:26	1,00	7,29	50,66	0,15	39,19
868	15.08.20 18:06:27	1,00	7,27	48,99	0,09	40,93
869	15.08.20 18:06:28	1,00	7,25	40,74	1,98	47,29
870	15.08.20 18:06:29	1,00	7,18	41,31	-1,56	47,13
871	15.08.20 18:06:30	1,00	7,16	43,88	-1,06	45,05
872	15.08.20 18:06:31	1,00	7,14	48,83	-0,68	40,50
873	15.08.20 18:06:32	1,00	7,14	47,96	1,07	40,97
874	15.08.20 18:06:33	1,00	7,12	40,11	3,21	46,68
875	15.08.20 18:06:34	1,00	7,08	43,57	-0,41	46,03
876	15.08.20 18:06:35	1,00	7,06	49,01	-1,67	39,32
877	15.08.20 18:06:36	1,00	7,06	45,40	2,63	41,97
878	15.08.20 18:06:37	1,00	7,01	43,90	1,82	44,28
879	15.08.20 18:06:38	1,00	6,99	38,07	5,52	46,41
880	15.08.20 18:06:39	1,00	6,93	46,75	-1,71	41,54
881	15.08.20 18:06:40	1,00	6,93	48,38	0,32	41,30
882	15.08.20 18:06:41	1,00	6,91	49,15	-1,23	39,62
883	15.08.20 18:06:42	1,00	6,86	41,38	4,58	44,04
884	15.08.20 18:06:43	1,00	6,82	39,54	3,51	46,95
885	15.08.20 18:06:44	1,00	6,80	46,93	-3,01	40,05
886	15.08.20 18:06:45	1,00	6,78	53,21	-1,86	34,94
887	15.08.20 18:06:46	1,00	6,78	51,19	-1,15	37,66
888	15.08.20 18:06:47	1,00	6,71	40,96	3,31	45,73
889	15.08.20 18:06:48	0,96	6,67	48,90	-3,27	37,83
890	15.08.20 18:06:49	0,96	6,67	51,57	-3,04	35,39
891	15.08.20 18:06:50	0,96	6,63	42,54	3,52	43,94
892	15.08.20 18:06:51	0,96	6,56	42,90	4,39	42,72
893	15.08.20 18:06:52	0,96	6,56	54,38	-2,56	33,06
894	15.08.20 18:06:53	0,96	6,54	45,75	2,00	42,25
895	15.08.20 18:06:54	0,96	6,48	45,06	0,12	44,82
896	15.08.20 18:06:55	0,96	6,46	51,82	0,66	37,52
897	15.08.20 18:06:56	0,96	6,43	44,59	4,50	40,91
898	15.08.20 18:06:57	0,96	6,37	32,86	-0,73	56,41
899	15.08.20 18:06:58	0,96	6,33	54,58	-1,69	33,73
900	15.08.20 18:06:59	0,96	6,37	55,65	10,05	24,30
901	15.08.20 18:07:00	0,96	6,33	57,85	0,09	32,06
902	15.08.20 18:07:01	0,96	6,28	46,61	-0,82	42,57
903	15.08.20 18:07:02	0,96	6,22	52,30	2,33	35,38
904	15.08.20 18:07:03	0,96	6,22	61,61	3,46	24,93
905	15.08.20 18:07:04	0,92	6,24	65,56	3,93	20,51
906	15.08.20 18:07:05	0,92	6,18	58,70	-1,75	29,55
907	15.08.20 18:07:06	0,92	6,13	55,73	0,48	33,79
908	15.08.20 18:07:07	0,92	6,11	52,72	4,43	32,85
909	15.08.20 18:07:08	0,92	6,09	59,50	0,03	30,46
910	15.08.20 18:07:09	0,92	6,07	63,64	5,52	20,84
911	15.08.20 18:07:10	0,92	6,07	64,16	2,85	22,99
912	15.08.20 18:07:11	0,92	6,01	46,00	4,35	39,66
913	15.08.20 18:07:12	0,92	5,96	54,26	-0,07	35,67
914	15.08.20 18:07:13	0,92	5,96	56,78	7,81	25,40
915	15.08.20 18:07:14	0,92	5,92	55,05	5,44	29,51
916	15.08.20 18:07:15	0,88	5,86	48,30	2,79	38,91
917	15.08.20 18:07:16	0,88	5,81	49,51	4,06	36,44
918	15.08.20 18:07:17	0,88	5,79	60,10	2,42	27,47
919	15.08.20 18:07:18	0,88	5,77	55,32	2,56	32,12
920	15.08.20 18:07:19	0,88	5,71	49,15	2,67	38,18
921	15.08.20 18:07:20	0,88	5,68	57,73	2,65	29,62
922	15.08.20 18:07:21	0,88	5,66	60,56	3,27	26,17
923	15.08.20 18:07:22	0,84	5,60	48,86	6,97	34,17
924	15.08.20 18:07:23	0,84	5,53	47,93	1,36	40,71
925	15.08.20 18:07:24	0,84	5,49	54,84	2,78	32,37
926	15.08.20 18:07:25	0,84	5,51	64,11	4,50	21,39
927	15.08.20 18:07:26	0,84	5,47	55,40	2,43	32,17
928	15.08.20 18:07:27	0,80	5,36	38,33	0,64	51,03
929	15.08.20 18:07:28	0,80	5,30	50,36	-2,66	36,99
930	15.08.20 18:07:29	0,80	5,28	71,54	-1,25	17,21
931	15.08.20 18:07:30	0,84	5,26	65,75	-2,14	22,11
932	15.08.20 18:07:31	0,84	5,15	48,84	-5,81	35,35
933	15.08.20 18:07:32	0,84	5,02	46,37	-9,24	34,39
934	15.08.20 18:07:33	0,84	4,96	48,07	-10,93	31,00
935	15.08.20 18:07:34	0,84	4,85	56,38	-11,34	22,28
936	15.08.20 18:07:35	0,84	4,79	55,08	-15,22	19,70
937	15.08.20 18:07:36	0,84	4,70	55,88	-17,28	16,84
938	15.08.20 18:07:37	0,84	4,61	53,16	-14,76	22,08
939	15.08.20 18:07:38	0,84	4,57	58,29	-13,61	18,10
940	15.08.20 18:07:39	0,84	4,46	60,03	-16,42	13,54
941	15.08.20 18:07:40	0,84	4,38	59,98	-19,33	10,69
942	15.08.20 18:07:41	0,84	4,31	54,17	-16,86	18,97
943	15.08.20 18:07:42	0,84	4,27	53,67	-14,24	22,09
944	15.08.20 18:07:43	0,80	4,21	63,18	-14,69	12,13
945	15.08.20 18:07:44	0,80	4,10	63,23	-19,59	7,18
946	15.08.20 18:07:45	0,76	4,06	59,55	-19,03	11,41
947	15.08.20 18:07:46	0,76	4,01	53,64	-14,16	22,20
948	15.08.20 18:07:47	0,72	3,97	62,12	-13,14	14,74
949	15.08.20 18:07:48	0,72	3,89	63,86	-18,43	7,71
950	15.08.20 18:07:49	0,72	3,80	59,06	-17,64	13,29
951	15.08.20 18:07:50	0,68	3,80	45,40	10,27	34,33
952	15.08.20 18:07:51	0,68	3,86	58,92	7,42	23,65
953	15.08.20 18:07:52	0,68	3,84	70,94	-0,09	18,97
954	15.08.20 18:07:53	0,64	3,78	82,98	0,97	6,05
955	15.08.20 18:07:54	0,64	3,82	62,53	9,79	17,68
956	15.08.20 18:07:55	0,64	3,84	60,46	9,77	19,77
957	15.08.20 18:07:56	0,64	3,80	64,80	2,62	22,58
958	15.08.20 18:07:57	0,64	3,76	57,50	5,02	27,48
959	15.08.20 18:07:58	0,64	3,78	52,28	11,86	25,86
960	15.08.20 18:07:59	0,64	3,80	57,98	8,98	23,05
961	15.08.20 18:08:00	0,64	3,78	56,27	6,60	27,12
962	15.08.20 18:08:01	0,64	3,71	53,85	0,61	35,53
963	15.08.20 18:08:02	0,64	3,71	60,03	0,61	29,37
964	15.08.20 18:08:03	0,60	3,69	63,20	-1,27	25,53
965	15.08.20 18:08:04	0,60	3,69	64,66	-2,57	22,77
966	15.08.20 18:08:05	0,60	3,71	62,72	-3,35	23,93
967	15.08.20 18:08:06	0,60	3,65	60,80	-3,74	25,46
968	15.08.20 18:08:07	0,64	3,65	58,83	-4,24	26,93
969	15.08.20 18:08:08	0,64	3,65	59,52	-5,54	24,94
970	15.08.20 18:08:09	0,64	3,67	60,80	-5,16	24,03
971	15.08.20 18:08:10	0,64	3,63	58,74	-3,61	27,66
972	15.08.20 18:08:11	0,64	3,58	56,53	-4,41	29,06
973	15.08.20 18:08:12	0,64	3,58	59,01	-5,49	25,51
974	15.08.20 18:08:13	0,64	3,58	61,63	-4,63	23,74
975	15.08.20 18:08:14	0,64	3,56	61,28	-3,42	25,29
976	15.08.20 18:08:15	0,64	3,52	55,64	-2,24	32,13
977	15.08.20 18:08:16	0,64	3,46	52,84	-2,32	34,83
978	15.08.20 18:08:17	0,64	3,39	53,56	-1,63	34,81
979	15.08.20 18:08:18	0,64	3,35	50,27	-2,47	37,26
980	15.08.20 18:08:19	0,64	3,26	50,69	-1,33	37,98
981	15.08.20 18:08:20	0,64	3,20	49,47	-2,55	37,97
982	15.08.20 18:08:21	0,68	3,11	47,26	-3,77	38,96
983	15.08.20 18:08:22	0,68	3,03	42,10	-6,40	41,50
984	15.08.20 18:08:23	0,68	2,94	38,51	-8,45	43,05
985	15.08.20 18:08:24	0,76	2,84	40,20	-6,52	43,27
986	15.08.20 18:08:25	0,80	2,77	42,08	-6,44	41,48
987	15.08.20 18:08:26	0,92	2,71	40,49	-7,07	42,44
988	15.08.20 18:08:27	0,96	2,60	36,94	-6,52	46,54
989	15.08.20 18:08:28	1,04	2,56	33,25	-7,34	49,41
990	15.08.20 18:08:29	1,12	2,50	36,53	-6,21	47,25
991	15.08.20 18:08:30	1,20	2,42	31,44	-6,41	52,16
992	15.08.20 18:08:31	1,24	2,35	33,62	-5,33	51,05
993	15.08.20 18:08:32	1,32	2,29	32,59	-5,97	51,44
994	15.08.20 18:08:33	1,36	2,20	31,45	-1,73	56,82
995	15.08.20 18:08:34	1,44	2,12	31,12	-5,19	53,69
996	15.08.20 18:08:35	1,59	2,06	25,53	1,01	63,46
997	15.08.20 18:08:36	1,83	1,93	35,93	-5,64	48,44
998	15.08.20 18:08:37	2,10	1,89	32,46	1,01	56,52
999	15.08.20 18:08:38	2,26	1,85	38,29	-1,16	50,55
1000	15.08.20 18:08:39	2,52	1,77	34,32	1,27	54,41
1001	15.08.20 18:08:40	2,87	1,65	35,27	0,43	54,30
1002	15.08.20 18:08:41	3,25	1,63	34,57	-2,25	53,18
1003	15.08.20 18:08:42	3,70	1,61	37,82	-4,39	47,78
1004	15.08.20 18:08:43	4,07	1,51	30,49	5,49	54,02
1005	15.08.20 18:08:44	4,40	1,51	30,92	2,62	56,46
1006	15.08.20 18:08:45	4,62	1,47	31,46	-5,02	53,52
1007	15.08.20 18:08:46	4,88	1,39	33,37	-11,89	44,74
1008	15.08.20 18:08:47	5,06	1,26	32,39	-9,17	48,44
1009	15.08.20 18:08:48	5,46	1,18	29,78	-0,40	59,83
1010	15.08.20 18:08:49	5,85	1,21	31,61	-7,73	50,67
1011	15.08.20 18:08:50	6,03	1,23	25,05	23,14	41,80
1012	15.08.20 18:08:51	6,06	1,23	32,66	3,86	53,48
1013	15.08.20 18:08:52	6,45	1,09	33,78	-6,28	49,94
1014	15.08.20 18:08:53	6,87	1,05	31,09	-5,70	53,21
1015	15.08.20 18:08:54	7,01	1,07	24,08	18,97	46,95
1016	15.08.20 18:08:55	7,26	1,01	24,62	27,03	38,35
1017	15.08.20 18:08:56	7,46	0,99	25,32	30,75	33,93
1018	15.08.20 18:08:57	7,77	0,99	25,24	27,61	37,15
1019	15.08.20 18:08:58	7,91	0,95	29,61	20,37	40,02
1020	15.08.20 18:08:59	8,18	0,87	27,25	19,92	42,82
1021	15.08.20 18:09:00	8,56	0,85	28,17	12,07	49,76
1022	15.08.20 18:09:01	9,23	0,84	31,78	9,15	49,07
1023	15.08.20 18:09:02	9,53	0,80	35,84	-0,55	53,61
1024	15.08.20 18:09:03	9,83	0,71	29,63	5,09	55,28
1025	15.08.20 18:09:04	10,22	0,70	33,44	-4,30	52,26
1026	15.08.20 18:09:05	10,52	0,63	33,39	-2,77	53,84
1027	15.08.20 18:09:06	10,75	0,62	24,06	15,24	50,70
1028	15.08.20 18:09:07	10,94	0,70	23,94	12,66	53,40
1029	15.08.20 18:09:08	11,01	0,60	27,32	8,77	53,92
1030	15.08.20 18:09:09	11,10	0,60	24,69	-8,62	56,69
1031	15.08.20 18:09:10	11,20	0,56	26,29	-7,53	56,18
1032	15.08.20 18:09:11	11,56	0,52	24,42	-8,29	57,29
1033	15.08.20 18:09:12	11,72	0,50	26,08	-11,83	52,09
1034	15.08.20 18:09:13	11,78	0,52	22,34	-1,54	66,12
1035	15.08.20 18:09:14	11,88	0,50	24,05	-9,20	56,74
1036	15.08.20 18:09:15	12,07	0,45	22,19	0,56	67,26
1037	15.08.20 18:09:16	12,29	0,41	20,95	0,56	68,48
1038	15.08.20 18:09:17	12,51	0,41	24,71	-7,77	57,52
1039	15.08.20 18:09:18	12,51	0,45	25,64	-5,21	59,15
1040	15.08.20 18:09:19	12,45	0,43	21,40	12,38	56,22
1041	15.08.20 18:09:20	12,45	0,43	26,82	18,76	44,42
1042	15.08.20 18:09:21	12,48	0,45	28,22	3,46	58,32
1043	15.08.20 18:09:22	12,42	0,39	22,39	-5,27	62,34
1044	15.08.20 18:09:23	12,51	0,39	22,47	-9,09	58,44
1045	15.08.20 18:09:24	12,51	0,41	23,74	-5,63	60,62
1046	15.08.20 18:09:25	12,55	0,41	14,76	18,78	56,47
1047	15.08.20 18:09:26	12,58	0,37	24,28	5,97	59,74
1048	15.08.20 18:09:27	12,74	0,37	24,78	-12,55	52,67
1049	15.08.20 18:09:28	12,93	0,33	22,98	7,74	59,29
1050	15.08.20 18:09:29	13,08	0,28	17,04	7,91	65,05
1051	15.08.20 18:09:30	13,27	0,30	25,84	-12,50	51,66
1052	15.08.20 18:09:31	13,40	0,37	23,86	8,43	57,71
1053	15.08.20 18:09:32	13,40	0,35	20,58	6,05	63,37
1054	15.08.20 18:09:33	13,52	0,33	25,84	3,90	60,26
1055	15.08.20 18:09:34	13,55	0,30	18,26	6,69	65,05
1056	15.08.20 18:09:35	13,62	0,28	18,53	0,19	71,28
1057	15.08.20 18:09:36	13,68	0,26	15,01	6,65	68,34
1058	15.08.20 18:09:37	13,80	0,30	21,09	-12,27	56,65
1059	15.08.20 18:09:38	13,90	0,30	24,54	-11,93	53,53
1060	15.08.20 18:09:39	13,99	0,33	22,72	10,56	56,71
1061	15.08.20 18:09:40	14,02	0,35	21,47	9,31	59,22
1062	15.08.20 18:09:41	14,02	0,30	18,15	7,62	64,23
1063	15.08.20 18:09:42	14,02	0,33	14,86	3,85	71,28
1064	15.08.20 18:09:43	14,02	0,33	18,14	-4,22	67,64
1065	15.08.20 18:09:44	14,02	0,33	14,38	-5,42	70,20
1066	15.08.20 18:09:45	14,08	0,33	24,09	-8,07	57,84
1067	15.08.20 18:09:46	14,08	0,30	18,21	-0,78	71,01
1068	15.08.20 18:09:47	14,11	0,35	20,75	5,50	63,74
1069	15.08.20 18:09:48	14,21	0,30	22,40	0,31	67,29
1070	15.08.20 18:09:49	14,36	0,33	21,30	-2,43	66,27
1071	15.08.20 18:09:50	14,42	0,33	28,40	-3,72	57,88
1072	15.08.20 18:09:51	14,42	0,33	24,78	-1,38	63,84
1073	15.08.20 18:09:52	14,49	0,33	23,57	-7,05	59,38
1074	15.08.20 18:09:53	14,58	0,30	19,13	-3,23	67,64
1075	15.08.20 18:09:54	14,64	0,33	17,18	-6,68	66,14
1076	15.08.20 18:09:55	14,64	0,30	19,39	-7,93	62,68
1077	15.08.20 18:09:56	14,70	0,30	17,15	-3,94	68,91
1078	15.08.20 18:09:57	14,76	0,35	26,99	-16,21	46,80
1079	15.08.20 18:09:58	14,85	0,30	14,09	-0,62	75,29
1080	15.08.20 18:09:59	14,92	0,33	16,89	-5,26	67,85
1081	15.08.20 18:10:00	14,92	0,26	13,15	-4,26	72,59
1082	15.08.20 18:10:01	14,92	0,30	16,50	-12,35	61,15
1083	15.08.20 18:10:02	14,85	0,35	32,16	-14,67	43,16
1084	15.08.20 18:10:03	14,89	0,37	26,24	-7,30	56,47
1085	15.08.20 18:10:04	14,92	0,39	21,63	-1,41	66,96
1086	15.08.20 18:10:05	15,01	0,35	19,81	-3,62	66,58
1087	15.08.20 18:10:06	15,04	0,30	16,01	1,09	72,90
1088	15.08.20 18:10:07	15,07	0,28	17,53	-9,24	63,24
1089	15.08.20 18:10:08	15,16	0,26	15,11	-8,27	66,62
1090	15.08.20 18:10:09	15,22	0,28	6,53	-5,86	77,61
1091	15.08.20 18:10:10	15,25	0,30	13,44	-8,76	67,81
1092	15.08.20 18:10:11	15,25	0,33	22,11	-15,01	52,88
1093	15.08.20 18:10:12	15,28	0,33	18,55	-8,30	63,16
1094	15.08.20 18:10:13	15,35	0,33	18,33	-10,05	61,62
1095	15.08.20 18:10:14	15,41	0,30	18,20	-7,34	64,47
1096	15.08.20 18:10:15	15,47	0,28	18,44	-14,18	57,38
1097	15.08.20 18:10:16	15,47	0,30	18,52	-17,72	53,76
1098	15.08.20 18:10:17	15,44	0,30	13,42	-8,38	68,21
1099	15.08.20 18:10:18	15,50	0,30	17,99	-6,79	65,22
1100	15.08.20 18:10:19	15,53	0,33	19,37	-4,86	65,77
1101	15.08.20 18:10:20	15,53	0,30	15,25	-5,34	69,41
1102	15.08.20 18:10:21	15,56	0,30	19,01	-10,68	60,31
1103	15.08.20 18:10:22	15,59	0,30	19,85	-11,52	58,63
1104	15.08.20 18:10:23	15,65	0,30	19,41	-17,65	52,95
1105	15.08.20 18:10:24	15,71	0,28	14,02	-10,18	65,80
1106	15.08.20 18:10:25	15,71	0,28	17,55	-15,05	57,41
1107	15.08.20 18:10:26	15,74	0,30	15,86	-12,26	61,88
1108	15.08.20 18:10:27	15,71	0,33	20,17	-14,08	55,76
1109	15.08.20 18:10:28	15,71	0,30	14,88	-21,31	53,81
1110	15.08.20 18:10:29	15,68	0,28	11,31	-12,42	66,27
1111	15.08.20 18:10:30	15,68	0,26	17,05	-10,88	62,06
1112	15.08.20 18:10:31	15,74	0,28	16,80	-13,34	59,85
1113	15.08.20 18:10:32	15,71	0,28	16,67	-19,79	53,54
1114	15.08.20 18:10:33	15,68	0,28	14,90	-23,72	51,38
1115	15.08.20 18:10:34	15,71	0,26	17,05	-24,79	48,17
1116	15.08.20 18:10:35	15,80	0,28	20,68	-11,03	58,29
1117	15.08.20 18:10:36	15,77	0,30	25,23	-9,23	55,54
1118	15.08.20 18:10:37	15,74	0,28	22,46	-14,41	53,13
1119	15.08.20 18:10:38	15,68	0,30	23,48	-10,81	55,71
1120	15.08.20 18:10:39	15,62	0,28	16,50	-6,55	66,94
1121	15.08.20 18:10:40	15,71	0,26	17,09	-7,69	65,22
1122	15.08.20 18:10:41	15,86	0,24	18,58	-16,37	55,05
1123	15.08.20 18:10:42	15,96	0,24	0,31	-13,65	76,03
1124	15.08.20 18:10:43	15,96	0,28	18,41	-14,04	57,55
1125	15.08.20 18:10:44	15,99	0,28	19,71	-17,90	52,39
1126	15.08.20 18:10:45	15,99	0,30	25,70	-16,01	48,28
1127	15.08.20 18:10:46	16,02	0,30	23,57	-11,79	54,64
1128	15.08.20 18:10:47	15,99	0,26	22,96	-9,15	57,89
1129	15.08.20 18:10:48	15,96	0,24	20,81	3,61	65,59
1130	15.08.20 18:10:49	15,99	0,28	28,61	7,93	53,46
1131	15.08.20 18:10:50	16,05	0,28	30,74	2,00	57,27
1132	15.08.20 18:10:51	16,02	0,30	27,72	2,70	59,58
1133	15.08.20 18:10:52	16,02	0,28	20,53	-9,73	59,73
1134	15.08.20 18:10:53	15,99	0,26	30,60	-10,00	49,40
1135	15.08.20 18:10:54	16,05	0,24	33,86	7,46	48,68
1136	15.08.20 18:10:55	16,11	0,28	30,80	-9,94	49,26
1137	15.08.20 18:10:56	16,17	0,28	28,60	-14,70	46,69
1138	15.08.20 18:10:57	16,20	0,26	14,87	-36,81	38,32
1139	15.08.20 18:10:58	16,20	0,26	18,25	-14,15	57,60
1140	15.08.20 18:10:59	16,23	0,26	15,76	-21,53	52,71
1141	15.08.20 18:11:00	16,26	0,26	15,69	-13,36	60,94
1142	15.08.20 18:11:01	16,32	0,26	22,07	-12,18	55,75
1143	15.08.20 18:11:02	16,32	0,22	21,80	-3,71	64,49
1144	15.08.20 18:11:03	16,32	0,24	14,28	-16,11	59,62
1145	15.08.20 18:11:04	16,35	0,24	16,61	-7,69	65,70
1146	15.08.20 18:11:05	16,35	0,26	30,43	-16,75	42,82
1147	15.08.20 18:11:06	16,35	0,24	26,30	-10,83	52,87
1148	15.08.20 18:11:07	16,41	0,22	13,35	-20,41	56,25
1149	15.08.20 18:11:08	16,41	0,24	20,44	-14,48	55,07
1150	15.08.20 18:11:09	16,41	0,22	26,07	-3,86	60,07
1151	15.08.20 18:11:10	16,41	0,20	32,22	0,75	57,03
1152	15.08.20 18:11:11	16,41	0,22	28,30	-10,19	51,51
1153	15.08.20 18:11:12	16,41	0,20	59,14	-20,61	10,25
1154	15.08.20 18:11:13	16,38	0,22	39,53	-40,15	10,32
1155	15.08.20 18:11:14	16,26	0,26	31,00	-37,93	21,07
1156	15.08.20 18:11:15	16,11	0,24	45,92	-34,74	9,35
1157	15.08.20 18:11:16	15,99	0,15	62,66	-18,48	8,87
1158	15.08.20 18:11:17	16,02	0,24	60,48	-19,65	9,87
1159	15.08.20 18:11:18	15,86	0,24	59,32	-19,76	10,91
1160	15.08.20 18:11:19	15,68	0,26	67,31	-12,10	10,59
1161	15.08.20 18:11:20	15,50	0,26	44,97	-10,88	34,16
1162	15.08.20 18:11:21	15,38	0,26	-7,20	-57,44	25,36
1163	15.08.20 18:11:22	15,22	0,28	3,61	-26,77	59,62
1164	15.08.20 18:11:23	15,10	0,28	32,83	-41,93	15,24
1165	15.08.20 18:11:24	15,01	0,26	29,26	-48,65	12,09
1166	15.08.20 18:11:25	14,89	0,28	24,07	-50,61	15,32
1167	15.08.20 18:11:26	14,79	0,28	33,35	-39,36	17,29
1168	15.08.20 18:11:27	14,67	0,30	49,14	-29,87	10,99
1169	15.08.20 18:11:28	14,58	0,28	62,28	-10,01	17,71
1170	15.08.20 18:11:29	14,49	0,28	70,54	-14,93	4,53
1171	15.08.20 18:11:30	14,39	0,30	73,13	13,98	-2,89
1172	15.08.20 18:11:31	14,30	0,33	75,21	3,25	11,54
1173	15.08.20 18:11:32	14,21	0,30	72,21	-7,75	10,04
1174	15.08.20 18:11:33	14,11	0,30	62,59	18,27	9,14
1175	15.08.20 18:11:34	14,05	0,30	-0,54	9,70	79,76
1176	15.08.20 18:11:35	13,99	0,33	-6,60	5,13	78,27
1177	15.08.20 18:11:36	13,93	0,30	-7,62	4,98	77,40
1178	15.08.20 18:11:37	13,86	0,30	-14,78	12,96	62,26
1179	15.08.20 18:11:38	13,83	0,28	-16,11	9,71	64,18
1180	15.08.20 18:11:39	13,77	0,30	-13,62	5,85	70,53
1181	15.08.20 18:11:40	13,74	0,28	-10,29	9,86	69,86
1182	15.08.20 18:11:41	13,71	0,30	-6,25	7,92	75,83
1183	15.08.20 18:11:42	13,68	0,30	-2,05	4,50	83,45
1184	15.08.20 18:11:43	13,68	0,28	-4,55	6,75	78,70
1185	15.08.20 18:11:44	13,65	0,28	-5,98	4,03	80,00
1186	15.08.20 18:11:45	13,62	0,28	-5,96	3,16	80,87
1187	15.08.20 18:11:46	13,58	0,28	2,33	4,37	83,30
1188	15.08.20 18:11:47	13,58	0,30	-21,75	9,79	-58,47
1189	15.08.20 18:11:48	13,55	0,28	-83,53	1,00	-5,46
1190	15.08.20 18:11:49	13,58	0,28	-85,88	0,44	-3,67
1191	15.08.20 18:11:50	13,58	0,33	-82,80	2,95	-4,25
1192	15.08.20 18:11:51	13,58	0,30	-80,08	4,89	-5,03
1193	15.08.20 18:11:52	13,58	0,28	-78,01	5,39	-6,59
1194	15.08.20 18:11:53	13,58	0,30	-76,61	5,49	-7,90
1195	15.08.20 18:11:54	13,58	0,30	-71,32	5,26	-13,42
1196	15.08.20 18:11:55	13,55	0,30	5,89	-3,92	-80,19
1197	15.08.20 18:11:56	13,55	0,30	4,37	-2,84	-82,79
1198	15.08.20 18:11:57	13,55	0,30	3,43	-2,86	-83,71
1199	15.08.20 18:11:58	13,52	0,28	5,32	-3,69	-80,98
1200	15.08.20 18:11:59	13,52	0,28	5,95	-4,73	-79,33
1201	15.08.20 18:12:00	13,52	0,30	4,72	-4,14	-81,14
1202	15.08.20 18:12:01	13,49	0,30	3,66	-2,38	-83,97
1203	15.08.20 18:12:02	13,49	0,30	3,52	-2,79	-83,69
1204	15.08.20 18:12:03	13,46	0,28	3,85	-3,36	-82,79
1205	15.08.20 18:12:04	13,46	0,30	4,54	-3,70	-81,76
1206	15.08.20 18:12:05	13,43	0,30	5,10	-3,79	-81,10
1207	15.08.20 18:12:06	13,43	0,30	5,17	-3,79	-81,03
1208	15.08.20 18:12:07	13,40	0,30	4,21	-3,18	-82,61
1209	15.08.20 18:12:08	13,40	0,30	1,98	-2,80	-85,22
1210	15.08.20 18:12:09	13,40	0,30	2,24	-2,54	-85,23
1211	15.08.20 18:12:10	13,37	0,30	4,75	-3,26	-81,99
1212	15.08.20 18:12:11	13,37	0,28	3,42	-4,02	-82,56
1213	15.08.20 18:12:12	13,37	0,30	4,04	-2,65	-83,31
1214	15.08.20 18:12:13	13,37	0,30	5,55	-2,66	-81,78
1215	15.08.20 18:12:14	13,33	0,30	4,05	-4,65	-81,30
1216	15.08.20 18:12:15	13,33	0,30	2,63	-4,50	-82,86
1217	15.08.20 18:12:16	13,33	0,33	2,44	-2,01	-85,54
1218	15.08.20 18:12:17	13,33	0,30	2,47	-0,34	-87,20
1219	15.08.20 18:12:18	13,33	0,30	4,48	-2,96	-82,56
1220	15.08.20 18:12:19	13,30	0,30	4,39	-5,78	-79,83
1221	15.08.20 18:12:20	13,30	0,30	3,32	-5,39	-81,29
1222	15.08.20 18:12:21	13,30	0,30	4,08	-0,53	-85,39
1223	15.08.20 18:12:22	13,30	0,30	2,90	-1,00	-86,10
1224	15.08.20 18:12:23	13,30	0,30	-0,21	-4,18	-85,61
1225	15.08.20 18:12:24	13,30	0,33	2,15	-3,84	-84,01
1226	15.08.20 18:12:25	13,30	0,30	6,22	-1,88	-81,91
1227	15.08.20 18:12:26	13,30	0,30	4,75	-3,65	-81,60
1228	15.08.20 18:12:27	13,27	0,33	2,02	-5,38	-82,60
1229	15.08.20 18:12:28	13,27	0,30	0,68	-3,26	-86,06
1230	15.08.20 18:12:29	13,27	0,30	1,97	-1,85	-86,18
1231	15.08.20 18:12:30	13,27	0,33	2,29	-5,90	-81,82
1232	15.08.20 18:12:31	13,27	0,30	2,81	-7,30	-79,89
1233	15.08.20 18:12:32	13,27	0,30	4,46	-4,23	-81,30
1234	15.08.20 18:12:33	13,27	0,30	3,45	-4,21	-82,34
1235	15.08.20 18:12:34	13,27	0,33	2,22	-6,38	-81,40
1236	15.08.20 18:12:35	13,30	0,30	2,87	-6,77	-80,36
1237	15.08.20 18:12:36	13,30	0,30	6,56	-4,05	-79,38
1238	15.08.20 18:12:37	13,27	0,30	9,84	-7,31	-72,85
1239	15.08.20 18:12:38	13,27	0,30	13,63	-13,32	-63,05
1240	15.08.20 18:12:39	13,27	0,33	13,29	-9,28	-67,43
1241	15.08.20 18:12:40	13,27	0,30	9,78	-7,24	-72,98
1242	15.08.20 18:12:41	13,27	0,30	7,02	-4,43	-78,55
1243	15.08.20 18:12:42	13,30	0,30	5,71	-6,10	-78,19
1244	15.08.20 18:12:43	13,30	0,28	8,08	-9,33	-72,59
1245	15.08.20 18:12:44	13,30	0,30	11,45	-6,98	-71,58
1246	15.08.20 18:12:45	13,30	0,30	11,34	-5,60	-73,06
1247	15.08.20 18:12:46	13,30	0,30	7,50	-7,38	-75,12
1248	15.08.20 18:12:47	13,30	0,30	7,92	-6,08	-76,00
1249	15.08.20 18:12:48	13,30	0,28	8,93	-9,00	-72,07
1250	15.08.20 18:12:49	13,33	0,30	7,64	-6,57	-75,80
1251	15.08.20 18:12:50	13,33	0,30	12,11	-4,42	-73,48
1252	15.08.20 18:12:51	13,33	0,30	9,91	-7,33	-72,76
1253	15.08.20 18:12:52	13,33	0,30	7,39	-8,47	-74,14
1254	15.08.20 18:12:53	13,33	0,28	8,20	-6,46	-75,35
1255	15.08.20 18:12:54	13,33	0,30	10,48	-3,53	-75,99
1256	15.08.20 18:12:55	13,33	0,30	6,62	-7,53	-75,85
1257	15.08.20 18:12:56	13,33	0,30	8,83	-6,79	-74,37
1258	15.08.20 18:12:57	13,33	0,30	11,11	-1,77	-77,12
1259	15.08.20 18:12:58	13,33	0,30	5,78	-9,42	-74,80
1260	15.08.20 18:12:59	13,33	0,30	6,20	-7,37	-76,42
1261	15.08.20 18:13:00	13,37	0,30	10,17	-1,57	-78,25
1262	15.08.20 18:13:01	13,37	0,30	6,40	-7,43	-76,17
1263	15.08.20 18:13:02	13,37	0,28	7,02	-7,36	-75,62
1264	15.08.20 18:13:03	13,37	0,28	7,92	-3,68	-78,41
1265	15.08.20 18:13:04	13,37	0,30	7,21	-4,17	-78,61
1266	15.08.20 18:13:05	13,37	0,28	6,37	-5,85	-77,79
1267	15.08.20 18:13:06	13,37	0,28	7,12	-4,02	-78,86
1268	15.08.20 18:13:07	13,40	0,30	7,65	-4,40	-77,95
1269	15.08.20 18:13:08	13,40	0,28	5,64	-5,69	-78,67
1270	15.08.20 18:13:09	13,40	0,30	8,33	-4,32	-77,34
1271	15.08.20 18:13:10	13,40	0,28	5,66	-3,17	-81,17
1272	15.08.20 18:13:11	13,40	0,30	5,43	-5,22	-79,35
1273	15.08.20 18:13:12	13,43	0,30	8,76	-4,24	-77,00
1274	15.08.20 18:13:13	13,43	0,30	7,49	-5,47	-77,04
1275	15.08.20 18:13:14	13,43	0,30	7,51	-3,78	-78,71
1276	15.08.20 18:13:15	13,43	0,28	3,95	-5,00	-81,06
1277	15.08.20 18:13:16	13,43	0,30	6,26	-2,73	-81,01
1278	15.08.20 18:13:17	13,46	0,28	7,38	-3,95	-78,67
1279	15.08.20 18:13:18	13,46	0,30	6,05	-3,27	-80,68
1280	15.08.20 18:13:19	13,46	0,30	1,75	-3,50	-84,75
1281	15.08.20 18:13:20	13,46	0,33	2,75	-1,88	-85,37
1282	15.08.20 18:13:21	13,46	0,28	5,29	-0,64	-84,08
1283	15.08.20 18:13:22	13,49	0,28	3,59	-2,43	-83,98
1284	15.08.20 18:13:23	13,49	0,30	-1,60	-2,00	-86,41
1285	15.08.20 18:13:24	13,49	0,30	-2,46	1,78	-85,76
1286	15.08.20 18:13:25	13,49	0,28	-2,85	2,52	-84,62
1287	15.08.20 18:13:26	13,52	0,30	-3,40	0,67	-85,93
1288	15.08.20 18:13:27	13,52	0,30	-3,98	0,37	-85,64
1289	15.08.20 18:13:28	13,52	0,30	-1,06	1,52	-87,42
1290	15.08.20 18:13:29	13,52	0,30	0,87	-0,46	-88,67
1291	15.08.20 18:13:30	13,52	0,28	0,34	-2,31	-87,35
1292	15.08.20 18:13:31	13,55	0,30	2,56	-0,67	-86,78
1293	15.08.20 18:13:32	13,55	0,30	2,68	-0,27	-87,05
1294	15.08.20 18:13:33	13,55	0,30	1,33	-3,20	-85,47
1295	15.08.20 18:13:34	13,55	0,30	4,21	-0,99	-84,81
1296	15.08.20 18:13:35	13,55	0,28	4,63	-3,01	-82,36
1297	15.08.20 18:13:36	13,58	0,28	3,24	-2,08	-84,68
1298	15.08.20 18:13:37	13,58	0,30	4,96	-1,33	-83,71
1299	15.08.20 18:13:38	13,58	0,28	1,27	-2,57	-86,16
1300	15.08.20 18:13:39	13,58	0,30	-1,16	-0,92	-87,93
1301	15.08.20 18:13:40	13,62	0,30	3,76	1,34	-84,90
1302	15.08.20 18:13:41	13,62	0,30	0,44	-4,23	-85,33
1303	15.08.20 18:13:42	13,62	0,28	-0,26	-0,16	-89,58
1304	15.08.20 18:13:43	13,65	0,30	-0,33	3,52	-86,15
1305	15.08.20 18:13:44	13,65	0,28	-5,56	0,22	-84,22
1306	15.08.20 18:13:45	13,65	0,28	-1,00	1,72	-87,28
1307	15.08.20 18:13:46	13,65	0,28	3,62	-1,19	-85,19
1308	15.08.20 18:13:47	13,65	0,30	-0,10	-3,68	-86,22
1309	15.08.20 18:13:48	13,68	0,30	1,19	1,27	-87,53
1310	15.08.20 18:13:49	13,68	0,30	2,52	-0,58	-86,90
1311	15.08.20 18:13:50	13,68	0,30	-1,26	-3,17	-85,57
1312	15.08.20 18:13:51	13,68	0,30	2,35	-0,51	-87,14
1313	15.08.20 18:13:52	13,71	0,30	4,96	-0,76	-84,28
1314	15.08.20 18:13:53	13,71	0,28	3,45	-3,84	-82,71
1315	15.08.20 18:13:54	13,71	0,28	0,00	-2,57	-87,43
1316	15.08.20 18:13:55	13,71	0,30	0,99	3,58	-85,43
1317	15.08.20 18:13:56	13,74	0,28	-0,42	0,25	-89,33
1318	15.08.20 18:13:57	13,74	0,28	-0,72	-1,42	-87,86
1319	15.08.20 18:13:58	13,74	0,28	-1,62	0,19	-88,20
1320	15.08.20 18:13:59	13,74	0,30	-2,11	2,72	-85,16
1321	15.08.20 18:14:00	13,74	0,30	0,18	-0,53	-89,30
1322	15.08.20 18:14:01	13,77	0,30	-1,49	-0,70	-87,81
1323	15.08.20 18:14:02	13,77	0,30	1,55	-0,06	-88,39
1324	15.08.20 18:14:03	13,77	0,30	2,06	-0,85	-87,09
1325	15.08.20 18:14:04	13,77	0,30	2,14	-1,04	-86,82
1326	15.08.20 18:14:05	13,80	0,30	3,11	-3,88	-83,01
1327	15.08.20 18:14:06	13,80	0,30	3,87	-2,08	-84,06
1328	15.08.20 18:14:07	13,80	0,28	5,93	0,50	-83,56
1329	15.08.20 18:14:08	13,80	0,30	2,42	-5,68	-81,91
1330	15.08.20 18:14:09	13,83	0,28	1,89	-1,32	-86,80
1331	15.08.20 18:14:10	13,83	0,28	4,21	1,41	-84,38
1332	15.08.20 18:14:11	13,83	0,28	-1,12	-2,89	-85,99
1333	15.08.20 18:14:12	13,83	0,28	-0,70	0,38	-88,92
1334	15.08.20 18:14:13	13,86	0,28	0,58	0,60	-88,81
1335	15.08.20 18:14:14	13,86	0,28	-0,32	0,41	-89,27
1336	15.08.20 18:14:15	13,86	0,28	-0,53	-1,28	-88,19
1337	15.08.20 18:14:16	13,86	0,28	-3,65	0,33	-86,02
1338	15.08.20 18:14:17	13,90	0,28	0,69	3,34	-85,96
1339	15.08.20 18:14:18	13,90	0,28	-1,51	-1,52	-86,97
1340	15.08.20 18:14:19	13,90	0,28	1,18	-1,65	-87,17
1341	15.08.20 18:14:20	13,90	0,28	1,33	-1,72	-86,95
1342	15.08.20 18:14:21	13,93	0,28	2,35	0,80	-86,85
1343	15.08.20 18:14:22	13,93	0,28	2,16	-1,59	-86,25
1344	15.08.20 18:14:23	13,93	0,28	0,97	-2,68	-86,36
1345	15.08.20 18:14:24	13,93	0,28	2,22	-1,80	-85,98
1346	15.08.20 18:14:25	13,96	0,30	3,09	0,23	-86,68
1347	15.08.20 18:14:26	13,96	0,30	3,54	-1,35	-85,11
1348	15.08.20 18:14:27	13,96	0,30	-1,16	-3,21	-85,63
1349	15.08.20 18:14:28	13,96	0,30	-1,81	0,39	-87,80
1350	15.08.20 18:14:29	13,96	0,30	4,56	1,42	-84,02
1351	15.08.20 18:14:30	13,99	0,30	0,56	-3,37	-86,07
1352	15.08.20 18:14:31	13,99	0,33	-2,14	-4,17	-83,69
1353	15.08.20 18:14:32	13,99	0,30	2,47	5,41	-82,12
1354	15.08.20 18:14:33	13,99	0,33	0,17	-0,38	-89,45
1355	15.08.20 18:14:34	14,02	0,30	-3,23	-4,37	-82,41
1356	15.08.20 18:14:35	14,02	0,30	0,72	1,70	-87,58
1357	15.08.20 18:14:36	14,02	0,33	3,09	1,08	-85,82
1358	15.08.20 18:14:37	14,02	0,30	0,57	-4,11	-85,32
1359	15.08.20 18:14:38	14,02	0,28	-1,66	-3,04	-85,30
1360	15.08.20 18:14:39	14,05	0,30	4,08	2,09	-83,83
1361	15.08.20 18:14:40	14,05	0,30	3,12	-1,88	-85,00
1362	15.08.20 18:14:41	14,05	0,30	1,06	-4,18	-84,76
1363	15.08.20 18:14:42	14,05	0,30	0,71	-0,64	-88,64
1364	15.08.20 18:14:43	14,05	0,30	3,00	1,48	-85,51
1365	15.08.20 18:14:44	14,08	0,30	-0,33	-2,51	-87,15
1366	15.08.20 18:14:45	14,08	0,33	0,06	-0,59	-89,35
1367	15.08.20 18:14:46	14,08	0,30	2,89	0,42	-86,69
1368	15.08.20 18:14:47	14,08	0,30	1,41	-2,57	-86,02
1369	15.08.20 18:14:48	14,11	0,30	-0,84	-2,58	-86,58
1370	15.08.20 18:14:49	14,11	0,30	4,31	2,47	-83,22
1371	15.08.20 18:14:50	14,11	0,30	2,56	-1,09	-86,35
1372	15.08.20 18:14:51	14,11	0,30	2,85	-6,33	-80,82
1373	15.08.20 18:14:52	14,11	0,30	0,91	-0,90	-88,20
1374	15.08.20 18:14:53	14,14	0,30	3,89	2,54	-83,57
1375	15.08.20 18:14:54	14,14	0,33	1,17	-4,95	-83,89
1376	15.08.20 18:14:55	14,14	0,30	-1,06	-3,10	-85,85
1377	15.08.20 18:14:56	14,14	0,33	1,59	3,83	-84,58
1378	15.08.20 18:14:57	14,18	0,33	-2,32	-1,00	-86,68
1379	15.08.20 18:14:58	14,18	0,33	0,54	-2,31	-87,15
1380	15.08.20 18:14:59	14,18	0,33	1,32	-1,79	-86,89
1381	15.08.20 18:15:00	14,18	0,28	2,42	0,15	-87,43
1382	15.08.20 18:15:01	14,18	0,30	2,14	-1,61	-86,25
1383	15.08.20 18:15:02	14,21	0,30	1,69	0,09	-88,22
1384	15.08.20 18:15:03	14,21	0,30	1,33	-3,79	-84,89
1385	15.08.20 18:15:04	14,21	0,30	2,73	0,00	-87,27
1386	15.08.20 18:15:05	14,21	0,30	4,72	-1,77	-83,51
1387	15.08.20 18:15:06	14,24	0,30	1,09	-2,75	-86,16
1388	15.08.20 18:15:07	14,24	0,30	0,20	-0,84	-88,97
1389	15.08.20 18:15:08	14,24	0,30	2,60	0,20	-87,20
1390	15.08.20 18:15:09	14,24	0,30	2,23	-3,68	-84,09
1391	15.08.20 18:15:10	14,24	0,30	3,50	-1,93	-84,58
1392	15.08.20 18:15:11	14,27	0,30	0,06	4,34	-85,60
1393	15.08.20 18:15:12	14,27	0,33	-1,89	-1,40	-86,71
1394	15.08.20 18:15:13	14,27	0,30	-1,69	-2,82	-85,49
1395	15.08.20 18:15:14	14,27	0,33	4,58	2,92	-82,50
1396	15.08.20 18:15:15	14,30	0,30	0,75	-2,07	-87,18
1397	15.08.20 18:15:16	14,30	0,30	-3,39	-6,08	-80,53
1398	15.08.20 18:15:17	14,30	0,33	4,03	1,92	-84,05
1399	15.08.20 18:15:18	14,30	0,33	5,20	-1,55	-83,25
1400	15.08.20 18:15:19	14,30	0,30	0,66	-4,91	-84,43
1401	15.08.20 18:15:20	14,33	0,30	0,40	-0,69	-88,91
1402	15.08.20 18:15:21	14,33	0,30	2,34	3,31	-84,35
1403	15.08.20 18:15:22	14,33	0,30	-1,58	-1,65	-86,77
1404	15.08.20 18:15:23	14,33	0,33	-2,42	-1,61	-85,97
1405	15.08.20 18:15:24	14,33	0,30	-0,40	2,15	-87,46
1406	15.08.20 18:15:25	14,36	0,28	1,78	0,36	-87,86
1407	15.08.20 18:15:26	14,36	0,30	-0,19	-3,36	-86,45
1408	15.08.20 18:15:27	14,36	0,28	-0,13	-1,56	-88,31
1409	15.08.20 18:15:28	14,39	0,30	4,04	1,03	-84,93
1410	15.08.20 18:15:29	14,39	0,30	2,33	-0,20	-87,47
1411	15.08.20 18:15:30	14,39	0,30	-0,90	-5,12	-83,98
1412	15.08.20 18:15:31	14,39	0,30	2,01	-0,71	-87,28
1413	15.08.20 18:15:32	14,39	0,30	5,75	1,75	-82,49
1414	15.08.20 18:15:33	14,39	0,33	0,65	-4,34	-85,01
1415	15.08.20 18:15:34	14,42	0,30	-1,68	-3,73	-84,58
1416	15.08.20 18:15:35	14,42	0,28	1,73	3,39	-84,88
1417	15.08.20 18:15:36	14,42	0,30	2,00	-0,49	-87,51
1418	15.08.20 18:15:37	14,42	0,28	2,79	-2,90	-84,31
1419	15.08.20 18:15:38	14,45	0,28	1,15	-1,63	-87,23
1420	15.08.20 18:15:39	14,45	0,30	1,26	0,53	-88,21
1421	15.08.20 18:15:40	14,45	0,30	4,10	57,12	28,78
1422	15.08.20 18:15:41	14,45	0,28	6,66	6,86	76,49
1423	15.08.20 18:15:42	14,49	0,30	-3,10	22,78	64,12
1424	15.08.20 18:15:43	14,49	0,30	-26,74	51,01	-12,25
1425	15.08.20 18:15:44	14,49	0,28	-2,65	76,78	10,56
1426	15.08.20 18:15:45	14,52	0,30	-51,74	25,75	-12,51
1427	15.08.20 18:15:46	14,52	0,28	-2,27	55,96	-31,77
1428	15.08.20 18:15:47	14,52	0,28	15,29	72,27	-2,44
1429	15.08.20 18:15:48	14,67	0,24	1,92	47,84	-40,24
1430	15.08.20 18:15:49	15,99	0,18	10,54	-6,40	-73,06
1431	15.08.20 18:15:50	16,17	0,20	23,16	-13,23	-53,61
1432	15.08.20 18:15:51	16,26	0,22	21,22	-55,59	-13,18
1433	15.08.20 18:15:52	16,47	0,22	33,28	-30,14	26,58
1434	15.08.20 18:15:53	16,56	0,22	1,03	-78,89	-10,07
1435	15.08.20 18:15:54	16,59	0,20	-1,99	-60,60	27,42
1436	15.08.20 18:15:55	16,89	0,18	14,67	14,43	60,90
1437	15.08.20 18:15:56	16,98	0,20	-12,79	-7,87	69,35
1438	15.08.20 18:15:57	16,98	0,20	1,57	-75,04	-13,39
1439	15.08.20 18:15:58	17,16	0,18	-32,64	-52,65	4,71
1440	15.08.20 18:15:59	17,25	0,20	-17,03	-72,13	-0,84
1441	15.08.20 18:16:00	17,28	0,20	-25,06	-62,56	2,38
1442	15.08.20 18:16:01	17,28	0,20	2,79	-79,90	7,31
1443	15.08.20 18:16:02	17,25	0,20	-15,09	-52,47	22,43
1444	15.08.20 18:16:03	17,25	0,20	-12,57	-62,91	14,52
1445	15.08.20 18:16:04	17,22	0,22	-9,93	20,42	59,66
1446	15.08.20 18:16:05	17,19	0,20	11,63	-57,86	20,51
1447	15.08.20 18:16:06	17,19	0,24	5,48	-22,55	61,96
1448	15.08.20 18:16:07	17,16	0,24	-6,36	78,69	-4,95
1449	15.08.20 18:16:08	17,13	0,24	-6,78	76,05	-7,17
1450	15.08.20 18:16:09	17,10	0,26	-8,43	78,78	-2,79
1451	15.08.20 18:16:10	17,07	0,24	-2,43	82,11	-5,46
1452	15.08.20 18:16:11	17,07	0,26	-4,05	81,72	-4,23
1453	15.08.20 18:16:12	17,04	0,24	-7,72	80,60	-1,68
1454	15.08.20 18:16:13	17,01	0,24	-3,91	83,43	-2,67
1455	15.08.20 18:16:14	17,01	0,26	-3,10	82,10	-4,80
1456	15.08.20 18:16:15	16,98	0,26	-6,59	81,89	-1,52
1457	15.08.20 18:16:16	16,98	0,24	-3,37	83,62	-3,02
1458	15.08.20 18:16:17	16,95	0,26	-6,32	82,52	-1,15
1459	15.08.20 18:16:18	16,95	0,26	-4,33	79,88	-5,79
1460	15.08.20 18:16:19	16,95	0,28	-3,85	80,28	-5,88
1461	15.08.20 18:16:20	16,92	0,26	-7,62	81,88	-0,50
1462	15.08.20 18:16:21	16,92	0,26	-4,26	79,57	-6,17
1463	15.08.20 18:16:22	16,89	0,28	-5,05	77,14	-7,81
1464	15.08.20 18:16:23	16,89	0,26	-5,93	76,05	-8,02
1465	15.08.20 18:16:24	16,89	0,28	-8,83	77,03	-4,14
1466	15.08.20 18:16:25	16,86	0,28	-3,92	80,87	-5,21
1467	15.08.20 18:16:26	16,86	0,28	-4,82	79,51	-5,67
1468	15.08.20 18:16:27	16,83	0,28	-7,76	77,50	-4,73
1469	15.08.20 18:16:28	16,83	0,28	-3,11	80,70	-6,19
1470	15.08.20 18:16:29	16,83	0,28	-6,09	81,11	-2,80
1471	15.08.20 18:16:30	16,83	0,28	-6,84	79,05	-4,11
1472	15.08.20 18:16:31	16,80	0,28	-4,22	80,37	-5,41
1473	15.08.20 18:16:32	16,80	0,28	-3,83	82,33	-3,84
1474	15.08.20 18:16:33	16,80	0,30	-5,91	82,53	-1,56
1475	15.08.20 18:16:34	16,77	0,28	-5,02	82,93	-2,05
1476	15.08.20 18:16:35	16,77	0,28	-2,31	80,11	-7,58
1477	15.08.20 18:16:36	16,77	0,30	-10,16	78,31	-1,52
1478	15.08.20 18:16:37	16,77	0,28	-4,21	82,53	-3,27
1479	15.08.20 18:16:38	16,77	0,30	-0,14	83,48	-6,39
1480	15.08.20 18:16:39	16,74	0,28	-9,18	77,94	-2,88
1481	15.08.20 18:16:40	16,74	0,28	-9,09	76,21	-4,70
1482	15.08.20 18:16:41	16,74	0,28	-2,27	79,11	-8,62
1483	15.08.20 18:16:42	16,74	0,26	-2,28	79,81	-7,90
1484	15.08.20 18:16:43	16,74	0,28	-11,72	77,08	-1,20
1485	15.08.20 18:16:44	16,74	0,28	-3,14	82,66	-4,19
1486	15.08.20 18:16:45	16,71	0,28	-0,21	84,82	-4,97
1487	15.08.20 18:16:46	16,71	0,28	-9,41	77,67	-2,92
1488	15.08.20 18:16:47	16,71	0,28	-7,26	78,82	-3,92
1489	15.08.20 18:16:48	16,71	0,26	-1,88	81,68	-6,44
1490	15.08.20 18:16:49	16,71	0,28	-5,68	81,08	-3,24
1491	15.08.20 18:16:50	16,71	0,28	-7,52	77,75	-4,74
1492	15.08.20 18:16:51	16,71	0,28	-3,43	81,97	-4,60
1493	15.08.20 18:16:52	16,68	0,28	-6,35	79,38	-4,26
1494	15.08.20 18:16:53	16,68	0,28	-6,15	77,60	-6,24
1495	15.08.20 18:16:54	16,68	0,28	-4,74	82,86	-2,39
1496	15.08.20 18:16:55	16,68	0,28	-3,50	84,30	-2,19
1497	15.08.20 18:16:56	16,68	0,28	-5,64	80,83	-3,54
1498	15.08.20 18:16:57	16,68	0,30	-4,39	83,26	-2,35
1499	15.08.20 18:16:58	16,68	0,28	-3,71	83,27	-3,02
1500	15.08.20 18:16:59	16,68	0,30	-7,98	79,38	-2,64
1501	15.08.20 18:17:00	16,68	0,30	-4,63	80,37	-4,99
1502	15.08.20 18:17:01	16,68	0,30	-4,53	79,62	-5,85
1503	15.08.20 18:17:02	16,68	0,28	-6,78	78,16	-5,06
1504	15.08.20 18:17:03	16,68	0,28	-6,75	80,05	-3,20
1505	15.08.20 18:17:04	16,68	0,30	-2,66	82,81	-4,53
1506	15.08.20 18:17:05	16,65	0,30	-10,79	5,83	73,37
1507	15.08.20 18:17:06	16,65	0,28	-33,89	-27,21	28,90
1508	15.08.20 18:17:07	16,68	0,28	-22,89	20,57	46,54
1509	15.08.20 18:17:08	16,68	0,30	-71,18	-0,13	-18,69
1510	15.08.20 18:17:09	16,68	0,28	44,88	-11,35	-33,77
1511	15.08.20 18:17:10	16,68	0,30	55,50	1,19	-33,30
1512	15.08.20 18:17:11	16,68	0,28	52,80	2,69	-34,51
1513	15.08.20 18:17:12	16,68	0,30	46,45	-3,21	-40,34
1514	15.08.20 18:17:13	16,68	0,28	58,42	-11,43	-20,15
1515	15.08.20 18:17:14	16,68	0,30	43,20	22,28	-24,52
1516	15.08.20 18:17:15	16,77	0,28	28,22	57,18	4,59
1517	15.08.20 18:17:16	16,80	0,28	25,78	42,55	21,67
1518	15.08.20 18:17:17	16,80	0,30	13,14	53,21	23,65
1519	15.08.20 18:17:18	16,86	0,28	8,59	0,72	-80,69
1520	15.08.20 18:17:19	16,95	0,26	21,47	-12,90	-55,62
1521	15.08.20 18:17:20	17,01	0,26	21,83	-38,54	-29,62
1522	15.08.20 18:17:21	17,61	0,18	23,86	-31,96	-34,18
1523	15.08.20 18:17:22	17,82	0,22	18,57	-36,91	-34,52
1524	15.08.20 18:17:23	17,82	0,24	23,74	-36,11	-30,16
1525	15.08.20 18:17:24	17,79	0,24	23,18	-23,86	-42,96
1526	15.08.20 18:17:25	17,76	0,24	19,69	-16,03	-54,28
1527	15.08.20 18:17:26	17,76	0,26	39,27	-14,44	-36,30
1528	15.08.20 18:17:27	17,73	0,24	17,76	-9,89	-62,35
1529	15.08.20 18:17:28	17,73	0,24	32,39	-3,98	-53,63
1530	15.08.20 18:17:29	17,70	0,24	-1,45	-39,82	-48,73
1531	15.08.20 18:17:30	17,70	0,24	-31,62	-17,48	-40,90
1532	15.08.20 18:17:31	17,70	0,24	-21,00	-48,37	-20,63
1533	15.08.20 18:17:32	17,70	0,26	-23,35	24,09	-42,56
1534	15.08.20 18:17:33	17,70	0,26	2,60	-8,19	-79,21
1535	15.08.20 18:17:34	17,70	0,26	2,22	-9,72	-78,06
1536	15.08.20 18:17:35	17,67	0,24	3,67	-10,54	-75,80
1537	15.08.20 18:17:36	17,67	0,26	5,59	-8,30	-76,12
1538	15.08.20 18:17:37	17,67	0,26	2,95	-10,11	-76,93
1539	15.08.20 18:17:38	17,67	0,26	1,93	-9,69	-78,38
1540	15.08.20 18:17:39	17,67	0,26	3,13	-9,44	-77,43
1541	15.08.20 18:17:40	17,67	0,26	3,66	-10,01	-76,33
1542	15.08.20 18:17:41	17,67	0,26	3,74	-10,30	-75,95
1543	15.08.20 18:17:42	17,67	0,26	2,42	-9,77	-77,81
1544	15.08.20 18:17:43	17,67	0,26	3,03	-7,57	-79,40
1545	15.08.20 18:17:44	17,67	0,26	2,87	-9,95	-77,17
1546	15.08.20 18:17:45	17,67	0,26	3,79	-10,23	-75,98
1547	15.08.20 18:17:46	17,67	0,26	1,47	-10,13	-78,39
1548	15.08.20 18:17:47	17,67	0,28	-1,01	-8,78	-80,21
1549	15.08.20 18:17:48	17,67	0,26	3,84	-7,30	-78,86
1550	15.08.20 18:17:49	17,67	0,26	7,40	-11,31	-71,29
1551	15.08.20 18:17:50	17,67	0,26	1,92	-11,90	-76,19
1552	15.08.20 18:17:51	17,67	0,26	1,68	-6,86	-81,46
1553	15.08.20 18:17:52	17,67	0,26	3,81	-7,12	-79,07
1554	15.08.20 18:17:53	17,67	0,26	5,43	-12,51	-72,05
1555	15.08.20 18:17:54	17,67	0,26	6,27	-11,00	-72,74
1556	15.08.20 18:17:55	17,67	0,26	2,57	-8,20	-79,23
1557	15.08.20 18:17:56	17,67	0,26	3,48	-7,92	-78,60
1558	15.08.20 18:17:57	17,67	0,26	3,65	-11,76	-74,58
1559	15.08.20 18:17:58	17,67	0,26	1,62	-9,79	-78,59
1560	15.08.20 18:17:59	17,67	0,28	3,05	-7,46	-79,49
1561	15.08.20 18:18:00	17,67	0,26	2,41	-8,35	-79,24
1562	15.08.20 18:18:01	17,67	0,26	-0,95	-9,84	-79,21
1563	15.08.20 18:18:02	17,67	0,26	0,33	-9,08	-80,59
1564	15.08.20 18:18:03	17,67	0,26	1,81	-8,69	-79,51
1565	15.08.20 18:18:04	17,67	0,26	2,69	-8,28	-79,03
1566	15.08.20 18:18:05	17,67	0,24	2,45	-10,69	-76,86
1567	15.08.20 18:18:06	17,67	0,26	2,73	-9,34	-77,94
1568	15.08.20 18:18:07	17,67	0,26	3,14	-10,49	-76,37
1569	15.08.20 18:18:08	17,67	0,26	6,54	-9,12	-74,33
1570	15.08.20 18:18:09	17,67	0,26	5,42	-9,56	-75,01
1571	15.08.20 18:18:10	17,70	0,24	4,39	-11,24	-74,37
1572	15.08.20 18:18:11	17,67	0,28	4,87	-10,14	-74,99
1573	15.08.20 18:18:12	17,70	0,28	3,56	-8,35	-78,09
1574	15.08.20 18:18:13	17,70	0,28	2,31	-10,19	-77,50
1575	15.08.20 18:18:14	17,70	0,26	3,37	-9,51	-77,12
1576	15.08.20 18:18:15	17,70	0,28	3,62	-9,18	-77,20
1577	15.08.20 18:18:16	17,70	0,26	0,88	-10,20	-78,92
1578	15.08.20 18:18:17	17,70	0,28	2,32	-9,75	-77,94
1579	15.08.20 18:18:18	17,70	0,26	2,98	-9,03	-77,99
1580	15.08.20 18:18:19	17,70	0,26	2,76	-8,51	-78,73
1581	15.08.20 18:18:20	17,70	0,26	1,46	-10,36	-78,17
1582	15.08.20 18:18:21	17,70	0,26	2,37	-10,91	-76,72
1583	15.08.20 18:18:22	17,70	0,26	2,69	-9,75	-77,56
1584	15.08.20 18:18:23	17,70	0,24	6,93	-6,65	-76,42
1585	15.08.20 18:18:24	17,70	0,26	4,47	-11,25	-74,28
1586	15.08.20 18:18:25	17,70	0,28	2,06	-11,82	-76,12
1587	15.08.20 18:18:26	17,70	0,26	3,17	-7,94	-78,89
1588	15.08.20 18:18:27	17,70	0,26	8,73	-6,17	-75,11
1589	15.08.20 18:18:28	17,70	0,26	2,52	-13,55	-73,92
1590	15.08.20 18:18:29	17,70	0,26	0,28	-11,81	-77,91
1591	15.08.20 18:18:30	17,70	0,28	1,98	-4,57	-83,45
1592	15.08.20 18:18:31	17,70	0,28	4,74	-6,80	-78,46
1593	15.08.20 18:18:32	17,70	0,26	0,75	-17,31	-71,94
1594	15.08.20 18:18:33	17,70	0,26	4,39	-6,92	-78,70
1595	15.08.20 18:18:34	17,73	0,26	6,08	-4,23	-79,70
1596	15.08.20 18:18:35	17,70	0,26	0,80	-15,96	-73,24
1597	15.08.20 18:18:36	17,73	0,26	2,90	-9,33	-77,77
1598	15.08.20 18:18:37	17,73	0,26	5,28	-4,32	-80,40
1599	15.08.20 18:18:38	17,73	0,28	5,28	-10,55	-74,17
1600	15.08.20 18:18:39	17,73	0,26	2,51	-13,13	-74,35
1601	15.08.20 18:18:40	17,73	0,26	5,36	-3,43	-81,22
1602	15.08.20 18:18:41	17,73	0,28	3,09	-9,44	-77,48
1603	15.08.20 18:18:42	17,73	0,26	0,21	-13,25	-76,53
1604	15.08.20 18:18:43	17,73	0,26	5,73	-4,94	-79,33
1605	15.08.20 18:18:44	17,73	0,28	6,14	-9,18	-74,68
1606	15.08.20 18:18:45	17,73	0,28	3,23	-12,16	-74,62
1607	15.08.20 18:18:46	17,73	0,28	4,58	-6,94	-78,48
1608	15.08.20 18:18:47	17,73	0,26	2,39	-10,62	-76,99
1609	15.08.20 18:18:48	17,73	0,28	2,81	-10,36	-76,83
1610	15.08.20 18:18:49	17,73	0,28	7,66	-6,00	-76,35
1611	15.08.20 18:18:50	17,73	0,28	4,13	-12,42	-73,45
1612	15.08.20 18:18:51	17,73	0,28	4,15	-9,86	-75,99
1613	15.08.20 18:18:52	17,73	0,26	3,88	-7,89	-78,23
1614	15.08.20 18:18:53	17,73	0,26	3,74	-8,26	-77,99
1615	15.08.20 18:18:54	17,73	0,28	0,99	-12,18	-76,83
1616	15.08.20 18:18:55	17,73	0,26	1,88	-8,43	-79,69
1617	15.08.20 18:18:56	17,73	0,28	5,78	-4,77	-79,45
1618	15.08.20 18:18:57	17,73	0,26	4,42	-13,00	-72,58
1619	15.08.20 18:18:58	17,73	0,28	1,92	-11,87	-76,21
1620	15.08.20 18:18:59	17,73	0,28	3,28	-6,00	-80,72
1621	15.08.20 18:19:00	17,73	0,28	4,12	-7,23	-78,65
1622	15.08.20 18:19:01	17,73	0,28	5,75	-11,65	-72,59
1623	15.08.20 18:19:02	17,73	0,26	3,74	-12,99	-73,28
1624	15.08.20 18:19:03	17,73	0,28	5,50	-6,46	-78,04
1625	15.08.20 18:19:04	17,73	0,28	4,12	-7,52	-78,36
1626	15.08.20 18:19:05	17,73	0,26	1,87	-12,41	-75,72
1627	15.08.20 18:19:06	17,73	0,26	5,51	-9,17	-75,32
1628	15.08.20 18:19:07	17,73	0,28	4,72	-8,35	-76,94
1629	15.08.20 18:19:08	17,76	0,26	0,85	-9,78	-79,37
1630	15.08.20 18:19:09	17,76	0,26	3,70	-8,21	-78,09
1631	15.08.20 18:19:10	17,76	0,28	2,54	-9,57	-77,90
1632	15.08.20 18:19:11	17,76	0,26	3,71	-9,74	-76,55
1633	15.08.20 18:19:12	17,76	0,28	3,14	-9,60	-77,27
1634	15.08.20 18:19:13	17,76	0,28	2,59	-9,60	-77,81
1635	15.08.20 18:19:14	17,76	0,26	2,26	-9,80	-77,95
1636	15.08.20 18:19:15	17,76	0,28	3,49	-9,07	-77,44
1637	15.08.20 18:19:16	17,76	0,28	3,70	-8,81	-77,49
1638	15.08.20 18:19:17	17,76	0,26	2,57	-12,89	-74,55
1639	15.08.20 18:19:18	17,76	0,28	3,83	-9,01	-77,16
1640	15.08.20 18:19:19	17,76	0,26	6,11	-6,65	-77,24
1641	15.08.20 18:19:20	17,76	0,26	2,54	-11,26	-76,20
1642	15.08.20 18:19:21	17,76	0,28	3,98	-11,29	-74,73
1643	15.08.20 18:19:22	17,76	0,26	2,03	-8,83	-79,14
1644	15.08.20 18:19:23	17,76	0,26	5,73	-8,48	-75,78
1645	15.08.20 18:19:24	17,76	0,28	3,96	-10,65	-75,39
1646	15.08.20 18:19:25	17,76	0,26	3,19	-6,49	-80,33
1647	15.08.20 18:19:26	17,76	0,26	-1,51	-19,75	-68,74
1648	15.08.20 18:19:27	17,76	0,28	6,02	-15,51	-68,47
1649	15.08.20 18:19:28	17,76	0,26	6,57	-13,16	-70,27
1650	15.08.20 18:19:29	17,76	0,28	4,61	-17,32	-68,07
1651	15.08.20 18:19:30	17,76	0,28	4,30	-16,72	-68,99
1652	15.08.20 18:19:31	17,76	0,26	5,09	-12,51	-72,40
1653	15.08.20 18:19:32	17,76	0,26	7,23	-14,36	-68,41
1654	15.08.20 18:19:33	17,76	0,28	4,51	-16,85	-68,65
1655	15.08.20 18:19:34	17,76	0,26	2,30	-16,12	-71,58
1656	15.08.20 18:19:35	17,76	0,24	4,34	-11,87	-73,80
1657	15.08.20 18:19:36	17,76	0,28	6,10	-14,28	-69,62
1658	15.08.20 18:19:37	17,76	0,26	5,38	-19,01	-65,62
1659	15.08.20 18:19:38	17,79	0,28	3,78	-13,02	-73,21
1660	15.08.20 18:19:39	17,79	0,28	6,53	-9,85	-73,62
1661	15.08.20 18:19:40	17,79	0,26	3,88	-18,01	-68,11
1662	15.08.20 18:19:41	17,79	0,26	7,64	-14,39	-67,97
1663	15.08.20 18:19:42	17,79	0,26	7,66	-13,48	-68,86
1664	15.08.20 18:19:43	17,79	0,28	7,74	-12,38	-69,89
1665	15.08.20 18:19:44	17,79	0,26	6,08	-15,44	-68,48
1666	15.08.20 18:19:45	17,79	0,26	4,58	-14,84	-70,58
1667	15.08.20 18:19:46	17,79	0,28	5,43	-12,19	-72,39
1668	15.08.20 18:19:47	17,79	0,26	4,88	-17,09	-68,03
1669	15.08.20 18:19:48	17,79	0,26	4,75	-12,06	-73,19
1670	15.08.20 18:19:49	17,79	0,26	3,23	-11,75	-75,02
1671	15.08.20 18:19:50	17,79	0,28	1,54	-18,54	-69,92
1672	15.08.20 18:19:51	17,79	0,26	2,75	-15,42	-71,84
1673	15.08.20 18:19:52	17,79	0,26	4,45	-10,55	-75,00
1674	15.08.20 18:19:53	17,79	0,26	8,85	-11,46	-69,69
1675	15.08.20 18:19:54	17,79	0,26	2,99	-20,19	-66,82
1676	15.08.20 18:19:55	17,79	0,28	1,92	-12,27	-75,81
1677	15.08.20 18:19:56	17,79	0,28	4,95	-11,03	-74,02
1678	15.08.20 18:19:57	17,79	0,26	5,08	-17,24	-67,68
1679	15.08.20 18:19:58	17,79	0,26	6,11	-12,50	-71,39
1680	15.08.20 18:19:59	17,79	0,26	7,52	-13,21	-69,27
1681	15.08.20 18:20:00	17,79	0,28	7,49	-15,03	-67,47
1682	15.08.20 18:20:01	17,79	0,28	5,50	-13,56	-70,94
1683	15.08.20 18:20:02	17,79	0,26	6,39	-13,48	-70,12
1684	15.08.20 18:20:03	17,79	0,26	7,82	-12,33	-69,86
1685	15.08.20 18:20:04	17,79	0,26	4,19	-15,85	-69,96
1686	15.08.20 18:20:05	17,79	0,26	5,27	-12,51	-72,22
1687	15.08.20 18:20:06	17,79	0,26	5,76	-12,71	-71,53
1688	15.08.20 18:20:07	17,79	0,26	3,28	-15,58	-71,13
1689	15.08.20 18:20:08	17,79	0,24	3,39	-15,06	-71,55
1690	15.08.20 18:20:09	17,79	0,26	3,20	-13,09	-73,71
1691	15.08.20 18:20:10	17,79	0,28	3,40	-15,96	-70,64
1692	15.08.20 18:20:11	17,79	0,26	4,84	-13,98	-71,18
1693	15.08.20 18:20:12	17,79	0,26	6,32	-12,84	-70,84
1694	15.08.20 18:20:13	17,82	0,28	4,29	-15,72	-69,99
1695	15.08.20 18:20:14	17,82	0,26	3,98	-13,02	-73,01
1696	15.08.20 18:20:15	17,79	0,26	3,56	-13,50	-72,94
1697	15.08.20 18:20:16	17,82	0,28	3,75	-15,33	-70,92
1698	15.08.20 18:20:17	17,82	0,28	7,35	-14,76	-67,89
1699	15.08.20 18:20:18	17,82	0,28	6,67	-13,13	-70,21
1700	15.08.20 18:20:19	17,82	0,28	5,42	-13,43	-71,15
1701	15.08.20 18:20:20	17,82	0,28	7,82	-5,67	-76,51
1702	15.08.20 18:20:21	17,82	0,26	-43,67	23,56	22,76
1703	15.08.20 18:20:22	17,82	0,26	-38,65	8,50	42,85
1704	15.08.20 18:20:23	17,82	0,26	-40,89	24,89	-24,21
1705	15.08.20 18:20:24	17,82	0,26	-3,83	39,80	-46,37
1706	15.08.20 18:20:25	17,82	0,26	-4,49	35,53	-49,97
1707	15.08.20 18:20:26	17,82	0,26	-6,16	26,16	-57,68
1708	15.08.20 18:20:27	17,82	0,26	-9,63	35,24	-45,13
1709	15.08.20 18:20:28	17,82	0,26	-18,54	25,42	-46,04
1710	15.08.20 18:20:29	17,82	0,26	13,51	20,58	-55,90
1711	15.08.20 18:20:30	17,82	0,26	-17,85	6,05	-66,11
1712	15.08.20 18:20:31	17,82	0,26	-52,11	-33,19	4,70
1713	15.08.20 18:20:32	17,82	0,26	-57,62	-27,85	4,53
1714	15.08.20 18:20:33	17,82	0,26	-49,69	-13,11	-27,21
1715	15.08.20 18:20:34	17,82	0,26	-63,04	-6,21	-20,75
1716	15.08.20 18:20:35	17,85	0,26	-72,52	-8,43	-9,05
1717	15.08.20 18:20:36	17,85	0,26	-69,67	-11,75	8,58
1718	15.08.20 18:20:37	17,85	0,28	-73,56	-12,70	-3,74
1719	15.08.20 18:20:38	17,85	0,26	-37,51	2,82	-49,67
1720	15.08.20 18:20:39	17,85	0,26	-56,42	17,84	-15,74
1721	15.08.20 18:20:40	17,85	0,26	-18,10	55,18	-16,72
1722	15.08.20 18:20:41	17,85	0,26	-8,07	63,42	-18,51
1723	15.08.20 18:20:42	17,85	0,26	-12,75	59,56	-17,69
1724	15.08.20 18:20:43	17,85	0,26	5,52	53,56	-30,91
1725	15.08.20 18:20:44	17,85	0,26	2,04	53,65	-34,31
1726	15.08.20 18:20:45	17,85	0,28	4,04	52,27	-33,69
1727	15.08.20 18:20:46	17,85	0,28	-9,67	51,41	-28,92
1728	15.08.20 18:20:47	17,85	0,24	-31,32	48,13	10,55
1729	15.08.20 18:20:48	17,85	0,26	-31,53	44,67	13,80
1730	15.08.20 18:20:49	17,88	0,26	-21,25	64,93	3,82
1731	15.08.20 18:20:50	17,88	0,26	-13,75	65,07	-11,18
1732	15.08.20 18:20:51	17,88	0,28	-12,54	54,85	-22,61
1733	15.08.20 18:20:52	17,88	0,26	-7,95	77,02	5,03
1734	15.08.20 18:20:53	17,88	0,26	-2,69	81,32	-5,99
1735	15.08.20 18:20:54	17,88	0,26	19,51	68,74	-1,75
1736	15.08.20 18:20:55	17,88	0,26	19,52	58,14	-12,34
1737	15.08.20 18:20:56	17,88	0,26	18,46	54,58	-16,96
1738	15.08.20 18:20:57	17,88	0,24	4,12	74,71	-11,17
1739	15.08.20 18:20:58	17,88	0,26	-21,55	50,63	17,82
1740	15.08.20 18:20:59	17,88	0,26	-38,79	22,81	-28,39
1741	15.08.20 18:21:00	17,91	0,26	-26,52	-0,72	-62,77
1742	15.08.20 18:21:01	17,91	0,26	-29,22	1,70	-59,08
1743	15.08.20 18:21:02	17,91	0,26	-30,23	2,20	-57,57
1744	15.08.20 18:21:03	17,91	0,24	-29,35	-2,98	-57,67
1745	15.08.20 18:21:04	17,91	0,28	-31,36	-2,17	-56,46
1746	15.08.20 18:21:05	17,91	0,24	-26,96	-1,53	-61,51
1747	15.08.20 18:21:06	17,91	0,28	-27,45	-1,27	-61,29
1748	15.08.20 18:21:07	17,91	0,26	-35,16	2,82	-52,02
1749	15.08.20 18:21:08	17,91	0,26	-31,22	-0,23	-58,55
1750	15.08.20 18:21:09	17,91	0,26	-23,49	-0,84	-65,67
1751	15.08.20 18:21:10	17,91	0,26	-31,56	-1,28	-57,17
1752	15.08.20 18:21:11	17,91	0,26	-35,16	-1,97	-52,86
1753	15.08.20 18:21:12	17,91	0,26	-26,83	-0,84	-62,33
1754	15.08.20 18:21:13	17,91	0,26	-27,63	-3,96	-58,41
1755	15.08.20 18:21:14	17,91	0,26	-22,03	-19,23	-48,74
1756	15.08.20 18:21:15	17,91	0,26	-26,86	-20,80	-42,34
1757	15.08.20 18:21:16	17,91	0,26	-24,91	-16,99	-48,10
1758	15.08.20 18:21:17	17,91	0,26	-18,83	-18,62	-52,55
1759	15.08.20 18:21:18	17,91	0,26	-27,31	-21,77	-40,92
1760	15.08.20 18:21:19	17,91	0,26	-25,36	-19,15	-45,49
1761	15.08.20 18:21:20	17,91	0,28	-21,46	-14,86	-53,69
1762	15.08.20 18:21:21	17,91	0,26	-24,77	-15,85	-49,38
1763	15.08.20 18:21:22	17,91	0,26	-27,94	-20,32	-41,74
1764	15.08.20 18:21:23	17,91	0,28	-21,85	-18,93	-49,22
1765	15.08.20 18:21:24	17,91	0,28	-24,29	-19,08	-46,64
1766	15.08.20 18:21:25	17,91	0,26	-22,03	-20,00	-47,97
1767	15.08.20 18:21:26	17,91	0,28	-27,12	-21,07	-41,81
1768	15.08.20 18:21:27	17,94	0,28	-18,71	-18,92	-52,38
1769	15.08.20 18:21:28	17,94	0,26	-23,11	-21,15	-45,74
1770	15.08.20 18:21:29	17,94	0,26	-28,50	-9,49	-52,01
1771	15.08.20 18:21:30	17,94	0,26	-23,43	9,99	-56,58
1772	15.08.20 18:21:31	17,94	0,26	-23,52	10,55	-55,93
1773	15.08.20 18:21:32	17,94	0,26	-23,97	10,84	-55,19
1774	15.08.20 18:21:33	17,94	0,28	-25,90	9,98	-54,12
1775	15.08.20 18:21:34	17,94	0,28	-24,84	11,17	-53,99
1776	15.08.20 18:21:35	17,94	0,26	-23,30	6,12	-60,58
1777	15.08.20 18:21:36	17,94	0,26	-32,60	5,98	-51,42
1778	15.08.20 18:21:37	17,94	0,28	-27,82	5,19	-56,98
1779	15.08.20 18:21:38	17,94	0,28	-25,98	5,56	-58,46
1780	15.08.20 18:21:39	17,94	0,26	-30,51	1,84	-57,64
1781	15.08.20 18:21:40	17,94	0,28	-33,53	3,89	-52,58
1782	15.08.20 18:21:41	17,94	0,28	-27,04	5,02	-57,93
1783	15.08.20 18:21:42	17,97	0,26	-29,53	2,47	-57,99
1784	15.08.20 18:21:43	17,97	0,28	-31,37	0,86	-57,77
1785	15.08.20 18:21:44	17,97	0,26	-31,47	2,19	-56,34
1786	15.08.20 18:21:45	17,97	0,28	-30,24	7,06	-52,70
1787	15.08.20 18:21:46	17,97	0,26	-26,48	1,97	-61,54
1788	15.08.20 18:21:47	17,97	0,28	-31,10	1,16	-57,74
1789	15.08.20 18:21:48	17,97	0,28	-32,49	4,60	-52,91
1790	15.08.20 18:21:49	17,97	0,26	-29,96	4,78	-55,26
1791	15.08.20 18:21:50	17,97	0,26	-26,30	4,07	-59,63
1792	15.08.20 18:21:51	17,97	0,26	-31,67	0,53	-57,81
1793	15.08.20 18:21:52	17,97	0,28	-38,18	3,23	-48,59
1794	15.08.20 18:21:53	17,97	0,26	-24,60	2,19	-63,20
1795	15.08.20 18:21:54	17,97	0,28	-28,72	3,20	-58,08
1796	15.08.20 18:21:55	17,97	0,26	-37,35	4,46	-48,19
1797	15.08.20 18:21:56	17,97	0,26	-28,56	-0,06	-61,38
1798	15.08.20 18:21:57	18,00	0,26	-28,16	5,02	-56,83
1799	15.08.20 18:21:58	18,00	0,26	-28,77	3,73	-57,50
1800	15.08.20 18:21:59	18,00	0,28	-32,36	4,07	-53,57
1801	15.08.20 18:22:00	18,00	0,28	-29,22	3,23	-57,55
1802	15.08.20 18:22:01	18,00	0,28	-28,49	3,41	-58,11
1803	15.08.20 18:22:02	18,00	0,28	-30,18	3,67	-56,15
1804	15.08.20 18:22:03	18,00	0,26	-30,29	4,79	-54,92
1805	15.08.20 18:22:04	18,00	0,28	-30,54	4,27	-55,18
1806	15.08.20 18:22:05	18,00	0,26	-28,44	1,55	-60,01
1807	15.08.20 18:22:06	18,00	0,28	-33,48	3,07	-53,45
1808	15.08.20 18:22:07	18,00	0,26	-27,64	1,41	-60,95
1809	15.08.20 18:22:08	18,00	0,26	-32,31	5,57	-52,12
1810	15.08.20 18:22:09	18,00	0,26	-28,81	3,36	-57,83
1811	15.08.20 18:22:10	18,03	0,26	-27,71	0,67	-61,62
1812	15.08.20 18:22:11	18,03	0,26	-34,07	6,06	-49,87
1813	15.08.20 18:22:12	18,03	0,26	-29,77	3,36	-56,86
1814	15.08.20 18:22:13	18,03	0,28	-27,71	0,80	-61,49
1815	15.08.20 18:22:14	18,03	0,26	-35,56	4,65	-49,79
1816	15.08.20 18:22:15	18,03	0,26	-28,48	3,82	-57,70
1817	15.08.20 18:22:16	18,03	0,28	-26,69	3,04	-60,27
1818	15.08.20 18:22:17	18,03	0,26	-30,78	6,50	-52,71
1819	15.08.20 18:22:18	18,03	0,26	-30,13	3,75	-56,12
1820	15.08.20 18:22:19	18,03	0,26	-27,96	3,13	-58,91
1821	15.08.20 18:22:20	18,03	0,26	-28,28	6,65	-55,07
1822	15.08.20 18:22:21	18,03	0,28	-31,64	5,17	-53,19
1823	15.08.20 18:22:22	18,06	0,26	-27,57	2,03	-60,39
1824	15.08.20 18:22:23	18,06	0,26	-32,23	2,98	-54,79
1825	15.08.20 18:22:24	18,06	0,28	-31,22	1,62	-57,15
1826	15.08.20 18:22:25	18,06	0,26	-27,82	4,46	-57,72
1827	15.08.20 18:22:26	18,06	0,26	-29,15	3,12	-57,74
1828	15.08.20 18:22:27	18,06	0,26	-32,50	4,40	-53,10
1829	15.08.20 18:22:28	18,06	0,28	-28,20	4,59	-57,21
1830	15.08.20 18:22:29	18,06	0,26	-26,69	1,85	-61,47
1831	15.08.20 18:22:30	18,09	0,26	-35,32	2,76	-51,91
1832	15.08.20 18:22:31	18,09	0,26	-31,77	1,91	-56,32
1833	15.08.20 18:22:32	18,09	0,26	-28,16	3,93	-57,92
1834	15.08.20 18:22:33	18,09	0,28	-27,49	3,15	-59,36
1835	15.08.20 18:22:34	18,09	0,28	-33,79	4,03	-52,19
1836	15.08.20 18:22:35	18,09	0,28	-31,19	2,42	-56,39
1837	15.08.20 18:22:36	18,09	0,28	-29,38	0,45	-60,18
1838	15.08.20 18:22:37	18,09	0,26	-30,98	2,35	-56,67
1839	15.08.20 18:22:38	18,09	0,28	-30,27	3,58	-56,15
1840	15.08.20 18:22:39	18,09	0,26	-30,86	5,89	-53,25
1841	15.08.20 18:22:40	18,09	0,26	-25,61	2,71	-61,68
1842	15.08.20 18:22:41	18,09	0,26	-32,11	3,49	-54,40
1843	15.08.20 18:22:42	18,12	0,26	-33,52	3,18	-53,30
1844	15.08.20 18:22:43	18,12	0,28	-27,41	1,35	-61,24
1845	15.08.20 18:22:44	18,12	0,26	-28,48	3,79	-57,73
1846	15.08.20 18:22:45	18,12	0,26	-31,38	4,72	-53,90
1847	15.08.20 18:22:46	18,12	0,26	-30,26	1,53	-58,22
1848	15.08.20 18:22:47	18,12	0,26	-28,23	3,78	-58,00
1849	15.08.20 18:22:48	18,12	0,28	-31,35	5,13	-53,53
1850	15.08.20 18:22:49	18,12	0,26	-31,01	0,96	-58,03
1851	15.08.20 18:22:50	18,12	0,26	-27,76	2,20	-60,05
1852	15.08.20 18:22:51	18,12	0,28	-30,82	4,32	-54,86
1853	15.08.20 18:22:52	18,12	0,26	-34,44	1,77	-53,80
1854	15.08.20 18:22:53	18,15	0,28	-27,78	3,76	-58,46
1855	15.08.20 18:22:54	18,15	0,28	-29,21	3,77	-57,02
1856	15.08.20 18:22:55	18,15	0,26	-30,24	0,99	-58,78
1857	15.08.20 18:22:56	18,15	0,26	-34,13	4,31	-51,57
1858	15.08.20 18:22:57	18,15	0,26	-29,99	1,14	-58,88
1859	15.08.20 18:22:58	18,15	0,28	-27,04	2,16	-60,79
1860	15.08.20 18:22:59	18,15	0,26	-32,88	6,05	-51,07
1861	15.08.20 18:23:00	18,15	0,26	-29,52	3,54	-56,94
1862	15.08.20 18:23:01	18,15	0,26	-29,63	2,23	-58,14
1863	15.08.20 18:23:02	18,15	0,28	-30,02	3,45	-56,53
1864	15.08.20 18:23:03	18,15	0,26	-30,22	3,47	-56,30
1865	15.08.20 18:23:04	18,15	0,28	-29,87	2,91	-57,22
1866	15.08.20 18:23:05	18,18	0,26	-28,88	4,18	-56,93
1867	15.08.20 18:23:06	18,18	0,26	-25,97	4,04	-60,00
1868	15.08.20 18:23:07	18,18	0,26	-30,93	8,02	-51,05
1869	15.08.20 18:23:08	18,18	0,26	-31,37	1,81	-56,82
1870	15.08.20 18:23:09	18,18	0,26	-27,29	-0,42	-62,29
1871	15.08.20 18:23:10	18,18	0,26	-32,27	3,90	-53,83
1872	15.08.20 18:23:11	18,18	0,26	-31,70	3,73	-54,57
1873	15.08.20 18:23:12	18,18	0,26	-28,57	3,30	-58,12
1874	15.08.20 18:23:13	18,18	0,26	-30,17	-0,38	-59,45
1875	15.08.20 18:23:14	18,21	0,26	-32,56	2,09	-55,35
1876	15.08.20 18:23:15	18,21	0,26	-29,81	4,22	-55,97
1877	15.08.20 18:23:16	18,21	0,26	-28,32	3,98	-57,69
1878	15.08.20 18:23:17	18,21	0,28	-29,05	5,69	-55,26
1879	15.08.20 18:23:18	18,21	0,26	-28,52	2,36	-59,12
1880	15.08.20 18:23:19	18,21	0,28	-32,80	1,73	-55,48
1881	15.08.20 18:23:20	18,21	0,26	-32,13	4,03	-53,84
1882	15.08.20 18:23:21	18,21	0,28	-28,00	2,69	-59,31
1883	15.08.20 18:23:22	18,21	0,26	-28,68	3,16	-58,16
1884	15.08.20 18:23:23	18,21	0,28	-29,70	5,11	-55,19
1885	15.08.20 18:23:24	18,21	0,26	-31,37	3,44	-55,19
1886	15.08.20 18:23:25	18,24	0,28	-29,42	0,09	-60,50
1887	15.08.20 18:23:26	18,24	0,26	-31,52	1,37	-57,12
1888	15.08.20 18:23:27	18,24	0,28	-31,00	5,03	-53,97
1889	15.08.20 18:23:28	18,24	0,26	-29,23	3,59	-57,18
1890	15.08.20 18:23:29	18,24	0,26	-29,87	2,90	-57,23
1891	15.08.20 18:23:30	18,24	0,26	-30,83	6,04	-53,13
1892	15.08.20 18:23:31	18,24	0,26	-26,49	2,25	-61,26
1893	15.08.20 18:23:32	18,24	0,28	-30,34	3,28	-56,38
1894	15.08.20 18:23:33	18,24	0,26	-33,22	5,66	-51,13
1895	15.08.20 18:23:34	18,24	0,26	-26,49	5,34	-58,16
1896	15.08.20 18:23:35	18,24	0,26	-27,42	3,11	-59,47
1897	15.08.20 18:23:36	18,27	0,26	-33,41	3,62	-52,97
1898	15.08.20 18:23:37	18,27	0,24	-29,23	3,00	-57,77
1899	15.08.20 18:23:38	18,27	0,24	-30,35	1,19	-58,46
1900	15.08.20 18:23:39	18,27	0,26	-33,37	4,73	-51,90
1901	15.08.20 18:23:40	18,27	0,26	-24,96	4,59	-60,45
1902	15.08.20 18:23:41	18,27	0,28	-31,41	1,38	-57,21
1903	15.08.20 18:23:42	18,27	0,28	-33,51	0,24	-56,26
1904	15.08.20 18:23:43	18,27	0,26	-32,96	6,27	-50,77
1905	15.08.20 18:23:44	18,27	0,28	-25,15	2,05	-62,80
1906	15.08.20 18:23:45	18,27	0,28	-29,03	4,62	-56,35
1907	15.08.20 18:23:46	18,27	0,28	-35,52	3,81	-50,67
1908	15.08.20 18:23:47	18,30	0,28	-27,91	3,19	-58,90
1909	15.08.20 18:23:48	18,30	0,28	-25,95	2,37	-61,68
1910	15.08.20 18:23:49	18,30	0,28	-34,47	5,74	-49,79
1911	15.08.20 18:23:50	18,30	0,26	-28,89	4,55	-56,56
1912	15.08.20 18:23:51	18,30	0,28	-26,06	4,07	-59,87
1913	15.08.20 18:23:52	18,30	0,28	-31,56	1,09	-57,35
1914	15.08.20 18:23:53	18,30	0,28	-46,83	-35,69	-7,48
1915	15.08.20 18:23:54	18,30	0,30	-20,69	-59,06	10,25
1916	15.08.20 18:23:55	18,33	0,26	-28,15	-52,09	9,76
1917	15.08.20 18:23:56	18,33	0,24	-71,54	-1,65	16,81
1918	15.08.20 18:23:57	18,39	0,28	-65,86	22,06	2,09
1919	15.08.20 18:23:58	18,45	0,26	-53,61	19,89	16,50
1920	15.08.20 18:23:59	18,51	0,26	-29,50	24,03	36,47
1921	15.08.20 18:24:00	18,57	0,24	1,00	54,65	34,36
1922	15.08.20 18:24:01	18,75	0,37	-62,30	3,50	24,21
1923	15.08.20 18:24:02	18,86	0,39	-71,92	1,99	16,08
1924	15.08.20 18:24:03	18,89	0,39	-11,16	33,63	45,21
1925	15.08.20 18:24:04	18,89	0,37	-11,83	50,00	28,17
1926	15.08.20 18:24:05	18,89	0,39	-32,28	36,63	21,09
1927	15.08.20 18:24:06	18,89	0,39	-18,47	36,93	34,60
1928	15.08.20 18:24:07	18,92	0,41	-22,83	-22,17	45,00
1929	15.08.20 18:24:08	18,92	0,41	-32,02	-31,48	26,50
1930	15.08.20 18:24:09	18,89	0,43	-25,04	-33,48	31,48
1931	15.08.20 18:24:10	18,86	0,41	24,62	-45,78	19,61
1932	15.08.20 18:24:11	18,92	0,37	7,25	-62,25	20,50
1933	15.08.20 18:24:12	19,10	0,35	-14,78	-22,91	52,31
1934	15.08.20 18:24:13	19,34	0,35	-28,42	-15,24	46,34
1935	15.08.20 18:24:14	19,55	0,37	-80,04	-2,47	7,50
1936	15.08.20 18:24:15	19,81	0,35	-53,20	-16,92	19,88
1937	15.08.20 18:24:16	19,96	0,33	-52,44	16,45	21,11
1938	15.08.20 18:24:17	20,19	0,33	-24,04	-60,35	-5,61
1939	15.08.20 18:24:18	20,43	0,28	-33,41	-26,13	-30,46
1940	15.08.20 18:24:19	20,60	0,33	-26,47	-45,48	-18,05
1941	15.08.20 18:24:20	20,75	0,35	-24,74	-47,02	-18,24
1942	15.08.20 18:24:21	20,84	0,35	10,23	-45,53	-34,24
1943	15.08.20 18:24:22	20,96	0,35	-64,52	-13,17	-12,31
