#0	Date-time:	30/07/2020 2:06:10 PM
#1	Recorder:	78H0950
#2	File type:	1
#3	Columns:	7
#4	Channels:	5
#5	Field separation:	0
#6	Decimal point:	0
#7	Date def.:	0	0
#8	Time def.:	0
#9	Channel 1:	Temperature(°C)	Temp(°C)	2	1
#10	Channel 2:	Pressure(Bar)	Press(Bar)	2	1
#11	Reconvertion:	0
#14	Channel 3:	Tilt-X(°)	Tilt-X(°)	1	1
#18	Channel 4:	Tilt-Y(°)	Tilt-Y(°)	1	1
#19	Line color:	1	2	3	4
#22	Channel 5:	Tilt-Z(°)	Tilt-Z(°)	1	1
#30	Trend Type Number:	3
#33	Limit Temp. Corr. OTCR:	1
1	30.07.20 13:37:00	23,86	0,44	-20,2	4,9	64,8
2	30.07.20 13:37:01	23,83	0,46	-19,8	2,2	67,9
3	30.07.20 13:37:02	23,83	0,44	-21,0	0,9	68,1
4	30.07.20 13:37:03	23,83	0,46	-20,5	2,2	67,3
5	30.07.20 13:37:04	23,83	0,46	-20,5	3,5	66,0
6	30.07.20 13:37:05	23,80	0,46	-21,0	4,0	65,0
7	30.07.20 13:37:06	23,80	0,44	-20,6	2,8	66,6
8	30.07.20 13:37:07	23,80	0,46	-20,4	2,1	67,5
9	30.07.20 13:37:08	23,80	0,49	-20,5	1,9	67,6
10	30.07.20 13:37:09	23,80	0,46	-20,2	1,6	68,2
11	30.07.20 13:37:10	23,80	0,44	-20,2	3,4	66,5
12	30.07.20 13:37:11	23,77	0,46	-20,2	3,9	65,9
13	30.07.20 13:37:12	23,77	0,44	-20,2	4,4	65,4
14	30.07.20 13:37:13	23,77	0,46	-20,0	3,8	66,2
15	30.07.20 13:37:14	23,77	0,46	-20,1	3,0	66,9
16	30.07.20 13:37:15	23,75	0,44	-21,1	2,9	66,0
17	30.07.20 13:37:16	23,75	0,44	-20,4	3,3	66,3
18	30.07.20 13:37:17	23,75	0,44	-20,4	3,4	66,3
19	30.07.20 13:37:18	23,75	0,44	-20,6	2,8	66,5
20	30.07.20 13:37:19	23,72	0,44	-20,9	1,8	67,4
21	30.07.20 13:37:20	23,72	0,46	-20,8	2,3	66,9
22	30.07.20 13:37:21	23,72	0,46	-20,5	2,1	67,4
23	30.07.20 13:37:22	23,72	0,41	-21,0	2,4	66,6
24	30.07.20 13:37:23	23,72	0,46	-19,8	2,2	68,0
25	30.07.20 13:37:24	23,69	0,44	-20,2	2,1	67,7
26	30.07.20 13:37:25	23,69	0,46	-20,7	3,1	66,3
27	30.07.20 13:37:26	23,69	0,46	-21,1	3,2	65,7
28	30.07.20 13:37:27	23,69	0,44	-20,8	3,0	66,2
29	30.07.20 13:37:28	23,66	0,44	-20,6	3,7	65,7
30	30.07.20 13:37:29	23,66	0,46	-20,7	3,7	65,6
31	30.07.20 13:37:30	23,66	0,46	-20,6	3,2	66,2
32	30.07.20 13:37:31	23,66	0,44	-20,5	3,6	65,9
33	30.07.20 13:37:32	23,66	0,46	-20,2	3,9	65,9
34	30.07.20 13:37:33	23,63	0,46	-20,5	2,7	66,8
35	30.07.20 13:37:34	23,63	0,46	-20,8	2,4	66,8
36	30.07.20 13:37:35	23,63	0,44	-20,3	2,5	67,2
37	30.07.20 13:37:36	23,63	0,46	-21,0	2,9	66,0
38	30.07.20 13:37:37	23,63	0,44	-20,6	2,7	66,7
39	30.07.20 13:37:38	23,63	0,46	-20,3	2,0	67,6
40	30.07.20 13:37:39	23,63	0,44	-21,4	2,0	66,6
41	30.07.20 13:37:40	23,60	0,44	-20,5	2,9	66,6
42	30.07.20 13:37:41	23,60	0,46	-20,5	3,2	66,3
43	30.07.20 13:37:42	23,60	0,46	-20,7	3,1	66,2
44	30.07.20 13:37:43	23,60	0,46	-20,2	3,5	66,3
45	30.07.20 13:37:44	23,60	0,46	-20,5	2,8	66,7
46	30.07.20 13:37:45	23,57	0,46	-20,0	3,5	66,5
47	30.07.20 13:37:46	23,57	0,46	-19,5	3,5	67,0
48	30.07.20 13:37:47	23,57	0,46	-20,7	2,9	66,4
49	30.07.20 13:37:48	23,57	0,46	-20,2	2,3	67,5
50	30.07.20 13:37:49	23,57	0,46	-20,6	2,7	66,7
51	30.07.20 13:37:50	23,57	0,46	-20,3	2,3	67,4
52	30.07.20 13:37:51	23,54	0,46	-21,2	2,4	66,4
53	30.07.20 13:37:52	23,54	0,44	-21,0	2,7	66,3
54	30.07.20 13:37:53	23,54	0,46	-20,1	2,3	67,6
55	30.07.20 13:37:54	23,54	0,48	-20,4	2,4	67,1
56	30.07.20 13:37:55	23,54	0,48	-20,2	2,0	67,9
57	30.07.20 13:37:56	23,54	0,46	-20,2	2,0	67,8
58	30.07.20 13:37:57	23,54	0,48	-20,8	2,5	66,7
59	30.07.20 13:37:58	23,51	0,46	-20,5	3,7	65,9
60	30.07.20 13:37:59	23,51	0,44	-20,9	2,8	66,3
61	30.07.20 13:38:00	23,51	0,44	-20,9	3,4	65,8
62	30.07.20 13:38:01	23,51	0,44	-20,5	3,6	65,8
63	30.07.20 13:38:02	23,51	0,44	-20,6	3,6	65,8
64	30.07.20 13:38:03	23,51	0,44	-21,0	3,5	65,4
65	30.07.20 13:38:04	23,51	0,44	-20,3	3,5	66,2
66	30.07.20 13:38:05	23,48	0,44	-21,0	3,2	65,8
67	30.07.20 13:38:06	23,48	0,44	-20,9	3,6	65,5
68	30.07.20 13:38:07	23,48	0,46	-20,6	2,7	66,7
69	30.07.20 13:38:08	23,48	0,44	-21,3	1,8	66,8
70	30.07.20 13:38:09	23,48	0,44	-20,4	3,1	66,5
71	30.07.20 13:38:10	23,48	0,44	-20,1	3,7	66,2
72	30.07.20 13:38:11	23,48	0,44	-19,9	4,6	65,4
73	30.07.20 13:38:12	23,45	0,44	-19,8	4,4	65,8
74	30.07.20 13:38:13	23,45	0,44	-20,6	3,2	66,2
75	30.07.20 13:38:14	23,45	0,44	-20,2	1,7	68,1
76	30.07.20 13:38:15	23,45	0,44	-20,9	2,0	67,1
77	30.07.20 13:38:16	23,45	0,44	-21,5	2,7	65,8
78	30.07.20 13:38:17	23,45	0,44	-20,6	2,7	66,7
79	30.07.20 13:38:18	23,45	0,46	-19,8	3,6	66,6
80	30.07.20 13:38:19	23,45	0,44	-20,1	4,0	66,0
81	30.07.20 13:38:20	23,43	0,46	-20,2	2,6	67,2
82	30.07.20 13:38:21	23,43	0,46	-20,7	1,7	67,5
83	30.07.20 13:38:22	23,43	0,44	-19,7	1,2	69,1
84	30.07.20 13:38:23	23,43	0,46	-20,6	2,4	67,0
85	30.07.20 13:38:24	23,43	0,46	-20,8	3,7	65,5
86	30.07.20 13:38:25	23,43	0,46	-20,2	4,2	65,6
87	30.07.20 13:38:26	23,43	0,46	-20,6	3,0	66,4
88	30.07.20 13:38:27	23,40	0,46	-20,6	2,5	66,9
89	30.07.20 13:38:28	23,40	0,46	-21,3	1,9	66,8
90	30.07.20 13:38:29	23,40	0,46	-19,9	2,8	67,3
91	30.07.20 13:38:30	23,40	0,46	-20,3	4,0	65,7
92	30.07.20 13:38:31	23,40	0,46	-19,9	4,1	65,9
93	30.07.20 13:38:32	23,40	0,46	-20,3	4,0	65,7
94	30.07.20 13:38:33	23,40	0,46	-20,9	3,2	65,9
95	30.07.20 13:38:34	23,40	0,46	-20,2	4,3	65,6
96	30.07.20 13:38:35	23,37	0,46	-20,5	4,3	65,2
97	30.07.20 13:38:36	23,37	0,46	-20,6	4,0	65,4
98	30.07.20 13:38:37	23,37	0,46	-20,6	2,8	66,6
99	30.07.20 13:38:38	23,37	0,46	-20,8	3,3	65,9
100	30.07.20 13:38:39	23,37	0,46	-20,4	3,5	66,1
101	30.07.20 13:38:40	23,37	0,44	-20,5	2,9	66,6
102	30.07.20 13:38:41	23,37	0,46	-20,4	2,3	67,3
103	30.07.20 13:38:42	23,37	0,46	-20,3	3,2	66,4
104	30.07.20 13:38:43	23,37	0,46	-19,6	3,7	66,7
105	30.07.20 13:38:44	23,37	0,46	-20,5	3,9	65,7
106	30.07.20 13:38:45	23,34	0,46	-20,2	2,3	67,5
107	30.07.20 13:38:46	23,34	0,46	-20,9	2,3	66,8
108	30.07.20 13:38:47	23,34	0,46	-20,4	3,7	65,9
109	30.07.20 13:38:48	23,34	0,46	-20,6	4,3	65,1
110	30.07.20 13:38:49	23,34	0,46	-19,6	3,1	67,3
111	30.07.20 13:38:50	23,34	0,46	-21,0	1,3	67,8
112	30.07.20 13:38:51	23,34	0,46	-20,2	1,9	67,9
113	30.07.20 13:38:52	23,34	0,46	-21,2	3,7	65,1
114	30.07.20 13:38:53	23,34	0,46	-20,0	5,0	65,0
115	30.07.20 13:38:54	23,34	0,46	-20,1	4,3	65,6
116	30.07.20 13:38:55	23,34	0,46	-19,6	2,7	67,7
117	30.07.20 13:38:56	23,34	0,46	-20,4	2,1	67,5
118	30.07.20 13:38:57	23,34	0,49	-20,3	2,6	67,2
119	30.07.20 13:38:58	23,31	0,44	-19,7	3,3	67,0
120	30.07.20 13:38:59	23,31	0,46	-19,9	4,3	65,8
121	30.07.20 13:39:00	23,31	0,46	-20,1	4,9	65,0
122	30.07.20 13:39:01	23,31	0,46	-19,6	6,9	63,5
123	30.07.20 13:39:02	23,31	0,48	-20,0	7,0	63,1
124	30.07.20 13:39:03	23,31	0,46	-20,6	6,5	62,9
125	30.07.20 13:39:04	23,31	0,46	-19,9	6,2	63,9
126	30.07.20 13:39:05	23,31	0,46	-20,1	6,3	63,7
127	30.07.20 13:39:06	23,31	0,48	-19,5	6,6	63,8
128	30.07.20 13:39:07	23,31	0,48	-19,7	6,5	63,8
129	30.07.20 13:39:08	23,31	0,48	-20,3	6,2	63,4
130	30.07.20 13:39:09	23,28	0,44	-19,6	6,1	64,3
131	30.07.20 13:39:10	23,28	0,44	-19,5	6,8	63,7
132	30.07.20 13:39:11	23,28	0,44	-20,5	6,8	62,7
133	30.07.20 13:39:12	23,28	0,44	-19,5	7,7	62,8
134	30.07.20 13:39:13	23,28	0,44	-20,9	7,0	62,2
135	30.07.20 13:39:14	23,28	0,44	-20,9	6,6	62,5
136	30.07.20 13:39:15	23,28	0,44	-19,7	7,3	63,0
137	30.07.20 13:39:16	23,28	0,46	-19,5	7,5	63,1
138	30.07.20 13:39:17	23,28	0,46	-19,7	7,9	62,3
139	30.07.20 13:39:18	23,28	0,44	-21,1	6,8	62,1
140	30.07.20 13:39:19	23,28	0,46	-19,7	4,7	65,6
141	30.07.20 13:39:20	23,25	0,46	-18,8	4,1	67,1
142	30.07.20 13:39:21	23,25	0,46	-19,9	2,2	67,9
143	30.07.20 13:39:22	23,25	0,46	-21,1	1,0	67,8
144	30.07.20 13:39:23	23,25	0,46	-20,4	1,1	68,5
145	30.07.20 13:39:24	23,25	0,46	-21,1	0,6	68,4
146	30.07.20 13:39:25	23,25	0,46	-20,8	-0,3	68,9
147	30.07.20 13:39:26	23,25	0,44	-19,4	2,0	68,6
148	30.07.20 13:39:27	23,25	0,46	-19,9	4,1	66,0
149	30.07.20 13:39:28	23,25	0,44	-21,4	3,3	65,3
150	30.07.20 13:39:29	23,25	0,44	-20,6	2,8	66,5
151	30.07.20 13:39:30	23,25	0,46	-18,2	3,4	68,4
152	30.07.20 13:39:31	23,22	0,44	-18,9	4,7	66,4
153	30.07.20 13:39:32	23,22	0,44	-21,5	4,2	64,3
154	30.07.20 13:39:33	23,22	0,44	-20,7	4,0	65,3
155	30.07.20 13:39:34	23,22	0,46	-20,2	3,2	66,6
156	30.07.20 13:39:35	23,22	0,46	-19,8	3,8	66,5
157	30.07.20 13:39:36	23,22	0,46	-20,5	3,8	65,7
158	30.07.20 13:39:37	23,22	0,46	-19,7	3,4	66,9
159	30.07.20 13:39:38	23,22	0,44	-19,4	3,6	67,0
160	30.07.20 13:39:39	23,22	0,46	-21,9	1,7	66,5
161	30.07.20 13:39:40	23,22	0,46	-19,6	0,8	69,6
162	30.07.20 13:39:41	23,22	0,44	-17,9	3,7	68,4
163	30.07.20 13:39:42	23,22	0,46	-21,7	2,0	66,3
164	30.07.20 13:39:43	23,22	0,46	-21,8	0,7	67,4
165	30.07.20 13:39:44	23,22	0,44	-18,5	2,2	69,4
166	30.07.20 13:39:45	23,19	0,46	-20,5	3,1	66,4
167	30.07.20 13:39:46	23,19	0,46	-21,7	3,4	64,9
168	30.07.20 13:39:47	23,19	0,46	-20,3	4,4	65,3
169	30.07.20 13:39:48	23,19	0,44	-19,5	4,8	65,7
170	30.07.20 13:39:49	23,19	0,46	-20,1	4,8	65,1
171	30.07.20 13:39:50	23,19	0,44	-20,7	4,6	64,7
172	30.07.20 13:39:51	23,19	0,44	-18,8	3,7	67,5
173	30.07.20 13:39:52	23,19	0,46	-19,8	3,0	67,3
174	30.07.20 13:39:53	23,19	0,46	-21,7	2,0	66,3
175	30.07.20 13:39:54	23,19	0,46	-20,4	0,7	68,9
176	30.07.20 13:39:55	23,19	0,46	-19,1	0,9	69,9
177	30.07.20 13:39:56	23,19	0,44	-22,0	-0,7	67,3
178	30.07.20 13:39:57	23,16	0,46	-19,0	-0,7	70,4
179	30.07.20 13:39:58	23,16	0,44	-20,5	0,2	69,3
180	30.07.20 13:39:59	23,16	0,46	-22,5	-0,3	67,2
181	30.07.20 13:40:00	23,16	0,44	-19,4	-0,5	70,2
182	30.07.20 13:40:01	23,16	0,46	-19,5	1,2	69,3
183	30.07.20 13:40:02	23,16	0,46	-23,3	1,1	65,5
184	30.07.20 13:40:03	23,16	0,46	-20,1	3,1	66,8
185	30.07.20 13:40:04	23,16	0,46	-20,4	3,4	66,1
186	30.07.20 13:40:05	23,16	0,46	-20,9	3,3	65,8
187	30.07.20 13:40:06	23,16	0,44	-20,2	3,5	66,3
188	30.07.20 13:40:07	23,16	0,46	-20,1	3,8	66,1
189	30.07.20 13:40:08	23,16	0,46	-20,1	3,3	66,6
190	30.07.20 13:40:09	23,16	0,46	-20,8	2,1	67,1
191	30.07.20 13:40:10	23,16	0,44	-20,0	1,1	68,9
192	30.07.20 13:40:11	23,16	0,46	-19,8	0,6	69,6
193	30.07.20 13:40:12	23,16	0,44	-21,4	0,4	68,2
194	30.07.20 13:40:13	23,13	0,46	-22,0	-0,7	67,3
195	30.07.20 13:40:14	23,13	0,46	-21,1	0,1	68,8
196	30.07.20 13:40:15	23,13	0,46	-19,3	1,1	69,6
197	30.07.20 13:40:16	23,13	0,46	-21,8	-0,3	67,9
198	30.07.20 13:40:17	23,13	0,46	-19,3	0,7	70,0
199	30.07.20 13:40:18	23,13	0,46	-20,4	2,0	67,6
200	30.07.20 13:40:19	23,13	0,46	-20,9	2,1	67,0
201	30.07.20 13:40:20	23,13	0,46	-18,9	3,2	67,9
202	30.07.20 13:40:21	23,13	0,46	-20,7	3,3	66,0
203	30.07.20 13:40:22	23,13	0,46	-22,8	2,9	64,3
204	30.07.20 13:40:23	23,13	0,44	-20,9	2,6	66,5
205	30.07.20 13:40:24	23,13	0,44	-17,7	3,2	69,1
206	30.07.20 13:40:25	23,11	0,46	-20,6	3,6	65,9
207	30.07.20 13:40:26	23,11	0,46	-23,5	1,1	65,4
208	30.07.20 13:40:27	23,11	0,46	-18,8	1,2	70,0
209	30.07.20 13:40:28	23,11	0,46	-18,2	1,6	70,1
210	30.07.20 13:40:29	23,11	0,46	-22,2	1,5	66,2
211	30.07.20 13:40:30	23,11	0,46	-22,4	0,6	67,0
212	30.07.20 13:40:31	23,11	0,46	-19,5	0,8	69,8
213	30.07.20 13:40:32	23,11	0,46	-19,0	1,5	69,5
214	30.07.20 13:40:33	23,11	0,46	-22,7	1,7	65,7
215	30.07.20 13:40:34	23,11	0,46	-20,1	2,2	67,8
216	30.07.20 13:40:35	23,11	0,44	-20,1	2,5	67,5
217	30.07.20 13:40:36	23,11	0,46	-21,1	2,4	66,5
218	30.07.20 13:40:37	23,11	0,46	-20,9	2,5	66,6
219	30.07.20 13:40:38	23,11	0,46	-20,3	2,3	67,4
220	30.07.20 13:40:39	23,11	0,46	-19,8	1,9	68,3
221	30.07.20 13:40:40	23,11	0,46	-21,0	1,4	67,6
222	30.07.20 13:40:41	23,11	0,46	-21,4	1,1	67,5
223	30.07.20 13:40:42	23,08	0,46	-21,1	1,0	67,9
224	30.07.20 13:40:43	23,11	0,46	-19,5	0,9	69,6
225	30.07.20 13:40:44	23,08	0,46	-18,5	2,2	69,2
226	30.07.20 13:40:45	23,08	0,46	-22,7	1,1	66,1
227	30.07.20 13:40:46	23,08	0,46	-23,3	0,0	66,6
228	30.07.20 13:40:47	23,08	0,46	-17,3	0,7	72,0
229	30.07.20 13:40:48	23,08	0,48	-19,1	2,5	68,5
230	30.07.20 13:40:49	23,08	0,46	-23,8	1,4	64,8
231	30.07.20 13:40:50	23,08	0,46	-22,4	1,7	65,9
232	30.07.20 13:40:51	23,08	0,46	-18,5	1,8	69,8
233	30.07.20 13:40:52	23,08	0,46	-18,9	2,6	68,5
234	30.07.20 13:40:53	23,08	0,46	-21,7	3,3	65,0
235	30.07.20 13:40:54	23,08	0,46	-20,4	2,8	66,8
236	30.07.20 13:40:55	23,08	0,46	-20,8	1,4	67,8
237	30.07.20 13:40:56	23,08	0,46	-20,2	3,4	66,3
238	30.07.20 13:40:57	23,08	0,48	-19,3	2,0	68,7
239	30.07.20 13:40:58	23,05	0,46	-22,3	1,3	66,4
240	30.07.20 13:40:59	23,05	0,44	-19,0	1,7	69,3
241	30.07.20 13:41:00	23,05	0,44	-19,3	1,0	69,7
242	30.07.20 13:41:01	23,05	0,46	-26,8	1,6	61,6
243	30.07.20 13:41:02	23,05	0,44	-20,2	0,3	69,5
244	30.07.20 13:41:03	23,05	0,44	-18,0	2,9	69,1
245	30.07.20 13:41:04	23,05	0,46	-18,3	1,5	70,2
246	30.07.20 13:41:05	23,05	0,44	-22,7	0,3	67,0
247	30.07.20 13:41:06	23,05	0,46	-19,3	0,5	70,2
248	30.07.20 13:41:07	23,05	0,44	-17,2	3,7	69,2
249	30.07.20 13:41:08	23,05	0,46	-21,7	3,8	64,4
250	30.07.20 13:41:09	23,05	0,44	-21,3	3,4	65,3
251	30.07.20 13:41:10	23,05	0,44	-19,8	3,8	66,4
252	30.07.20 13:41:11	23,05	0,44	-18,2	3,9	67,9
253	30.07.20 13:41:12	23,05	0,44	-19,5	4,4	66,2
254	30.07.20 13:41:13	23,05	0,46	-21,2	3,3	65,5
255	30.07.20 13:41:14	23,05	0,44	-18,6	2,8	68,6
256	30.07.20 13:41:15	23,05	0,44	-19,8	0,7	69,5
257	30.07.20 13:41:16	23,05	0,44	-20,4	0,7	68,8
258	30.07.20 13:41:17	23,02	0,44	-19,8	0,5	69,7
259	30.07.20 13:41:18	23,02	0,44	-20,2	-0,3	69,5
260	30.07.20 13:41:19	23,02	0,46	-20,1	-0,7	69,2
261	30.07.20 13:41:20	23,02	0,46	-19,9	-0,7	69,3
262	30.07.20 13:41:21	23,02	0,44	-19,2	-0,3	70,5
263	30.07.20 13:41:22	23,02	0,44	-20,7	-0,6	68,7
264	30.07.20 13:41:23	23,02	0,46	-20,4	0,5	69,1
265	30.07.20 13:41:24	23,02	0,46	-20,4	0,2	69,3
266	30.07.20 13:41:25	23,02	0,44	-20,9	1,4	67,7
267	30.07.20 13:41:26	23,02	0,44	-21,4	1,1	67,6
268	30.07.20 13:41:27	23,02	0,44	-19,9	1,8	68,3
269	30.07.20 13:41:28	23,02	0,46	-19,9	2,9	67,2
270	30.07.20 13:41:29	23,02	0,46	-20,7	1,8	67,4
271	30.07.20 13:41:30	23,02	0,46	-19,4	3,1	67,5
272	30.07.20 13:41:31	22,99	0,46	-20,2	1,6	68,3
273	30.07.20 13:41:32	22,99	0,44	-20,1	2,0	67,9
274	30.07.20 13:41:33	22,99	0,46	-19,1	2,0	68,9
275	30.07.20 13:41:34	22,99	0,44	-21,5	0,4	68,1
276	30.07.20 13:41:35	22,99	0,44	-21,3	-0,2	68,5
277	30.07.20 13:41:36	22,99	0,44	-18,2	0,2	71,6
278	30.07.20 13:41:37	22,99	0,44	-21,0	0,7	68,3
279	30.07.20 13:41:38	22,99	0,44	-21,8	-0,3	67,9
280	30.07.20 13:41:39	22,99	0,46	-20,0	0,5	69,5
281	30.07.20 13:41:40	22,99	0,46	-19,7	0,4	69,9
282	30.07.20 13:41:41	22,99	0,44	-19,5	0,7	69,8
283	30.07.20 13:41:42	22,99	0,46	-20,5	1,7	67,9
284	30.07.20 13:41:43	22,99	0,46	-22,1	1,5	66,4
285	30.07.20 13:41:44	22,99	0,44	-20,8	0,8	68,4
286	30.07.20 13:41:45	22,99	0,46	-17,4	1,7	70,8
287	30.07.20 13:41:46	22,99	0,46	-19,1	2,2	68,7
288	30.07.20 13:41:47	22,99	0,44	-23,8	1,1	65,1
289	30.07.20 13:41:48	22,99	0,46	-20,5	1,5	67,9
290	30.07.20 13:41:49	22,99	0,44	-17,9	0,1	72,1
291	30.07.20 13:41:50	22,99	0,44	-18,4	1,8	69,7
292	30.07.20 13:41:51	22,99	0,44	-21,7	1,3	67,1
293	30.07.20 13:41:52	22,96	0,44	-21,7	0,4	67,9
294	30.07.20 13:41:53	22,96	0,46	-19,3	0,4	70,3
295	30.07.20 13:41:54	22,96	0,44	-19,2	-0,5	70,4
296	30.07.20 13:41:55	22,96	0,46	-21,0	0,3	68,7
297	30.07.20 13:41:56	22,96	0,44	-19,9	0,9	69,1
298	30.07.20 13:41:57	22,96	0,46	-20,9	1,4	67,6
299	30.07.20 13:41:58	22,96	0,46	-20,7	0,1	69,2
300	30.07.20 13:41:59	22,96	0,46	-18,3	1,3	70,5
301	30.07.20 13:42:00	22,96	0,46	-19,0	1,6	69,3
302	30.07.20 13:42:01	22,96	0,46	-22,5	1,1	66,4
303	30.07.20 13:42:02	22,96	0,46	-20,5	0,8	68,7
304	30.07.20 13:42:03	22,96	0,44	-18,2	1,7	70,2
305	30.07.20 13:42:04	22,96	0,44	-21,6	0,4	68,0
306	30.07.20 13:42:05	22,96	0,46	-21,5	0,0	68,5
307	30.07.20 13:42:06	22,96	0,46	-17,9	2,1	70,0
308	30.07.20 13:42:07	22,96	0,44	-21,1	1,5	67,4
309	30.07.20 13:42:08	22,96	0,46	-21,3	1,2	67,5
310	30.07.20 13:42:09	22,93	0,44	-18,9	1,6	69,5
311	30.07.20 13:42:10	22,93	0,44	-20,8	0,9	68,3
312	30.07.20 13:42:11	22,93	0,44	-20,2	1,9	67,9
313	30.07.20 13:42:12	22,93	0,46	-20,6	1,3	68,1
314	30.07.20 13:42:13	22,93	0,46	-21,7	0,3	68,0
315	30.07.20 13:42:14	22,93	0,44	-20,4	1,7	67,9
316	30.07.20 13:42:15	22,93	0,46	-21,1	0,6	68,2
317	30.07.20 13:42:16	22,93	0,46	-19,3	1,2	69,5
318	30.07.20 13:42:17	22,93	0,46	-19,4	2,0	68,6
319	30.07.20 13:42:18	22,93	0,46	-22,0	1,6	66,4
320	30.07.20 13:42:19	22,93	0,46	-19,4	1,8	68,7
321	30.07.20 13:42:20	22,93	0,49	-19,7	1,4	68,9
322	30.07.20 13:42:21	22,93	0,49	-21,2	0,9	67,9
323	30.07.20 13:42:22	22,93	0,46	-19,7	1,3	69,0
324	30.07.20 13:42:23	22,93	0,46	-20,1	1,4	68,5
325	30.07.20 13:42:24	22,93	0,46	-21,9	0,7	67,4
326	30.07.20 13:42:25	22,93	0,46	-20,6	-0,1	69,2
327	30.07.20 13:42:26	22,93	0,46	-19,0	-0,1	70,9
328	30.07.20 13:42:27	22,93	0,46	-19,5	0,7	69,9
329	30.07.20 13:42:28	22,93	0,46	-22,1	0,6	67,4
330	30.07.20 13:42:29	22,93	0,46	-21,2	0,3	68,6
331	30.07.20 13:42:30	22,93	0,46	-18,6	0,6	70,8
332	30.07.20 13:42:31	22,93	0,46	-19,6	1,3	69,0
333	30.07.20 13:42:32	22,90	0,46	-22,2	0,8	67,0
334	30.07.20 13:42:33	22,90	0,46	-17,9	2,4	69,7
335	30.07.20 13:42:34	22,90	0,46	-19,8	1,0	69,1
336	30.07.20 13:42:35	22,90	0,44	-20,6	1,2	68,2
337	30.07.20 13:42:36	22,90	0,46	-19,6	1,9	68,5
338	30.07.20 13:42:37	22,90	0,46	-20,1	1,7	68,1
339	30.07.20 13:42:38	22,90	0,46	-20,7	1,0	68,3
340	30.07.20 13:42:39	22,90	0,46	-20,4	1,0	68,6
341	30.07.20 13:42:40	22,90	0,46	-20,6	0,7	68,7
342	30.07.20 13:42:41	22,90	0,49	-20,9	0,9	68,2
343	30.07.20 13:42:42	22,90	0,49	-20,8	1,8	67,4
344	30.07.20 13:42:43	22,90	0,46	-23,0	-0,2	66,9
345	30.07.20 13:42:44	22,90	0,46	-19,4	0,6	70,1
346	30.07.20 13:42:45	22,90	0,46	-19,1	1,5	69,5
347	30.07.20 13:42:46	22,90	0,46	-22,3	1,2	66,5
348	30.07.20 13:42:47	22,90	0,46	-20,5	1,3	68,3
349	30.07.20 13:42:48	22,90	0,46	-19,6	1,3	69,0
350	30.07.20 13:42:49	22,90	0,46	-18,8	2,4	68,7
351	30.07.20 13:42:50	22,90	0,46	-21,6	1,9	66,6
352	30.07.20 13:42:51	22,90	0,46	-22,8	0,8	66,4
353	30.07.20 13:42:52	22,90	0,46	-20,6	0,5	68,8
354	30.07.20 13:42:53	22,90	0,46	-20,3	0,3	69,4
355	30.07.20 13:42:54	22,90	0,46	-21,7	0,1	68,2
356	30.07.20 13:42:55	22,87	0,48	-20,8	0,7	68,4
357	30.07.20 13:42:56	22,87	0,48	-20,1	0,0	69,9
358	30.07.20 13:42:57	22,87	0,48	-20,1	0,8	69,1
359	30.07.20 13:42:58	22,87	0,46	-21,4	0,3	68,3
360	30.07.20 13:42:59	22,87	0,48	-20,5	0,2	69,3
361	30.07.20 13:43:00	22,87	0,46	-21,1	1,3	67,6
362	30.07.20 13:43:01	22,87	0,46	-22,2	0,3	67,5
363	30.07.20 13:43:02	22,87	0,46	-20,7	0,4	68,9
364	30.07.20 13:43:03	22,87	0,46	-20,5	0,2	69,3
365	30.07.20 13:43:04	22,87	0,46	-20,9	1,1	68,0
366	30.07.20 13:43:05	22,87	0,46	-20,2	1,4	68,4
367	30.07.20 13:43:06	22,87	0,48	-21,3	0,8	67,9
368	30.07.20 13:43:07	22,87	0,46	-20,1	1,2	68,7
369	30.07.20 13:43:08	22,87	0,46	-18,7	1,7	69,6
370	30.07.20 13:43:09	22,87	0,46	-21,1	1,9	67,0
371	30.07.20 13:43:10	22,87	0,46	-23,7	0,2	66,1
372	30.07.20 13:43:11	22,87	0,46	-19,4	1,5	69,1
373	30.07.20 13:43:12	22,87	0,48	-19,2	1,2	69,6
374	30.07.20 13:43:13	22,87	0,48	-23,2	1,0	65,8
375	30.07.20 13:43:14	22,87	0,46	-21,6	0,5	67,9
376	30.07.20 13:43:15	22,87	0,46	-17,7	1,0	71,3
377	30.07.20 13:43:16	22,87	0,48	-19,8	1,4	68,8
378	30.07.20 13:43:17	22,87	0,48	-21,8	1,1	67,1
379	30.07.20 13:43:18	22,87	0,46	-19,8	1,0	69,2
380	30.07.20 13:43:19	22,87	0,48	-20,7	0,8	68,5
381	30.07.20 13:43:20	22,87	0,46	-21,1	0,5	68,4
382	30.07.20 13:43:21	22,87	0,46	-18,7	1,2	70,2
383	30.07.20 13:43:22	22,87	0,48	-22,2	1,7	66,1
384	30.07.20 13:43:23	22,84	0,44	-23,2	-1,2	65,5
385	30.07.20 13:43:24	22,87	0,46	-18,3	0,1	71,6
386	30.07.20 13:43:25	22,84	0,46	-17,4	1,5	71,1
387	30.07.20 13:43:26	22,84	0,44	-23,2	1,0	65,8
388	30.07.20 13:43:27	22,84	0,44	-21,6	-0,1	68,3
389	30.07.20 13:43:28	22,84	0,46	-17,3	0,9	71,8
390	30.07.20 13:43:29	22,84	0,44	-19,7	1,1	69,2
391	30.07.20 13:43:30	22,84	0,44	-23,5	0,7	65,8
392	30.07.20 13:43:31	22,84	0,44	-20,8	0,0	69,2
393	30.07.20 13:43:32	22,84	0,46	-18,9	0,8	70,3
394	30.07.20 13:43:33	22,84	0,44	-21,6	-0,1	68,3
395	30.07.20 13:43:34	22,84	0,44	-21,5	0,8	67,7
396	30.07.20 13:43:35	22,84	0,46	-18,6	1,4	69,9
397	30.07.20 13:43:36	22,84	0,44	-21,5	0,5	68,0
398	30.07.20 13:43:37	22,84	0,46	-20,0	0,8	69,2
399	30.07.20 13:43:38	22,84	0,46	-19,5	1,3	69,2
400	30.07.20 13:43:39	22,84	0,44	-22,3	0,5	67,1
401	30.07.20 13:43:40	22,84	0,44	-21,7	1,2	67,2
402	30.07.20 13:43:41	22,84	0,44	-19,8	0,9	69,3
403	30.07.20 13:43:42	22,84	0,44	-20,3	0,8	68,9
404	30.07.20 13:43:43	22,84	0,46	-22,4	0,4	67,2
405	30.07.20 13:43:44	22,84	0,46	-21,1	1,4	67,5
406	30.07.20 13:43:45	22,84	0,44	-19,8	1,0	69,3
407	30.07.20 13:43:46	22,81	0,44	-19,7	1,5	68,8
408	30.07.20 13:43:47	22,81	0,44	-20,1	2,1	67,8
409	30.07.20 13:43:48	22,81	0,44	-21,7	0,7	67,6
410	30.07.20 13:43:49	22,81	0,44	-19,8	0,9	69,3
411	30.07.20 13:43:50	22,81	0,44	-19,0	2,5	68,5
412	30.07.20 13:43:51	22,81	0,46	-23,9	0,9	65,2
413	30.07.20 13:43:52	22,81	0,41	-21,3	0,6	68,1
414	30.07.20 13:43:53	22,81	0,46	-17,6	1,6	70,8
415	30.07.20 13:43:54	22,81	0,46	-21,2	1,6	67,2
416	30.07.20 13:43:55	22,81	0,46	-21,7	1,1	67,2
417	30.07.20 13:43:56	22,81	0,44	-19,6	0,7	69,7
418	30.07.20 13:43:57	22,81	0,46	-19,0	1,0	69,9
419	30.07.20 13:43:58	22,81	0,44	-20,7	0,5	68,8
420	30.07.20 13:43:59	22,81	0,44	-21,5	0,8	67,7
421	30.07.20 13:44:00	22,81	0,44	-20,9	0,6	68,5
422	30.07.20 13:44:01	22,81	0,44	-21,2	0,0	68,7
423	30.07.20 13:44:02	22,81	0,46	-20,5	0,8	68,7
424	30.07.20 13:44:03	22,81	0,44	-21,4	1,0	67,5
425	30.07.20 13:44:04	22,81	0,44	-20,8	0,7	68,5
426	30.07.20 13:44:05	22,81	0,44	-20,2	1,4	68,4
427	30.07.20 13:44:06	22,81	0,46	-19,8	1,5	68,7
428	30.07.20 13:44:07	22,81	0,46	-21,6	1,3	67,2
429	30.07.20 13:44:08	22,81	0,44	-20,1	0,5	69,4
430	30.07.20 13:44:09	22,81	0,44	-18,8	1,3	69,9
431	30.07.20 13:44:10	22,81	0,46	-22,0	0,5	67,6
432	30.07.20 13:44:11	22,81	0,46	-22,2	0,1	67,7
433	30.07.20 13:44:12	22,78	0,44	-20,2	-0,5	69,3
434	30.07.20 13:44:13	22,78	0,46	-20,4	0,4	69,3
435	30.07.20 13:44:14	22,78	0,44	-21,5	-0,2	68,3
436	30.07.20 13:44:15	22,78	0,44	-19,8	-0,3	69,9
437	30.07.20 13:44:16	22,78	0,44	-20,6	0,9	68,4
438	30.07.20 13:44:17	22,78	0,44	-20,5	0,3	69,2
439	30.07.20 13:44:18	22,78	0,46	-21,0	-0,1	69,0
440	30.07.20 13:44:19	22,78	0,44	-20,4	0,7	68,9
441	30.07.20 13:44:20	22,78	0,44	-22,3	0,8	66,8
442	30.07.20 13:44:21	22,78	0,46	-21,8	1,4	66,8
443	30.07.20 13:44:22	22,78	0,46	-21,0	1,1	68,0
444	30.07.20 13:44:23	22,78	0,46	-20,0	1,8	68,2
445	30.07.20 13:44:24	22,78	0,46	-21,6	1,8	66,6
446	30.07.20 13:44:25	22,78	0,44	-21,3	1,4	67,3
447	30.07.20 13:44:26	22,78	0,46	-20,0	1,6	68,5
448	30.07.20 13:44:27	22,78	0,46	-19,1	2,4	68,5
449	30.07.20 13:44:28	22,78	0,44	-21,6	1,1	67,3
450	30.07.20 13:44:29	22,78	0,46	-21,2	0,3	68,5
451	30.07.20 13:44:30	22,78	0,44	-20,4	0,4	69,1
452	30.07.20 13:44:31	22,78	0,44	-20,6	-1,1	68,2
453	30.07.20 13:44:32	22,78	0,44	-20,7	0,2	69,1
454	30.07.20 13:44:33	22,78	0,46	-21,6	0,9	67,5
455	30.07.20 13:44:34	22,78	0,46	-20,0	2,5	67,4
456	30.07.20 13:44:35	22,78	0,46	-19,1	4,9	66,0
457	30.07.20 13:44:36	22,78	0,46	-20,0	8,0	62,0
458	30.07.20 13:44:37	22,78	0,44	-22,0	9,1	58,9
459	30.07.20 13:44:38	22,78	0,46	-20,1	9,7	60,2
460	30.07.20 13:44:39	22,76	0,46	-18,3	9,8	61,9
461	30.07.20 13:44:40	22,76	0,46	-19,1	9,7	61,2
462	30.07.20 13:44:41	22,76	0,46	-20,2	8,5	61,3
463	30.07.20 13:44:42	22,76	0,46	-19,3	8,2	62,5
464	30.07.20 13:44:43	22,76	0,46	-18,8	8,2	63,0
465	30.07.20 13:44:44	22,76	0,46	-18,0	8,3	63,7
466	30.07.20 13:44:45	22,76	0,44	-19,3	8,1	62,6
467	30.07.20 13:44:46	22,76	0,46	-21,0	8,3	60,6
468	30.07.20 13:44:47	22,76	0,50	-19,1	8,6	62,3
469	30.07.20 13:44:48	22,76	0,46	-18,1	9,4	62,5
470	30.07.20 13:44:49	22,76	0,44	-18,9	8,4	62,7
471	30.07.20 13:44:50	22,76	0,46	-20,9	8,2	60,9
472	30.07.20 13:44:51	22,76	0,46	-19,6	8,6	61,8
473	30.07.20 13:44:52	22,76	0,44	-17,6	8,7	63,6
474	30.07.20 13:44:53	22,76	0,44	-18,8	7,7	63,5
475	30.07.20 13:44:54	22,76	0,46	-20,4	6,9	62,8
476	30.07.20 13:44:55	22,76	0,46	-19,9	8,5	61,6
477	30.07.20 13:44:56	22,76	0,44	-17,8	9,0	63,2
478	30.07.20 13:44:57	22,76	0,46	-18,8	8,1	63,0
479	30.07.20 13:44:58	22,76	0,44	-20,1	7,2	62,6
480	30.07.20 13:44:59	22,76	0,46	-19,0	8,0	63,0
481	30.07.20 13:45:00	22,76	0,46	-19,0	8,2	62,9
482	30.07.20 13:45:01	22,76	0,46	-18,8	8,0	63,3
483	30.07.20 13:45:02	22,76	0,46	-17,8	7,3	64,9
484	30.07.20 13:45:03	22,76	0,44	-18,8	7,5	63,7
485	30.07.20 13:45:04	22,76	0,46	-23,8	8,7	57,6
486	30.07.20 13:45:05	22,76	0,46	-22,6	8,4	59,0
487	30.07.20 13:45:06	22,76	0,46	-18,5	7,3	64,2
488	30.07.20 13:45:07	22,73	0,46	-19,9	8,2	61,9
489	30.07.20 13:45:08	22,73	0,44	-30,2	11,0	48,8
490	30.07.20 13:45:09	22,73	0,46	-18,0	7,1	64,9
491	30.07.20 13:45:10	22,73	0,44	-17,6	8,5	63,9
492	30.07.20 13:45:11	22,76	0,46	-17,2	8,7	64,1
493	30.07.20 13:45:12	22,73	0,46	-17,6	8,2	64,2
494	30.07.20 13:45:13	22,73	0,46	-18,1	7,8	64,1
495	30.07.20 13:45:14	22,73	0,49	-18,0	6,5	65,4
496	30.07.20 13:45:15	22,73	0,44	-18,4	4,0	67,6
497	30.07.20 13:45:16	22,73	0,46	-17,7	-0,3	72,0
498	30.07.20 13:45:17	22,73	0,46	-17,1	-2,5	70,4
499	30.07.20 13:45:18	22,73	0,46	-16,4	-4,7	69,0
500	30.07.20 13:45:19	22,73	0,46	-16,3	-6,7	67,0
501	30.07.20 13:45:20	22,73	0,46	-16,5	-6,6	66,9
502	30.07.20 13:45:21	22,73	0,46	-16,4	-4,7	69,0
503	30.07.20 13:45:22	22,73	0,46	-17,5	-1,8	70,7
504	30.07.20 13:45:23	22,73	0,46	-18,2	0,6	71,1
505	30.07.20 13:45:24	22,73	0,46	-18,7	2,8	68,4
506	30.07.20 13:45:25	22,73	0,44	-18,4	4,6	67,0
507	30.07.20 13:45:26	22,73	0,49	-17,7	6,5	65,8
508	30.07.20 13:45:27	22,73	0,46	-17,8	7,7	64,5
509	30.07.20 13:45:28	22,73	0,46	-17,9	8,5	63,7
510	30.07.20 13:45:29	22,73	0,46	-18,0	8,4	63,5
511	30.07.20 13:45:30	22,73	0,46	-18,0	6,9	65,1
512	30.07.20 13:45:31	22,73	0,46	-18,4	5,0	66,6
513	30.07.20 13:45:32	22,73	0,46	-18,0	3,2	68,8
514	30.07.20 13:45:33	22,73	0,46	-18,7	1,4	70,0
515	30.07.20 13:45:34	22,73	0,46	-18,3	-0,4	71,3
516	30.07.20 13:45:35	22,73	0,46	-17,6	-1,3	71,1
517	30.07.20 13:45:36	22,70	0,46	-17,6	-2,7	69,6
518	30.07.20 13:45:37	22,70	0,44	-17,4	-2,7	69,8
519	30.07.20 13:45:38	22,70	0,49	-17,1	-3,7	69,3
520	30.07.20 13:45:39	22,70	0,44	-17,4	-3,3	69,2
521	30.07.20 13:45:40	22,70	0,49	-17,2	-2,9	69,9
522	30.07.20 13:45:41	22,70	0,46	-17,4	-2,2	70,4
523	30.07.20 13:45:42	22,70	0,46	-18,7	-1,3	70,1
524	30.07.20 13:45:43	22,70	0,46	-17,8	-12,8	59,3
525	30.07.20 13:45:44	22,70	0,46	37,5	-45,8	-6,7
526	30.07.20 13:45:45	22,70	0,49	79,9	4,4	5,7
527	30.07.20 13:45:46	22,70	0,46	70,1	12,0	7,8
528	30.07.20 13:45:47	22,70	0,46	74,9	8,6	6,4
529	30.07.20 13:45:48	22,70	0,46	79,2	3,0	7,8
530	30.07.20 13:45:49	22,70	0,46	75,9	7,8	6,4
531	30.07.20 13:45:50	22,70	0,46	73,6	10,2	6,3
532	30.07.20 13:45:51	22,70	0,46	74,1	8,8	7,2
533	30.07.20 13:45:52	22,70	0,46	75,3	7,5	7,2
534	30.07.20 13:45:53	22,70	0,46	76,8	5,9	7,3
535	30.07.20 13:45:54	22,70	0,46	77,5	5,6	7,0
536	30.07.20 13:45:55	22,70	0,46	77,2	5,7	7,2
537	30.07.20 13:45:56	22,70	0,46	78,1	4,9	7,0
538	30.07.20 13:45:57	22,70	0,46	78,0	5,4	6,6
539	30.07.20 13:45:58	22,70	0,49	76,9	6,3	6,8
540	30.07.20 13:45:59	22,70	0,46	77,0	6,2	6,7
541	30.07.20 13:46:00	22,70	0,46	78,8	4,2	6,9
542	30.07.20 13:46:01	22,70	0,46	80,2	2,5	7,3
543	30.07.20 13:46:02	22,70	0,46	81,9	0,4	7,7
544	30.07.20 13:46:03	22,70	0,46	80,3	-2,3	7,4
545	30.07.20 13:46:04	22,70	0,46	81,0	-1,9	7,0
546	30.07.20 13:46:05	22,70	0,49	79,6	-2,1	8,3
547	30.07.20 13:46:06	22,70	0,46	82,2	-0,2	7,5
548	30.07.20 13:46:07	22,70	0,46	76,7	-2,0	11,3
549	30.07.20 13:46:08	22,67	0,46	72,0	-3,9	14,1
550	30.07.20 13:46:09	22,67	0,49	72,2	-3,4	14,4
551	30.07.20 13:46:10	22,67	0,46	73,0	-2,6	14,4
552	30.07.20 13:46:11	22,67	0,46	76,4	8,2	5,3
553	30.07.20 13:46:12	22,67	0,46	80,0	4,2	5,8
554	30.07.20 13:46:13	22,67	0,46	83,4	-1,7	4,9
555	30.07.20 13:46:14	22,67	0,49	82,3	2,2	5,5
556	30.07.20 13:46:15	22,67	0,46	80,8	6,8	2,5
557	30.07.20 13:46:16	22,67	0,49	69,9	3,4	16,7
558	30.07.20 13:46:17	22,67	0,49	72,0	3,6	14,4
559	30.07.20 13:46:18	22,67	0,46	70,6	3,9	15,5
560	30.07.20 13:46:19	22,67	0,44	69,9	3,6	16,4
561	30.07.20 13:46:20	22,67	0,49	70,5	3,2	16,3
562	30.07.20 13:46:21	22,67	0,46	70,8	3,4	15,8
563	30.07.20 13:46:22	22,67	0,46	71,4	3,3	15,3
564	30.07.20 13:46:23	22,67	0,49	72,3	3,1	14,6
565	30.07.20 13:46:24	22,67	0,46	71,2	3,6	15,2
566	30.07.20 13:46:25	22,67	0,46	70,0	3,5	16,6
567	30.07.20 13:46:26	22,67	0,46	69,4	3,5	17,1
568	30.07.20 13:46:27	22,67	0,46	69,2	3,5	17,3
569	30.07.20 13:46:28	22,67	0,49	69,4	3,5	17,1
570	30.07.20 13:46:29	22,67	0,46	69,8	3,6	16,6
571	30.07.20 13:46:30	22,67	0,46	70,5	3,4	16,2
572	30.07.20 13:46:31	22,67	0,46	71,0	3,1	15,9
573	30.07.20 13:46:32	22,67	0,49	70,4	3,7	15,9
574	30.07.20 13:46:33	22,67	0,46	70,9	3,4	15,7
575	30.07.20 13:46:34	22,67	0,46	71,1	3,2	15,7
576	30.07.20 13:46:35	22,67	0,46	71,4	3,2	15,4
577	30.07.20 13:46:36	22,64	0,46	72,4	4,4	13,3
578	30.07.20 13:46:37	22,64	0,46	70,7	4,5	14,9
579	30.07.20 13:46:38	22,64	0,46	72,7	5,7	11,5
580	30.07.20 13:46:39	22,64	0,48	64,4	-13,6	12,0
581	30.07.20 13:46:40	22,64	0,46	56,2	3,9	29,9
582	30.07.20 13:46:41	22,64	0,48	34,3	41,2	14,5
583	30.07.20 13:46:42	22,64	0,46	31,5	52,4	6,0
584	30.07.20 13:46:43	22,64	0,46	21,9	54,0	14,1
585	30.07.20 13:46:44	22,64	0,46	29,5	51,8	8,6
586	30.07.20 13:46:45	22,64	0,46	45,0	15,6	-29,4
587	30.07.20 13:46:46	22,64	0,46	31,7	12,7	-45,6
588	30.07.20 13:46:47	22,64	0,46	29,8	18,9	-41,3
589	30.07.20 13:46:48	22,64	0,46	32,6	15,0	-42,4
590	30.07.20 13:46:49	22,64	0,46	22,6	49,3	-18,1
591	30.07.20 13:46:50	22,64	0,46	-1,4	31,7	57,0
592	30.07.20 13:46:51	22,64	0,46	2,4	32,2	55,4
593	30.07.20 13:46:52	22,64	0,48	1,6	24,7	63,7
594	30.07.20 13:46:53	22,64	0,48	0,6	19,8	69,6
595	30.07.20 13:46:54	22,64	0,48	0,9	19,9	69,2
596	30.07.20 13:46:55	22,64	0,46	0,3	16,5	73,2
597	30.07.20 13:46:56	22,64	0,44	-2,0	19,4	68,7
598	30.07.20 13:46:57	22,64	0,46	-0,4	21,7	67,9
599	30.07.20 13:46:58	22,64	0,48	2,0	24,2	63,9
600	30.07.20 13:46:59	22,64	0,46	1,9	23,4	64,7
601	30.07.20 13:47:00	22,64	0,46	2,2	24,0	63,8
602	30.07.20 13:47:01	22,64	0,48	3,6	22,1	64,3
603	30.07.20 13:47:02	22,64	0,48	-0,7	68,6	20,7
604	30.07.20 13:47:03	22,64	0,46	53,2	25,7	11,1
605	30.07.20 13:47:04	22,52	0,59	51,4	-13,3	25,3
606	30.07.20 13:47:05	22,43	0,58	35,4	-12,6	42,0
607	30.07.20 13:47:06	22,41	0,55	29,7	35,7	24,6
608	30.07.20 13:47:07	22,41	0,53	70,8	-5,3	13,9
609	30.07.20 13:47:08	22,41	0,55	25,0	32,8	32,2
610	30.07.20 13:47:09	22,38	0,57	24,6	46,6	18,8
611	30.07.20 13:47:10	22,35	0,59	24,4	61,1	4,6
612	30.07.20 13:47:11	22,35	0,59	27,9	31,4	30,7
613	30.07.20 13:47:12	22,35	0,62	30,4	21,7	37,9
614	30.07.20 13:47:13	22,35	0,59	28,0	21,7	40,3
615	30.07.20 13:47:14	22,35	0,59	45,1	0,6	44,3
616	30.07.20 13:47:15	22,35	0,57	26,7	18,4	44,9
617	30.07.20 13:47:16	22,35	0,59	49,2	-0,4	40,4
618	30.07.20 13:47:17	22,35	0,62	50,7	-2,7	36,6
619	30.07.20 13:47:18	22,35	0,62	61,4	-0,7	27,9
620	30.07.20 13:47:19	22,35	0,62	58,3	-5,4	26,4
621	30.07.20 13:47:20	22,35	0,59	33,5	17,0	39,5
622	30.07.20 13:47:21	22,35	0,62	67,0	-4,4	18,6
623	30.07.20 13:47:22	22,35	0,62	57,7	1,8	30,5
624	30.07.20 13:47:23	22,35	0,62	46,2	13,6	30,2
625	30.07.20 13:47:24	22,35	0,64	58,8	6,1	25,1
626	30.07.20 13:47:25	22,35	0,69	63,5	-0,4	26,1
627	30.07.20 13:47:26	22,35	0,71	57,8	-11,7	20,4
628	30.07.20 13:47:27	22,29	0,75	57,1	-13,7	19,2
629	30.07.20 13:47:28	22,20	0,77	64,1	-8,4	17,6
630	30.07.20 13:47:29	22,14	0,83	52,3	-5,5	32,2
631	30.07.20 13:47:30	22,11	0,80	41,6	4,1	44,2
632	30.07.20 13:47:31	22,08	0,73	26,0	21,7	42,2
633	30.07.20 13:47:32	22,06	0,73	61,3	-7,9	20,8
634	30.07.20 13:47:33	22,03	0,61	32,6	-16,7	40,7
635	30.07.20 13:47:34	22,00	0,56	21,3	-14,0	54,7
636	30.07.20 13:47:35	21,97	0,58	24,0	5,2	60,8
637	30.07.20 13:47:36	21,97	0,60	25,5	11,9	52,6
638	30.07.20 13:47:37	21,94	0,60	20,8	26,9	42,3
639	30.07.20 13:47:38	21,94	0,65	42,1	4,1	43,7
640	30.07.20 13:47:39	21,94	0,67	29,1	12,0	48,9
641	30.07.20 13:47:40	21,94	0,72	43,2	2,2	44,5
642	30.07.20 13:47:41	21,91	0,74	42,4	6,3	41,3
643	30.07.20 13:47:42	21,91	0,76	50,1	1,4	38,6
644	30.07.20 13:47:43	21,91	0,76	45,7	-0,6	43,7
645	30.07.20 13:47:44	21,91	0,76	41,0	10,1	38,8
646	30.07.20 13:47:45	21,91	0,81	70,8	2,4	16,8
647	30.07.20 13:47:46	21,88	0,85	68,9	3,3	17,8
648	30.07.20 13:47:47	21,88	0,85	73,3	-2,2	14,5
649	30.07.20 13:47:48	21,88	0,87	79,6	2,2	8,1
650	30.07.20 13:47:49	21,88	0,87	84,6	0,1	5,3
651	30.07.20 13:47:50	21,85	0,87	72,7	-6,9	10,4
652	30.07.20 13:47:51	21,85	0,87	51,8	-7,2	31,1
653	30.07.20 13:47:52	21,85	0,85	44,5	-3,7	41,8
654	30.07.20 13:47:53	21,82	0,89	57,9	-5,1	27,0
655	30.07.20 13:47:54	21,82	0,89	78,3	-2,9	8,8
656	30.07.20 13:47:55	21,82	0,91	79,1	4,7	6,1
657	30.07.20 13:47:56	21,82	0,94	69,7	6,4	13,9
658	30.07.20 13:47:57	21,82	0,91	64,5	1,6	23,9
659	30.07.20 13:47:58	21,79	0,91	59,4	-2,2	28,4
660	30.07.20 13:47:59	21,79	0,96	54,8	6,4	28,8
661	30.07.20 13:48:00	21,79	0,98	62,7	4,7	22,6
662	30.07.20 13:48:01	21,79	1,01	63,8	4,2	22,0
663	30.07.20 13:48:02	21,79	0,98	61,9	4,7	23,4
664	30.07.20 13:48:03	21,76	0,98	58,4	4,8	26,8
665	30.07.20 13:48:04	21,76	1,00	60,1	4,4	25,5
666	30.07.20 13:48:05	21,76	1,00	64,9	1,6	23,5
667	30.07.20 13:48:06	21,76	1,00	64,2	0,7	25,1
668	30.07.20 13:48:07	21,76	1,03	64,4	-1,8	23,8
669	30.07.20 13:48:08	21,76	1,03	62,7	-5,4	21,9
670	30.07.20 13:48:09	21,76	1,05	62,5	-5,5	22,1
671	30.07.20 13:48:10	21,76	1,05	57,4	-6,2	26,4
672	30.07.20 13:48:11	21,73	1,02	56,8	-6,1	27,1
673	30.07.20 13:48:12	21,73	1,05	60,1	-8,0	21,9
674	30.07.20 13:48:13	21,71	1,07	59,3	-10,3	20,4
675	30.07.20 13:48:14	21,71	1,11	57,5	-10,2	22,3
676	30.07.20 13:48:15	21,71	1,09	56,7	-10,1	23,1
677	30.07.20 13:48:16	21,68	1,09	57,0	-10,8	22,2
678	30.07.20 13:48:17	21,68	1,09	56,9	-12,0	21,0
679	30.07.20 13:48:18	21,65	1,11	56,7	-11,8	21,5
680	30.07.20 13:48:19	21,62	1,15	55,5	-12,3	22,2
681	30.07.20 13:48:20	21,59	1,12	54,5	-14,1	21,4
682	30.07.20 13:48:21	21,56	1,12	53,0	-14,5	22,5
683	30.07.20 13:48:22	21,56	1,12	51,7	-12,5	25,8
684	30.07.20 13:48:23	21,53	1,12	50,6	-14,2	25,2
685	30.07.20 13:48:24	21,53	1,14	51,4	-16,4	22,1
686	30.07.20 13:48:25	21,53	1,14	50,7	-19,6	19,6
687	30.07.20 13:48:26	21,50	1,16	51,3	-18,8	19,9
688	30.07.20 13:48:27	21,50	1,19	50,7	-17,3	21,9
689	30.07.20 13:48:28	21,50	1,16	50,6	-15,5	23,9
690	30.07.20 13:48:29	21,50	1,16	51,5	-14,5	24,0
691	30.07.20 13:48:30	21,50	1,19	51,8	-15,8	22,4
692	30.07.20 13:48:31	21,50	1,21	51,9	-16,3	21,8
693	30.07.20 13:48:32	21,50	1,23	51,0	-18,2	20,8
694	30.07.20 13:48:33	21,47	1,25	51,2	-19,1	19,7
695	30.07.20 13:48:34	21,47	1,28	51,8	-17,8	20,4
696	30.07.20 13:48:35	21,44	1,25	51,6	-16,1	22,3
697	30.07.20 13:48:36	21,44	1,25	51,8	-15,6	22,6
698	30.07.20 13:48:37	21,44	1,25	51,4	-15,9	22,7
699	30.07.20 13:48:38	21,44	1,27	51,8	-16,5	21,7
700	30.07.20 13:48:39	21,41	1,27	52,4	-18,3	19,4
701	30.07.20 13:48:40	21,41	1,29	51,5	-19,5	19,0
702	30.07.20 13:48:41	21,44	1,32	51,3	-18,2	20,5
703	30.07.20 13:48:42	21,44	1,30	52,4	-15,7	21,9
704	30.07.20 13:48:43	21,44	1,32	52,9	-14,1	22,9
705	30.07.20 13:48:44	21,44	1,30	53,2	-15,0	21,8
706	30.07.20 13:48:45	21,44	1,34	53,0	-16,4	20,6
707	30.07.20 13:48:46	21,44	1,34	53,7	-15,4	21,0
708	30.07.20 13:48:47	21,44	1,34	52,6	-15,9	21,4
709	30.07.20 13:48:48	21,44	1,37	53,0	-16,3	20,7
710	30.07.20 13:48:49	21,44	1,39	52,6	-16,3	21,1
711	30.07.20 13:48:50	21,44	1,39	52,1	-15,8	22,0
712	30.07.20 13:48:51	21,44	1,41	51,8	-14,9	23,3
713	30.07.20 13:48:52	21,44	1,44	51,2	-16,7	22,1
714	30.07.20 13:48:53	21,41	1,46	51,5	-19,8	18,7
715	30.07.20 13:48:54	21,41	1,48	52,0	-17,0	21,1
716	30.07.20 13:48:55	21,38	1,50	50,8	-18,2	21,0
717	30.07.20 13:48:56	21,38	1,55	51,1	-21,6	17,3
718	30.07.20 13:48:57	21,35	1,55	52,7	-21,7	15,7
719	30.07.20 13:48:58	21,33	1,59	52,2	-21,1	16,7
720	30.07.20 13:48:59	21,30	1,59	51,5	-21,0	17,5
721	30.07.20 13:49:00	21,24	1,63	51,5	-20,1	18,4
722	30.07.20 13:49:01	21,15	1,66	51,3	-20,5	18,1
723	30.07.20 13:49:02	21,09	1,68	52,1	-20,3	17,6
724	30.07.20 13:49:03	21,03	1,72	52,7	-20,7	16,5
725	30.07.20 13:49:04	21,00	1,77	52,9	-20,2	16,8
726	30.07.20 13:49:05	20,94	1,76	51,8	-19,6	18,6
727	30.07.20 13:49:06	20,92	1,83	52,7	-20,0	17,4
728	30.07.20 13:49:07	20,86	1,89	55,5	-17,9	16,6
729	30.07.20 13:49:08	20,77	1,88	53,5	-17,5	19,0
730	30.07.20 13:49:09	20,65	1,92	52,8	-18,3	18,9
731	30.07.20 13:49:10	20,53	1,97	53,3	-19,9	16,9
732	30.07.20 13:49:11	20,42	2,06	52,3	-25,0	12,7
733	30.07.20 13:49:12	20,30	2,11	53,6	-23,4	13,0
734	30.07.20 13:49:13	20,21	2,18	56,5	-17,7	15,8
735	30.07.20 13:49:14	20,15	2,17	53,8	-18,6	17,6
736	30.07.20 13:49:15	20,01	2,15	51,6	-20,6	17,8
737	30.07.20 13:49:16	19,83	2,30	52,1	-15,8	22,1
738	30.07.20 13:49:17	19,65	2,35	50,4	-14,0	25,6
739	30.07.20 13:49:18	19,42	2,40	49,6	-17,9	22,4
740	30.07.20 13:49:19	19,30	2,38	51,3	-21,4	17,3
741	30.07.20 13:49:20	19,12	2,41	51,8	-20,6	17,6
742	30.07.20 13:49:21	18,94	2,58	50,8	-20,3	18,9
743	30.07.20 13:49:22	18,71	2,67	51,4	-19,5	19,2
744	30.07.20 13:49:23	18,47	2,72	52,3	-20,2	17,4
745	30.07.20 13:49:24	18,23	2,74	54,5	-19,7	15,9
746	30.07.20 13:49:25	18,02	2,81	54,4	-18,9	16,7
747	30.07.20 13:49:26	17,79	2,76	54,9	-17,8	17,3
748	30.07.20 13:49:27	17,58	2,86	55,0	-17,2	17,7
749	30.07.20 13:49:28	17,34	2,98	57,6	-15,9	16,5
750	30.07.20 13:49:29	17,19	2,91	57,0	-15,4	17,6
751	30.07.20 13:49:30	17,07	2,95	56,6	-14,8	18,5
752	30.07.20 13:49:31	16,92	3,00	57,7	-13,6	18,7
753	30.07.20 13:49:32	16,77	3,06	60,0	-13,4	16,6
754	30.07.20 13:49:33	16,65	3,07	58,2	-14,3	17,5
755	30.07.20 13:49:34	16,56	3,10	55,1	-13,9	21,0
756	30.07.20 13:49:35	16,47	3,05	54,2	-8,9	26,9
757	30.07.20 13:49:36	16,38	3,09	52,3	-9,8	27,8
758	30.07.20 13:49:37	16,32	3,06	52,7	-11,4	25,9
759	30.07.20 13:49:38	16,26	3,03	52,6	-10,4	27,0
760	30.07.20 13:49:39	16,23	3,02	51,9	-10,9	27,1
761	30.07.20 13:49:40	16,20	3,02	51,4	-12,4	26,2
762	30.07.20 13:49:41	16,20	3,02	51,4	-12,0	26,6
763	30.07.20 13:49:42	16,17	3,02	50,8	-12,1	27,1
764	30.07.20 13:49:43	16,17	2,97	50,5	-13,3	26,2
765	30.07.20 13:49:44	16,17	2,99	50,4	-14,5	25,1
766	30.07.20 13:49:45	16,14	3,01	50,5	-14,3	25,2
767	30.07.20 13:49:46	16,14	2,99	49,7	-16,0	24,3
768	30.07.20 13:49:47	16,11	2,99	49,7	-18,6	21,7
769	30.07.20 13:49:48	16,11	2,99	50,5	-18,1	21,4
770	30.07.20 13:49:49	16,08	2,98	50,8	-13,5	25,8
771	30.07.20 13:49:50	16,08	2,96	47,3	-11,9	30,8
772	30.07.20 13:49:51	16,05	2,93	38,0	-13,1	38,9
773	30.07.20 13:49:52	16,02	2,93	30,2	-14,9	44,9
774	30.07.20 13:49:53	15,99	2,83	30,4	-13,6	46,0
775	30.07.20 13:49:54	15,62	2,82	31,4	-12,9	45,7
776	30.07.20 13:49:55	15,17	2,96	28,0	-14,1	47,9
777	30.07.20 13:49:56	14,80	2,97	37,3	-11,5	41,2
778	30.07.20 13:49:57	14,62	2,93	38,6	0,9	50,5
779	30.07.20 13:49:58	14,46	2,89	36,3	9,6	44,0
780	30.07.20 13:49:59	14,31	2,85	39,8	-0,2	50,0
781	30.07.20 13:50:00	14,28	2,80	32,8	6,2	50,9
782	30.07.20 13:50:01	14,19	2,74	39,0	6,4	44,6
783	30.07.20 13:50:02	14,12	2,73	43,2	6,7	40,1
784	30.07.20 13:50:03	14,06	2,71	36,8	4,8	48,5
785	30.07.20 13:50:04	14,00	2,65	34,9	1,6	53,5
786	30.07.20 13:50:05	13,97	2,60	29,2	-2,5	58,3
787	30.07.20 13:50:06	13,94	2,55	27,9	-2,1	60,0
788	30.07.20 13:50:07	13,91	2,53	26,3	-4,4	59,3
789	30.07.20 13:50:08	13,81	2,52	26,7	-4,9	58,5
790	30.07.20 13:50:09	13,78	2,51	27,1	-6,1	56,8
791	30.07.20 13:50:10	13,78	2,49	23,0	-10,2	56,8
792	30.07.20 13:50:11	13,78	2,47	24,3	-11,1	54,6
793	30.07.20 13:50:12	13,81	2,42	25,4	-11,4	53,2
794	30.07.20 13:50:13	13,85	2,38	26,6	-9,8	53,6
795	30.07.20 13:50:14	13,94	2,32	26,7	-12,1	51,2
796	30.07.20 13:50:15	14,00	2,25	30,9	-7,4	51,7
797	30.07.20 13:50:16	14,09	2,26	32,7	-7,2	50,0
798	30.07.20 13:50:17	14,25	2,16	34,0	-7,0	49,0
799	30.07.20 13:50:18	14,40	2,20	34,7	-6,6	48,7
800	30.07.20 13:50:19	14,62	2,08	40,8	-6,2	43,0
801	30.07.20 13:50:20	14,77	2,05	33,5	-7,3	49,3
802	30.07.20 13:50:21	14,89	2,00	34,2	-7,3	48,5
803	30.07.20 13:50:22	15,01	1,98	32,1	-7,6	50,3
804	30.07.20 13:50:23	15,13	1,97	32,3	-6,5	51,1
805	30.07.20 13:50:24	15,26	1,96	33,2	-6,4	50,4
806	30.07.20 13:50:25	15,35	1,95	35,4	-6,0	48,6
807	30.07.20 13:50:26	15,44	1,91	26,2	-13,0	50,9
808	30.07.20 13:50:27	15,53	1,92	31,9	-8,6	49,5
809	30.07.20 13:50:28	15,56	1,90	32,2	-8,4	49,4
810	30.07.20 13:50:29	15,62	1,91	32,3	-7,8	49,9
811	30.07.20 13:50:30	15,65	1,91	38,4	-5,7	45,8
812	30.07.20 13:50:31	15,68	1,94	29,1	-9,7	51,2
813	30.07.20 13:50:32	15,71	1,94	34,0	-6,4	49,6
814	30.07.20 13:50:33	15,74	1,94	23,5	-13,5	53,0
815	30.07.20 13:50:34	15,77	1,95	29,0	-9,4	51,6
816	30.07.20 13:50:35	15,77	1,97	26,6	-9,5	53,9
817	30.07.20 13:50:36	15,80	1,97	26,8	-10,2	53,0
818	30.07.20 13:50:37	15,80	1,97	31,2	-6,8	52,0
819	30.07.20 13:50:38	15,83	2,00	26,6	-10,4	53,0
820	30.07.20 13:50:39	15,83	2,00	29,2	-8,9	51,9
821	30.07.20 13:50:40	15,83	2,00	22,8	-12,2	55,0
822	30.07.20 13:50:41	15,83	2,02	36,3	-5,2	48,4
823	30.07.20 13:50:42	15,80	2,04	24,9	-12,6	52,5
824	30.07.20 13:50:43	15,77	2,06	26,0	-13,0	51,0
825	30.07.20 13:50:44	15,71	2,10	28,1	-10,5	51,4
826	30.07.20 13:50:45	15,68	2,12	25,4	-12,5	52,0
827	30.07.20 13:50:46	15,65	2,12	25,0	-12,6	52,5
828	30.07.20 13:50:47	15,59	2,14	30,0	-8,9	51,1
829	30.07.20 13:50:48	15,53	2,23	24,6	-11,7	53,7
830	30.07.20 13:50:49	15,47	2,24	24,9	-9,8	55,3
831	30.07.20 13:50:50	15,41	2,24	25,1	-11,0	54,0
832	30.07.20 13:50:51	15,35	2,25	23,0	-13,3	53,7
833	30.07.20 13:50:52	15,26	2,27	23,5	-11,4	55,0
834	30.07.20 13:50:53	15,13	2,33	19,9	-14,4	55,7
835	30.07.20 13:50:54	15,04	2,41	19,9	-16,7	53,4
836	30.07.20 13:50:55	14,92	2,37	27,3	-10,9	51,8
837	30.07.20 13:50:56	14,65	2,41	24,9	-11,5	53,6
838	30.07.20 13:50:57	14,46	2,49	20,4	-16,6	53,0
839	30.07.20 13:50:58	14,37	2,55	30,6	-9,0	50,5
840	30.07.20 13:50:59	14,31	2,57	26,8	-10,6	52,6
841	30.07.20 13:51:00	14,25	2,56	24,7	-12,5	52,8
842	30.07.20 13:51:01	14,19	2,62	29,6	-10,4	49,9
843	30.07.20 13:51:02	14,12	2,62	20,4	-15,5	54,1
844	30.07.20 13:51:03	14,03	2,66	28,5	-12,3	49,3
845	30.07.20 13:51:04	13,97	2,72	28,7	-12,5	48,8
846	30.07.20 13:51:05	13,91	2,74	29,0	-11,9	49,1
847	30.07.20 13:51:06	13,85	2,71	30,1	-12,6	47,3
848	30.07.20 13:51:07	13,69	2,78	30,2	-11,6	48,2
849	30.07.20 13:51:08	13,47	2,85	32,1	-10,7	47,3
850	30.07.20 13:51:09	13,32	2,89	28,3	-12,4	49,3
851	30.07.20 13:51:10	13,13	2,91	30,8	-10,7	48,5
852	30.07.20 13:51:11	13,01	2,97	28,3	-14,0	47,8
853	30.07.20 13:51:12	12,94	2,99	28,5	-13,2	48,3
854	30.07.20 13:51:13	12,88	3,00	29,5	-12,4	48,1
855	30.07.20 13:51:14	12,85	3,02	26,2	-14,6	49,2
856	30.07.20 13:51:15	12,79	3,02	29,4	-13,5	47,2
857	30.07.20 13:51:16	12,69	3,03	24,2	-17,0	48,8
858	30.07.20 13:51:17	12,63	3,09	32,6	-9,7	47,7
859	30.07.20 13:51:18	12,51	3,13	30,2	-12,5	47,3
860	30.07.20 13:51:19	12,38	3,16	28,8	-13,9	47,4
861	30.07.20 13:51:20	12,32	3,18	26,0	-14,8	49,3
862	30.07.20 13:51:21	12,25	3,22	27,5	-13,4	49,1
863	30.07.20 13:51:22	12,19	3,21	25,9	-14,8	49,3
864	30.07.20 13:51:23	12,19	3,24	28,5	-13,5	48,0
865	30.07.20 13:51:24	12,19	3,26	27,8	-13,3	48,9
866	30.07.20 13:51:25	12,16	3,35	31,5	-11,9	46,6
867	30.07.20 13:51:26	12,03	3,36	25,5	-15,1	49,4
868	30.07.20 13:51:27	11,78	3,38	28,7	-13,6	47,7
869	30.07.20 13:51:28	11,62	3,41	27,2	-13,4	49,4
870	30.07.20 13:51:29	11,56	3,43	29,8	-12,2	48,0
871	30.07.20 13:51:30	11,49	3,44	22,2	-15,4	52,4
872	30.07.20 13:51:31	11,40	3,53	29,9	-11,7	48,5
873	30.07.20 13:51:32	11,27	3,52	23,9	-14,1	52,0
874	30.07.20 13:51:33	11,11	3,52	25,7	-13,5	50,9
875	30.07.20 13:51:34	11,05	3,61	28,3	-11,9	49,7
876	30.07.20 13:51:35	11,01	3,63	25,3	-14,0	50,7
877	30.07.20 13:51:36	10,95	3,65	23,3	-13,5	53,2
878	30.07.20 13:51:37	10,85	3,66	23,8	-13,5	52,7
879	30.07.20 13:51:38	10,79	3,65	28,8	-11,0	50,2
880	30.07.20 13:51:39	10,76	3,72	21,0	-16,2	52,9
881	30.07.20 13:51:40	10,59	3,75	22,8	-14,0	53,2
882	30.07.20 13:51:41	10,50	3,81	22,7	-13,5	53,7
883	30.07.20 13:51:42	10,43	3,80	22,3	-14,0	53,7
884	30.07.20 13:51:43	10,43	3,80	20,8	-15,8	53,4
885	30.07.20 13:51:44	10,43	3,80	26,0	-11,3	52,7
886	30.07.20 13:51:45	10,43	3,85	21,5	-14,9	53,6
887	30.07.20 13:51:46	10,40	3,87	24,0	-14,1	52,0
888	30.07.20 13:51:47	10,40	3,92	26,3	-14,1	49,5
889	30.07.20 13:51:48	10,40	3,92	26,8	-13,7	49,5
890	30.07.20 13:51:49	10,40	3,94	25,7	-13,8	50,4
891	30.07.20 13:51:50	10,37	3,98	27,1	-13,7	49,3
892	30.07.20 13:51:51	10,30	4,02	28,3	-12,8	48,9
893	30.07.20 13:51:52	10,24	4,06	23,8	-14,6	51,6
894	30.07.20 13:51:53	10,21	4,08	25,5	-14,6	50,0
895	30.07.20 13:51:54	10,21	4,06	28,0	-12,9	49,0
896	30.07.20 13:51:55	10,17	4,10	28,9	-12,5	48,6
897	30.07.20 13:51:56	10,14	4,24	28,6	-12,9	48,6
898	30.07.20 13:51:57	10,04	4,23	26,1	-14,2	49,7
899	30.07.20 13:51:58	9,98	4,20	23,3	-15,7	51,0
900	30.07.20 13:51:59	9,95	4,22	24,0	-14,6	51,5
901	30.07.20 13:52:00	9,91	4,26	27,3	-13,8	49,0
902	30.07.20 13:52:01	9,88	4,33	31,5	-10,9	47,6
903	30.07.20 13:52:02	9,81	4,32	26,1	-13,6	50,3
904	30.07.20 13:52:03	9,72	4,34	28,7	-12,5	48,8
905	30.07.20 13:52:04	9,65	4,38	24,9	-14,0	51,1
906	30.07.20 13:52:05	9,59	4,39	23,2	-15,1	51,7
907	30.07.20 13:52:06	9,55	4,41	24,3	-13,6	52,1
908	30.07.20 13:52:07	9,49	4,45	26,5	-12,1	51,4
909	30.07.20 13:52:08	9,42	4,45	22,3	-13,1	54,5
910	30.07.20 13:52:09	9,39	4,56	28,5	-11,7	49,8
911	30.07.20 13:52:10	9,29	4,60	29,2	-13,4	47,4
912	30.07.20 13:52:11	9,02	4,68	31,1	-12,2	46,7
913	30.07.20 13:52:12	8,83	4,73	28,8	-17,6	43,5
914	30.07.20 13:52:13	8,73	4,77	26,4	-21,4	42,2
915	30.07.20 13:52:14	8,59	4,78	28,3	-9,3	52,4
916	30.07.20 13:52:15	8,43	4,81	29,1	-4,8	56,1
917	30.07.20 13:52:16	8,36	4,85	32,6	0,7	56,7
918	30.07.20 13:52:17	8,29	4,84	30,7	-4,0	55,2
919	30.07.20 13:52:18	8,22	4,86	34,3	-0,2	55,5
920	30.07.20 13:52:19	8,19	4,83	32,7	-2,4	54,9
921	30.07.20 13:52:20	8,16	4,88	30,6	-6,1	53,3
922	30.07.20 13:52:21	8,09	4,89	33,0	-6,9	50,1
923	30.07.20 13:52:22	8,06	4,89	33,8	-3,9	52,3
924	30.07.20 13:52:23	8,02	4,91	37,1	-0,2	52,8
925	30.07.20 13:52:24	7,99	4,90	42,7	0,1	47,2
926	30.07.20 13:52:25	7,95	4,92	40,4	-3,9	45,7
927	30.07.20 13:52:26	7,89	4,96	39,0	-5,5	45,5
928	30.07.20 13:52:27	7,85	4,96	39,5	-5,0	45,5
929	30.07.20 13:52:28	7,79	4,98	42,7	-3,8	43,5
930	30.07.20 13:52:29	7,75	5,04	46,1	-0,6	43,3
931	30.07.20 13:52:30	7,68	5,08	45,5	-2,2	42,2
932	30.07.20 13:52:31	7,62	5,08	43,8	-5,0	41,2
933	30.07.20 13:52:32	7,51	5,07	46,2	-5,2	38,6
934	30.07.20 13:52:33	7,48	5,09	46,4	-5,3	38,3
935	30.07.20 13:52:34	7,38	5,15	48,1	-3,9	38,0
936	30.07.20 13:52:35	7,31	5,14	49,4	-4,6	35,9
937	30.07.20 13:52:36	7,28	5,16	48,1	-5,3	36,6
938	30.07.20 13:52:37	7,24	5,20	46,2	-5,6	38,2
939	30.07.20 13:52:38	7,21	5,22	48,2	-5,8	36,0
940	30.07.20 13:52:39	7,17	5,24	50,2	-5,7	34,1
941	30.07.20 13:52:40	7,14	5,24	50,0	-4,7	35,3
942	30.07.20 13:52:41	7,10	5,26	50,2	-3,6	36,2
943	30.07.20 13:52:42	7,07	5,28	48,1	-4,4	37,6
944	30.07.20 13:52:43	7,07	5,28	46,2	-5,2	38,6
945	30.07.20 13:52:44	7,07	5,30	43,5	-5,2	41,4
946	30.07.20 13:52:45	7,07	5,30	45,2	-4,4	40,5
947	30.07.20 13:52:46	7,07	5,35	47,0	-4,4	38,6
948	30.07.20 13:52:47	7,04	5,37	46,0	-3,9	40,1
949	30.07.20 13:52:48	6,97	5,36	44,7	-4,9	40,4
950	30.07.20 13:52:49	6,97	5,41	46,9	-5,4	37,7
951	30.07.20 13:52:50	6,93	5,43	45,3	-3,3	41,4
952	30.07.20 13:52:51	6,93	5,47	44,3	-5,2	40,5
953	30.07.20 13:52:52	6,90	5,49	46,9	-6,8	36,4
954	30.07.20 13:52:53	6,86	5,51	48,1	-6,9	35,0
955	30.07.20 13:52:54	6,79	5,55	51,2	-4,5	34,3
956	30.07.20 13:52:55	6,76	5,59	53,8	-4,5	31,6
957	30.07.20 13:52:56	6,76	5,59	50,6	-7,4	32,1
958	30.07.20 13:52:57	6,73	5,64	51,4	-5,1	33,5
959	30.07.20 13:52:58	6,69	5,63	53,6	-3,7	32,7
960	30.07.20 13:52:59	6,69	5,66	40,1	-12,0	37,9
961	30.07.20 13:53:00	6,69	5,68	22,0	-13,9	54,1
962	30.07.20 13:53:01	6,66	5,65	10,2	-17,0	62,8
963	30.07.20 13:53:02	6,62	5,65	-1,1	-10,1	78,8
964	30.07.20 13:53:03	6,62	5,65	5,1	-5,6	79,3
965	30.07.20 13:53:04	6,59	5,72	5,1	1,7	83,2
966	30.07.20 13:53:05	6,55	5,64	-3,3	-6,7	80,0
967	30.07.20 13:53:06	6,52	5,69	18,0	-7,5	64,5
968	30.07.20 13:53:07	6,45	5,73	-4,0	6,5	79,5
969	30.07.20 13:53:08	6,41	5,70	7,6	-0,4	82,1
970	30.07.20 13:53:09	6,38	5,67	13,6	-6,3	70,2
971	30.07.20 13:53:10	6,34	5,64	21,8	-0,9	67,3
972	30.07.20 13:53:11	6,27	5,73	10,4	-2,6	77,0
973	30.07.20 13:53:12	6,20	5,61	11,8	-9,5	68,6
974	30.07.20 13:53:13	6,17	5,60	19,4	-1,0	69,6
975	30.07.20 13:53:14	6,13	5,65	-10,1	4,7	75,3
976	30.07.20 13:53:15	6,06	5,69	-13,7	0,3	76,1
977	30.07.20 13:53:16	5,99	5,73	-0,5	2,2	87,2
978	30.07.20 13:53:17	5,99	5,68	25,7	-32,4	31,9
979	30.07.20 13:53:18	5,96	5,65	13,2	4,2	72,6
980	30.07.20 13:53:19	5,92	5,79	5,0	8,6	76,5
981	30.07.20 13:53:20	5,92	5,62	1,1	4,3	84,6
982	30.07.20 13:53:21	5,89	5,64	51,0	-23,2	15,7
983	30.07.20 13:53:22	5,85	5,62	25,6	-14,6	49,8
984	30.07.20 13:53:23	5,75	5,63	11,6	-16,4	62,0
985	30.07.20 13:53:24	5,68	5,69	14,8	-12,0	63,2
986	30.07.20 13:53:25	5,61	5,66	3,8	-14,6	71,7
987	30.07.20 13:53:26	5,57	5,63	2,8	4,6	82,6
988	30.07.20 13:53:27	5,54	5,63	8,2	-30,4	51,4
989	30.07.20 13:53:28	5,50	5,63	15,8	-12,8	61,4
990	30.07.20 13:53:29	5,43	5,71	13,0	-9,7	67,3
991	30.07.20 13:53:30	5,39	5,62	12,6	-21,6	55,8
992	30.07.20 13:53:31	5,36	5,59	-6,2	-26,1	57,7
993	30.07.20 13:53:32	5,32	5,56	30,4	-10,0	49,7
994	30.07.20 13:53:33	5,25	5,62	18,5	-16,7	54,8
995	30.07.20 13:53:34	5,22	5,62	0,4	16,1	73,5
996	30.07.20 13:53:35	5,15	5,57	17,3	4,4	68,3
997	30.07.20 13:53:36	5,11	5,63	3,1	6,2	80,7
998	30.07.20 13:53:37	5,07	5,58	-11,7	0,9	77,4
999	30.07.20 13:53:38	5,00	5,62	11,2	-25,0	53,8
1000	30.07.20 13:53:39	5,00	5,62	13,0	-22,2	54,8
1001	30.07.20 13:53:40	4,97	5,60	13,1	-20,8	56,1
1002	30.07.20 13:53:41	4,97	5,62	28,6	-23,0	38,4
1003	30.07.20 13:53:42	4,93	5,59	7,3	5,7	77,1
1004	30.07.20 13:53:43	4,90	5,56	12,3	-0,4	77,3
1005	30.07.20 13:53:44	4,86	5,47	12,1	0,5	77,5
1006	30.07.20 13:53:45	4,82	5,56	2,4	2,3	85,3
1007	30.07.20 13:53:46	4,79	5,58	3,5	0,1	86,4
1008	30.07.20 13:53:47	4,75	5,55	8,4	-0,3	81,3
1009	30.07.20 13:53:48	4,72	5,55	-13,7	5,8	70,5
1010	30.07.20 13:53:49	4,72	5,52	4,7	-20,8	64,5
1011	30.07.20 13:53:50	4,68	5,52	-19,2	8,5	62,3
1012	30.07.20 13:53:51	4,68	5,52	-3,1	-5,1	81,8
1013	30.07.20 13:53:52	4,64	5,54	2,0	6,7	81,3
1014	30.07.20 13:53:53	4,61	5,53	-6,5	-3,6	79,9
1015	30.07.20 13:53:54	4,57	5,53	-5,8	-0,4	83,8
1016	30.07.20 13:53:55	4,54	5,53	15,9	-0,3	73,8
1017	30.07.20 13:53:56	4,50	5,52	12,5	-9,6	67,8
1018	30.07.20 13:53:57	4,46	5,54	19,0	14,9	56,1
1019	30.07.20 13:53:58	4,43	5,49	1,6	-6,7	81,7
1020	30.07.20 13:53:59	4,39	5,49	1,0	-16,9	72,1
1021	30.07.20 13:54:00	4,35	5,48	0,5	-13,7	75,8
1022	30.07.20 13:54:01	4,32	5,48	-7,5	-17,5	65,0
1023	30.07.20 13:54:02	4,28	5,48	-7,2	-22,3	60,5
1024	30.07.20 13:54:03	4,25	5,50	2,7	-18,9	68,4
1025	30.07.20 13:54:04	4,25	5,47	12,5	-1,7	75,8
1026	30.07.20 13:54:05	4,17	5,49	1,4	-52,0	36,6
1027	30.07.20 13:54:06	4,14	5,48	10,9	-39,1	40,0
1028	30.07.20 13:54:07	4,10	5,53	3,0	-40,2	46,8
1029	30.07.20 13:54:08	4,10	5,50	-5,9	-42,4	41,7
1030	30.07.20 13:54:09	4,06	5,52	1,3	-26,2	62,5
1031	30.07.20 13:54:10	4,06	5,52	1,4	-21,2	67,4
1032	30.07.20 13:54:11	4,03	5,54	-7,9	-18,8	63,3
1033	30.07.20 13:54:12	4,03	5,52	-6,1	-18,4	65,5
1034	30.07.20 13:54:13	3,99	5,49	4,0	-13,9	72,1
1035	30.07.20 13:54:14	3,99	5,52	8,6	-21,3	60,1
1036	30.07.20 13:54:15	3,95	5,51	5,6	-11,8	72,6
1037	30.07.20 13:54:16	3,92	5,51	1,0	-24,1	64,9
1038	30.07.20 13:54:17	3,88	5,53	5,5	-14,0	70,5
1039	30.07.20 13:54:18	3,88	5,50	5,9	-12,4	71,7
1040	30.07.20 13:54:19	3,84	5,52	6,8	-14,3	68,9
1041	30.07.20 13:54:20	3,84	5,52	6,7	-14,3	68,9
1042	30.07.20 13:54:21	3,81	5,52	6,7	-14,3	69,0
1043	30.07.20 13:54:22	3,81	5,50	6,8	-14,3	69,0
1044	30.07.20 13:54:23	3,81	5,52	6,7	-14,2	69,0
1045	30.07.20 13:54:24	3,81	5,50	6,7	-14,2	69,0
1046	30.07.20 13:54:25	3,81	5,50	6,8	-14,2	69,0
1047	30.07.20 13:54:26	3,77	5,49	6,7	-14,3	69,0
1048	30.07.20 13:54:27	3,77	5,47	8,1	-15,2	66,7
1049	30.07.20 13:54:28	3,77	5,47	2,2	-15,4	72,4
1050	30.07.20 13:54:29	3,77	5,47	5,0	-10,4	74,6
1051	30.07.20 13:54:30	3,77	5,45	4,9	-10,4	74,7
1052	30.07.20 13:54:31	3,73	5,44	4,9	-10,2	74,9
1053	30.07.20 13:54:32	3,73	5,47	4,9	-10,2	74,9
1054	30.07.20 13:54:33	3,73	5,44	4,8	-10,3	74,9
1055	30.07.20 13:54:34	3,73	5,44	3,7	-9,0	77,3
1056	30.07.20 13:54:35	3,73	5,44	4,2	-9,0	76,8
1057	30.07.20 13:54:36	3,73	5,44	4,2	-9,0	76,8
1058	30.07.20 13:54:37	3,70	5,44	4,1	-9,0	76,8
1059	30.07.20 13:54:38	3,70	5,44	4,2	-9,0	76,9
1060	30.07.20 13:54:39	3,70	5,44	4,2	-9,0	76,8
1061	30.07.20 13:54:40	3,70	5,44	4,1	-8,9	76,9
1062	30.07.20 13:54:41	3,70	5,44	4,1	-8,9	77,0
1063	30.07.20 13:54:42	3,70	5,42	4,1	-8,8	77,0
1064	30.07.20 13:54:43	3,70	5,42	4,1	-8,9	77,0
1065	30.07.20 13:54:44	3,70	5,44	4,1	-8,9	77,1
1066	30.07.20 13:54:45	3,70	5,42	4,1	-8,9	77,0
1067	30.07.20 13:54:46	3,66	5,43	4,1	-8,8	77,0
1068	30.07.20 13:54:47	3,66	5,43	4,1	-8,7	77,2
1069	30.07.20 13:54:48	3,66	5,43	4,1	-8,7	77,2
1070	30.07.20 13:54:49	3,66	5,43	4,1	-8,7	77,3
1071	30.07.20 13:54:50	3,62	5,43	4,1	-8,7	77,2
1072	30.07.20 13:54:51	3,62	5,45	4,0	-8,7	77,3
1073	30.07.20 13:54:52	3,62	5,43	4,0	-8,7	77,3
1074	30.07.20 13:54:53	3,62	5,43	4,1	-8,7	77,2
1075	30.07.20 13:54:54	3,59	5,43	4,0	-8,7	77,3
1076	30.07.20 13:54:55	3,59	5,43	4,1	-8,7	77,3
1077	30.07.20 13:54:56	3,59	5,45	4,1	-8,6	77,3
1078	30.07.20 13:54:57	3,59	5,43	4,1	-8,7	77,3
1079	30.07.20 13:54:58	3,59	5,40	4,0	-8,7	77,3
1080	30.07.20 13:54:59	3,55	5,42	4,1	-8,6	77,3
1081	30.07.20 13:55:00	3,55	5,40	4,1	-8,6	77,3
1082	30.07.20 13:55:01	3,55	5,42	4,1	-8,7	77,3
1083	30.07.20 13:55:02	3,55	5,42	4,0	-8,7	77,3
1084	30.07.20 13:55:03	3,55	5,42	4,0	-8,6	77,4
1085	30.07.20 13:55:04	3,51	5,42	4,1	-8,6	77,3
1086	30.07.20 13:55:05	3,51	5,42	4,0	-8,6	77,4
1087	30.07.20 13:55:06	3,51	5,42	4,0	-8,6	77,3
1088	30.07.20 13:55:07	3,51	5,42	4,0	-8,6	77,3
1089	30.07.20 13:55:08	3,51	5,40	4,0	-8,7	77,3
1090	30.07.20 13:55:09	3,51	5,40	4,0	-8,6	77,4
1091	30.07.20 13:55:10	3,51	5,42	4,0	-8,6	77,3
1092	30.07.20 13:55:11	3,51	5,42	4,0	-8,7	77,3
1093	30.07.20 13:55:12	3,48	5,39	4,0	-8,7	77,3
1094	30.07.20 13:55:13	3,48	5,42	4,0	-8,6	77,3
1095	30.07.20 13:55:14	3,48	5,39	4,0	-8,6	77,4
1096	30.07.20 13:55:15	3,48	5,42	4,1	-8,6	77,3
1097	30.07.20 13:55:16	3,48	5,42	4,0	-8,6	77,4
1098	30.07.20 13:55:17	3,48	5,42	4,0	-8,6	77,3
1099	30.07.20 13:55:18	3,48	5,39	4,0	-8,6	77,4
1100	30.07.20 13:55:19	3,48	5,39	4,0	-8,6	77,4
1101	30.07.20 13:55:20	3,48	5,39	4,1	-8,6	77,3
1102	30.07.20 13:55:21	3,48	5,39	4,0	-8,6	77,4
1103	30.07.20 13:55:22	3,48	5,39	4,0	-8,6	77,4
1104	30.07.20 13:55:23	3,48	5,42	4,0	-8,6	77,4
1105	30.07.20 13:55:24	3,48	5,42	4,0	-8,6	77,3
1106	30.07.20 13:55:25	3,44	5,41	4,0	-8,6	77,4
1107	30.07.20 13:55:26	3,44	5,39	4,0	-8,6	77,3
1108	30.07.20 13:55:27	3,44	5,39	4,0	-8,6	77,4
1109	30.07.20 13:55:28	3,44	5,41	4,0	-8,6	77,4
1110	30.07.20 13:55:29	3,44	5,39	4,0	-8,6	77,3
1111	30.07.20 13:55:30	3,44	5,39	4,0	-8,6	77,4
1112	30.07.20 13:55:31	3,44	5,39	4,0	-8,6	77,4
1113	30.07.20 13:55:32	3,44	5,39	4,0	-8,6	77,4
1114	30.07.20 13:55:33	3,44	5,39	4,0	-8,6	77,4
1115	30.07.20 13:55:34	3,44	5,39	4,0	-8,6	77,4
1116	30.07.20 13:55:35	3,44	5,39	4,0	-8,6	77,4
1117	30.07.20 13:55:36	3,44	5,39	4,0	-8,5	77,5
1118	30.07.20 13:55:37	3,44	5,39	3,9	-8,3	77,8
1119	30.07.20 13:55:38	3,44	5,39	4,1	-8,0	77,9
1120	30.07.20 13:55:39	3,40	5,38	3,7	-7,7	78,6
1121	30.07.20 13:55:40	3,40	5,38	3,7	-7,7	78,6
1122	30.07.20 13:55:41	3,40	5,38	3,7	-7,7	78,6
1123	30.07.20 13:55:42	3,40	5,41	3,7	-7,7	78,6
1124	30.07.20 13:55:43	3,40	5,38	3,7	-7,7	78,6
1125	30.07.20 13:55:44	3,40	5,38	3,8	-7,7	78,6
1126	30.07.20 13:55:45	3,40	5,38	3,7	-7,6	78,7
1127	30.07.20 13:55:46	3,40	5,38	3,7	-7,7	78,6
1128	30.07.20 13:55:47	3,40	5,38	3,7	-7,7	78,7
1129	30.07.20 13:55:48	3,40	5,38	3,6	-7,7	78,7
1130	30.07.20 13:55:49	3,40	5,38	3,6	-7,5	78,9
1131	30.07.20 13:55:50	3,40	5,38	3,6	-7,0	79,4
1132	30.07.20 13:55:51	3,36	5,38	0,8	-11,5	77,7
1133	30.07.20 13:55:52	3,36	5,38	1,1	-9,9	79,0
1134	30.07.20 13:55:53	3,36	5,38	20,5	-35,7	33,8
1135	30.07.20 13:55:54	3,36	5,40	13,4	8,4	68,2
1136	30.07.20 13:55:55	3,33	5,40	10,4	-2,8	76,9
1137	30.07.20 13:55:56	3,22	5,43	-0,8	6,0	83,2
1138	30.07.20 13:55:57	3,18	5,41	7,1	-2,1	80,9
1139	30.07.20 13:55:58	3,14	5,45	-1,2	-8,7	80,0
1140	30.07.20 13:55:59	3,10	5,45	17,4	0,5	72,2
1141	30.07.20 13:56:00	3,07	5,42	15,8	-12,6	61,6
1142	30.07.20 13:56:01	3,03	5,41	10,4	12,8	66,8
1143	30.07.20 13:56:02	2,99	5,46	18,8	-5,2	65,9
1144	30.07.20 13:56:03	2,95	5,45	8,5	9,7	71,8
1145	30.07.20 13:56:04	2,95	5,43	11,2	-6,8	72,0
1146	30.07.20 13:56:05	2,92	5,43	18,6	4,8	66,6
1147	30.07.20 13:56:06	2,92	5,43	10,0	3,4	76,6
1148	30.07.20 13:56:07	2,88	5,31	4,7	0,5	84,8
1149	30.07.20 13:56:08	2,84	5,42	19,6	-8,0	62,4
1150	30.07.20 13:56:09	2,84	5,39	2,4	-2,4	85,1
1151	30.07.20 13:56:10	2,80	5,41	1,8	6,5	81,6
1152	30.07.20 13:56:11	2,77	5,46	-0,3	-0,1	89,6
1153	30.07.20 13:56:12	2,77	5,41	3,2	-5,7	81,1
1154	30.07.20 13:56:13	2,73	5,41	9,9	0,4	79,8
1155	30.07.20 13:56:14	2,73	5,43	6,9	2,6	80,5
1156	30.07.20 13:56:15	2,73	5,41	5,8	-14,7	69,6
1157	30.07.20 13:56:16	2,69	5,45	8,9	-19,2	61,9
1158	30.07.20 13:56:17	2,69	5,43	40,8	-3,6	45,6
1159	30.07.20 13:56:18	2,69	5,40	45,8	-2,5	41,7
1160	30.07.20 13:56:19	2,65	5,37	43,6	-9,5	36,9
1161	30.07.20 13:56:20	2,65	5,37	47,0	-7,6	35,3
1162	30.07.20 13:56:21	2,65	5,33	50,2	-4,4	35,4
1163	30.07.20 13:56:22	2,65	5,30	48,5	-2,5	38,9
1164	30.07.20 13:56:23	2,62	5,25	48,2	-2,8	39,0
1165	30.07.20 13:56:24	2,62	5,21	49,3	-3,4	37,3
1166	30.07.20 13:56:25	2,62	5,18	50,6	-3,6	35,8
1167	30.07.20 13:56:26	2,62	5,16	52,0	-3,1	34,8
1168	30.07.20 13:56:27	2,62	5,14	51,4	-3,8	34,8
1169	30.07.20 13:56:28	2,62	5,09	51,8	-2,6	35,6
1170	30.07.20 13:56:29	2,58	5,06	52,9	-2,1	35,0
1171	30.07.20 13:56:30	2,54	5,04	53,2	-2,4	34,5
1172	30.07.20 13:56:31	2,54	4,99	53,9	-1,2	34,9
1173	30.07.20 13:56:32	2,54	4,94	54,6	-1,1	34,3
1174	30.07.20 13:56:33	2,50	4,92	54,9	0,5	34,6
1175	30.07.20 13:56:34	2,50	4,89	50,8	2,0	37,2
1176	30.07.20 13:56:35	2,50	4,85	53,2	0,9	35,9
1177	30.07.20 13:56:36	2,47	4,82	56,5	-1,3	32,1
1178	30.07.20 13:56:37	2,47	4,77	55,9	-0,2	33,9
1179	30.07.20 13:56:38	2,47	4,72	49,0	2,0	39,0
1180	30.07.20 13:56:39	2,47	4,70	50,5	2,8	36,7
1181	30.07.20 13:56:40	2,47	4,68	55,1	2,0	32,9
1182	30.07.20 13:56:41	2,47	4,65	55,0	2,5	32,5
1183	30.07.20 13:56:42	2,43	4,60	49,6	4,6	35,8
1184	30.07.20 13:56:43	2,43	4,56	47,6	5,4	37,0
1185	30.07.20 13:56:44	2,43	4,51	49,1	5,9	35,0
1186	30.07.20 13:56:45	2,43	4,49	48,1	6,4	35,5
1187	30.07.20 13:56:46	2,43	4,46	46,1	7,2	36,7
1188	30.07.20 13:56:47	2,43	4,42	44,3	7,8	37,9
1189	30.07.20 13:56:48	2,43	4,39	45,4	7,9	36,7
1190	30.07.20 13:56:49	2,43	4,35	44,5	9,4	36,1
1191	30.07.20 13:56:50	2,43	4,30	41,5	12,4	36,1
1192	30.07.20 13:56:51	2,43	4,28	39,2	13,9	37,0
1193	30.07.20 13:56:52	2,39	4,25	41,4	11,0	37,5
1194	30.07.20 13:56:53	2,39	4,20	41,9	10,2	37,9
1195	30.07.20 13:56:54	2,39	4,13	36,3	13,4	40,2
1196	30.07.20 13:56:55	2,39	4,11	41,3	9,1	39,6
1197	30.07.20 13:56:56	2,39	4,09	34,9	18,5	36,6
1198	30.07.20 13:56:57	2,39	4,04	38,5	15,5	36,0
1199	30.07.20 13:56:58	2,35	4,01	36,8	14,6	38,6
1200	30.07.20 13:56:59	2,35	3,94	39,0	12,8	38,2
1201	30.07.20 13:57:00	2,35	3,92	33,4	19,4	37,1
1202	30.07.20 13:57:01	2,35	3,90	37,9	14,6	37,5
1203	30.07.20 13:57:02	2,35	3,87	39,9	14,2	35,9
1204	30.07.20 13:57:03	2,35	3,83	35,1	19,9	35,0
1205	30.07.20 13:57:04	2,39	3,81	38,4	18,4	33,1
1206	30.07.20 13:57:05	2,39	3,74	38,3	18,0	33,7
1207	30.07.20 13:57:06	2,39	3,76	45,6	14,6	29,8
1208	30.07.20 13:57:07	2,39	3,74	43,7	2,0	44,3
1209	30.07.20 13:57:08	2,43	3,72	47,0	1,3	41,7
1210	30.07.20 13:57:09	2,47	3,70	54,9	-2,1	33,0
1211	30.07.20 13:57:10	2,50	3,68	69,0	-1,3	19,7
1212	30.07.20 13:57:11	2,50	3,65	72,2	-2,0	15,8
1213	30.07.20 13:57:12	2,54	3,66	71,0	-6,1	12,8
1214	30.07.20 13:57:13	2,54	3,64	72,4	-5,6	12,0
1215	30.07.20 13:57:14	2,54	3,59	79,8	2,3	7,8
1216	30.07.20 13:57:15	2,54	3,57	85,0	4,0	1,0
1217	30.07.20 13:57:16	2,54	3,54	84,2	0,8	-5,0
1218	30.07.20 13:57:17	2,54	3,52	82,9	2,6	4,5
1219	30.07.20 13:57:18	2,54	3,50	75,3	6,2	8,6
1220	30.07.20 13:57:19	2,58	3,45	72,1	8,1	9,8
1221	30.07.20 13:57:20	2,58	3,43	71,5	6,3	12,2
1222	30.07.20 13:57:21	2,58	3,38	62,1	7,8	20,1
1223	30.07.20 13:57:22	2,58	3,34	38,9	-4,9	46,2
1224	30.07.20 13:57:23	2,58	3,31	28,3	-13,7	47,9
1225	30.07.20 13:57:24	2,62	3,27	28,9	-15,1	46,0
1226	30.07.20 13:57:25	2,62	3,22	27,7	-16,0	46,3
1227	30.07.20 13:57:26	2,65	3,20	29,5	-14,5	46,1
1228	30.07.20 13:57:27	2,69	3,14	29,1	-16,8	44,1
1229	30.07.20 13:57:28	2,73	3,14	35,5	-12,9	41,6
1230	30.07.20 13:57:29	2,77	3,10	32,5	-15,4	42,1
1231	30.07.20 13:57:30	2,77	3,08	38,7	-10,4	41,0
1232	30.07.20 13:57:31	2,80	3,08	32,0	-19,8	38,3
1233	30.07.20 13:57:32	2,80	3,08	43,1	-12,5	34,4
1234	30.07.20 13:57:33	2,84	3,08	41,3	-15,4	33,3
1235	30.07.20 13:57:34	2,84	3,06	38,0	-16,6	35,4
1236	30.07.20 13:57:35	2,84	3,04	41,8	-13,6	34,6
1237	30.07.20 13:57:36	2,84	3,04	40,2	-16,0	33,8
1238	30.07.20 13:57:37	2,88	3,04	41,5	-15,4	33,0
1239	30.07.20 13:57:38	2,88	3,04	38,7	-16,6	34,7
1240	30.07.20 13:57:39	2,92	3,02	40,0	-15,9	34,1
1241	30.07.20 13:57:40	2,95	3,00	38,5	-17,4	34,2
1242	30.07.20 13:57:41	2,99	2,98	37,7	-17,4	34,9
1243	30.07.20 13:57:42	2,99	2,96	35,6	-14,0	40,4
1244	30.07.20 13:57:43	2,99	2,91	38,1	-9,0	42,9
1245	30.07.20 13:57:44	3,03	2,89	36,5	-8,4	45,1
1246	30.07.20 13:57:45	3,07	2,85	31,3	-12,9	45,8
1247	30.07.20 13:57:46	3,10	2,81	32,6	-10,9	46,5
1248	30.07.20 13:57:47	3,14	2,74	32,3	-10,9	46,8
1249	30.07.20 13:57:48	3,14	2,69	35,1	-6,6	48,3
1250	30.07.20 13:57:49	3,18	2,68	32,8	-5,3	51,9
1251	30.07.20 13:57:50	3,22	2,59	31,8	-5,5	52,7
1252	30.07.20 13:57:51	3,25	2,59	34,6	-0,8	54,7
1253	30.07.20 13:57:52	3,33	2,46	35,5	0,2	54,3
1254	30.07.20 13:57:53	3,40	2,42	35,5	0,6	53,9
1255	30.07.20 13:57:54	3,48	2,36	34,5	1,8	53,7
1256	30.07.20 13:57:55	3,59	2,27	35,0	2,9	52,1
1257	30.07.20 13:57:56	3,70	2,17	34,7	3,2	52,1
1258	30.07.20 13:57:57	3,81	2,13	34,4	7,4	48,2
1259	30.07.20 13:57:58	3,88	2,12	33,5	8,2	48,4
1260	30.07.20 13:57:59	3,92	2,05	32,0	9,3	48,7
1261	30.07.20 13:58:00	3,95	2,01	31,7	10,6	47,7
1262	30.07.20 13:58:01	4,06	1,95	29,0	11,1	50,0
1263	30.07.20 13:58:02	4,14	1,86	35,0	8,8	46,2
1264	30.07.20 13:58:03	4,25	1,85	35,3	6,0	48,7
1265	30.07.20 13:58:04	4,35	1,82	36,4	7,3	46,3
1266	30.07.20 13:58:05	4,50	1,71	32,7	4,3	53,0
1267	30.07.20 13:58:06	4,64	1,80	31,6	5,3	53,2
1268	30.07.20 13:58:07	4,82	1,61	35,2	5,3	49,5
1269	30.07.20 13:58:08	5,22	1,60	29,5	11,9	48,5
1270	30.07.20 13:58:09	5,54	1,43	30,6	13,1	46,3
1271	30.07.20 13:58:10	5,75	1,35	30,9	14,4	44,7
1272	30.07.20 13:58:11	5,92	1,37	30,6	14,2	45,2
1273	30.07.20 13:58:12	6,13	1,39	28,2	15,4	46,4
1274	30.07.20 13:58:13	6,31	1,20	29,9	13,9	46,2
1275	30.07.20 13:58:14	6,52	1,22	30,8	13,6	45,5
1276	30.07.20 13:58:15	6,76	1,15	30,9	14,3	44,9
1277	30.07.20 13:58:16	7,00	1,13	28,1	11,9	50,0
1278	30.07.20 13:58:17	7,28	0,93	29,1	13,1	47,7
1279	30.07.20 13:58:18	7,55	0,91	29,4	9,3	51,4
1280	30.07.20 13:58:19	7,72	0,95	28,9	7,2	53,9
1281	30.07.20 13:58:20	8,06	0,80	18,2	3,0	68,8
1282	30.07.20 13:58:21	8,49	0,72	26,8	3,6	59,6
1283	30.07.20 13:58:22	8,89	0,62	26,5	1,4	62,1
1284	30.07.20 13:58:23	9,16	0,56	21,9	-5,1	63,0
1285	30.07.20 13:58:24	9,29	0,52	20,1	-3,4	66,4
1286	30.07.20 13:58:25	9,42	0,59	23,6	-2,5	63,9
1287	30.07.20 13:58:26	9,52	0,64	21,4	-7,1	61,5
1288	30.07.20 13:58:27	9,72	0,55	21,8	-8,6	59,5
1289	30.07.20 13:58:28	9,95	0,41	22,4	-10,6	57,0
1290	30.07.20 13:58:29	10,17	0,44	24,9	-6,1	59,0
1291	30.07.20 13:58:30	10,27	0,41	28,7	-4,6	56,7
1292	30.07.20 13:58:31	10,34	0,41	26,5	-6,2	57,3
1293	30.07.20 13:58:32	10,40	0,46	29,4	-7,3	53,3
1294	30.07.20 13:58:33	10,50	0,56	25,5	-10,3	54,2
1295	30.07.20 13:58:34	10,66	0,36	28,1	-9,1	52,8
1296	30.07.20 13:58:35	10,79	0,39	27,0	-10,3	52,7
1297	30.07.20 13:58:36	10,92	0,36	30,2	-7,7	52,1
1298	30.07.20 13:58:37	11,05	0,34	31,8	-7,1	51,1
1299	30.07.20 13:58:38	11,21	0,29	29,2	-7,5	53,2
1300	30.07.20 13:58:39	11,33	0,29	28,9	-4,6	56,5
1301	30.07.20 13:58:40	11,46	0,29	28,8	-2,0	59,2
1302	30.07.20 13:58:41	11,59	0,27	25,6	0,2	64,2
1303	30.07.20 13:58:42	11,72	0,22	30,6	3,4	56,0
1304	30.07.20 13:58:43	11,87	0,22	26,1	-1,0	62,9
1305	30.07.20 13:58:44	12,00	0,20	27,7	2,5	59,8
1306	30.07.20 13:58:45	12,13	0,18	26,7	3,4	59,9
1307	30.07.20 13:58:46	12,25	0,15	26,3	3,0	60,7
1308	30.07.20 13:58:47	12,32	0,18	24,8	4,6	60,6
1309	30.07.20 13:58:48	12,41	0,15	27,1	4,8	58,1
1310	30.07.20 13:58:49	12,57	0,13	22,2	-9,3	58,5
1311	30.07.20 13:58:50	12,66	0,15	26,3	-3,1	60,6
1312	30.07.20 13:58:51	12,76	0,18	22,2	-7,3	60,5
1313	30.07.20 13:58:52	12,82	0,11	22,7	-0,5	66,8
1314	30.07.20 13:58:53	12,94	0,08	27,3	8,7	54,0
1315	30.07.20 13:58:54	13,01	0,06	27,4	9,3	53,3
1316	30.07.20 13:58:55	13,07	0,08	22,5	6,4	61,1
1317	30.07.20 13:58:56	13,16	0,13	24,5	8,5	56,9
1318	30.07.20 13:58:57	13,23	0,11	33,2	2,2	54,6
1319	30.07.20 13:58:58	13,29	0,13	34,8	0,0	55,2
1320	30.07.20 13:58:59	13,32	0,11	32,8	0,7	56,4
1321	30.07.20 13:59:00	13,38	0,11	26,7	3,1	60,3
1322	30.07.20 13:59:01	13,41	0,11	26,6	6,9	56,6
1323	30.07.20 13:59:02	13,57	0,06	27,1	12,9	50,1
1324	30.07.20 13:59:03	13,69	0,06	28,1	13,7	48,2
1325	30.07.20 13:59:04	13,78	0,08	30,8	9,6	49,6
1326	30.07.20 13:59:05	13,81	0,15	28,6	10,4	51,0
1327	30.07.20 13:59:06	13,88	0,18	25,2	11,3	53,5
1328	30.07.20 13:59:07	13,91	0,15	29,4	13,7	46,9
1329	30.07.20 13:59:08	13,97	0,13	29,6	4,2	56,2
1330	30.07.20 13:59:09	14,00	0,13	26,7	9,7	53,6
1331	30.07.20 13:59:10	14,06	0,13	24,8	1,8	63,4
1332	30.07.20 13:59:11	14,12	0,18	24,1	-3,2	62,7
1333	30.07.20 13:59:12	14,22	0,15	22,2	-3,7	64,0
1334	30.07.20 13:59:13	14,37	0,08	18,4	-0,4	71,2
1335	30.07.20 13:59:14	14,55	0,06	17,1	3,4	69,4
1336	30.07.20 13:59:15	14,68	0,11	16,7	5,8	67,5
1337	30.07.20 13:59:16	14,77	0,11	25,8	3,7	60,5
1338	30.07.20 13:59:17	14,86	0,04	20,8	13,0	56,2
1339	30.07.20 13:59:18	14,92	0,06	23,0	13,4	53,6
1340	30.07.20 13:59:19	14,98	0,06	27,9	13,4	48,7
1341	30.07.20 13:59:20	14,98	0,08	29,3	7,8	52,9
1342	30.07.20 13:59:21	15,04	0,11	30,2	12,1	47,7
1343	30.07.20 13:59:22	15,04	0,13	31,7	2,3	56,0
1344	30.07.20 13:59:23	15,04	0,13	28,4	1,6	60,0
1345	30.07.20 13:59:24	15,07	0,15	26,2	0,9	62,9
1346	30.07.20 13:59:25	15,10	0,13	21,1	9,6	59,3
1347	30.07.20 13:59:26	15,17	0,13	24,1	12,0	54,0
1348	30.07.20 13:59:27	15,23	0,18	29,5	12,6	47,9
1349	30.07.20 13:59:28	15,26	0,18	27,8	2,8	59,4
1350	30.07.20 13:59:29	15,26	0,18	32,4	1,7	55,9
1351	30.07.20 13:59:30	15,26	0,18	26,4	4,7	58,9
1352	30.07.20 13:59:31	15,29	0,18	24,5	8,4	57,1
1353	30.07.20 13:59:32	15,29	0,20	28,8	6,6	54,6
1354	30.07.20 13:59:33	15,32	0,22	30,7	4,0	55,3
1355	30.07.20 13:59:34	15,38	0,20	31,2	1,5	57,3
1356	30.07.20 13:59:35	15,41	0,18	28,1	-1,4	60,5
1357	30.07.20 13:59:36	15,41	0,18	25,7	4,8	59,5
1358	30.07.20 13:59:37	15,47	0,18	28,6	6,6	54,7
1359	30.07.20 13:59:38	15,53	0,18	27,8	7,4	54,7
1360	30.07.20 13:59:39	15,59	0,15	32,1	0,2	57,8
1361	30.07.20 13:59:40	15,62	0,15	30,8	5,4	53,8
1362	30.07.20 13:59:41	15,65	0,15	28,6	5,7	55,8
1363	30.07.20 13:59:42	15,71	0,15	26,4	10,9	52,7
1364	30.07.20 13:59:43	15,71	0,15	25,1	2,9	62,0
1365	30.07.20 13:59:44	15,77	0,15	24,0	-6,6	59,5
1366	30.07.20 13:59:45	15,80	0,18	24,0	4,3	61,7
1367	30.07.20 13:59:46	15,83	0,20	27,5	4,5	58,0
1368	30.07.20 13:59:47	15,86	0,20	34,9	-1,7	53,5
1369	30.07.20 13:59:48	15,89	0,18	26,8	0,1	63,2
1370	30.07.20 13:59:49	15,99	0,15	19,6	6,4	63,9
1371	30.07.20 13:59:50	16,08	0,11	20,3	5,4	64,3
1372	30.07.20 13:59:51	16,11	0,15	25,3	-6,9	57,8
1373	30.07.20 13:59:52	16,17	0,13	27,5	-2,1	60,4
1374	30.07.20 13:59:53	16,23	0,13	21,3	11,0	57,7
1375	30.07.20 13:59:54	16,26	0,18	25,5	11,7	52,7
1376	30.07.20 13:59:55	16,29	0,18	28,6	10,9	50,5
1377	30.07.20 13:59:56	16,32	0,15	25,8	7,9	56,3
1378	30.07.20 13:59:57	16,35	0,18	21,4	5,4	63,2
1379	30.07.20 13:59:58	16,38	0,15	20,9	-2,0	67,0
1380	30.07.20 13:59:59	16,41	0,15	34,0	-3,5	52,5
1381	30.07.20 14:00:00	16,47	0,13	31,5	-6,7	51,8
1382	30.07.20 14:00:01	16,53	0,11	30,6	-0,3	59,2
1383	30.07.20 14:00:02	16,56	0,08	24,3	4,0	61,6
1384	30.07.20 14:00:03	16,59	0,15	20,7	10,9	58,4
1385	30.07.20 14:00:04	16,62	0,08	21,3	4,6	64,2
1386	30.07.20 14:00:05	16,68	0,11	31,2	8,8	50,0
1387	30.07.20 14:00:06	16,74	0,13	27,1	12,1	50,8
1388	30.07.20 14:00:07	16,83	0,13	41,1	8,4	40,6
1389	30.07.20 14:00:08	16,86	0,18	37,3	10,4	42,3
1390	30.07.20 14:00:09	16,83	0,20	31,8	20,8	37,5
1391	30.07.20 14:00:10	16,83	0,15	50,1	6,5	33,4
1392	30.07.20 14:00:11	16,83	0,18	57,6	-3,2	29,2
1393	30.07.20 14:00:12	16,83	0,15	31,3	48,6	10,1
1394	30.07.20 14:00:13	16,89	0,18	61,4	17,0	11,6
1395	30.07.20 14:00:14	17,01	0,22	60,0	11,2	18,7
1396	30.07.20 14:00:15	17,07	0,15	37,4	15,7	36,9
1397	30.07.20 14:00:16	17,13	0,13	83,1	5,4	-1,5
1398	30.07.20 14:00:17	17,19	0,13	62,8	27,1	0,1
1399	30.07.20 14:00:18	17,22	0,18	63,1	19,3	7,6
1400	30.07.20 14:00:19	17,19	0,18	62,3	25,0	2,6
1401	30.07.20 14:00:20	17,22	0,15	63,2	19,9	6,9
1402	30.07.20 14:00:21	17,22	0,18	65,5	14,9	-9,6
1403	30.07.20 14:00:22	17,22	0,18	48,3	35,0	-6,7
1404	30.07.20 14:00:23	17,19	0,20	56,0	28,5	-5,5
1405	30.07.20 14:00:24	17,19	0,15	65,3	23,0	-1,7
1406	30.07.20 14:00:25	17,19	0,15	69,5	19,9	0,6
1407	30.07.20 14:00:26	17,19	0,20	58,7	24,1	7,2
1408	30.07.20 14:00:27	17,19	0,20	56,4	31,1	-2,6
1409	30.07.20 14:00:28	17,16	0,22	54,9	33,6	1,6
1410	30.07.20 14:00:29	17,16	0,15	60,6	23,1	6,3
1411	30.07.20 14:00:30	17,16	0,22	56,2	28,0	5,9
1412	30.07.20 14:00:31	17,16	0,27	60,5	26,1	3,4
1413	30.07.20 14:00:32	17,13	0,29	58,4	23,4	8,1
1414	30.07.20 14:00:33	17,07	0,34	49,6	38,1	2,3
1415	30.07.20 14:00:34	17,01	0,34	75,5	9,4	5,1
1416	30.07.20 14:00:35	16,95	0,32	62,6	22,7	4,7
1417	30.07.20 14:00:36	16,89	0,32	62,8	23,3	3,9
1418	30.07.20 14:00:37	16,86	0,34	61,3	24,7	4,0
1419	30.07.20 14:00:38	16,80	0,36	59,6	26,0	4,4
1420	30.07.20 14:00:39	16,77	0,34	58,1	27,9	4,0
1421	30.07.20 14:00:40	16,74	0,34	80,2	-0,2	9,6
1422	30.07.20 14:00:41	16,71	0,36	80,0	-3,3	6,7
1423	30.07.20 14:00:42	16,68	0,39	63,0	24,9	2,1
1424	30.07.20 14:00:43	16,65	0,39	55,9	29,9	4,2
1425	30.07.20 14:00:44	16,62	0,39	57,0	29,4	3,6
1426	30.07.20 14:00:45	16,59	0,39	59,1	27,1	3,9
1427	30.07.20 14:00:46	16,56	0,36	57,4	29,1	3,5
1428	30.07.20 14:00:47	16,53	0,39	85,1	0,4	4,5
1429	30.07.20 14:00:48	16,53	0,39	80,2	5,4	4,4
1430	30.07.20 14:00:49	16,50	0,39	78,1	7,1	4,8
1431	30.07.20 14:00:50	16,47	0,39	84,4	0,3	5,2
1432	30.07.20 14:00:51	16,44	0,41	36,7	-40,9	-12,4
1433	30.07.20 14:00:52	16,44	0,41	13,8	12,5	63,6
1434	30.07.20 14:00:53	16,41	0,41	-1,0	6,4	82,6
1435	30.07.20 14:00:54	16,41	0,44	-11,9	0,3	77,7
1436	30.07.20 14:00:55	16,38	0,41	-7,1	-3,3	79,6
1437	30.07.20 14:00:56	16,38	0,41	-7,0	-3,5	79,5
1438	30.07.20 14:00:57	16,35	0,44	-7,7	-0,1	82,3
1439	30.07.20 14:00:58	16,35	0,44	-7,7	0,3	82,0
1440	30.07.20 14:00:59	16,35	0,44	-8,4	-0,7	80,9
1441	30.07.20 14:01:00	16,32	0,41	-8,1	-1,1	80,8
1442	30.07.20 14:01:01	16,32	0,41	-8,5	-2,4	79,1
1443	30.07.20 14:01:02	16,32	0,41	-0,6	-4,2	85,2
1444	30.07.20 14:01:03	16,29	0,44	-57,7	-0,9	-31,4
1445	30.07.20 14:01:04	16,32	0,41	-52,3	-3,4	-34,3
1446	30.07.20 14:01:05	16,29	0,44	-83,0	5,2	-1,8
1447	30.07.20 14:01:06	16,29	0,41	-54,7	1,9	-33,4
1448	30.07.20 14:01:07	16,29	0,44	-51,8	-7,6	-30,6
1449	30.07.20 14:01:08	16,29	0,41	-58,6	-7,0	-24,4
1450	30.07.20 14:01:09	16,29	0,41	-65,8	-5,9	-18,3
1451	30.07.20 14:01:10	16,29	0,44	-57,2	-7,6	-25,2
1452	30.07.20 14:01:11	16,29	0,44	-47,4	-15,5	-27,0
1453	30.07.20 14:01:12	16,29	0,44	-57,7	-6,6	-25,7
1454	30.07.20 14:01:13	16,29	0,44	-57,9	-5,6	-26,5
1455	30.07.20 14:01:14	16,29	0,46	-62,2	-6,0	-21,8
1456	30.07.20 14:01:15	16,29	0,44	-55,9	-8,1	-26,0
1457	30.07.20 14:01:16	16,29	0,44	-60,2	-6,5	-23,3
1458	30.07.20 14:01:17	16,29	0,44	-59,8	-6,3	-23,9
1459	30.07.20 14:01:18	16,29	0,41	-58,1	-6,9	-25,0
1460	30.07.20 14:01:19	16,29	0,44	-57,7	-10,5	-21,8
1461	30.07.20 14:01:20	16,29	0,44	-58,4	-6,5	-25,1
1462	30.07.20 14:01:21	16,29	0,44	-58,4	-6,9	-24,7
1463	30.07.20 14:01:22	16,26	0,44	-57,5	-6,5	-26,0
1464	30.07.20 14:01:23	16,26	0,44	-60,7	-4,7	-24,6
1465	30.07.20 14:01:24	16,26	0,44	-57,8	-9,6	-22,6
1466	30.07.20 14:01:25	16,26	0,44	-59,7	-6,5	-23,7
1467	30.07.20 14:01:26	16,26	0,44	-56,4	-7,1	-26,4
1468	30.07.20 14:01:27	16,26	0,46	-67,6	-6,2	-16,2
1469	30.07.20 14:01:28	16,26	0,46	-89,4	-0,2	-0,3
1470	30.07.20 14:01:29	16,26	0,44	-88,0	-1,5	-0,5
1471	30.07.20 14:01:30	16,26	0,46	-87,9	-1,9	0,3
1472	30.07.20 14:01:31	16,26	0,46	-88,6	-0,9	0,5
1473	30.07.20 14:01:32	16,26	0,44	-89,1	-0,4	-0,5
1474	30.07.20 14:01:33	16,26	0,44	-89,2	-0,4	-0,5
1475	30.07.20 14:01:34	16,26	0,46	-88,7	-1,2	0,0
1476	30.07.20 14:01:35	16,26	0,46	-89,4	-0,5	0,2
1477	30.07.20 14:01:36	16,26	0,44	-89,6	-0,3	-0,1
1478	30.07.20 14:01:37	16,26	0,46	-88,4	-1,3	-0,3
1479	30.07.20 14:01:38	16,26	0,44	-88,4	-1,4	0,1
1480	30.07.20 14:01:39	16,26	0,46	-88,0	-1,6	0,4
1481	30.07.20 14:01:40	16,26	0,46	-89,1	-0,8	-0,1
1482	30.07.20 14:01:41	16,26	0,46	-89,1	-0,7	-0,3
1483	30.07.20 14:01:42	16,26	0,46	-89,6	-0,4	0,1
1484	30.07.20 14:01:43	16,26	0,46	-89,4	-0,3	-0,3
1485	30.07.20 14:01:44	16,26	0,46	-89,2	-0,7	-0,1
1486	30.07.20 14:01:45	16,26	0,46	-60,0	-4,9	-25,1
1487	30.07.20 14:01:46	16,26	0,46	-59,8	-5,8	-24,3
1488	30.07.20 14:01:47	16,26	0,44	-57,7	-4,5	-27,9
1489	30.07.20 14:01:48	16,26	0,44	-58,3	-6,6	-25,1
1490	30.07.20 14:01:49	16,26	0,46	-57,9	-6,4	-25,7
1491	30.07.20 14:01:50	16,26	0,46	-58,7	-6,2	-25,1
1492	30.07.20 14:01:51	16,26	0,46	-57,1	-6,8	-26,1
1493	30.07.20 14:01:52	16,26	0,44	-58,1	-6,9	-25,1
1494	30.07.20 14:01:53	16,26	0,46	-58,0	-6,3	-25,8
1495	30.07.20 14:01:54	16,26	0,46	-56,6	-6,8	-26,6
1496	30.07.20 14:01:55	16,29	0,46	-57,0	-7,7	-25,3
1497	30.07.20 14:01:56	16,29	0,44	-59,0	-6,8	-24,2
1498	30.07.20 14:01:57	16,29	0,44	-57,5	-6,5	-25,9
1499	30.07.20 14:01:58	16,29	0,44	-57,3	-6,6	-26,1
1500	30.07.20 14:01:59	16,32	0,44	-57,9	-6,6	-25,5
1501	30.07.20 14:02:00	16,32	0,44	-57,0	-8,1	-24,9
1502	30.07.20 14:02:01	16,32	0,44	-57,6	-7,0	-25,4
1503	30.07.20 14:02:02	16,32	0,44	-59,6	-6,2	-24,2
1504	30.07.20 14:02:03	16,32	0,44	-58,3	-6,3	-25,4
1505	30.07.20 14:02:04	16,35	0,46	-58,9	-6,1	-25,0
1506	30.07.20 14:02:05	16,35	0,46	-58,7	-6,7	-24,6
1507	30.07.20 14:02:06	16,38	0,46	-57,8	-7,0	-25,2
1508	30.07.20 14:02:07	16,38	0,46	-59,3	-6,2	-24,6
1509	30.07.20 14:02:08	16,38	0,46	-58,7	-5,5	-25,7
1510	30.07.20 14:02:09	16,41	0,44	-58,5	-6,3	-25,2
1511	30.07.20 14:02:10	16,41	0,46	-57,4	-6,4	-26,2
1512	30.07.20 14:02:11	16,41	0,46	-27,6	-35,4	-27,1
1513	30.07.20 14:02:12	16,44	0,44	-23,5	-40,9	-25,6
1514	30.07.20 14:02:13	16,44	0,46	-24,6	-39,6	-25,8
1515	30.07.20 14:02:14	16,44	0,46	-23,3	-40,1	-26,6
1516	30.07.20 14:02:15	16,47	0,44	-22,6	-39,3	-28,1
1517	30.07.20 14:02:16	16,47	0,44	-23,2	-38,4	-28,4
1518	30.07.20 14:02:17	16,47	0,44	-24,3	-38,9	-26,8
1519	30.07.20 14:02:18	16,47	0,44	-23,4	-40,8	-25,8
1520	30.07.20 14:02:19	16,50	0,44	-23,2	-40,9	-25,9
1521	30.07.20 14:02:20	16,50	0,44	-25,2	-38,6	-26,2
1522	30.07.20 14:02:21	16,50	0,44	-23,4	-39,2	-27,4
1523	30.07.20 14:02:22	16,50	0,44	-21,6	-40,8	-27,5
1524	30.07.20 14:02:23	16,50	0,44	-23,4	-38,8	-27,8
1525	30.07.20 14:02:24	16,50	0,44	-25,6	-37,7	-26,8
1526	30.07.20 14:02:25	16,50	0,44	-23,8	-40,1	-26,1
1527	30.07.20 14:02:26	16,53	0,44	-22,0	-42,1	-26,0
1528	30.07.20 14:02:27	16,53	0,44	-23,4	-40,1	-26,5
1529	30.07.20 14:02:28	16,53	0,44	-25,6	-37,4	-27,0
1530	30.07.20 14:02:29	16,56	0,44	-23,8	-39,2	-27,0
1531	30.07.20 14:02:30	16,56	0,44	-22,0	-41,3	-26,7
1532	30.07.20 14:02:31	16,56	0,41	-23,7	-39,6	-26,7
1533	30.07.20 14:02:32	16,56	0,44	-25,0	-38,4	-26,6
1534	30.07.20 14:02:33	16,56	0,41	-23,8	-40,1	-26,1
1535	30.07.20 14:02:34	16,56	0,44	-23,1	-40,7	-26,3
1536	30.07.20 14:02:35	16,59	0,46	-23,5	-40,0	-26,5
1537	30.07.20 14:02:36	16,59	0,46	-23,5	-39,1	-27,3
1538	30.07.20 14:02:37	16,59	0,46	-24,1	-38,7	-27,3
1539	30.07.20 14:02:38	16,59	0,46	-24,3	-39,5	-26,3
1540	30.07.20 14:02:39	16,59	0,46	-23,9	-40,8	-25,3
1541	30.07.20 14:02:40	16,62	0,46	-22,8	-40,9	-26,3
1542	30.07.20 14:02:41	16,62	0,44	-23,1	-40,1	-26,8
1543	30.07.20 14:02:42	16,65	0,46	-25,5	-36,3	-28,2
1544	30.07.20 14:02:43	16,65	0,44	-24,6	-38,1	-27,3
1545	30.07.20 14:02:44	16,65	0,44	-23,2	-39,8	-26,9
1546	30.07.20 14:02:45	16,65	0,44	-23,7	-39,7	-26,7
1547	30.07.20 14:02:46	16,65	0,46	-24,8	-39,0	-26,2
1548	30.07.20 14:02:47	16,65	0,44	-24,9	-38,5	-26,6
1549	30.07.20 14:02:48	16,65	0,46	-23,2	-39,6	-27,3
1550	30.07.20 14:02:49	16,68	0,46	-23,3	-39,2	-27,5
1551	30.07.20 14:02:50	16,68	0,46	-24,9	-37,7	-27,4
1552	30.07.20 14:02:51	16,71	0,46	-24,5	-38,4	-27,0
1553	30.07.20 14:02:52	16,71	0,44	-23,5	-40,0	-26,5
1554	30.07.20 14:02:53	16,71	0,44	-23,7	-39,8	-26,4
1555	30.07.20 14:02:54	16,74	0,44	-25,1	-38,2	-26,7
1556	30.07.20 14:02:55	16,74	0,44	-24,1	-39,0	-26,9
1557	30.07.20 14:02:56	16,74	0,44	-23,0	-39,5	-27,4
1558	30.07.20 14:02:57	16,74	0,44	-24,4	-38,4	-27,2
1559	30.07.20 14:02:58	16,74	0,44	-24,5	-37,9	-27,6
1560	30.07.20 14:02:59	16,77	0,44	-23,9	-39,3	-26,8
1561	30.07.20 14:03:00	16,77	0,41	-32,4	-18,0	-39,7
1562	30.07.20 14:03:01	16,77	0,44	-29,0	11,1	-49,9
1563	30.07.20 14:03:02	16,77	0,41	-29,2	10,9	-49,9
1564	30.07.20 14:03:03	16,80	0,46	-28,4	11,4	-50,2
1565	30.07.20 14:03:04	16,80	0,46	-26,9	11,2	-51,9
1566	30.07.20 14:03:05	16,83	0,44	-28,1	12,1	-49,7
1567	30.07.20 14:03:06	16,83	0,44	-29,9	11,9	-48,3
1568	30.07.20 14:03:07	16,83	0,44	-29,0	10,5	-50,5
1569	30.07.20 14:03:08	16,83	0,44	-28,5	9,6	-51,9
1570	30.07.20 14:03:09	16,86	0,46	-28,4	10,6	-51,0
1571	30.07.20 14:03:10	16,86	0,44	-29,0	11,0	-50,0
1572	30.07.20 14:03:11	16,86	0,46	-29,7	11,7	-48,5
1573	30.07.20 14:03:12	16,86	0,46	-28,5	10,5	-51,0
1574	30.07.20 14:03:13	16,86	0,46	-28,1	10,5	-51,5
1575	30.07.20 14:03:14	16,89	0,44	-29,1	10,7	-50,3
1576	30.07.20 14:03:15	16,89	0,44	-30,3	11,3	-48,4
1577	30.07.20 14:03:16	16,92	0,44	-28,4	10,6	-51,0
1578	30.07.20 14:03:17	16,92	0,44	-27,7	9,5	-52,9
1579	30.07.20 14:03:18	16,92	0,44	-29,1	11,1	-49,9
1580	30.07.20 14:03:19	16,92	0,44	-30,0	11,4	-48,6
1581	30.07.20 14:03:20	16,95	0,44	-29,2	11,3	-49,4
1582	30.07.20 14:03:21	16,95	0,44	-28,1	9,9	-52,0
1583	30.07.20 14:03:22	16,95	0,46	-29,3	9,9	-50,7
1584	30.07.20 14:03:23	16,95	0,44	-29,6	10,5	-49,9
1585	30.07.20 14:03:24	16,95	0,46	-28,0	10,4	-51,6
1586	30.07.20 14:03:25	16,95	0,44	-28,5	11,7	-49,8
1587	30.07.20 14:03:26	16,98	0,46	-29,7	11,4	-48,9
1588	30.07.20 14:03:27	16,98	0,44	-29,6	11,0	-49,3
1589	30.07.20 14:03:28	17,01	0,46	-28,0	9,2	-52,8
1590	30.07.20 14:03:29	17,01	0,46	-28,0	10,0	-52,0
1591	30.07.20 14:03:30	17,01	0,44	-30,6	11,4	-47,9
1592	30.07.20 14:03:31	17,04	0,46	-29,5	10,9	-49,5
1593	30.07.20 14:03:32	17,04	0,46	-28,0	10,6	-51,4
1594	30.07.20 14:03:33	17,04	0,44	-28,4	10,7	-50,9
1595	30.07.20 14:03:34	17,04	0,46	-29,5	10,8	-49,7
1596	30.07.20 14:03:35	17,04	0,46	-28,8	10,3	-50,9
1597	30.07.20 14:03:36	17,04	0,46	-28,9	10,5	-50,6
1598	30.07.20 14:03:37	17,07	0,46	-29,4	11,1	-49,4
1599	30.07.20 14:03:38	17,07	0,46	-29,5	10,6	-49,9
1600	30.07.20 14:03:39	17,07	0,46	-27,9	10,4	-51,7
1601	30.07.20 14:03:40	17,10	0,44	-28,6	10,3	-51,1
1602	30.07.20 14:03:41	17,10	0,44	-30,1	11,2	-48,7
1603	30.07.20 14:03:42	17,10	0,46	-30,0	10,7	-49,3
1604	30.07.20 14:03:43	17,13	0,46	-28,0	10,0	-51,9
1605	30.07.20 14:03:44	17,13	0,46	-28,1	10,3	-51,6
1606	30.07.20 14:03:45	17,13	0,46	-29,3	11,1	-49,5
1607	30.07.20 14:03:46	17,13	0,44	-29,1	11,3	-49,7
1608	30.07.20 14:03:47	17,13	0,44	-29,1	10,1	-50,8
1609	30.07.20 14:03:48	17,13	0,46	-30,0	10,6	-49,5
1610	30.07.20 14:03:49	17,13	0,44	-29,4	9,9	-50,7
1611	30.07.20 14:03:50	17,16	0,44	-27,6	9,9	-52,4
1612	30.07.20 14:03:51	17,16	0,41	-28,3	10,9	-50,8
1613	30.07.20 14:03:52	17,16	0,44	-29,3	12,4	-48,3
1614	30.07.20 14:03:53	17,19	0,41	-29,8	11,5	-48,7
1615	30.07.20 14:03:54	17,19	0,44	-28,0	10,0	-52,1
1616	30.07.20 14:03:55	17,22	0,44	-29,5	9,1	-51,4
1617	30.07.20 14:03:56	17,22	0,44	-30,2	9,8	-50,0
1618	30.07.20 14:03:57	17,22	0,44	-28,6	10,5	-50,9
1619	30.07.20 14:03:58	17,22	0,44	-27,5	11,4	-51,2
1620	30.07.20 14:03:59	17,22	0,44	-29,0	12,6	-48,4
1621	30.07.20 14:04:00	17,22	0,44	-30,0	11,1	-48,8
1622	30.07.20 14:04:01	17,22	0,41	-28,5	9,5	-52,0
1623	30.07.20 14:04:02	17,22	0,44	-28,6	9,4	-52,0
1624	30.07.20 14:04:03	17,25	0,46	-30,0	10,4	-49,6
1625	30.07.20 14:04:04	17,25	0,46	-29,4	11,1	-49,4
1626	30.07.20 14:04:05	17,25	0,46	-27,3	10,8	-51,9
1627	30.07.20 14:04:06	17,28	0,44	-28,1	11,6	-50,3
1628	30.07.20 14:04:07	17,28	0,44	-30,6	11,4	-48,0
1629	30.07.20 14:04:08	17,28	0,46	-30,0	10,2	-49,8
1630	30.07.20 14:04:09	17,28	0,46	-28,2	8,9	-53,0
1631	30.07.20 14:04:10	17,28	0,44	-27,9	9,5	-52,6
1632	30.07.20 14:04:11	17,28	0,46	-29,4	11,8	-48,8
1633	30.07.20 14:04:12	17,28	0,46	-30,0	12,4	-47,6
1634	30.07.20 14:04:13	17,31	0,46	-28,1	10,8	-51,1
1635	30.07.20 14:04:14	17,31	0,46	-27,8	10,0	-52,2
1636	30.07.20 14:04:15	17,31	0,46	-30,2	9,8	-49,9
1637	30.07.20 14:04:16	17,34	0,44	-30,9	10,3	-48,8
1638	30.07.20 14:04:17	17,34	0,44	-28,4	9,9	-51,7
1639	30.07.20 14:04:18	17,34	0,44	-27,1	10,9	-52,0
1640	30.07.20 14:04:19	17,37	0,46	-29,2	12,3	-48,4
1641	30.07.20 14:04:20	17,37	0,44	-29,5	11,4	-49,1
1642	30.07.20 14:04:21	17,37	0,44	-28,3	10,2	-51,5
1643	30.07.20 14:04:22	17,37	0,44	-29,3	9,9	-50,9
1644	30.07.20 14:04:23	17,37	0,44	-30,1	10,7	-49,3
1645	30.07.20 14:04:24	17,37	0,44	-28,5	9,9	-51,6
1646	30.07.20 14:04:25	17,40	0,46	-27,7	10,8	-51,5
1647	30.07.20 14:04:26	17,40	0,46	-29,0	12,1	-48,9
1648	30.07.20 14:04:27	17,40	0,46	-29,9	11,6	-48,5
1649	30.07.20 14:04:28	17,43	0,44	-29,0	9,9	-51,1
1650	30.07.20 14:04:29	17,43	0,44	-28,3	9,4	-52,3
1651	30.07.20 14:04:30	17,46	0,44	-28,3	10,3	-51,4
1652	30.07.20 14:04:31	17,46	0,41	-29,6	12,0	-48,4
1653	30.07.20 14:04:32	17,46	0,44	-29,3	11,3	-49,4
1654	30.07.20 14:04:33	17,46	0,44	-29,0	10,3	-50,7
1655	30.07.20 14:04:34	17,46	0,44	-28,4	9,8	-51,8
1656	30.07.20 14:04:35	17,46	0,44	-28,7	10,6	-50,7
1657	30.07.20 14:04:36	17,46	0,44	-28,4	11,8	-49,8
1658	30.07.20 14:04:37	17,46	0,44	-29,0	11,5	-49,5
1659	30.07.20 14:04:38	17,49	0,46	-28,7	11,1	-50,2
1660	30.07.20 14:04:39	17,49	0,46	-28,9	9,8	-51,3
1661	30.07.20 14:04:40	17,49	0,44	-28,3	10,4	-51,2
1662	30.07.20 14:04:41	17,52	0,46	-30,0	10,7	-49,3
1663	30.07.20 14:04:42	17,52	0,44	-29,4	10,9	-49,7
1664	30.07.20 14:04:43	17,52	0,44	-28,1	10,3	-51,6
1665	30.07.20 14:04:44	17,52	0,46	-28,0	10,9	-51,1
1666	30.07.20 14:04:45	17,52	0,46	-29,5	11,6	-49,0
1667	30.07.20 14:04:46	17,55	0,46	-28,6	10,7	-50,6
1668	30.07.20 14:04:47	17,55	0,46	-28,1	10,4	-51,5
1669	30.07.20 14:04:48	17,55	0,46	-30,0	10,5	-49,5
1670	30.07.20 14:04:49	17,55	0,46	-30,2	9,8	-50,0
1671	30.07.20 14:04:50	17,55	0,46	-28,7	9,5	-51,9
1672	30.07.20 14:04:51	17,58	0,46	68,0	14,3	7,7
1673	30.07.20 14:04:52	17,58	0,44	0,5	-79,4	10,1
1674	30.07.20 14:04:53	17,61	0,44	-32,3	-51,9	-5,8
1675	30.07.20 14:04:54	17,61	0,44	-22,3	-22,8	44,9
1676	30.07.20 14:04:55	17,64	0,44	-19,8	68,5	1,7
1677	30.07.20 14:04:56	17,64	0,44	2,1	56,0	-31,9
1678	30.07.20 14:04:57	17,67	0,44	28,7	44,9	-16,4
1679	30.07.20 14:04:58	17,67	0,36	41,5	-18,4	30,1
1680	30.07.20 14:04:59	17,70	0,41	9,5	29,8	50,7
1681	30.07.20 14:05:00	17,79	0,34	-10,4	38,1	41,5
1682	30.07.20 14:05:01	17,96	0,32	-22,1	31,1	36,8
1683	30.07.20 14:05:02	18,17	0,36	3,0	46,8	40,2
1684	30.07.20 14:05:03	18,26	0,36	-26,6	42,6	20,8
1685	30.07.20 14:05:04	18,32	0,41	-19,7	54,0	16,2
1686	30.07.20 14:05:05	18,35	0,44	-14,5	42,7	32,8
1687	30.07.20 14:05:06	18,35	0,46	16,5	-63,0	10,5
1688	30.07.20 14:05:07	18,35	0,44	40,5	-46,0	-3,5
1689	30.07.20 14:05:08	18,41	0,46	33,9	-53,5	2,6
1690	30.07.20 14:05:09	18,41	0,44	35,8	-35,3	-18,9
1691	30.07.20 14:05:10	18,50	0,39	-11,5	-76,8	1,7
1692	30.07.20 14:05:11	18,59	0,39	-24,7	-56,7	-8,7
1693	30.07.20 14:05:12	18,74	0,36	-48,1	36,1	5,8
1694	30.07.20 14:05:13	18,88	0,29	-30,8	45,9	-13,3
1695	30.07.20 14:05:14	19,03	0,22	9,9	44,4	-35,7
1696	30.07.20 14:05:15	19,21	0,15	1,0	27,4	-61,7
1697	30.07.20 14:05:16	19,42	0,15	-12,4	11,8	-65,8
1698	30.07.20 14:05:17	19,59	0,13	-21,4	56,1	12,5
