#0	Date-time:	06/09/2020 7:52:00 AM
#1	Recorder:	37H1034
#2	File type:	1
#3	Columns:	7
#4	Channels:	5
#5	Field separation:	0
#6	Decimal point:	0
#7	Date def.:	0	0
#8	Time def.:	0
#9	Channel 1:	Temperature(°C)	Temp(°C)	2	1
#10	Channel 2:	Pressure(Bar)	Press(Bar)	2	1
#11	Reconvertion:	0
#14	Channel 3:	Tilt-X(°)	Tilt-X(°)	2	1
#18	Channel 4:	Tilt-Y(°)	Tilt-Y(°)	2	1
#19	Line color:	1	2	3	4
#22	Channel 5:	Tilt-Z(°)	Tilt-Z(°)	2	1
#30	Trend Type Number:	3
#33	Limit Temp. Corr. OTCR:	1
1	06.09.20 07:19:00	21,93	0,00	68,62	14,03	7,35
2	06.09.20 07:19:01	21,90	0,00	69,64	14,41	5,95
3	06.09.20 07:19:02	21,90	0,00	59,49	26,76	3,75
4	06.09.20 07:19:03	21,90	0,00	59,08	27,83	3,09
5	06.09.20 07:19:04	21,90	0,00	57,08	28,81	4,10
6	06.09.20 07:19:05	21,87	0,00	56,20	29,52	4,28
7	06.09.20 07:19:06	21,87	0,00	57,22	28,97	3,81
8	06.09.20 07:19:07	21,87	0,00	57,99	28,21	3,80
9	06.09.20 07:19:08	21,87	0,00	60,06	25,14	4,80
10	06.09.20 07:19:09	21,85	0,00	74,89	8,44	6,67
11	06.09.20 07:19:10	21,85	0,00	55,95	-27,35	6,70
12	06.09.20 07:19:11	21,85	0,00	59,37	-24,12	6,50
13	06.09.20 07:19:12	21,85	0,00	57,88	-26,51	5,62
14	06.09.20 07:19:13	21,82	0,00	58,63	-24,96	6,41
15	06.09.20 07:19:14	21,82	0,00	57,54	-25,66	6,80
16	06.09.20 07:19:15	21,82	0,00	49,89	-18,92	21,19
17	06.09.20 07:19:16	21,82	0,00	-1,18	13,42	75,39
18	06.09.20 07:19:17	21,79	0,00	-4,97	9,66	75,37
19	06.09.20 07:19:18	21,79	0,00	-5,80	12,17	72,03
20	06.09.20 07:19:19	21,79	0,00	-1,12	14,23	74,65
21	06.09.20 07:19:20	21,79	0,00	7,15	16,47	66,39
22	06.09.20 07:19:21	21,79	0,00	-16,22	-50,69	23,09
23	06.09.20 07:19:22	21,79	0,00	73,53	4,15	-12,33
24	06.09.20 07:19:23	21,15	0,10	38,69	-23,58	-27,73
25	06.09.20 07:19:24	20,47	0,29	57,83	12,66	19,51
26	06.09.20 07:19:25	20,15	0,31	49,56	28,20	-12,23
27	06.09.20 07:19:26	19,88	0,29	15,84	28,68	45,48
28	06.09.20 07:19:27	19,68	0,31	14,77	29,76	45,48
29	06.09.20 07:19:28	19,53	0,29	29,28	-11,19	49,53
30	06.09.20 07:19:29	19,38	0,31	25,45	-9,31	55,24
31	06.09.20 07:19:30	19,27	0,29	18,51	5,69	65,80
32	06.09.20 07:19:31	19,18	0,31	9,18	-25,33	55,50
33	06.09.20 07:19:32	19,09	0,29	17,53	14,37	58,10
34	06.09.20 07:19:33	19,00	0,31	24,92	9,87	55,21
35	06.09.20 07:19:34	18,97	0,33	20,10	-18,74	51,15
36	06.09.20 07:19:35	18,91	0,33	33,06	3,71	53,23
37	06.09.20 07:19:36	18,85	0,36	32,28	-4,56	53,16
38	06.09.20 07:19:37	18,79	0,36	18,37	-10,72	60,92
39	06.09.20 07:19:38	18,76	0,36	44,15	6,89	38,96
40	06.09.20 07:19:39	18,71	0,40	36,33	-1,90	51,77
41	06.09.20 07:19:40	18,65	0,40	40,63	6,17	43,20
42	06.09.20 07:19:41	18,59	0,43	37,70	3,26	49,04
43	06.09.20 07:19:42	18,56	0,45	38,81	-5,80	45,39
44	06.09.20 07:19:43	18,56	0,50	49,27	-0,09	40,64
45	06.09.20 07:19:44	18,53	0,54	43,89	-8,97	37,14
46	06.09.20 07:19:45	18,50	0,56	53,12	-5,57	31,31
47	06.09.20 07:19:46	18,47	0,58	58,33	-0,56	31,11
48	06.09.20 07:19:47	18,47	0,60	59,72	1,49	28,80
49	06.09.20 07:19:48	18,44	0,62	59,12	-1,79	29,09
50	06.09.20 07:19:49	18,41	0,62	58,82	-2,33	28,85
51	06.09.20 07:19:50	18,38	0,64	64,22	-1,40	24,37
52	06.09.20 07:19:51	18,35	0,66	64,50	-0,86	24,64
53	06.09.20 07:19:52	18,32	0,64	61,60	-2,33	26,07
54	06.09.20 07:19:53	18,32	0,66	60,24	-4,38	25,38
55	06.09.20 07:19:54	18,29	0,70	63,69	-3,05	23,26
56	06.09.20 07:19:55	18,23	0,70	64,39	-4,83	20,77
57	06.09.20 07:19:56	18,20	0,74	66,06	-1,22	22,73
58	06.09.20 07:19:57	18,17	0,74	65,51	-2,33	22,16
59	06.09.20 07:19:58	18,14	0,76	67,20	-2,39	20,41
60	06.09.20 07:19:59	18,14	0,78	69,82	-1,39	18,80
61	06.09.20 07:20:00	18,11	0,80	67,61	0,15	22,24
62	06.09.20 07:20:01	18,02	0,79	65,61	2,48	21,91
63	06.09.20 07:20:02	17,96	0,79	63,06	6,94	20,00
64	06.09.20 07:20:03	17,93	0,81	60,08	11,32	18,60
65	06.09.20 07:20:04	17,93	0,78	53,55	12,57	23,88
66	06.09.20 07:20:05	17,93	0,76	45,50	12,59	31,91
67	06.09.20 07:20:06	17,90	0,76	52,58	9,65	27,77
68	06.09.20 07:20:07	17,90	0,76	55,17	9,85	24,99
69	06.09.20 07:20:08	17,87	0,78	53,94	10,58	25,48
70	06.09.20 07:20:09	17,87	0,76	52,96	10,39	26,65
71	06.09.20 07:20:10	17,87	0,76	52,00	10,69	27,31
72	06.09.20 07:20:11	17,87	0,76	57,12	9,60	23,28
73	06.09.20 07:20:12	17,84	0,75	57,39	6,19	26,41
74	06.09.20 07:20:13	17,84	0,75	60,47	2,67	26,86
75	06.09.20 07:20:14	17,84	0,75	64,08	-0,09	25,84
76	06.09.20 07:20:15	17,84	0,75	59,16	-4,29	26,55
77	06.09.20 07:20:16	17,84	0,73	53,77	-9,30	26,92
78	06.09.20 07:20:17	17,81	0,75	50,74	-13,41	25,84
79	06.09.20 07:20:18	17,81	0,77	57,66	-12,61	19,73
80	06.09.20 07:20:19	17,79	0,75	56,80	-15,12	18,08
81	06.09.20 07:20:20	17,79	0,72	57,28	-15,23	17,49
82	06.09.20 07:20:21	17,76	0,70	54,18	-17,41	18,41
83	06.09.20 07:20:22	17,73	0,70	54,50	-17,17	18,32
84	06.09.20 07:20:23	17,70	0,69	53,39	-18,46	18,15
85	06.09.20 07:20:24	17,67	0,69	52,92	-17,49	19,58
86	06.09.20 07:20:25	17,67	0,64	51,06	-17,17	21,78
87	06.09.20 07:20:26	17,67	0,64	52,76	-17,89	19,36
88	06.09.20 07:20:27	17,64	0,69	59,57	-13,03	17,40
89	06.09.20 07:20:28	17,64	0,69	65,22	-7,15	17,63
90	06.09.20 07:20:29	17,64	0,69	66,72	0,09	23,20
91	06.09.20 07:20:30	17,64	0,71	61,74	4,95	23,31
92	06.09.20 07:20:31	17,64	0,71	65,13	8,59	16,29
93	06.09.20 07:20:32	17,64	0,76	62,90	12,65	14,45
94	06.09.20 07:20:33	17,61	0,73	57,71	11,99	20,30
95	06.09.20 07:20:34	17,61	0,75	58,65	13,69	17,65
96	06.09.20 07:20:35	17,58	0,77	65,74	12,44	11,81
97	06.09.20 07:20:36	17,55	0,77	60,94	11,73	17,33
98	06.09.20 07:20:37	17,52	0,79	54,26	12,73	23,01
99	06.09.20 07:20:38	17,52	0,81	60,75	13,03	16,23
100	06.09.20 07:20:39	17,52	0,81	64,31	13,55	12,14
101	06.09.20 07:20:40	17,49	0,81	58,54	12,25	19,21
102	06.09.20 07:20:41	17,49	0,84	55,71	13,06	21,23
103	06.09.20 07:20:42	17,46	0,86	61,19	12,54	16,26
104	06.09.20 07:20:43	17,46	0,90	64,27	10,81	14,92
105	06.09.20 07:20:44	17,46	0,92	61,20	9,70	19,10
106	06.09.20 07:20:45	17,40	0,94	57,85	11,43	20,72
107	06.09.20 07:20:46	17,34	0,96	63,09	11,02	15,89
108	06.09.20 07:20:47	17,31	0,98	65,19	10,88	13,92
109	06.09.20 07:20:48	17,31	1,00	57,55	11,55	20,90
110	06.09.20 07:20:49	17,25	1,02	54,67	13,40	21,94
111	06.09.20 07:20:50	17,22	1,04	59,29	15,53	15,18
112	06.09.20 07:20:51	17,19	1,08	60,41	15,92	13,67
113	06.09.20 07:20:52	17,16	1,13	53,58	15,23	21,20
114	06.09.20 07:20:53	17,10	1,12	52,30	14,91	22,79
115	06.09.20 07:20:54	17,01	1,18	55,50	18,78	15,72
116	06.09.20 07:20:55	16,98	1,20	56,26	17,92	15,82
117	06.09.20 07:20:56	16,95	1,22	54,20	15,86	19,94
118	06.09.20 07:20:57	16,92	1,22	53,98	15,80	20,22
119	06.09.20 07:20:58	16,86	1,26	54,23	17,49	18,28
120	06.09.20 07:20:59	16,83	1,28	55,29	15,06	19,65
121	06.09.20 07:21:00	16,77	1,30	53,92	15,81	20,27
122	06.09.20 07:21:01	16,74	1,32	53,69	16,30	20,01
123	06.09.20 07:21:02	16,71	1,36	53,43	17,44	19,13
124	06.09.20 07:21:03	16,68	1,38	54,78	18,78	16,44
125	06.09.20 07:21:04	16,65	1,40	54,56	16,60	18,84
126	06.09.20 07:21:05	16,59	1,42	55,52	14,46	20,02
127	06.09.20 07:21:06	16,56	1,44	55,52	13,40	21,08
128	06.09.20 07:21:07	16,53	1,48	56,76	12,91	20,32
129	06.09.20 07:21:08	16,53	1,51	56,12	13,20	20,68
130	06.09.20 07:21:09	16,50	1,51	53,73	13,54	22,73
131	06.09.20 07:21:10	16,53	1,51	53,39	14,38	22,23
132	06.09.20 07:21:11	16,53	1,51	45,46	11,49	33,05
133	06.09.20 07:21:12	16,53	1,51	43,37	13,10	33,52
134	06.09.20 07:21:13	16,53	1,53	52,97	14,28	22,75
135	06.09.20 07:21:14	16,53	1,55	52,00	13,11	24,88
136	06.09.20 07:21:15	16,53	1,55	49,84	12,86	27,30
137	06.09.20 07:21:16	16,53	1,58	54,39	13,74	21,88
138	06.09.20 07:21:17	16,53	1,62	56,50	12,46	21,04
139	06.09.20 07:21:18	16,53	1,65	51,02	11,30	27,69
140	06.09.20 07:21:19	16,50	1,64	50,84	12,02	27,15
141	06.09.20 07:21:20	16,50	1,67	55,84	12,76	21,40
142	06.09.20 07:21:21	16,50	1,69	54,50	12,10	23,40
143	06.09.20 07:21:22	16,50	1,71	48,23	11,66	30,11
144	06.09.20 07:21:23	16,50	1,71	52,53	12,23	25,25
145	06.09.20 07:21:24	16,47	1,76	55,53	13,76	20,72
146	06.09.20 07:21:25	16,41	1,82	51,52	12,33	26,15
147	06.09.20 07:21:26	16,38	1,79	46,55	11,45	32,00
148	06.09.20 07:21:27	16,35	1,81	48,72	11,57	29,71
149	06.09.20 07:21:28	16,35	1,84	53,28	10,84	25,89
150	06.09.20 07:21:29	16,32	1,86	52,56	6,77	30,66
151	06.09.20 07:21:30	16,29	1,83	49,98	2,08	37,94
152	06.09.20 07:21:31	16,29	1,85	49,17	0,81	40,02
153	06.09.20 07:21:32	16,14	1,93	50,65	-1,12	38,23
154	06.09.20 07:21:33	15,93	1,89	51,27	-1,33	37,40
155	06.09.20 07:21:34	15,74	1,94	44,66	-3,45	41,89
156	06.09.20 07:21:35	15,62	1,95	44,48	-3,81	41,71
157	06.09.20 07:21:36	15,56	1,95	45,98	-6,08	37,95
158	06.09.20 07:21:37	15,50	1,97	48,26	-7,11	34,64
159	06.09.20 07:21:38	15,44	1,96	42,04	-7,93	40,03
160	06.09.20 07:21:39	15,35	1,98	43,58	-3,55	42,87
161	06.09.20 07:21:40	15,26	2,01	45,13	-4,72	40,15
162	06.09.20 07:21:41	15,14	2,02	39,39	-9,34	41,27
163	06.09.20 07:21:42	14,98	2,03	35,08	-9,85	45,07
164	06.09.20 07:21:43	14,89	2,02	37,33	-5,38	47,29
165	06.09.20 07:21:44	14,74	1,96	32,38	-6,67	50,95
166	06.09.20 07:21:45	14,65	1,96	26,72	12,89	50,39
167	06.09.20 07:21:46	14,52	1,97	27,62	13,88	48,50
168	06.09.20 07:21:47	14,40	1,93	19,41	18,44	52,15
169	06.09.20 07:21:48	14,34	1,93	30,84	16,89	42,27
170	06.09.20 07:21:49	14,28	1,94	32,19	12,87	44,94
171	06.09.20 07:21:50	14,25	1,94	41,89	1,15	46,96
172	06.09.20 07:21:51	14,25	1,89	35,97	5,93	48,11
173	06.09.20 07:21:52	14,22	1,89	42,11	6,80	41,09
174	06.09.20 07:21:53	14,22	1,89	45,32	5,09	39,59
175	06.09.20 07:21:54	14,19	1,87	51,78	0,46	37,76
176	06.09.20 07:21:55	14,19	1,89	49,96	0,32	39,72
177	06.09.20 07:21:56	14,19	1,84	43,49	-3,52	42,98
178	06.09.20 07:21:57	14,19	1,82	28,21	-10,48	51,31
179	06.09.20 07:21:58	14,19	1,80	32,79	-8,65	48,56
180	06.09.20 07:21:59	14,16	1,79	38,30	-4,26	47,44
181	06.09.20 07:22:00	14,16	1,79	27,32	-13,17	49,50
182	06.09.20 07:22:01	14,13	1,79	24,05	-18,01	47,94
183	06.09.20 07:22:02	14,09	1,79	31,21	-12,02	46,77
184	06.09.20 07:22:03	14,06	1,79	34,44	-7,37	48,18
185	06.09.20 07:22:04	14,06	1,79	28,49	-12,81	48,69
186	06.09.20 07:22:05	14,03	1,81	24,51	-19,75	45,74
187	06.09.20 07:22:06	14,00	1,78	31,96	-10,12	47,92
188	06.09.20 07:22:07	14,00	1,73	29,19	-13,68	47,13
189	06.09.20 07:22:08	13,97	1,78	22,86	-22,41	44,73
190	06.09.20 07:22:09	13,97	1,78	34,74	-9,87	45,39
191	06.09.20 07:22:10	13,94	1,77	27,27	-17,59	45,14
192	06.09.20 07:22:11	13,94	1,77	26,33	-18,25	45,42
193	06.09.20 07:22:12	13,91	1,77	32,87	-10,95	46,18
194	06.09.20 07:22:13	13,91	1,77	24,86	-19,84	45,30
195	06.09.20 07:22:14	13,91	1,77	27,61	-16,43	45,96
196	06.09.20 07:22:15	13,88	1,77	33,07	-10,27	46,67
197	06.09.20 07:22:16	13,88	1,77	23,52	-20,60	45,88
198	06.09.20 07:22:17	13,85	1,76	24,46	-20,49	45,05
199	06.09.20 07:22:18	13,85	1,79	33,82	-9,36	46,82
200	06.09.20 07:22:19	13,82	1,78	23,06	-18,54	48,39
201	06.09.20 07:22:20	13,79	1,81	28,93	-16,90	44,17
202	06.09.20 07:22:21	13,79	1,78	31,42	-11,81	46,77
203	06.09.20 07:22:22	13,75	1,80	32,64	-12,59	44,77
204	06.09.20 07:22:23	13,75	1,80	34,78	-10,88	44,34
205	06.09.20 07:22:24	13,75	1,80	33,25	-11,43	45,32
206	06.09.20 07:22:25	13,72	1,82	32,61	-11,03	46,36
207	06.09.20 07:22:26	13,72	1,82	35,77	-8,44	45,79
208	06.09.20 07:22:27	13,72	1,82	27,77	-15,96	46,28
209	06.09.20 07:22:28	13,72	1,85	32,67	-9,50	47,83
210	06.09.20 07:22:29	13,72	1,82	33,41	-9,10	47,49
211	06.09.20 07:22:30	13,69	1,84	31,15	-11,72	47,13
212	06.09.20 07:22:31	13,66	1,86	23,72	-19,17	47,11
213	06.09.20 07:22:32	13,66	1,89	26,39	-11,76	51,85
214	06.09.20 07:22:33	13,60	1,86	31,10	-8,14	50,76
215	06.09.20 07:22:34	13,51	1,89	21,93	-18,45	49,61
216	06.09.20 07:22:35	13,44	1,91	26,43	-17,78	45,78
217	06.09.20 07:22:36	13,41	1,93	31,79	-9,94	48,27
218	06.09.20 07:22:37	13,35	1,95	31,99	-10,48	47,54
219	06.09.20 07:22:38	13,32	1,97	31,97	-10,85	47,18
220	06.09.20 07:22:39	13,32	1,99	32,55	-10,33	47,12
221	06.09.20 07:22:40	13,29	1,99	31,17	-10,66	48,17
222	06.09.20 07:22:41	13,29	2,01	31,61	-10,28	48,11
223	06.09.20 07:22:42	13,20	2,05	31,51	-10,97	47,51
224	06.09.20 07:22:43	13,10	2,06	32,93	-10,57	46,51
225	06.09.20 07:22:44	13,04	2,08	31,88	-12,23	45,89
226	06.09.20 07:22:45	13,01	2,10	30,04	-11,73	48,23
227	06.09.20 07:22:46	12,95	2,07	32,88	-11,09	46,03
228	06.09.20 07:22:47	12,92	2,09	30,90	-11,15	47,94
229	06.09.20 07:22:48	12,88	2,14	31,28	-10,15	48,57
230	06.09.20 07:22:49	12,85	2,13	31,34	-9,81	48,85
231	06.09.20 07:22:50	12,82	2,18	32,29	-8,15	49,56
232	06.09.20 07:22:51	12,76	2,22	30,04	-9,81	50,15
233	06.09.20 07:22:52	12,70	2,23	20,91	-17,66	51,43
234	06.09.20 07:22:53	12,63	2,25	26,95	-9,89	53,16
235	06.09.20 07:22:54	12,57	2,24	25,29	-10,75	53,95
236	06.09.20 07:22:55	12,45	2,28	19,60	-15,49	54,91
237	06.09.20 07:22:56	12,35	2,29	18,38	-14,84	56,78
238	06.09.20 07:22:57	12,26	2,35	18,68	-15,03	56,30
239	06.09.20 07:22:58	12,19	2,37	16,50	-15,27	58,23
240	06.09.20 07:22:59	12,10	2,29	15,33	-14,38	60,30
241	06.09.20 07:23:00	11,91	2,41	15,83	-13,85	60,32
242	06.09.20 07:23:01	11,62	2,48	15,34	-12,67	61,99
243	06.09.20 07:23:02	11,34	2,63	15,69	-12,28	62,02
244	06.09.20 07:23:03	11,08	2,66	14,99	-11,53	63,49
245	06.09.20 07:23:04	10,82	2,68	14,63	-12,27	63,10
246	06.09.20 07:23:05	10,60	2,75	15,50	-11,31	63,19
247	06.09.20 07:23:06	10,37	2,75	15,36	-10,84	63,80
248	06.09.20 07:23:07	10,21	2,80	14,83	-10,86	64,31
249	06.09.20 07:23:08	10,08	2,81	15,43	-10,25	64,31
250	06.09.20 07:23:09	9,92	2,85	14,67	-10,64	64,69
251	06.09.20 07:23:10	9,76	2,88	15,64	-9,83	64,52
252	06.09.20 07:23:11	9,59	2,86	14,26	-9,53	66,21
253	06.09.20 07:23:12	9,49	2,87	16,27	-8,55	65,18
254	06.09.20 07:23:13	9,33	2,90	16,11	-8,72	65,17
255	06.09.20 07:23:14	9,20	2,91	15,69	-8,42	65,89
256	06.09.20 07:23:15	9,10	2,95	14,99	-8,45	66,56
257	06.09.20 07:23:16	8,97	2,98	14,89	-8,31	66,80
258	06.09.20 07:23:17	8,87	3,00	14,57	-10,88	64,55
259	06.09.20 07:23:18	8,80	3,01	14,44	-13,11	62,45
260	06.09.20 07:23:19	8,70	3,03	16,10	-13,01	60,89
261	06.09.20 07:23:20	8,63	3,02	15,35	-14,15	60,50
262	06.09.20 07:23:21	8,63	3,00	16,93	-13,31	59,76
263	06.09.20 07:23:22	8,60	3,02	16,01	-12,27	61,71
264	06.09.20 07:23:23	8,57	3,04	17,67	-11,63	60,70
265	06.09.20 07:23:24	8,57	3,04	19,90	-9,93	60,17
266	06.09.20 07:23:25	8,47	3,07	15,42	-12,45	62,13
267	06.09.20 07:23:26	8,40	3,09	15,27	-12,97	61,76
268	06.09.20 07:23:27	8,30	3,10	17,29	-11,77	60,94
269	06.09.20 07:23:28	8,20	3,14	16,79	-10,90	62,31
270	06.09.20 07:23:29	8,10	3,18	16,76	-10,87	62,37
271	06.09.20 07:23:30	8,03	3,15	16,98	-11,39	61,64
272	06.09.20 07:23:31	7,96	3,21	14,88	-11,69	63,43
273	06.09.20 07:23:32	7,86	3,22	15,16	-10,87	63,98
274	06.09.20 07:23:33	7,76	3,28	15,95	-11,18	62,87
275	06.09.20 07:23:34	7,66	3,29	17,36	-9,20	63,44
276	06.09.20 07:23:35	7,56	3,31	16,11	-11,15	62,74
277	06.09.20 07:23:36	7,46	3,30	15,59	-10,24	64,18
278	06.09.20 07:23:37	7,39	3,31	14,43	-10,09	65,48
279	06.09.20 07:23:38	7,29	3,35	15,89	-10,95	63,16
280	06.09.20 07:23:39	7,25	3,39	15,93	-10,94	63,12
281	06.09.20 07:23:40	7,18	3,41	15,46	-10,43	64,11
282	06.09.20 07:23:41	7,12	3,43	15,51	-11,62	62,87
283	06.09.20 07:23:42	7,05	3,42	15,85	-10,94	63,21
284	06.09.20 07:23:43	6,98	3,46	15,12	-9,59	65,28
285	06.09.20 07:23:44	6,91	3,50	15,82	-10,04	64,14
286	06.09.20 07:23:45	6,84	3,49	16,42	-10,93	62,66
287	06.09.20 07:23:46	6,77	3,51	14,62	-11,95	63,43
288	06.09.20 07:23:47	6,74	3,53	16,11	-10,85	63,03
289	06.09.20 07:23:48	6,70	3,57	14,89	-11,15	63,97
290	06.09.20 07:23:49	6,63	3,56	15,49	-11,43	63,08
291	06.09.20 07:23:50	6,60	3,61	15,02	-12,17	62,81
292	06.09.20 07:23:51	6,53	3,65	15,59	-12,36	62,05
293	06.09.20 07:23:52	6,50	3,62	14,85	-13,68	61,47
294	06.09.20 07:23:53	6,46	3,64	14,40	-14,16	61,44
295	06.09.20 07:23:54	6,43	3,66	15,53	-12,77	61,70
296	06.09.20 07:23:55	6,39	3,68	16,87	-12,63	60,51
297	06.09.20 07:23:56	6,36	3,72	14,85	-15,16	60,00
298	06.09.20 07:23:57	6,36	3,72	15,72	-14,28	60,00
299	06.09.20 07:23:58	6,36	3,74	17,80	-13,93	58,27
300	06.09.20 07:23:59	6,36	3,79	17,84	-13,81	58,36
301	06.09.20 07:24:00	6,32	3,79	15,78	-15,29	58,93
302	06.09.20 07:24:01	6,32	3,79	19,11	-14,58	56,32
303	06.09.20 07:24:02	6,32	3,79	16,93	-14,88	58,18
304	06.09.20 07:24:03	6,36	3,84	26,03	-10,20	53,77
305	06.09.20 07:24:04	6,36	3,88	25,74	-16,39	47,87
306	06.09.20 07:24:05	6,36	3,91	23,70	-20,12	46,17
307	06.09.20 07:24:06	6,36	3,93	25,31	-18,31	46,38
308	06.09.20 07:24:07	6,36	3,95	20,87	-18,88	50,25
309	06.09.20 07:24:08	6,32	3,97	22,44	-12,35	55,21
310	06.09.20 07:24:09	6,18	4,03	23,49	-15,66	50,85
311	06.09.20 07:24:10	6,08	4,04	22,08	-13,82	54,11
312	06.09.20 07:24:11	6,04	4,04	24,45	-10,36	55,19
313	06.09.20 07:24:12	6,01	4,03	29,71	-8,96	51,33
314	06.09.20 07:24:13	5,97	4,07	30,14	-8,13	51,73
315	06.09.20 07:24:14	5,94	4,07	29,73	-9,13	51,14
316	06.09.20 07:24:15	5,94	4,07	35,21	-4,94	49,85
317	06.09.20 07:24:16	5,94	4,07	36,38	-5,95	47,67
318	06.09.20 07:24:17	5,90	4,07	36,06	-6,23	47,70
319	06.09.20 07:24:18	5,90	4,09	39,61	-3,89	46,50
320	06.09.20 07:24:19	5,90	4,07	40,45	-4,04	45,51
321	06.09.20 07:24:20	5,83	4,08	39,63	-5,73	44,63
322	06.09.20 07:24:21	5,76	4,15	40,40	-5,28	44,32
323	06.09.20 07:24:22	5,73	4,17	46,10	-1,68	42,22
324	06.09.20 07:24:23	5,69	4,19	45,34	-4,52	40,14
325	06.09.20 07:24:24	5,66	4,20	41,77	-4,40	43,83
326	06.09.20 07:24:25	5,62	4,22	42,42	-3,41	44,17
327	06.09.20 07:24:26	5,55	4,26	48,82	-2,98	38,20
328	06.09.20 07:24:27	5,52	4,28	48,54	-3,99	37,47
329	06.09.20 07:24:28	5,52	4,28	45,17	-3,96	40,87
330	06.09.20 07:24:29	5,52	4,28	46,79	-2,49	40,72
331	06.09.20 07:24:30	5,52	4,31	48,84	-3,58	37,57
332	06.09.20 07:24:31	5,52	4,33	50,04	-2,93	37,03
333	06.09.20 07:24:32	5,48	4,33	47,63	-3,39	38,98
334	06.09.20 07:24:33	5,45	4,37	48,60	-3,39	38,01
335	06.09.20 07:24:34	5,45	4,41	50,88	-4,29	34,83
336	06.09.20 07:24:35	5,41	4,43	48,35	-0,41	41,24
337	06.09.20 07:24:36	5,37	4,43	46,79	-2,62	40,59
338	06.09.20 07:24:37	5,34	4,47	50,69	-5,05	34,26
339	06.09.20 07:24:38	5,34	4,50	52,49	-3,13	34,39
340	06.09.20 07:24:39	5,30	4,52	47,60	-3,83	38,57
341	06.09.20 07:24:40	5,30	4,52	45,13	-3,60	41,27
342	06.09.20 07:24:41	5,27	4,56	50,25	-3,09	36,66
343	06.09.20 07:24:42	5,23	4,60	53,84	-3,69	32,47
344	06.09.20 07:24:43	5,23	4,62	49,10	-4,03	36,87
345	06.09.20 07:24:44	5,23	4,65	45,31	-1,04	43,65
346	06.09.20 07:24:45	5,23	4,65	49,04	-1,88	39,08
347	06.09.20 07:24:46	5,23	4,69	53,25	-2,79	33,96
348	06.09.20 07:24:47	5,23	4,69	49,87	-3,20	36,93
349	06.09.20 07:24:48	5,23	4,72	45,52	-1,36	43,12
350	06.09.20 07:24:49	5,23	4,76	48,61	-0,06	41,33
351	06.09.20 07:24:50	5,20	4,78	55,01	-1,61	33,38
352	06.09.20 07:24:51	5,20	4,83	53,02	-1,43	35,55
353	06.09.20 07:24:52	5,16	4,85	46,51	-0,33	43,17
354	06.09.20 07:24:53	5,16	4,87	47,25	-1,99	40,76
355	06.09.20 07:24:54	5,13	4,94	56,91	-1,55	31,54
356	06.09.20 07:24:55	5,09	4,98	54,14	-0,55	35,31
357	06.09.20 07:24:56	5,09	4,98	45,30	-0,33	44,37
358	06.09.20 07:24:57	5,05	5,00	44,64	-1,14	44,22
359	06.09.20 07:24:58	5,02	5,04	52,94	-1,25	35,81
360	06.09.20 07:24:59	4,98	5,08	52,65	0,09	37,26
361	06.09.20 07:25:00	4,95	5,08	47,63	0,79	41,57
362	06.09.20 07:25:01	4,95	5,10	45,76	-1,59	42,65
363	06.09.20 07:25:02	4,91	5,15	51,60	-0,46	37,94
364	06.09.20 07:25:03	4,91	5,19	56,37	0,20	33,43
365	06.09.20 07:25:04	4,88	5,21	53,04	-1,33	35,62
366	06.09.20 07:25:05	4,88	5,21	47,76	-1,03	41,21
367	06.09.20 07:25:06	4,84	5,26	49,16	2,87	37,97
368	06.09.20 07:25:07	4,80	5,32	57,60	-1,95	30,45
369	06.09.20 07:25:08	4,73	5,36	60,74	-0,95	28,31
370	06.09.20 07:25:09	4,70	5,38	50,45	0,24	39,31
371	06.09.20 07:25:10	4,66	5,40	50,34	0,03	39,63
372	06.09.20 07:25:11	4,66	5,45	60,55	1,45	28,00
373	06.09.20 07:25:12	4,66	5,49	65,58	-0,25	24,17
374	06.09.20 07:25:13	4,59	5,53	53,05	0,80	36,15
375	06.09.20 07:25:14	4,48	5,54	46,81	1,13	42,06
376	06.09.20 07:25:15	4,41	5,56	22,73	3,61	63,66
377	06.09.20 07:25:16	4,37	5,55	4,68	2,91	82,42
378	06.09.20 07:25:17	4,37	5,58	-0,33	2,95	86,72
379	06.09.20 07:25:18	4,34	5,55	-2,00	0,41	87,59
380	06.09.20 07:25:19	4,34	5,55	-4,44	0,54	85,02
381	06.09.20 07:25:20	4,30	5,57	-5,74	1,42	82,84
382	06.09.20 07:25:21	4,30	5,55	6,49	1,78	81,73
383	06.09.20 07:25:22	4,26	5,57	-3,42	2,34	84,23
384	06.09.20 07:25:23	4,26	5,54	4,23	8,66	77,12
385	06.09.20 07:25:24	4,23	5,56	0,11	-1,47	88,42
386	06.09.20 07:25:25	4,16	5,58	1,02	2,94	86,04
387	06.09.20 07:25:26	4,12	5,57	9,46	-17,46	63,08
388	06.09.20 07:25:27	4,05	5,61	3,51	-18,96	67,53
389	06.09.20 07:25:28	3,97	5,58	-5,73	3,72	80,54
390	06.09.20 07:25:29	3,94	5,56	-0,45	5,73	83,82
391	06.09.20 07:25:30	3,94	5,58	13,27	8,34	68,38
392	06.09.20 07:25:31	3,90	5,58	-6,03	-5,56	78,41
393	06.09.20 07:25:32	3,90	5,58	-7,97	-11,99	70,04
394	06.09.20 07:25:33	3,90	5,55	-2,72	2,79	84,49
395	06.09.20 07:25:34	3,86	5,57	-0,98	2,45	86,58
396	06.09.20 07:25:35	3,83	5,55	-2,37	0,49	87,13
397	06.09.20 07:25:36	3,79	5,56	-14,02	2,26	73,72
398	06.09.20 07:25:37	3,79	5,54	8,52	2,79	78,69
399	06.09.20 07:25:38	3,79	5,54	-1,79	-0,38	87,83
400	06.09.20 07:25:39	3,75	5,54	-3,48	3,61	82,91
401	06.09.20 07:25:40	3,75	5,54	0,58	-2,86	86,56
402	06.09.20 07:25:41	3,75	5,51	-10,20	-0,45	79,35
403	06.09.20 07:25:42	3,72	5,51	-14,42	-4,36	71,22
404	06.09.20 07:25:43	3,72	5,53	-6,87	-0,72	82,41
405	06.09.20 07:25:44	3,72	5,51	-7,49	1,83	80,68
406	06.09.20 07:25:45	3,68	5,51	-4,01	-0,52	85,47
407	06.09.20 07:25:46	3,64	5,50	-5,08	-1,24	83,68
408	06.09.20 07:25:47	3,64	5,50	-9,00	-0,40	80,60
409	06.09.20 07:25:48	3,61	5,50	-13,26	-1,38	75,36
410	06.09.20 07:25:49	3,61	5,52	-7,55	-2,96	79,49
411	06.09.20 07:25:50	3,57	5,50	0,75	0,37	88,87
412	06.09.20 07:25:51	3,57	5,50	10,70	3,58	75,72
413	06.09.20 07:25:52	3,53	5,47	2,86	3,86	83,28
414	06.09.20 07:25:53	3,53	5,51	-7,68	3,69	78,62
415	06.09.20 07:25:54	3,50	5,51	-6,33	3,66	80,00
416	06.09.20 07:25:55	3,46	5,51	0,89	0,86	88,25
417	06.09.20 07:25:56	3,42	5,50	-3,72	4,59	81,69
418	06.09.20 07:25:57	3,39	5,52	-2,90	0,14	86,96
419	06.09.20 07:25:58	3,39	5,50	-0,11	-1,65	88,24
420	06.09.20 07:25:59	3,35	5,52	1,69	-1,29	87,02
421	06.09.20 07:26:00	3,31	5,52	-5,48	3,97	80,55
422	06.09.20 07:26:01	3,27	5,51	-1,19	-2,67	86,14
423	06.09.20 07:26:02	3,27	5,51	-3,61	5,09	81,31
424	06.09.20 07:26:03	3,27	5,51	-3,47	0,12	86,41
425	06.09.20 07:26:04	3,24	5,51	-6,45	1,23	82,32
426	06.09.20 07:26:05	3,24	5,51	-2,23	0,95	86,82
427	06.09.20 07:26:06	3,24	5,51	-3,86	3,38	82,76
428	06.09.20 07:26:07	3,20	5,53	-14,14	-2,51	73,35
429	06.09.20 07:26:08	3,20	5,50	0,53	0,26	89,21
430	06.09.20 07:26:09	3,20	5,50	-6,23	3,93	79,84
431	06.09.20 07:26:10	3,13	5,50	-0,16	5,21	84,63
432	06.09.20 07:26:11	3,13	5,50	-1,74	-0,03	88,23
433	06.09.20 07:26:12	3,09	5,52	-4,77	4,46	80,77
434	06.09.20 07:26:13	3,09	5,49	-5,90	3,28	80,82
435	06.09.20 07:26:14	3,05	5,49	-13,84	0,51	75,65
436	06.09.20 07:26:15	3,05	5,49	-2,95	5,03	82,02
437	06.09.20 07:26:16	3,05	5,49	-4,79	2,68	82,52
438	06.09.20 07:26:17	3,05	5,47	-7,88	2,66	79,46
439	06.09.20 07:26:18	3,05	5,49	-4,11	0,80	85,09
440	06.09.20 07:26:19	3,01	5,48	-11,65	0,69	77,66
441	06.09.20 07:26:20	3,01	5,48	1,53	0,89	87,58
442	06.09.20 07:26:21	3,01	5,46	-9,34	3,07	77,60
443	06.09.20 07:26:22	3,01	5,46	-0,16	-1,02	88,82
444	06.09.20 07:26:23	3,01	5,48	-1,24	2,96	85,80
445	06.09.20 07:26:24	3,01	5,46	-20,45	5,27	64,29
446	06.09.20 07:26:25	3,01	5,46	-7,59	3,83	78,57
447	06.09.20 07:26:26	3,01	5,46	-0,14	1,07	88,80
448	06.09.20 07:26:27	3,01	5,46	6,76	-2,86	80,39
449	06.09.20 07:26:28	3,01	5,46	1,84	-15,32	72,84
450	06.09.20 07:26:29	2,98	5,46	4,11	0,32	85,57
451	06.09.20 07:26:30	2,98	5,48	5,53	5,06	79,41
452	06.09.20 07:26:31	2,90	5,45	0,47	-2,89	86,64
453	06.09.20 07:26:32	2,87	5,49	6,30	-9,21	74,49
454	06.09.20 07:26:33	2,87	5,47	0,95	-8,05	81,00
455	06.09.20 07:26:34	2,87	5,47	4,08	-12,16	73,76
456	06.09.20 07:26:35	2,83	5,47	0,82	-6,86	82,32
457	06.09.20 07:26:36	2,83	5,44	0,97	-8,60	80,43
458	06.09.20 07:26:37	2,83	5,47	-6,95	-10,03	73,02
459	06.09.20 07:26:38	2,83	5,47	-1,06	-10,66	78,28
460	06.09.20 07:26:39	2,83	5,47	-1,86	-12,54	75,61
461	06.09.20 07:26:40	2,83	5,58	-0,63	-0,09	89,29
462	06.09.20 07:26:41	2,83	5,47	-3,38	1,01	85,61
463	06.09.20 07:26:42	2,79	5,46	-7,76	-1,06	81,17
464	06.09.20 07:26:43	2,79	5,48	16,53	-5,50	67,97
465	06.09.20 07:26:44	2,79	5,48	7,33	9,44	73,23
466	06.09.20 07:26:45	2,75	5,50	-1,54	-2,74	85,72
467	06.09.20 07:26:46	2,72	5,52	-14,98	1,46	73,56
468	06.09.20 07:26:47	2,68	5,68	-2,98	3,49	83,52
469	06.09.20 07:26:48	2,64	5,54	-7,37	2,21	80,43
470	06.09.20 07:26:49	2,64	5,54	-3,15	8,67	78,19
471	06.09.20 07:26:50	2,60	5,51	-2,36	4,36	83,27
472	06.09.20 07:26:51	2,60	5,51	-1,89	1,22	86,89
473	06.09.20 07:26:52	2,60	5,51	-3,87	5,57	80,57
474	06.09.20 07:26:53	2,60	5,49	14,21	8,33	67,46
475	06.09.20 07:26:54	2,60	5,53	22,44	-1,26	66,30
476	06.09.20 07:26:55	2,56	5,51	-4,31	0,21	85,48
477	06.09.20 07:26:56	2,53	5,50	-14,15	4,14	71,71
478	06.09.20 07:26:57	2,53	5,53	0,28	3,42	86,30
479	06.09.20 07:26:58	2,53	5,53	-8,84	1,45	79,71
480	06.09.20 07:26:59	2,49	5,52	-1,23	-7,97	80,80
481	06.09.20 07:27:00	2,49	5,50	5,43	-4,78	79,79
482	06.09.20 07:27:01	2,49	5,52	1,24	7,75	81,01
483	06.09.20 07:27:02	2,45	5,50	-8,83	4,05	77,12
484	06.09.20 07:27:03	2,45	5,50	2,33	6,53	81,14
485	06.09.20 07:27:04	2,45	5,50	0,19	6,32	83,49
486	06.09.20 07:27:05	2,45	5,50	-11,70	2,27	76,03
487	06.09.20 07:27:06	2,45	5,47	-8,96	5,52	75,52
488	06.09.20 07:27:07	2,45	5,47	1,38	7,04	81,58
489	06.09.20 07:27:08	2,45	5,47	2,52	0,81	86,68
490	06.09.20 07:27:09	2,45	5,47	-1,21	6,22	82,56
491	06.09.20 07:27:10	2,45	5,47	-5,77	13,09	71,14
492	06.09.20 07:27:11	2,41	5,47	-2,67	3,70	83,64
493	06.09.20 07:27:12	2,41	5,45	-10,07	1,55	78,38
494	06.09.20 07:27:13	2,41	5,47	-17,88	6,33	65,79
495	06.09.20 07:27:14	2,41	5,47	-12,96	4,86	72,19
496	06.09.20 07:27:15	2,41	5,47	-3,68	0,80	85,52
497	06.09.20 07:27:16	2,41	5,47	-5,35	3,34	81,31
498	06.09.20 07:27:17	2,38	5,49	2,97	5,84	81,19
499	06.09.20 07:27:18	2,38	5,46	-4,59	6,32	79,09
500	06.09.20 07:27:19	2,34	5,46	6,46	-0,85	82,68
501	06.09.20 07:27:20	2,34	5,46	3,20	1,90	84,90
502	06.09.20 07:27:21	2,34	5,46	-5,75	-0,89	83,36
503	06.09.20 07:27:22	2,30	5,48	-7,01	2,83	80,17
504	06.09.20 07:27:23	2,30	5,46	3,44	-0,50	86,06
505	06.09.20 07:27:24	2,30	5,46	-3,14	1,88	84,98
506	06.09.20 07:27:25	2,30	5,48	-0,33	1,37	88,30
507	06.09.20 07:27:26	2,30	5,48	0,88	2,62	86,50
508	06.09.20 07:27:27	2,26	5,48	-10,03	3,88	76,10
509	06.09.20 07:27:28	2,26	5,48	-8,53	-0,46	81,01
510	06.09.20 07:27:29	2,26	5,45	-10,42	0,21	79,37
511	06.09.20 07:27:30	2,26	5,48	-3,26	-0,03	86,71
512	06.09.20 07:27:31	2,22	5,49	-7,10	2,40	80,50
513	06.09.20 07:27:32	2,22	5,45	-10,22	1,10	78,68
514	06.09.20 07:27:33	2,22	5,47	-8,57	2,51	78,92
515	06.09.20 07:27:34	2,22	5,47	-5,56	0,83	83,61
516	06.09.20 07:27:35	2,22	5,47	-2,48	4,06	83,45
517	06.09.20 07:27:36	2,19	5,44	-10,81	0,68	78,52
518	06.09.20 07:27:37	2,19	5,47	-2,02	-1,72	86,26
519	06.09.20 07:27:38	2,19	5,47	-16,49	-2,94	70,57
520	06.09.20 07:27:39	2,19	5,44	-15,31	6,69	68,00
521	06.09.20 07:27:40	2,19	5,47	0,55	2,71	86,74
522	06.09.20 07:27:41	2,15	5,44	16,79	4,52	68,69
523	06.09.20 07:27:42	2,15	5,46	2,81	6,44	80,75
524	06.09.20 07:27:43	2,11	5,46	-3,28	-1,72	85,00
525	06.09.20 07:27:44	2,11	5,48	-1,96	-0,19	87,85
526	06.09.20 07:27:45	2,11	5,48	-6,87	-3,81	79,32
527	06.09.20 07:27:46	2,11	5,48	-9,60	-1,01	79,39
528	06.09.20 07:27:47	2,11	5,51	3,10	5,67	81,24
529	06.09.20 07:27:48	2,07	5,48	-6,50	7,91	75,60
530	06.09.20 07:27:49	2,07	5,48	-4,35	-0,83	84,82
531	06.09.20 07:27:50	2,07	5,46	-5,24	6,50	78,25
532	06.09.20 07:27:51	2,07	5,46	-9,19	2,81	78,00
533	06.09.20 07:27:52	2,07	5,48	-11,14	2,18	76,68
534	06.09.20 07:27:53	2,07	5,48	0,54	-4,01	85,45
535	06.09.20 07:27:54	2,07	5,48	-7,86	1,07	81,07
536	06.09.20 07:27:55	2,07	5,46	-5,21	5,65	79,14
537	06.09.20 07:27:56	2,07	5,48	-16,89	12,71	60,40
538	06.09.20 07:27:57	2,03	5,50	-2,35	-0,59	87,05
539	06.09.20 07:27:58	2,03	5,52	8,34	-22,69	58,97
540	06.09.20 07:27:59	2,03	5,47	33,04	3,95	53,01
541	06.09.20 07:28:00	2,00	5,47	10,07	-10,54	69,39
542	06.09.20 07:28:01	2,00	5,45	11,55	-22,67	55,79
543	06.09.20 07:28:02	1,96	5,44	-6,23	-5,97	77,80
544	06.09.20 07:28:03	1,96	5,54	21,15	8,67	60,18
545	06.09.20 07:28:04	1,92	5,44	7,36	-1,06	81,58
546	06.09.20 07:28:05	1,92	5,53	-1,16	-1,26	87,58
547	06.09.20 07:28:06	1,88	5,51	2,05	1,39	86,56
548	06.09.20 07:28:07	1,88	5,51	2,83	-3,19	83,98
549	06.09.20 07:28:08	1,88	5,48	-7,51	-0,60	81,89
550	06.09.20 07:28:09	1,88	5,48	-2,43	0,92	86,64
551	06.09.20 07:28:10	1,88	5,48	-16,86	0,46	72,67
552	06.09.20 07:28:11	1,88	5,53	1,06	0,84	88,10
553	06.09.20 07:28:12	1,88	5,48	-3,97	-4,40	81,62
554	06.09.20 07:28:13	1,84	5,45	-1,77	-0,92	87,31
555	06.09.20 07:28:14	1,84	5,48	-9,83	0,09	80,08
556	06.09.20 07:28:15	1,84	5,48	-4,23	5,42	80,36
557	06.09.20 07:28:16	1,84	5,50	-2,90	5,86	81,25
558	06.09.20 07:28:17	1,84	5,48	6,48	1,85	81,67
559	06.09.20 07:28:18	1,84	5,48	-10,88	-3,41	75,70
560	06.09.20 07:28:19	1,84	5,48	-3,87	0,68	85,45
561	06.09.20 07:28:20	1,84	5,50	-0,64	-3,10	86,26
562	06.09.20 07:28:21	1,81	5,47	-7,51	16,60	65,89
563	06.09.20 07:28:22	1,81	5,45	11,23	5,55	73,22
564	06.09.20 07:28:23	1,81	5,47	-4,96	-4,34	80,70
565	06.09.20 07:28:24	1,81	5,47	-6,54	1,93	81,52
566	06.09.20 07:28:25	1,81	5,47	-2,19	3,69	84,12
567	06.09.20 07:28:26	1,81	5,47	-6,04	11,36	72,60
568	06.09.20 07:28:27	1,81	5,50	0,12	3,84	86,04
569	06.09.20 07:28:28	1,81	5,52	-0,76	-4,44	84,79
570	06.09.20 07:28:29	1,77	5,47	-5,88	4,10	80,02
571	06.09.20 07:28:30	1,77	5,49	-7,11	2,96	79,93
572	06.09.20 07:28:31	1,77	5,49	17,12	-7,02	65,86
573	06.09.20 07:28:32	1,77	5,49	-0,48	1,10	88,42
574	06.09.20 07:28:33	1,77	5,49	-9,88	-1,27	78,85
575	06.09.20 07:28:34	1,77	5,52	1,74	-0,06	88,20
576	06.09.20 07:28:35	1,77	5,49	-4,37	0,45	85,18
577	06.09.20 07:28:36	1,73	5,51	-4,29	4,54	81,17
578	06.09.20 07:28:37	1,73	5,51	-7,14	5,97	76,90
579	06.09.20 07:28:38	1,73	5,56	1,57	6,05	82,39
580	06.09.20 07:28:39	1,69	5,51	-8,74	3,31	77,95
581	06.09.20 07:28:40	1,69	5,51	-10,15	1,12	78,72
582	06.09.20 07:28:41	1,69	5,51	-5,03	1,70	83,28
583	06.09.20 07:28:42	1,69	5,49	-9,68	1,59	78,73
584	06.09.20 07:28:43	1,69	5,51	-8,71	1,52	79,77
585	06.09.20 07:28:44	1,69	5,51	-8,75	0,54	80,71
586	06.09.20 07:28:45	1,69	5,49	-9,16	-0,90	79,94
587	06.09.20 07:28:46	1,69	5,49	-10,87	2,04	77,09
588	06.09.20 07:28:47	1,69	5,49	-8,39	4,59	77,02
589	06.09.20 07:28:48	1,65	5,48	7,62	-3,45	78,93
590	06.09.20 07:28:49	1,65	5,41	-0,27	9,51	80,22
591	06.09.20 07:28:50	1,65	5,48	4,78	-2,40	82,82
592	06.09.20 07:28:51	1,65	5,43	-0,21	-2,12	87,66
593	06.09.20 07:28:52	1,65	5,46	-0,93	1,94	87,13
594	06.09.20 07:28:53	1,65	5,43	2,19	0,17	87,64
595	06.09.20 07:28:54	1,61	5,45	-6,59	-3,22	80,18
596	06.09.20 07:28:55	1,61	5,43	-0,91	-0,84	88,24
597	06.09.20 07:28:56	1,61	5,43	7,27	-8,92	73,81
598	06.09.20 07:28:57	1,61	5,43	-9,58	-2,06	78,36
599	06.09.20 07:28:58	1,61	5,43	-11,62	-1,43	76,96
600	06.09.20 07:28:59	1,61	5,43	-0,32	0,61	89,07
601	06.09.20 07:29:00	1,61	5,41	-16,58	0,41	73,00
602	06.09.20 07:29:01	1,61	5,38	-8,56	1,78	79,66
603	06.09.20 07:29:02	1,61	5,41	-2,49	1,21	86,29
604	06.09.20 07:29:03	1,61	5,41	6,79	-10,77	72,44
605	06.09.20 07:29:04	1,57	5,43	9,89	-1,48	78,62
606	06.09.20 07:29:05	1,57	5,45	1,22	-1,83	86,95
607	06.09.20 07:29:06	1,57	5,47	-3,77	2,34	83,88
608	06.09.20 07:29:07	1,54	5,47	-5,07	-7,67	77,26
609	06.09.20 07:29:08	1,54	5,58	-5,67	-2,71	81,62
610	06.09.20 07:29:09	1,54	5,49	-6,16	0,43	83,41
611	06.09.20 07:29:10	1,54	5,52	-3,55	-5,64	80,81
612	06.09.20 07:29:11	1,54	5,52	-4,87	-0,47	84,67
613	06.09.20 07:29:12	1,54	5,52	-8,64	-0,40	80,96
614	06.09.20 07:29:13	1,54	5,52	-3,92	2,89	83,19
615	06.09.20 07:29:14	1,54	5,49	-2,34	1,43	86,23
616	06.09.20 07:29:15	1,54	5,52	11,52	14,28	64,20
617	06.09.20 07:29:16	1,54	5,52	20,31	-18,55	51,14
618	06.09.20 07:29:17	1,54	5,52	5,72	1,76	82,52
619	06.09.20 07:29:18	1,54	5,52	0,33	0,47	89,20
620	06.09.20 07:29:19	1,50	5,53	-9,81	-2,24	77,95
621	06.09.20 07:29:20	1,50	5,51	-2,69	5,11	82,20
622	06.09.20 07:29:21	1,50	5,51	-3,24	5,65	81,11
623	06.09.20 07:29:22	1,50	5,51	-4,49	1,04	84,47
624	06.09.20 07:29:23	1,50	5,53	2,40	9,39	78,21
625	06.09.20 07:29:24	1,50	5,53	-3,32	5,25	81,42
626	06.09.20 07:29:25	1,50	5,51	-2,34	1,62	86,03
627	06.09.20 07:29:26	1,46	5,53	3,83	-1,62	84,55
628	06.09.20 07:29:27	1,46	5,51	-4,80	-1,80	83,40
629	06.09.20 07:29:28	1,46	5,51	-7,50	-2,49	80,01
630	06.09.20 07:29:29	1,46	5,51	7,27	10,05	72,68
631	06.09.20 07:29:30	1,46	5,51	22,02	-12,72	55,25
632	06.09.20 07:29:31	1,46	5,53	25,11	-26,12	38,77
633	06.09.20 07:29:32	1,46	5,51	-7,85	0,81	81,34
634	06.09.20 07:29:33	1,42	5,53	-5,45	2,34	82,20
635	06.09.20 07:29:34	1,42	5,50	8,47	-1,09	80,44
636	06.09.20 07:29:35	1,42	5,48	-5,25	0,70	84,06
637	06.09.20 07:29:36	1,42	5,53	-4,15	3,63	82,23
638	06.09.20 07:29:37	1,42	5,53	-4,57	3,35	82,07
639	06.09.20 07:29:38	1,42	5,50	-3,22	5,38	81,40
640	06.09.20 07:29:39	1,42	5,53	-6,43	2,81	80,76
641	06.09.20 07:29:40	1,42	5,55	-8,49	3,10	78,41
642	06.09.20 07:29:41	1,42	5,50	-10,66	3,34	76,00
643	06.09.20 07:29:42	1,42	5,53	-6,52	6,57	76,91
644	06.09.20 07:29:43	1,42	5,53	-2,26	0,12	87,62
645	06.09.20 07:29:44	1,42	5,53	2,05	0,23	87,72
646	06.09.20 07:29:45	1,42	5,53	-3,35	0,03	86,62
647	06.09.20 07:29:46	1,42	5,50	-3,83	1,75	84,42
648	06.09.20 07:29:47	1,42	5,53	0,62	4,18	85,20
649	06.09.20 07:29:48	1,42	5,50	0,37	4,40	85,23
650	06.09.20 07:29:49	1,42	5,50	-4,99	1,54	83,47
651	06.09.20 07:29:50	1,42	5,50	-6,76	0,28	82,96
652	06.09.20 07:29:51	1,42	5,50	-1,87	1,01	87,12
653	06.09.20 07:29:52	1,38	5,52	-2,15	3,31	84,54
654	06.09.20 07:29:53	1,38	5,50	-1,81	1,71	86,47
655	06.09.20 07:29:54	1,38	5,50	-3,73	0,55	85,72
656	06.09.20 07:29:55	1,38	5,50	-5,77	-7,09	77,14
657	06.09.20 07:29:56	1,38	5,50	4,04	14,53	71,43
658	06.09.20 07:29:57	1,38	5,48	30,98	10,00	49,02
659	06.09.20 07:29:58	1,38	5,50	5,64	-3,59	80,77
660	06.09.20 07:29:59	1,38	5,52	-0,76	1,69	87,55
661	06.09.20 07:30:00	1,38	5,50	-0,72	5,86	83,42
662	06.09.20 07:30:01	1,34	5,49	-7,03	1,40	81,57
663	06.09.20 07:30:02	1,34	5,49	-6,35	0,43	83,22
664	06.09.20 07:30:03	1,34	5,49	-1,74	-2,12	86,14
665	06.09.20 07:30:04	1,34	5,49	-1,31	-1,92	86,77
666	06.09.20 07:30:05	1,34	5,52	-2,24	0,20	87,56
667	06.09.20 07:30:06	1,34	5,49	-4,88	-2,61	82,51
668	06.09.20 07:30:07	1,34	5,52	-0,66	2,98	86,37
669	06.09.20 07:30:08	1,34	5,49	-3,03	1,33	85,64
670	06.09.20 07:30:09	1,34	5,49	-2,17	0,58	87,25
671	06.09.20 07:30:10	1,34	5,47	-5,21	-0,73	84,06
672	06.09.20 07:30:11	1,34	5,49	-4,59	1,10	84,30
673	06.09.20 07:30:12	1,34	5,49	-0,74	1,39	87,87
674	06.09.20 07:30:13	1,34	5,49	-0,67	-2,67	86,66
675	06.09.20 07:30:14	1,34	5,49	-7,73	1,15	81,12
676	06.09.20 07:30:15	1,34	5,49	-7,70	-6,18	76,11
677	06.09.20 07:30:16	1,34	5,54	2,52	-4,77	82,71
678	06.09.20 07:30:17	1,34	5,56	-6,18	-0,47	83,34
679	06.09.20 07:30:18	1,34	5,54	6,10	-4,65	79,25
680	06.09.20 07:30:19	1,34	5,54	2,00	0,56	87,43
681	06.09.20 07:30:20	1,34	5,54	25,11	25,91	38,98
682	06.09.20 07:30:21	1,30	5,49	12,96	-1,26	75,78
683	06.09.20 07:30:22	1,30	5,58	46,23	7,65	36,12
684	06.09.20 07:30:23	1,30	5,54	17,52	-3,64	68,84
685	06.09.20 07:30:24	1,30	5,54	-0,84	-0,58	88,58
686	06.09.20 07:30:25	1,27	5,51	-4,43	-0,64	84,92
687	06.09.20 07:30:26	1,27	5,51	1,29	-0,85	87,86
688	06.09.20 07:30:27	1,27	5,51	-2,21	-2,64	85,16
689	06.09.20 07:30:28	1,27	5,53	-4,02	-2,24	83,73
690	06.09.20 07:30:29	1,27	5,53	-7,45	0,93	81,62
691	06.09.20 07:30:30	1,27	5,53	-0,06	0,26	89,68
692	06.09.20 07:30:31	1,27	5,51	-0,74	-0,89	88,37
693	06.09.20 07:30:32	1,23	5,53	3,45	0,97	85,58
694	06.09.20 07:30:33	1,23	5,48	40,42	-20,46	29,13
695	06.09.20 07:30:34	1,23	5,51	-4,35	1,31	84,34
696	06.09.20 07:30:35	1,23	5,51	-3,56	-1,62	84,82
697	06.09.20 07:30:36	1,23	5,51	-10,89	-0,85	78,26
698	06.09.20 07:30:37	1,23	5,48	-2,30	2,06	85,64
699	06.09.20 07:30:38	1,23	5,51	-4,80	2,93	82,27
700	06.09.20 07:30:39	1,23	5,51	-1,01	0,69	88,30
701	06.09.20 07:30:40	1,23	5,51	-4,42	0,41	85,17
702	06.09.20 07:30:41	1,23	5,53	9,30	5,55	75,15
703	06.09.20 07:30:42	1,23	5,53	0,11	1,46	88,43
704	06.09.20 07:30:43	1,19	5,50	-1,94	0,40	87,66
705	06.09.20 07:30:44	1,19	5,52	-4,03	4,90	81,07
706	06.09.20 07:30:45	1,19	5,50	0,57	2,54	86,89
707	06.09.20 07:30:46	1,19	5,48	-7,44	4,74	77,82
708	06.09.20 07:30:47	1,19	5,50	-0,40	3,94	85,66
709	06.09.20 07:30:48	1,19	5,50	-3,27	12,10	74,63
710	06.09.20 07:30:49	1,19	5,50	-5,79	14,84	69,37
711	06.09.20 07:30:50	1,19	5,50	-3,33	14,90	71,77
712	06.09.20 07:30:51	1,19	5,52	3,21	23,80	62,99
713	06.09.20 07:30:52	1,19	5,50	1,26	26,73	62,01
714	06.09.20 07:30:53	1,19	5,48	5,76	22,06	62,18
715	06.09.20 07:30:54	1,19	5,50	10,98	24,33	54,69
716	06.09.20 07:30:55	1,19	5,50	27,04	17,12	45,84
717	06.09.20 07:30:56	1,19	5,50	35,36	13,57	41,07
718	06.09.20 07:30:57	1,19	5,46	36,38	15,16	38,46
719	06.09.20 07:30:58	1,19	5,48	30,18	14,07	45,75
720	06.09.20 07:30:59	1,19	5,43	27,65	15,89	46,47
721	06.09.20 07:31:00	1,19	5,46	39,30	17,08	33,62
722	06.09.20 07:31:01	1,19	5,43	40,51	13,96	35,52
723	06.09.20 07:31:02	1,19	5,41	31,65	13,54	44,81
724	06.09.20 07:31:03	1,19	5,41	30,47	19,11	40,42
725	06.09.20 07:31:04	1,19	5,41	44,96	14,58	30,47
726	06.09.20 07:31:05	1,19	5,39	34,85	15,04	40,11
727	06.09.20 07:31:06	1,19	5,36	32,48	13,29	44,22
728	06.09.20 07:31:07	1,19	5,34	29,50	19,18	41,32
729	06.09.20 07:31:08	1,19	5,36	40,17	15,12	34,71
730	06.09.20 07:31:09	1,19	5,36	33,54	15,41	41,05
731	06.09.20 07:31:10	1,19	5,34	29,79	18,43	41,78
732	06.09.20 07:31:11	1,19	5,32	38,68	13,60	37,72
733	06.09.20 07:31:12	1,19	5,29	37,69	17,41	34,90
734	06.09.20 07:31:13	1,19	5,29	34,28	18,67	37,06
735	06.09.20 07:31:14	1,15	5,29	32,45	17,36	40,19
736	06.09.20 07:31:15	1,15	5,24	27,52	18,87	43,61
737	06.09.20 07:31:16	1,15	5,24	41,04	12,24	36,71
738	06.09.20 07:31:17	1,15	5,24	38,60	17,33	34,07
739	06.09.20 07:31:18	1,15	5,22	31,24	19,93	38,83
740	06.09.20 07:31:19	1,15	5,20	33,67	16,93	39,39
741	06.09.20 07:31:20	1,15	5,17	40,65	16,53	32,82
742	06.09.20 07:31:21	1,15	5,17	40,63	17,93	31,43
743	06.09.20 07:31:22	1,15	5,15	32,89	20,19	36,92
744	06.09.20 07:31:23	1,15	5,13	32,68	16,82	40,50
745	06.09.20 07:31:24	1,15	5,10	34,03	18,90	37,06
746	06.09.20 07:31:25	1,15	5,10	41,30	18,20	30,49
747	06.09.20 07:31:26	1,15	5,08	32,23	21,19	36,58
748	06.09.20 07:31:27	1,15	5,06	37,72	14,61	37,67
749	06.09.20 07:31:28	1,15	5,03	35,94	18,14	35,92
750	06.09.20 07:31:29	1,11	5,03	48,61	16,53	24,85
751	06.09.20 07:31:30	1,11	5,05	47,85	18,78	23,37
752	06.09.20 07:31:31	1,11	5,05	51,15	17,31	21,54
753	06.09.20 07:31:32	1,11	5,03	45,24	17,01	27,76
754	06.09.20 07:31:33	1,11	5,01	44,80	17,80	27,40
755	06.09.20 07:31:34	1,11	5,01	49,97	19,27	20,76
756	06.09.20 07:31:35	1,11	5,01	48,34	17,63	24,03
757	06.09.20 07:31:36	1,11	5,01	45,74	17,06	27,20
758	06.09.20 07:31:37	1,11	4,98	48,73	17,82	23,45
759	06.09.20 07:31:38	1,11	4,98	49,37	17,91	22,72
760	06.09.20 07:31:39	1,11	4,96	44,07	18,22	27,71
761	06.09.20 07:31:40	1,11	4,94	42,36	19,02	28,62
762	06.09.20 07:31:41	1,11	4,94	48,05	19,30	22,65
763	06.09.20 07:31:42	1,11	4,94	47,26	18,14	24,60
764	06.09.20 07:31:43	1,11	4,89	38,88	20,82	30,30
765	06.09.20 07:31:44	1,11	4,87	41,94	18,17	29,89
766	06.09.20 07:31:45	1,11	4,89	44,26	20,86	24,87
767	06.09.20 07:31:46	1,11	4,87	44,24	19,96	25,80
768	06.09.20 07:31:47	1,11	4,82	43,26	18,66	28,08
769	06.09.20 07:31:48	1,11	4,80	39,99	21,04	28,97
770	06.09.20 07:31:49	1,11	4,78	44,04	20,05	25,91
771	06.09.20 07:31:50	1,11	4,78	42,77	20,60	26,62
772	06.09.20 07:31:51	1,11	4,75	39,26	20,67	30,06
773	06.09.20 07:31:52	1,07	4,70	35,94	21,52	32,55
774	06.09.20 07:31:53	1,07	4,70	41,62	19,56	28,82
775	06.09.20 07:31:54	1,07	4,68	40,99	20,42	28,59
776	06.09.20 07:31:55	1,07	4,66	36,64	21,82	31,54
777	06.09.20 07:31:56	1,07	4,61	38,44	20,38	31,17
778	06.09.20 07:31:57	1,07	4,59	43,66	18,74	27,60
779	06.09.20 07:31:58	1,07	4,59	37,30	21,47	31,23
780	06.09.20 07:31:59	1,07	4,54	35,00	21,96	33,05
781	06.09.20 07:32:00	1,03	4,51	41,15	19,63	29,22
782	06.09.20 07:32:01	1,03	4,51	42,83	18,20	28,97
783	06.09.20 07:32:02	1,03	4,49	35,56	20,16	34,28
784	06.09.20 07:32:03	1,03	4,44	35,33	20,91	33,76
785	06.09.20 07:32:04	1,03	4,44	40,63	18,12	31,25
786	06.09.20 07:32:05	1,03	4,42	39,37	17,60	33,03
787	06.09.20 07:32:06	0,99	4,39	38,56	18,03	33,41
788	06.09.20 07:32:07	0,99	4,35	41,73	15,32	32,95
789	06.09.20 07:32:08	0,99	4,35	39,45	14,66	35,89
790	06.09.20 07:32:09	0,99	4,30	43,41	12,65	33,94
791	06.09.20 07:32:10	0,99	4,30	48,68	9,91	31,42
792	06.09.20 07:32:11	0,99	4,28	50,02	7,93	32,05
793	06.09.20 07:32:12	0,99	4,26	50,99	5,16	33,86
794	06.09.20 07:32:13	0,99	4,23	50,88	5,50	33,63
795	06.09.20 07:32:14	0,99	4,21	54,31	2,73	32,96
796	06.09.20 07:32:15	0,99	4,21	60,21	2,55	27,24
797	06.09.20 07:32:16	0,99	4,19	57,36	1,15	31,49
798	06.09.20 07:32:17	0,99	4,14	50,85	2,67	36,48
799	06.09.20 07:32:18	0,99	4,14	67,02	2,23	20,75
800	06.09.20 07:32:19	0,99	4,14	67,17	-0,95	21,88
801	06.09.20 07:32:20	1,03	4,07	54,96	-5,49	29,55
802	06.09.20 07:32:21	1,03	4,07	61,64	-4,60	23,76
803	06.09.20 07:32:22	1,03	4,07	77,94	-0,46	11,59
804	06.09.20 07:32:23	1,03	4,12	65,14	14,62	10,24
805	06.09.20 07:32:24	1,03	4,10	60,17	7,26	22,57
806	06.09.20 07:32:25	1,03	4,12	66,14	4,08	19,79
807	06.09.20 07:32:26	1,03	4,17	68,75	-7,46	13,79
808	06.09.20 07:32:27	1,03	4,17	50,45	-19,14	20,40
809	06.09.20 07:32:28	1,03	4,14	45,29	-19,83	24,88
810	06.09.20 07:32:29	1,03	4,14	50,18	-19,88	19,94
811	06.09.20 07:32:30	1,03	4,21	51,14	-25,95	12,91
812	06.09.20 07:32:31	1,03	4,24	55,59	-20,41	14,00
813	06.09.20 07:32:32	1,03	4,24	53,60	-19,69	16,72
814	06.09.20 07:32:33	1,03	4,26	50,10	-22,35	17,55
815	06.09.20 07:32:34	1,03	4,28	52,69	-21,77	15,54
816	06.09.20 07:32:35	1,03	4,31	56,48	-19,10	14,43
817	06.09.20 07:32:36	1,07	4,33	55,81	-17,78	16,41
818	06.09.20 07:32:37	1,07	4,31	57,64	-13,72	18,64
819	06.09.20 07:32:38	1,07	4,31	62,47	-7,81	19,72
820	06.09.20 07:32:39	1,07	4,31	68,55	-1,86	19,59
821	06.09.20 07:32:40	1,07	4,26	56,75	5,83	27,42
822	06.09.20 07:32:41	1,07	4,19	48,59	5,54	35,87
823	06.09.20 07:32:42	1,07	4,15	43,06	7,85	39,09
824	06.09.20 07:32:43	1,07	4,10	47,07	4,57	38,36
825	06.09.20 07:32:44	1,07	4,01	47,39	1,62	40,99
826	06.09.20 07:32:45	1,07	3,96	44,68	2,25	43,07
827	06.09.20 07:32:46	1,07	3,89	48,87	0,62	40,51
828	06.09.20 07:32:47	1,03	3,84	47,44	-3,33	39,24
829	06.09.20 07:32:48	1,03	3,77	46,11	-5,44	38,46
830	06.09.20 07:32:49	1,03	3,68	46,39	-5,38	38,23
831	06.09.20 07:32:50	1,07	3,62	47,34	-6,84	35,82
832	06.09.20 07:32:51	1,07	3,55	45,41	-9,30	35,28
833	06.09.20 07:32:52	1,15	3,44	41,87	-14,33	33,80
834	06.09.20 07:32:53	1,19	3,37	41,89	-17,10	31,01
835	06.09.20 07:32:54	1,23	3,31	42,39	-18,72	28,90
836	06.09.20 07:32:55	1,30	3,23	37,77	-23,18	29,05
837	06.09.20 07:32:56	1,30	3,13	34,82	-22,80	32,38
838	06.09.20 07:32:57	1,34	3,09	37,95	-18,78	33,27
839	06.09.20 07:32:58	1,38	3,07	44,57	-18,31	27,12
840	06.09.20 07:32:59	1,38	3,05	43,77	-17,79	28,44
841	06.09.20 07:33:00	1,38	3,03	44,34	-16,91	28,74
842	06.09.20 07:33:01	1,38	3,03	45,13	-23,09	21,78
843	06.09.20 07:33:02	1,38	3,07	50,39	-24,92	14,69
844	06.09.20 07:33:03	1,42	3,10	53,37	-22,54	14,10
845	06.09.20 07:33:04	1,42	3,12	51,10	-23,65	15,25
846	06.09.20 07:33:05	1,42	3,19	64,26	-24,21	1,54
847	06.09.20 07:33:06	1,42	3,26	68,43	-18,35	-3,22
848	06.09.20 07:33:07	1,46	3,36	62,59	-16,74	10,67
849	06.09.20 07:33:08	1,46	3,40	64,93	-15,05	10,02
850	06.09.20 07:33:09	1,46	3,50	74,03	-13,37	2,60
851	06.09.20 07:33:10	1,46	3,61	71,21	-9,76	9,02
852	06.09.20 07:33:11	1,50	3,68	73,48	-8,54	7,98
853	06.09.20 07:33:12	1,50	3,78	75,38	-6,28	8,34
854	06.09.20 07:33:13	1,50	3,85	76,66	-4,45	8,89
855	06.09.20 07:33:14	1,50	3,94	72,66	-2,02	15,32
856	06.09.20 07:33:15	1,50	4,03	77,11	-2,43	10,46
857	06.09.20 07:33:16	1,50	4,10	76,37	-2,59	11,04
858	06.09.20 07:33:17	1,50	4,17	75,29	-1,76	12,95
859	06.09.20 07:33:18	1,50	4,26	76,09	-2,80	11,11
860	06.09.20 07:33:19	1,50	4,33	72,15	-4,36	13,49
861	06.09.20 07:33:20	1,50	4,40	73,38	-3,95	12,67
862	06.09.20 07:33:21	1,50	4,45	71,32	-5,25	13,43
863	06.09.20 07:33:22	1,50	4,52	73,60	-5,19	11,20
864	06.09.20 07:33:23	1,50	4,56	71,35	-4,44	14,21
865	06.09.20 07:33:24	1,46	4,61	73,81	-2,87	13,32
866	06.09.20 07:33:25	1,46	4,65	78,30	-1,25	10,46
867	06.09.20 07:33:26	1,46	4,70	76,14	0,49	13,37
868	06.09.20 07:33:27	1,42	4,69	75,88	2,18	11,94
869	06.09.20 07:33:28	1,42	4,74	76,15	3,11	10,74
870	06.09.20 07:33:29	1,42	4,79	74,53	4,56	10,91
871	06.09.20 07:33:30	1,38	4,81	73,64	5,64	10,72
872	06.09.20 07:33:31	1,38	4,81	73,86	5,66	10,48
873	06.09.20 07:33:32	1,38	4,83	73,62	5,97	10,41
874	06.09.20 07:33:33	1,38	4,83	73,64	5,73	10,63
875	06.09.20 07:33:34	1,34	4,87	73,68	4,17	12,15
876	06.09.20 07:33:35	1,34	4,82	75,99	2,90	11,10
877	06.09.20 07:33:36	1,34	4,85	77,78	3,37	8,85
878	06.09.20 07:33:37	1,34	4,87	76,31	2,30	11,39
879	06.09.20 07:33:38	1,34	4,87	77,22	0,20	12,57
880	06.09.20 07:33:39	1,34	4,85	79,60	0,77	9,63
881	06.09.20 07:33:40	1,30	4,82	80,15	2,32	7,53
882	06.09.20 07:33:41	1,30	4,87	64,33	16,11	9,57
883	06.09.20 07:33:42	1,30	4,82	54,66	23,50	11,83
884	06.09.20 07:33:43	1,30	4,82	58,49	25,16	6,35
885	06.09.20 07:33:44	1,27	4,79	55,16	28,72	6,12
886	06.09.20 07:33:45	1,27	4,79	54,40	29,36	6,25
887	06.09.20 07:33:46	1,27	4,75	46,70	33,64	9,66
888	06.09.20 07:33:47	1,27	4,72	48,23	33,96	7,82
889	06.09.20 07:33:48	1,23	4,67	52,00	31,79	6,21
890	06.09.20 07:33:49	1,23	4,67	50,14	30,77	9,09
891	06.09.20 07:33:50	1,23	4,63	48,03	30,94	11,03
892	06.09.20 07:33:51	1,23	4,65	51,35	29,20	9,45
893	06.09.20 07:33:52	1,23	4,60	50,77	29,02	10,21
894	06.09.20 07:33:53	1,23	4,60	46,67	29,98	13,34
895	06.09.20 07:33:54	1,23	4,58	47,70	24,94	17,36
896	06.09.20 07:33:55	1,23	4,58	61,73	5,99	22,28
897	06.09.20 07:33:56	1,23	4,58	73,01	-2,46	14,53
898	06.09.20 07:33:57	1,19	4,53	66,46	-4,31	19,23
899	06.09.20 07:33:58	1,19	4,53	63,76	-7,45	18,79
900	06.09.20 07:33:59	1,19	4,53	63,94	-9,64	16,42
901	06.09.20 07:34:00	1,15	4,50	57,31	-12,56	20,13
902	06.09.20 07:34:01	1,15	4,48	51,29	-15,50	23,21
903	06.09.20 07:34:02	1,15	4,41	50,82	-16,65	22,53
904	06.09.20 07:34:03	1,15	4,39	49,30	-17,78	22,92
905	06.09.20 07:34:04	1,15	4,36	49,14	-18,13	22,73
906	06.09.20 07:34:05	1,15	4,34	51,64	-16,38	21,98
907	06.09.20 07:34:06	1,15	4,32	51,21	-15,92	22,87
908	06.09.20 07:34:07	1,15	4,32	52,61	-14,32	23,06
909	06.09.20 07:34:08	1,15	4,30	54,32	-12,63	23,06
910	06.09.20 07:34:09	1,15	4,27	55,69	-8,74	25,56
911	06.09.20 07:34:10	1,15	4,27	59,44	-6,53	24,04
912	06.09.20 07:34:11	1,15	4,27	64,23	-4,17	21,60
913	06.09.20 07:34:12	1,15	4,25	66,00	0,63	23,37
914	06.09.20 07:34:13	1,15	4,23	53,34	7,32	29,34
915	06.09.20 07:34:14	1,15	4,20	48,81	16,58	24,61
916	06.09.20 07:34:15	1,15	4,16	44,68	24,19	21,13
917	06.09.20 07:34:16	1,15	4,13	43,25	27,66	19,09
918	06.09.20 07:34:17	1,15	4,11	44,51	29,99	15,50
919	06.09.20 07:34:18	1,15	4,06	42,88	33,42	13,69
920	06.09.20 07:34:19	1,15	3,99	40,70	36,32	12,97
921	06.09.20 07:34:20	1,15	3,95	39,05	36,46	14,48
922	06.09.20 07:34:21	1,15	3,88	39,74	34,32	15,95
923	06.09.20 07:34:22	1,15	3,83	38,38	32,13	19,50
924	06.09.20 07:34:23	1,15	3,76	39,07	25,76	25,17
925	06.09.20 07:34:24	1,15	3,67	40,36	20,11	29,53
926	06.09.20 07:34:25	1,15	3,58	38,09	19,18	32,72
927	06.09.20 07:34:26	1,15	3,53	40,00	17,59	32,41
928	06.09.20 07:34:27	1,11	3,41	41,57	16,31	32,12
929	06.09.20 07:34:28	1,15	3,35	43,02	14,42	32,56
930	06.09.20 07:34:29	1,15	3,28	42,23	13,02	34,75
931	06.09.20 07:34:30	1,15	3,16	37,86	15,11	37,03
932	06.09.20 07:34:31	1,15	3,05	39,85	11,55	38,60
933	06.09.20 07:34:32	1,15	3,00	41,78	10,37	37,85
934	06.09.20 07:34:33	1,15	2,91	40,92	10,50	38,58
935	06.09.20 07:34:34	1,19	2,84	40,26	9,51	40,24
936	06.09.20 07:34:35	1,19	2,71	39,26	8,49	42,25
937	06.09.20 07:34:36	1,23	2,64	41,45	7,33	41,22
938	06.09.20 07:34:37	1,27	2,57	42,40	6,92	40,68
939	06.09.20 07:34:38	1,27	2,48	41,06	6,45	42,49
940	06.09.20 07:34:39	1,27	2,41	38,91	5,30	45,79
941	06.09.20 07:34:40	1,27	2,30	32,96	11,45	45,59
942	06.09.20 07:34:41	1,27	2,25	39,96	6,07	43,97
943	06.09.20 07:34:42	1,30	2,14	34,50	9,36	46,14
944	06.09.20 07:34:43	1,38	2,08	32,73	9,74	47,53
945	06.09.20 07:34:44	1,38	1,99	35,18	10,00	44,82
946	06.09.20 07:34:45	1,42	1,90	32,45	11,36	46,19
947	06.09.20 07:34:46	1,42	1,85	30,92	12,65	46,43
948	06.09.20 07:34:47	1,46	1,79	30,75	10,84	48,41
949	06.09.20 07:34:48	1,50	1,72	38,83	0,70	50,47
950	06.09.20 07:34:49	1,54	1,63	30,30	8,90	50,80
951	06.09.20 07:34:50	1,65	1,58	33,07	2,46	54,47
952	06.09.20 07:34:51	1,92	1,35	24,49	11,10	54,40
953	06.09.20 07:34:52	2,15	1,28	26,14	9,57	54,28
954	06.09.20 07:34:53	2,49	1,11	25,06	7,42	57,52
955	06.09.20 07:34:54	2,94	0,97	23,96	9,25	56,79
956	06.09.20 07:34:55	3,39	0,83	19,48	7,91	62,61
957	06.09.20 07:34:56	3,83	0,76	19,74	11,95	58,31
958	06.09.20 07:34:57	4,12	0,72	23,68	11,18	55,13
959	06.09.20 07:34:58	4,37	0,66	28,47	9,56	51,98
960	06.09.20 07:34:59	4,73	0,55	27,81	14,39	47,80
961	06.09.20 07:35:00	4,95	0,55	28,54	15,27	46,19
962	06.09.20 07:35:01	5,05	0,54	32,15	9,22	48,63
963	06.09.20 07:35:02	5,09	0,52	30,99	6,43	52,58
964	06.09.20 07:35:03	5,16	0,53	33,10	5,32	51,57
965	06.09.20 07:35:04	5,27	0,49	30,51	4,81	54,68
966	06.09.20 07:35:05	5,41	0,43	29,44	4,57	55,98
967	06.09.20 07:35:06	5,55	0,38	28,43	7,50	54,07
968	06.09.20 07:35:07	5,76	0,29	28,57	4,56	56,87
969	06.09.20 07:35:08	5,97	0,26	26,32	2,61	61,08
970	06.09.20 07:35:09	6,29	0,17	27,55	-0,14	62,31
971	06.09.20 07:35:10	6,53	0,10	27,74	0,32	61,95
972	06.09.20 07:35:11	6,74	0,06	25,64	1,78	62,58
973	06.09.20 07:35:12	6,91	0,03	24,85	2,58	62,57
974	06.09.20 07:35:13	7,08	0,00	30,49	0,54	58,96
975	06.09.20 07:35:14	7,22	0,00	34,91	-0,62	54,47
976	06.09.20 07:35:15	7,29	0,00	37,03	0,08	52,88
977	06.09.20 07:35:16	7,35	0,00	35,95	3,12	50,93
978	06.09.20 07:35:17	7,39	0,00	34,20	0,00	55,80
979	06.09.20 07:35:18	7,42	0,00	37,10	5,64	47,26
980	06.09.20 07:35:19	7,42	0,00	32,20	4,77	53,03
981	06.09.20 07:35:20	7,46	0,00	33,68	7,77	48,55
982	06.09.20 07:35:21	7,52	0,00	33,28	11,65	45,07
983	06.09.20 07:35:22	7,56	0,00	35,41	5,43	49,17
984	06.09.20 07:35:23	7,59	0,00	29,93	7,33	52,74
985	06.09.20 07:35:24	7,63	0,00	32,04	6,35	51,61
986	06.09.20 07:35:25	7,69	0,00	37,53	8,00	44,47
987	06.09.20 07:35:26	7,73	0,00	28,16	6,76	55,09
988	06.09.20 07:35:27	7,73	0,00	26,02	13,54	50,43
989	06.09.20 07:35:28	7,76	0,00	29,97	12,73	47,31
990	06.09.20 07:35:29	7,76	0,00	30,60	9,27	50,14
991	06.09.20 07:35:30	7,80	0,00	31,11	7,00	51,89
992	06.09.20 07:35:31	7,90	0,00	28,04	13,15	48,81
993	06.09.20 07:35:32	8,03	0,00	18,74	18,23	53,03
994	06.09.20 07:35:33	8,20	0,00	29,33	11,63	49,04
995	06.09.20 07:35:34	8,33	0,00	21,59	15,84	52,57
996	06.09.20 07:35:35	8,50	0,00	21,22	14,18	54,60
997	06.09.20 07:35:36	8,60	0,00	27,63	14,01	48,36
998	06.09.20 07:35:37	8,67	0,00	26,33	21,30	42,37
999	06.09.20 07:35:38	8,77	0,00	29,50	18,67	41,83
1000	06.09.20 07:35:39	8,80	0,00	29,05	18,84	42,11
1001	06.09.20 07:35:40	8,83	0,00	24,91	15,62	49,47
1002	06.09.20 07:35:41	8,93	0,00	27,06	18,23	44,71
1003	06.09.20 07:35:42	9,03	0,00	24,59	21,60	43,81
1004	06.09.20 07:35:43	9,07	0,00	30,60	19,63	39,76
1005	06.09.20 07:35:44	9,13	0,00	30,39	13,75	45,86
1006	06.09.20 07:35:45	9,16	0,00	29,99	9,33	50,68
1007	06.09.20 07:35:46	9,20	0,00	23,64	15,02	51,33
1008	06.09.20 07:35:47	9,26	0,00	17,95	16,25	55,80
1009	06.09.20 07:35:48	9,30	0,00	23,88	9,16	56,97
1010	06.09.20 07:35:49	9,33	0,00	22,71	5,05	62,24
1011	06.09.20 07:35:50	9,43	0,00	26,41	-9,65	53,94
1012	06.09.20 07:35:51	9,49	0,00	26,10	9,04	54,85
1013	06.09.20 07:35:52	9,59	0,00	39,06	-0,75	50,19
1014	06.09.20 07:35:53	9,66	0,00	29,39	3,75	56,86
1015	06.09.20 07:35:54	9,72	0,00	27,00	7,72	55,28
1016	06.09.20 07:35:55	9,79	0,00	43,75	4,14	42,11
1017	06.09.20 07:35:56	9,82	0,00	45,09	5,89	39,01
1018	06.09.20 07:35:57	9,85	0,00	43,81	10,02	36,17
1019	06.09.20 07:35:58	9,85	0,00	42,61	11,98	35,40
1020	06.09.20 07:35:59	9,85	0,00	22,14	10,09	57,77
1021	06.09.20 07:36:00	9,85	0,00	9,02	10,30	70,68
1022	06.09.20 07:36:01	9,92	0,00	24,69	12,59	52,73
1023	06.09.20 07:36:02	10,02	0,00	23,88	14,18	51,94
1024	06.09.20 07:36:03	10,08	0,00	25,94	8,67	55,39
1025	06.09.20 07:36:04	10,11	0,00	19,64	19,16	51,20
1026	06.09.20 07:36:05	10,18	0,00	25,06	11,63	53,31
1027	06.09.20 07:36:06	10,24	0,00	36,72	9,86	43,42
1028	06.09.20 07:36:07	10,28	0,00	33,52	12,57	43,90
1029	06.09.20 07:36:08	10,28	0,00	22,87	15,54	51,59
1030	06.09.20 07:36:09	10,31	0,00	32,52	-5,71	51,77
1031	06.09.20 07:36:10	10,34	0,00	14,49	10,62	64,89
1032	06.09.20 07:36:11	10,41	0,00	19,02	10,65	60,33
1033	06.09.20 07:36:12	10,50	0,00	26,08	10,97	52,95
1034	06.09.20 07:36:13	10,57	0,00	25,90	12,35	51,74
1035	06.09.20 07:36:14	10,63	0,00	25,45	8,05	56,50
1036	06.09.20 07:36:15	10,66	0,00	21,43	1,74	66,83
1037	06.09.20 07:36:16	10,70	0,00	24,11	6,58	59,32
1038	06.09.20 07:36:17	10,70	0,00	27,03	-8,51	54,46
1039	06.09.20 07:36:18	10,73	0,00	19,28	6,85	63,87
1040	06.09.20 07:36:19	10,79	0,00	35,80	8,73	45,47
1041	06.09.20 07:36:20	10,86	0,00	56,88	25,63	7,49
1042	06.09.20 07:36:21	10,86	0,00	57,55	28,83	3,61
1043	06.09.20 07:36:22	10,79	0,00	54,07	24,78	-11,15
1044	06.09.20 07:36:23	10,73	0,00	60,86	26,07	3,07
1045	06.09.20 07:36:24	10,63	0,00	59,94	26,31	3,74
1046	06.09.20 07:36:25	10,57	0,00	56,86	29,60	3,54
1047	06.09.20 07:36:26	10,50	0,00	61,19	23,64	5,16
1048	06.09.20 07:36:27	10,44	0,00	62,24	25,75	2,01
1049	06.09.20 07:36:28	10,37	0,00	69,01	17,66	3,33
1050	06.09.20 07:36:29	10,34	0,00	66,76	20,59	2,65
1051	06.09.20 07:36:30	10,28	0,00	61,52	26,15	2,33
1052	06.09.20 07:36:31	10,24	0,00	68,84	19,06	-2,10
1053	06.09.20 07:36:32	10,18	0,00	51,94	19,12	-18,94
1054	06.09.20 07:36:33	10,15	0,00	64,20	23,46	-2,35
1055	06.09.20 07:36:34	10,08	0,00	56,99	27,76	5,25
1056	06.09.20 07:36:35	10,05	0,00	58,44	25,88	5,68
1057	06.09.20 07:36:36	10,02	0,00	60,25	23,04	6,71
1058	06.09.20 07:36:37	9,98	0,00	76,47	9,74	3,79
1059	06.09.20 07:36:38	9,95	0,00	73,96	9,51	6,53
1060	06.09.20 07:36:39	9,92	0,00	77,22	-5,45	7,33
1061	06.09.20 07:36:40	9,89	0,00	78,87	-4,86	6,28
1062	06.09.20 07:36:41	9,85	0,00	81,46	1,03	7,51
1063	06.09.20 07:36:42	9,85	0,00	81,68	-0,80	7,52
1064	06.09.20 07:36:43	9,82	0,00	79,76	-3,64	6,60
1065	06.09.20 07:36:44	9,79	0,01	74,22	-9,13	6,65
1066	06.09.20 07:36:45	9,76	0,00	69,52	-12,62	7,86
1067	06.09.20 07:36:46	9,72	0,00	63,78	20,92	5,30
1068	06.09.20 07:36:47	9,72	0,00	59,49	25,11	5,40
1069	06.09.20 07:36:48	9,69	0,01	61,65	28,02	0,33
1070	06.09.20 07:36:49	9,66	0,00	69,21	16,02	4,77
1071	06.09.20 07:36:50	9,62	0,00	83,72	1,37	4,91
1072	06.09.20 07:36:51	9,62	0,00	63,95	-16,39	9,65
1073	06.09.20 07:36:52	9,59	0,01	70,92	-12,47	6,61
1074	06.09.20 07:36:53	9,56	0,01	70,82	12,60	6,58
1075	06.09.20 07:36:54	9,56	0,01	26,39	28,70	34,91
1076	06.09.20 07:36:55	9,53	0,01	-5,87	0,53	83,59
1077	06.09.20 07:36:56	9,53	0,03	-7,33	10,71	71,96
1078	06.09.20 07:36:57	9,49	0,03	-4,54	11,80	73,66
1079	06.09.20 07:36:58	9,46	0,01	-13,03	2,75	74,22
1080	06.09.20 07:36:59	9,46	0,00	-12,18	4,82	72,99
1081	06.09.20 07:37:00	9,46	0,01	-9,42	7,36	73,22
1082	06.09.20 07:37:01	9,43	0,01	-8,12	6,16	75,72
1083	06.09.20 07:37:02	9,39	0,03	-7,72	6,73	75,55
1084	06.09.20 07:37:03	9,39	0,01	-8,23	7,05	74,72
1085	06.09.20 07:37:04	9,39	0,01	-13,06	4,13	72,81
1086	06.09.20 07:37:05	9,36	0,01	-14,91	-13,25	61,84
1087	06.09.20 07:37:06	9,36	0,03	-29,30	31,01	-29,69
1088	06.09.20 07:37:07	9,36	0,01	-1,42	84,45	-4,13
1089	06.09.20 07:37:08	9,36	0,03	-1,02	87,92	-1,06
1090	06.09.20 07:37:09	9,36	0,01	0,90	86,04	-3,06
1091	06.09.20 07:37:10	9,36	0,01	0,24	83,37	-6,39
1092	06.09.20 07:37:11	9,33	0,01	-0,46	85,30	-4,24
1093	06.09.20 07:37:12	9,33	0,01	0,81	86,85	-2,33
1094	06.09.20 07:37:13	9,33	0,01	-1,05	85,81	-3,14
1095	06.09.20 07:37:14	9,33	0,03	-0,85	84,84	-4,31
1096	06.09.20 07:37:15	9,33	0,01	0,81	84,55	-4,64
1097	06.09.20 07:37:16	9,33	0,01	-0,42	85,41	-4,18
1098	06.09.20 07:37:17	9,33	0,03	0,06	87,16	-2,78
1099	06.09.20 07:37:18	9,33	0,01	-0,30	86,48	-3,22
1100	06.09.20 07:37:19	9,30	0,01	0,47	84,32	-5,21
1101	06.09.20 07:37:20	9,30	0,03	0,54	85,31	-4,15
1102	06.09.20 07:37:21	9,30	0,03	0,21	87,28	-2,52
1103	06.09.20 07:37:22	9,30	0,01	0,67	85,79	-3,55
1104	06.09.20 07:37:23	9,30	0,03	0,15	84,75	-5,10
1105	06.09.20 07:37:24	9,30	0,01	0,33	86,02	-3,64
1106	06.09.20 07:37:25	9,30	0,01	0,76	86,21	-3,04
1107	06.09.20 07:37:26	9,30	0,03	0,15	85,74	-4,11
1108	06.09.20 07:37:27	9,30	0,03	0,24	85,97	-3,79
1109	06.09.20 07:37:28	9,26	0,03	0,49	85,82	-3,68
1110	06.09.20 07:37:29	9,26	0,03	1,14	84,77	-4,08
1111	06.09.20 07:37:30	9,26	0,03	0,53	85,04	-4,43
1112	06.09.20 07:37:31	9,26	0,01	0,38	86,77	-2,85
1113	06.09.20 07:37:32	9,26	0,03	1,08	86,06	-2,86
1114	06.09.20 07:37:33	9,26	0,03	0,78	84,11	-5,11
1115	06.09.20 07:37:34	9,26	0,03	1,08	84,06	-4,87
1116	06.09.20 07:37:35	9,26	0,01	0,35	86,11	-3,53
1117	06.09.20 07:37:36	9,26	0,01	0,71	87,05	-2,25
1118	06.09.20 07:37:37	9,26	0,01	0,27	87,05	-2,68
1119	06.09.20 07:37:38	9,26	0,03	0,41	83,07	-6,52
1120	06.09.20 07:37:39	9,26	0,03	2,24	82,83	-4,93
1121	06.09.20 07:37:40	9,26	0,01	0,12	87,93	-1,95
1122	06.09.20 07:37:41	9,26	0,01	-0,18	88,30	-1,52
1123	06.09.20 07:37:42	9,26	0,03	0,65	84,96	-4,39
1124	06.09.20 07:37:43	9,26	0,03	1,18	81,83	-6,99
1125	06.09.20 07:37:44	9,26	0,03	0,48	86,14	-3,38
1126	06.09.20 07:37:45	9,26	0,03	0,86	87,75	-1,38
1127	06.09.20 07:37:46	9,26	0,01	0,93	85,84	-3,23
1128	06.09.20 07:37:47	9,26	0,01	-0,29	84,94	-4,77
1129	06.09.20 07:37:48	9,26	0,01	0,52	85,49	-3,99
1130	06.09.20 07:37:49	9,30	0,01	1,72	84,19	-4,10
1131	06.09.20 07:37:50	9,30	0,01	1,25	84,79	-3,96
1132	06.09.20 07:37:51	9,26	0,01	0,41	87,24	-2,35
1133	06.09.20 07:37:52	9,26	0,03	-0,89	84,71	-4,39
1134	06.09.20 07:37:53	9,26	0,03	0,34	83,28	-6,38
1135	06.09.20 07:37:54	9,26	0,03	1,50	85,14	-3,36
1136	06.09.20 07:37:55	9,30	0,01	0,18	87,62	-2,21
1137	06.09.20 07:37:56	9,30	0,01	-0,59	85,43	-3,97
1138	06.09.20 07:37:57	9,30	0,01	0,37	83,74	-5,90
1139	06.09.20 07:37:58	9,30	0,01	1,45	84,21	-4,34
1140	06.09.20 07:37:59	9,30	0,03	0,84	86,93	-2,23
1141	06.09.20 07:38:00	9,30	0,01	0,09	86,41	-3,50
1142	06.09.20 07:38:01	9,30	0,03	0,18	83,82	-6,00
1143	06.09.20 07:38:02	9,30	0,03	-0,09	85,62	-4,29
1144	06.09.20 07:38:03	9,30	0,01	0,60	87,09	-2,32
1145	06.09.20 07:38:04	9,30	0,01	0,54	86,59	-2,87
1146	06.09.20 07:38:05	9,30	0,01	0,46	83,03	-6,51
1147	06.09.20 07:38:06	9,30	0,01	0,27	85,16	-4,57
1148	06.09.20 07:38:07	9,30	0,01	1,42	87,20	-1,38
1149	06.09.20 07:38:08	9,30	0,03	0,39	86,49	-3,12
1150	06.09.20 07:38:09	9,30	0,03	-0,56	83,27	-6,17
1151	06.09.20 07:38:10	9,30	0,03	1,17	83,57	-5,26
1152	06.09.20 07:38:11	9,30	0,03	1,57	88,13	0,30
1153	06.09.20 07:38:12	9,33	0,03	-8,54	73,56	-7,89
1154	06.09.20 07:38:13	9,33	0,01	4,83	83,09	-2,07
1155	06.09.20 07:38:14	9,33	0,01	5,04	82,34	-2,62
1156	06.09.20 07:38:15	9,33	0,01	1,61	86,03	-2,36
1157	06.09.20 07:38:16	9,33	0,01	1,51	86,68	-1,81
1158	06.09.20 07:38:17	9,33	0,01	4,07	84,27	-1,66
1159	06.09.20 07:38:18	9,33	0,03	4,38	82,33	-3,28
1160	06.09.20 07:38:19	9,33	0,03	2,37	85,11	-2,52
1161	06.09.20 07:38:20	9,33	0,01	2,29	86,16	-1,55
1162	06.09.20 07:38:21	9,33	0,01	3,09	83,90	-3,01
1163	06.09.20 07:38:22	9,33	0,01	3,75	83,44	-2,81
1164	06.09.20 07:38:23	9,33	0,03	3,15	85,70	-1,15
1165	06.09.20 07:38:24	9,36	0,01	2,88	84,94	-2,18
1166	06.09.20 07:38:25	9,36	0,01	2,18	85,20	-2,62
1167	06.09.20 07:38:26	9,36	0,01	3,37	85,39	-1,23
1168	06.09.20 07:38:27	9,36	0,01	4,33	83,07	-2,60
1169	06.09.20 07:38:28	9,36	0,00	2,44	84,53	-3,03
1170	06.09.20 07:38:29	9,36	0,01	2,10	85,69	-2,21
1171	06.09.20 07:38:30	9,36	0,01	3,37	83,73	-2,91
1172	06.09.20 07:38:31	9,36	0,00	3,67	83,62	-2,71
1173	06.09.20 07:38:32	9,39	0,00	2,94	86,05	-1,01
1174	06.09.20 07:38:33	9,39	0,01	3,29	85,34	-1,36
1175	06.09.20 07:38:34	9,39	0,01	2,04	84,78	-3,18
1176	06.09.20 07:38:35	9,39	0,00	2,46	85,49	-2,05
1177	06.09.20 07:38:36	9,39	0,00	4,96	83,78	-1,26
1178	06.09.20 07:38:37	9,39	0,01	2,97	83,51	-3,52
1179	06.09.20 07:38:38	9,39	0,00	1,34	85,37	-3,29
1180	06.09.20 07:38:39	9,39	0,01	3,45	85,03	-1,52
1181	06.09.20 07:38:40	9,43	0,00	3,88	84,39	-1,73
1182	06.09.20 07:38:41	9,43	0,00	3,04	84,29	-2,66
1183	06.09.20 07:38:42	9,43	0,01	2,32	85,46	-2,22
1184	06.09.20 07:38:43	9,43	0,01	2,66	85,94	-1,40
1185	06.09.20 07:38:44	9,43	0,01	3,88	83,68	-2,44
1186	06.09.20 07:38:45	9,43	0,01	2,59	85,22	-2,20
1187	06.09.20 07:38:46	9,46	0,00	3,03	84,65	-2,32
1188	06.09.20 07:38:47	9,46	0,01	3,33	83,94	-2,73
1189	06.09.20 07:38:48	9,46	0,01	2,41	85,14	-2,45
1190	06.09.20 07:38:49	9,46	0,01	2,78	84,55	-2,66
1191	06.09.20 07:38:50	9,46	0,01	4,10	83,19	-2,70
1192	06.09.20 07:38:51	9,46	0,01	2,88	85,39	-1,73
1193	06.09.20 07:38:52	9,46	0,00	1,91	86,35	-1,74
1194	06.09.20 07:38:53	9,49	0,01	3,00	84,02	-2,98
1195	06.09.20 07:38:54	9,49	0,01	4,10	83,57	-2,33
1196	06.09.20 07:38:55	9,49	0,01	3,16	84,99	-1,86
1197	06.09.20 07:38:56	9,49	0,01	2,20	84,95	-2,86
1198	06.09.20 07:38:57	9,49	0,01	3,11	84,25	-2,64
1199	06.09.20 07:38:58	9,53	0,01	3,51	83,82	-2,68
1200	06.09.20 07:38:59	9,53	0,01	2,16	84,25	-3,59
1201	06.09.20 07:39:00	9,53	0,01	3,57	84,23	-2,20
1202	06.09.20 07:39:01	9,53	0,01	4,59	83,53	-1,88
1203	06.09.20 07:39:02	9,53	0,01	1,23	87,07	-1,70
1204	06.09.20 07:39:03	9,53	0,01	1,42	85,50	-3,08
1205	06.09.20 07:39:04	9,56	0,01	4,62	82,32	-3,06
1206	06.09.20 07:39:05	9,56	0,01	4,61	83,43	-1,96
1207	06.09.20 07:39:06	9,56	0,00	1,56	86,51	-1,93
1208	06.09.20 07:39:07	9,56	0,01	0,77	86,47	-2,76
1209	06.09.20 07:39:08	9,59	0,00	3,23	83,43	-3,34
1210	06.09.20 07:39:09	9,59	0,01	4,86	82,11	-3,04
1211	06.09.20 07:39:10	9,59	0,01	2,76	86,31	-0,93
1212	06.09.20 07:39:11	9,59	0,01	0,39	87,50	-2,11
1213	06.09.20 07:39:12	9,59	0,01	2,47	83,81	-3,72
1214	06.09.20 07:39:13	9,59	0,00	5,73	81,78	-2,49
1215	06.09.20 07:39:14	9,62	0,01	2,86	86,34	-0,79
1216	06.09.20 07:39:15	9,62	0,01	-0,62	87,31	-2,07
1217	06.09.20 07:39:16	9,62	0,01	3,04	83,50	-3,46
1218	06.09.20 07:39:17	9,62	0,01	6,12	81,23	-2,64
1219	06.09.20 07:39:18	9,62	0,00	1,59	86,22	-2,19
1220	06.09.20 07:39:19	9,66	0,01	0,34	88,52	-1,14
1221	06.09.20 07:39:20	9,66	0,01	4,25	83,66	-2,09
1222	06.09.20 07:39:21	9,66	0,01	3,75	83,12	-3,13
1223	06.09.20 07:39:22	9,66	0,00	1,61	85,66	-2,72
1224	06.09.20 07:39:23	9,69	0,00	3,61	84,52	-1,87
1225	06.09.20 07:39:24	9,69	0,00	2,34	86,60	-1,06
1226	06.09.20 07:39:25	9,69	0,01	2,54	84,97	-2,49
1227	06.09.20 07:39:26	9,69	0,00	3,19	83,06	-3,75
1228	06.09.20 07:39:27	9,69	0,00	2,90	84,57	-2,53
1229	06.09.20 07:39:28	9,72	0,01	3,43	86,45	-0,12
1230	06.09.20 07:39:29	9,72	0,00	2,66	85,41	-1,93
1231	06.09.20 07:39:30	9,72	0,01	1,29	85,46	-3,25
1232	06.09.20 07:39:31	9,72	0,00	3,66	84,54	-1,79
1233	06.09.20 07:39:32	9,72	0,01	5,28	83,73	-0,99
1234	06.09.20 07:39:33	9,76	0,01	1,14	86,72	-2,13
1235	06.09.20 07:39:34	9,76	0,01	0,93	86,25	-2,82
1236	06.09.20 07:39:35	9,76	0,01	5,15	82,31	-2,54
1237	06.09.20 07:39:36	9,76	0,01	3,79	83,46	-2,75
1238	06.09.20 07:39:37	9,79	0,01	0,35	85,98	-3,67
1239	06.09.20 07:39:38	9,79	0,01	2,92	86,04	-1,04
1240	06.09.20 07:39:39	9,79	0,01	3,89	84,57	-1,55
1241	06.09.20 07:39:40	9,79	0,01	1,83	85,20	-2,97
1242	06.09.20 07:39:41	9,82	0,00	0,34	87,97	-1,69
1243	06.09.20 07:39:42	9,82	0,00	0,15	87,86	-1,99
1244	06.09.20 07:39:43	9,82	0,01	0,39	88,31	-1,30
1245	06.09.20 07:39:44	9,82	0,00	1,01	87,56	-1,43
1246	06.09.20 07:39:45	9,82	0,01	1,51	86,62	-1,87
1247	06.09.20 07:39:46	9,85	0,00	1,28	87,66	-1,05
1248	06.09.20 07:39:47	9,85	0,00	1,56	87,39	-1,05
1249	06.09.20 07:39:48	9,85	0,00	2,20	86,45	-1,35
1250	06.09.20 07:39:49	9,85	0,00	2,40	84,85	-2,75
1251	06.09.20 07:39:50	9,85	0,01	1,63	81,52	-6,85
1252	06.09.20 07:39:51	9,85	0,01	1,95	79,51	-8,54
1253	06.09.20 07:39:52	9,89	0,00	2,90	74,94	-12,16
1254	06.09.20 07:39:53	9,89	0,00	1,94	76,46	-11,61
1255	06.09.20 07:39:54	9,89	0,00	2,34	72,54	-15,12
1256	06.09.20 07:39:55	9,89	0,00	1,13	72,79	-16,08
1257	06.09.20 07:39:56	9,92	0,00	0,06	78,17	-11,77
1258	06.09.20 07:39:57	9,92	0,01	2,00	75,06	-12,94
1259	06.09.20 07:39:58	9,92	0,00	2,02	76,01	-11,97
1260	06.09.20 07:39:59	9,92	0,00	1,57	79,01	-9,42
1261	06.09.20 07:40:00	9,95	0,00	1,94	80,18	-7,88
1262	06.09.20 07:40:01	9,95	0,00	2,39	78,83	-8,78
1263	06.09.20 07:40:02	9,95	0,00	2,21	77,66	-10,13
1264	06.09.20 07:40:03	9,95	0,00	0,97	80,92	-8,11
1265	06.09.20 07:40:04	9,98	0,00	3,42	77,05	-9,53
1266	06.09.20 07:40:05	9,98	0,01	1,99	76,94	-11,07
1267	06.09.20 07:40:06	9,98	0,01	0,92	76,06	-13,02
1268	06.09.20 07:40:07	9,98	0,01	1,82	75,73	-12,45
1269	06.09.20 07:40:08	10,02	0,01	2,85	75,87	-11,28
1270	06.09.20 07:40:09	10,02	0,01	2,96	78,62	-8,42
1271	06.09.20 07:40:10	10,02	0,01	2,01	80,88	-7,12
1272	06.09.20 07:40:11	10,02	0,01	3,53	79,57	-6,90
1273	06.09.20 07:40:12	10,02	0,01	2,91	81,90	-5,20
1274	06.09.20 07:40:13	10,05	0,01	4,60	78,68	-6,72
1275	06.09.20 07:40:14	10,05	0,00	2,77	78,72	-8,51
1276	06.09.20 07:40:15	10,05	0,01	1,79	80,17	-8,04
1277	06.09.20 07:40:16	10,05	0,00	4,00	76,48	-9,52
1278	06.09.20 07:40:17	10,05	0,00	2,65	76,62	-10,73
1279	06.09.20 07:40:18	10,08	0,01	1,82	73,72	-14,46
1280	06.09.20 07:40:19	10,08	0,01	1,61	73,02	-15,37
1281	06.09.20 07:40:20	10,08	0,00	2,54	72,80	-14,66
1282	06.09.20 07:40:21	10,08	0,00	1,97	74,42	-13,62
1283	06.09.20 07:40:22	10,08	0,00	2,80	75,42	-11,79
1284	06.09.20 07:40:23	10,11	0,00	2,32	77,49	-10,19
1285	06.09.20 07:40:24	10,11	0,00	3,57	77,75	-8,68
1286	06.09.20 07:40:25	10,11	0,01	3,40	79,38	-7,23
1287	06.09.20 07:40:26	10,11	0,00	2,83	79,45	-7,71
1288	06.09.20 07:40:27	10,11	0,00	3,53	79,39	-7,08
1289	06.09.20 07:40:28	10,11	0,00	3,12	77,92	-8,96
1290	06.09.20 07:40:29	10,15	0,00	3,18	77,67	-9,14
1291	06.09.20 07:40:30	10,15	0,00	3,06	77,67	-9,27
1292	06.09.20 07:40:31	10,15	0,00	3,44	75,72	-10,84
1293	06.09.20 07:40:32	10,15	0,00	3,26	76,53	-10,21
1294	06.09.20 07:40:33	10,15	0,00	2,66	75,79	-11,56
1295	06.09.20 07:40:34	10,18	0,00	2,65	76,78	-10,56
1296	06.09.20 07:40:35	10,18	0,00	3,07	77,21	-9,72
1297	06.09.20 07:40:36	10,18	0,00	3,74	79,31	-6,95
1298	06.09.20 07:40:37	10,18	0,00	2,64	77,70	-9,65
1299	06.09.20 07:40:38	10,18	0,00	3,00	76,48	-10,53
1300	06.09.20 07:40:39	10,21	0,01	3,27	77,72	-9,01
1301	06.09.20 07:40:40	10,21	0,01	3,07	78,61	-8,32
1302	06.09.20 07:40:41	10,21	0,01	4,03	77,00	-8,97
1303	06.09.20 07:40:42	10,21	0,01	2,25	77,20	-10,54
1304	06.09.20 07:40:43	10,21	0,01	3,45	76,33	-10,22
1305	06.09.20 07:40:44	10,24	0,01	3,78	78,13	-8,09
1306	06.09.20 07:40:45	10,24	0,01	2,54	79,15	-8,31
1307	06.09.20 07:40:46	10,24	0,01	3,64	77,21	-9,16
1308	06.09.20 07:40:47	10,24	0,01	4,26	78,38	-7,36
1309	06.09.20 07:40:48	10,24	0,01	2,64	80,75	-6,61
1310	06.09.20 07:40:49	10,28	0,01	4,40	79,92	-5,67
1311	06.09.20 07:40:50	10,28	0,01	3,80	80,41	-5,79
1312	06.09.20 07:40:51	10,28	0,00	3,60	82,77	-3,64
1313	06.09.20 07:40:52	10,28	0,01	4,02	82,53	-3,44
1314	06.09.20 07:40:53	10,28	0,00	4,46	83,10	-2,44
1315	06.09.20 07:40:54	10,31	0,00	3,28	84,35	-2,37
1316	06.09.20 07:40:55	10,31	0,01	4,54	83,92	-1,54
1317	06.09.20 07:40:56	10,31	0,01	3,61	83,01	-3,37
1318	06.09.20 07:40:57	10,31	0,00	3,56	81,47	-4,97
1319	06.09.20 07:40:58	10,31	0,01	4,55	80,54	-4,91
1320	06.09.20 07:40:59	10,31	0,00	3,25	81,90	-4,85
1321	06.09.20 07:41:00	10,34	0,00	2,82	81,42	-5,76
1322	06.09.20 07:41:01	10,34	0,00	4,04	78,17	-7,80
1323	06.09.20 07:41:02	10,34	0,00	4,01	78,50	-7,49
1324	06.09.20 07:41:03	10,34	0,00	2,83	80,17	-7,00
1325	06.09.20 07:41:04	10,34	0,00	2,58	77,76	-9,66
1326	06.09.20 07:41:05	10,37	0,00	4,91	76,71	-8,38
1327	06.09.20 07:41:06	10,37	0,00	3,69	81,78	-4,52
1328	06.09.20 07:41:07	10,37	0,00	2,84	84,78	-2,38
1329	06.09.20 07:41:08	10,37	0,00	3,69	82,34	-3,97
1330	06.09.20 07:41:09	10,37	0,00	5,04	82,30	-2,66
1331	06.09.20 07:41:10	10,37	0,00	3,58	86,06	-0,35
1332	06.09.20 07:41:11	10,41	0,00	3,35	86,06	-0,59
1333	06.09.20 07:41:12	10,41	0,00	5,08	81,41	-3,51
1334	06.09.20 07:41:13	10,41	0,01	4,23	83,05	-2,72
1335	06.09.20 07:41:14	10,41	0,00	3,48	83,38	-3,15
1336	06.09.20 07:41:15	10,41	0,00	3,36	80,80	-5,84
1337	06.09.20 07:41:16	10,41	0,00	3,95	80,19	-5,86
1338	06.09.20 07:41:17	10,44	0,00	2,36	80,65	-6,99
1339	06.09.20 07:41:18	10,44	0,00	3,51	81,52	-4,97
1340	06.09.20 07:41:19	10,44	0,00	4,93	80,19	-4,88
1341	06.09.20 07:41:20	10,44	0,00	2,31	81,43	-6,26
1342	06.09.20 07:41:21	10,44	0,00	3,23	80,81	-5,97
1343	06.09.20 07:41:22	10,44	0,00	4,28	80,59	-5,13
1344	06.09.20 07:41:23	10,47	0,00	3,36	81,49	-5,15
1345	06.09.20 07:41:24	10,47	0,00	3,00	79,92	-7,08
1346	06.09.20 07:41:25	10,47	0,00	4,67	79,85	-5,47
1347	06.09.20 07:41:26	10,47	0,01	2,72	83,27	-4,01
1348	06.09.20 07:41:27	10,47	0,00	4,20	82,10	-3,70
1349	06.09.20 07:41:28	10,50	0,00	4,87	80,79	-4,34
1350	06.09.20 07:41:29	10,50	0,01	3,22	82,66	-4,12
1351	06.09.20 07:41:30	10,50	0,00	3,42	83,82	-2,77
1352	06.09.20 07:41:31	10,50	0,00	4,03	82,86	-3,11
1353	06.09.20 07:41:32	10,50	0,00	4,25	82,14	-3,61
1354	06.09.20 07:41:33	10,50	0,00	2,90	80,23	-6,86
1355	06.09.20 07:41:34	10,53	0,00	4,00	78,40	-7,60
1356	06.09.20 07:41:35	10,53	0,00	3,31	81,35	-5,34
1357	06.09.20 07:41:36	10,53	0,00	3,35	82,74	-3,91
1358	06.09.20 07:41:37	10,53	0,01	3,86	80,28	-5,86
1359	06.09.20 07:41:38	10,53	0,01	4,49	79,31	-6,20
1360	06.09.20 07:41:39	10,57	0,01	2,97	80,72	-6,32
1361	06.09.20 07:41:40	10,57	0,00	3,15	81,55	-5,30
1362	06.09.20 07:41:41	10,57	0,00	4,04	81,59	-4,37
1363	06.09.20 07:41:42	10,57	0,00	4,14	82,23	-3,62
1364	06.09.20 07:41:43	10,57	0,00	3,10	82,46	-4,44
1365	06.09.20 07:41:44	10,60	0,00	4,30	83,32	-2,38
1366	06.09.20 07:41:45	10,60	0,00	3,73	82,54	-3,73
1367	06.09.20 07:41:46	10,60	0,00	3,55	81,33	-5,12
1368	06.09.20 07:41:47	10,60	0,00	4,17	79,63	-6,20
1369	06.09.20 07:41:48	10,60	0,00	2,82	81,28	-5,91
1370	06.09.20 07:41:49	10,63	0,00	3,75	80,72	-5,53
1371	06.09.20 07:41:50	10,63	0,00	4,30	79,32	-6,37
1372	06.09.20 07:41:51	10,63	0,00	2,47	81,14	-6,38
1373	06.09.20 07:41:52	10,63	0,00	3,82	81,80	-4,37
1374	06.09.20 07:41:53	10,63	0,00	3,50	80,80	-5,70
1375	06.09.20 07:41:54	10,63	0,00	3,30	80,14	-6,56
1376	06.09.20 07:41:55	10,66	0,00	2,99	80,26	-6,75
1377	06.09.20 07:41:56	10,66	0,00	5,17	81,83	-3,00
1378	06.09.20 07:41:57	10,66	0,00	2,26	83,82	-3,91
1379	06.09.20 07:41:58	10,66	0,00	3,61	79,59	-6,80
1380	06.09.20 07:41:59	10,70	0,01	4,83	78,98	-6,19
1381	06.09.20 07:42:00	10,70	0,00	2,98	82,51	-4,51
1382	06.09.20 07:42:01	10,70	0,00	3,32	82,45	-4,23
1383	06.09.20 07:42:02	10,70	0,00	3,73	81,78	-4,49
1384	06.09.20 07:42:03	10,70	0,01	4,38	82,35	-3,27
1385	06.09.20 07:42:04	10,70	0,00	3,92	83,44	-2,64
1386	06.09.20 07:42:05	10,73	0,01	2,44	82,62	-4,94
1387	06.09.20 07:42:06	10,73	0,00	4,90	81,27	-3,83
1388	06.09.20 07:42:07	10,73	0,00	3,82	82,45	-3,73
1389	06.09.20 07:42:08	10,73	0,00	2,47	80,99	-6,54
1390	06.09.20 07:42:09	10,73	0,00	4,45	78,79	-6,77
1391	06.09.20 07:42:10	10,76	0,00	4,46	79,97	-5,57
1392	06.09.20 07:42:11	10,76	0,00	3,07	81,83	-5,10
1393	06.09.20 07:42:12	10,76	0,00	2,84	82,16	-4,99
1394	06.09.20 07:42:13	10,76	0,00	4,18	80,87	-4,96
1395	06.09.20 07:42:14	10,76	0,00	3,64	79,05	-7,32
1396	06.09.20 07:42:15	10,79	0,00	3,04	81,35	-5,61
1397	06.09.20 07:42:16	10,79	0,00	4,11	81,50	-4,40
1398	06.09.20 07:42:17	10,79	0,00	2,68	80,90	-6,41
1399	06.09.20 07:42:18	10,79	0,00	4,06	79,62	-6,32
1400	06.09.20 07:42:19	10,79	0,00	4,90	80,10	-4,99
1401	06.09.20 07:42:20	10,82	0,00	2,58	83,35	-4,08
1402	06.09.20 07:42:21	10,82	0,00	3,77	81,27	-4,96
1403	06.09.20 07:42:22	10,82	0,00	4,29	80,85	-4,85
1404	06.09.20 07:42:23	10,82	0,00	3,20	82,16	-4,65
1405	06.09.20 07:42:24	10,82	0,00	4,47	78,72	-6,81
1406	06.09.20 07:42:25	10,86	0,00	3,23	78,21	-8,55
1407	06.09.20 07:42:26	10,86	0,00	3,73	79,91	-6,36
1408	06.09.20 07:42:27	10,86	0,00	3,51	79,77	-6,72
1409	06.09.20 07:42:28	10,86	0,00	3,50	82,11	-4,39
1410	06.09.20 07:42:29	10,86	0,00	3,60	81,95	-4,45
1411	06.09.20 07:42:30	10,86	0,00	4,12	81,11	-4,77
1412	06.09.20 07:42:31	10,86	0,00	4,10	80,09	-5,81
1413	06.09.20 07:42:32	10,89	0,00	3,00	82,45	-4,55
1414	06.09.20 07:42:33	10,89	0,00	3,42	82,59	-3,99
1415	06.09.20 07:42:34	10,89	0,00	5,40	82,36	-2,24
1416	06.09.20 07:42:35	10,89	0,00	4,41	81,39	-4,19
1417	06.09.20 07:42:36	10,89	0,00	2,27	81,96	-5,77
1418	06.09.20 07:42:37	10,89	0,00	2,44	81,78	-5,78
1419	06.09.20 07:42:38	10,89	0,00	5,22	79,91	-4,86
1420	06.09.20 07:42:39	10,92	0,00	3,47	80,72	-5,81
1421	06.09.20 07:42:40	10,92	0,00	2,79	81,55	-5,66
1422	06.09.20 07:42:41	10,92	0,00	3,58	81,88	-4,54
1423	06.09.20 07:42:42	10,92	0,00	5,35	81,35	-3,29
1424	06.09.20 07:42:43	10,92	0,00	3,17	81,57	-5,27
1425	06.09.20 07:42:44	10,92	0,00	1,69	81,13	-7,17
1426	06.09.20 07:42:45	10,92	0,00	3,80	80,81	-5,39
1427	06.09.20 07:42:46	10,95	0,00	4,84	81,51	-3,65
1428	06.09.20 07:42:47	10,95	0,00	2,35	82,11	-5,54
1429	06.09.20 07:42:48	10,95	0,00	3,52	79,00	-7,48
1430	06.09.20 07:42:49	10,95	0,00	4,73	79,27	-6,00
1431	06.09.20 07:42:50	10,95	0,00	3,12	82,47	-4,41
1432	06.09.20 07:42:51	10,95	0,00	2,36	82,16	-5,49
1433	06.09.20 07:42:52	10,99	0,00	3,28	79,39	-7,33
1434	06.09.20 07:42:53	10,99	0,00	4,65	80,33	-5,02
1435	06.09.20 07:42:54	10,99	0,00	3,63	81,77	-4,60
1436	06.09.20 07:42:55	10,99	0,00	2,42	82,93	-4,65
1437	06.09.20 07:42:56	10,99	0,00	4,75	81,09	-4,16
1438	06.09.20 07:42:57	11,02	0,00	3,63	81,45	-4,93
1439	06.09.20 07:42:58	11,02	0,00	4,04	80,05	-5,91
1440	06.09.20 07:42:59	11,02	0,00	3,56	81,20	-5,24
1441	06.09.20 07:43:00	11,02	0,00	3,82	81,80	-4,38
1442	06.09.20 07:43:01	11,02	0,00	3,03	82,04	-4,94
1443	06.09.20 07:43:02	11,02	0,00	3,52	81,40	-5,08
1444	06.09.20 07:43:03	11,02	0,00	4,29	80,66	-5,06
1445	06.09.20 07:43:04	11,05	0,00	3,48	81,13	-5,40
1446	06.09.20 07:43:05	11,05	0,00	2,95	80,86	-6,20
1447	06.09.20 07:43:06	11,05	0,00	4,27	79,90	-5,82
1448	06.09.20 07:43:07	11,05	0,00	3,92	81,81	-4,27
1449	06.09.20 07:43:08	11,05	0,00	2,84	83,79	-3,37
1450	06.09.20 07:43:09	11,05	0,00	4,15	81,19	-4,66
1451	06.09.20 07:43:10	11,08	0,00	4,57	81,54	-3,89
1452	06.09.20 07:43:11	11,08	0,00	2,95	82,73	-4,32
1453	06.09.20 07:43:12	11,08	0,00	4,05	80,85	-5,10
1454	06.09.20 07:43:13	11,08	0,00	3,95	80,80	-5,25
1455	06.09.20 07:43:14	11,08	0,00	3,94	81,49	-4,57
1456	06.09.20 07:43:15	11,08	0,00	3,70	80,74	-5,57
1457	06.09.20 07:43:16	11,11	0,00	3,56	78,92	-7,52
1458	06.09.20 07:43:17	11,11	0,00	4,15	78,72	-7,13
1459	06.09.20 07:43:18	11,11	0,00	2,93	81,09	-5,98
1460	06.09.20 07:43:19	11,11	0,00	3,11	80,51	-6,38
1461	06.09.20 07:43:20	11,11	0,00	4,38	79,33	-6,30
1462	06.09.20 07:43:21	11,11	0,00	3,74	83,16	-3,10
1463	06.09.20 07:43:22	11,15	0,00	4,15	83,33	-2,52
1464	06.09.20 07:43:23	11,15	0,00	3,50	81,57	-4,93
1465	06.09.20 07:43:24	11,15	0,00	4,12	79,68	-6,20
1466	06.09.20 07:43:25	11,15	0,00	4,29	80,08	-5,63
1467	06.09.20 07:43:26	11,15	0,00	2,67	81,64	-5,68
1468	06.09.20 07:43:27	11,15	0,00	4,67	80,24	-5,10
1469	06.09.20 07:43:28	11,15	0,00	3,75	81,49	-4,75
1470	06.09.20 07:43:29	11,18	0,00	3,35	82,26	-4,38
1471	06.09.20 07:43:30	11,18	0,00	3,71	81,25	-5,04
1472	06.09.20 07:43:31	11,18	0,00	4,03	80,51	-5,46
1473	06.09.20 07:43:32	11,18	0,00	3,82	82,05	-4,13
1474	06.09.20 07:43:33	11,21	0,00	3,80	82,64	-3,55
1475	06.09.20 07:43:34	11,21	0,00	4,98	82,06	-2,97
1476	06.09.20 07:43:35	11,21	0,00	3,45	81,54	-5,01
1477	06.09.20 07:43:36	11,21	0,00	3,77	82,24	-3,99
1478	06.09.20 07:43:37	11,21	0,00	3,28	83,38	-3,33
1479	06.09.20 07:43:38	11,21	0,00	4,82	80,32	-4,86
1480	06.09.20 07:43:39	11,21	0,00	3,84	80,63	-5,53
1481	06.09.20 07:43:40	11,24	0,00	2,84	82,93	-4,23
1482	06.09.20 07:43:41	11,24	0,00	4,37	83,06	-2,56
1483	06.09.20 07:43:42	11,24	0,00	3,45	83,64	-2,91
1484	06.09.20 07:43:43	11,24	0,00	3,90	82,04	-4,05
1485	06.09.20 07:43:44	11,24	0,01	4,37	81,16	-4,47
1486	06.09.20 07:43:45	11,24	0,01	3,81	83,02	-3,17
1487	06.09.20 07:43:46	11,27	0,00	3,85	81,38	-4,77
1488	06.09.20 07:43:47	11,27	0,00	3,21	78,14	-8,65
1489	06.09.20 07:43:48	11,27	0,01	4,48	78,34	-7,18
1490	06.09.20 07:43:49	11,27	0,00	3,81	78,34	-7,84
1491	06.09.20 07:43:50	11,27	0,00	1,99	79,91	-8,10
1492	06.09.20 07:43:51	11,27	0,00	3,82	79,78	-6,40
1493	06.09.20 07:43:52	11,27	0,00	3,94	80,91	-5,15
1494	06.09.20 07:43:53	11,31	0,00	2,66	82,29	-5,05
1495	06.09.20 07:43:54	11,31	0,00	4,18	79,46	-6,36
1496	06.09.20 07:43:55	11,31	0,00	4,38	79,32	-6,30
1497	06.09.20 07:43:56	11,31	0,00	2,10	82,28	-5,62
1498	06.09.20 07:43:57	11,31	0,00	3,72	81,84	-4,44
1499	06.09.20 07:43:58	11,31	0,00	5,55	80,30	-4,15
1500	06.09.20 07:43:59	11,34	0,00	2,97	82,14	-4,90
1501	06.09.20 07:44:00	11,34	0,00	2,57	82,15	-5,28
1502	06.09.20 07:44:01	11,34	0,00	3,88	80,06	-6,06
1503	06.09.20 07:44:02	11,34	0,00	5,19	79,82	-4,99
1504	06.09.20 07:44:03	11,34	0,00	2,97	82,09	-4,94
1505	06.09.20 07:44:04	11,34	0,00	3,19	84,40	-2,42
1506	06.09.20 07:44:05	11,37	0,00	4,88	81,52	-3,61
1507	06.09.20 07:44:06	11,37	0,00	3,25	79,99	-6,76
1508	06.09.20 07:44:07	11,37	0,00	3,56	81,46	-4,98
1509	06.09.20 07:44:08	11,37	0,00	3,58	81,28	-5,14
1510	06.09.20 07:44:09	11,37	0,00	4,24	80,86	-4,91
1511	06.09.20 07:44:10	11,40	0,00	2,98	82,37	-4,65
1512	06.09.20 07:44:11	11,40	0,00	4,54	80,31	-5,15
1513	06.09.20 07:44:12	11,40	0,00	2,92	80,53	-6,55
1514	06.09.20 07:44:13	11,40	0,00	4,03	78,44	-7,52
1515	06.09.20 07:44:14	11,40	0,00	4,16	80,89	-4,96
1516	06.09.20 07:44:15	11,40	0,00	2,93	81,53	-5,53
1517	06.09.20 07:44:16	11,40	0,00	4,03	80,53	-5,45
1518	06.09.20 07:44:17	11,40	0,00	4,17	80,84	-5,00
1519	06.09.20 07:44:18	11,40	0,00	4,12	82,43	-3,45
1520	06.09.20 07:44:19	11,43	0,00	2,65	82,67	-4,68
1521	06.09.20 07:44:20	11,43	0,01	4,62	80,22	-5,16
1522	06.09.20 07:44:21	11,43	0,00	3,79	81,34	-4,88
1523	06.09.20 07:44:22	11,43	0,00	3,12	81,07	-5,80
1524	06.09.20 07:44:23	11,43	0,00	3,82	81,47	-4,71
1525	06.09.20 07:44:24	11,43	0,00	4,47	82,17	-3,35
1526	06.09.20 07:44:25	11,43	0,00	4,04	83,00	-2,95
1527	06.09.20 07:44:26	11,43	0,00	3,25	81,00	-5,75
1528	06.09.20 07:44:27	11,46	0,00	3,97	80,00	-6,03
1529	06.09.20 07:44:28	11,46	0,00	3,85	81,73	-4,42
1530	06.09.20 07:44:29	11,46	0,00	3,46	81,53	-5,01
1531	06.09.20 07:44:30	11,46	0,00	4,65	79,97	-5,38
1532	06.09.20 07:44:31	11,46	0,00	3,32	80,75	-5,93
1533	06.09.20 07:44:32	11,50	0,00	3,07	81,02	-5,91
1534	06.09.20 07:44:33	11,50	0,00	3,83	80,95	-5,22
1535	06.09.20 07:44:34	11,50	0,00	-39,93	30,40	19,68
1536	06.09.20 07:44:35	11,50	0,00	62,82	15,43	-11,74
1537	06.09.20 07:44:36	11,50	0,00	76,34	-8,53	-5,13
1538	06.09.20 07:44:37	11,50	0,00	58,91	-4,87	-26,22
1539	06.09.20 07:44:38	11,53	0,00	53,26	8,49	-28,25
1540	06.09.20 07:44:39	11,53	0,00	38,51	-5,73	-45,76
1541	06.09.20 07:44:40	11,53	0,00	8,71	-28,64	-52,65
1542	06.09.20 07:44:41	11,56	0,00	23,97	2,25	-63,77
1543	06.09.20 07:44:42	11,56	0,00	3,77	13,15	-73,08
1544	06.09.20 07:44:43	11,56	0,00	-5,56	18,37	-66,08
1545	06.09.20 07:44:44	11,56	0,00	-1,49	25,82	-62,69
1546	06.09.20 07:44:45	11,59	0,00	4,46	2,92	-82,62
1547	06.09.20 07:44:46	11,59	0,00	12,05	-20,93	-57,02
1548	06.09.20 07:44:47	11,59	0,00	0,99	-21,03	-67,98
1549	06.09.20 07:44:48	11,62	0,00	-8,04	-21,47	-60,49
1550	06.09.20 07:44:49	11,62	0,00	47,32	-15,24	-27,44
1551	06.09.20 07:44:50	11,66	0,01	-62,97	-12,17	-14,86
1552	06.09.20 07:44:51	11,78	0,00	-30,92	1,06	-58,02
1553	06.09.20 07:44:52	12,29	0,00	4,34	-3,54	-82,13
1554	06.09.20 07:44:53	12,51	0,00	-20,22	-13,17	-56,61
1555	06.09.20 07:44:54	12,63	0,00	-7,97	-14,20	-67,82
1556	06.09.20 07:44:55	12,73	0,00	27,45	-16,26	-46,30
1557	06.09.20 07:44:56	12,79	0,00	54,73	-13,31	-21,96
1558	06.09.20 07:44:57	12,82	0,00	-12,50	-13,23	-64,27
1559	06.09.20 07:44:58	12,85	0,00	11,24	35,65	-43,10
1560	06.09.20 07:44:59	12,92	0,00	-9,09	31,46	-49,45
1561	06.09.20 07:45:00	12,98	0,00	-27,93	49,18	-12,89
1562	06.09.20 07:45:01	13,01	0,00	-28,77	30,43	-30,80
1563	06.09.20 07:45:02	13,01	0,00	-26,51	36,38	-27,11
1564	06.09.20 07:45:03	13,04	0,00	-11,96	36,39	-41,65
1565	06.09.20 07:45:04	13,07	0,00	2,37	3,50	-84,12
1566	06.09.20 07:45:05	13,07	0,00	1,94	19,06	-69,01
1567	06.09.20 07:45:06	13,10	0,00	-14,90	9,15	-65,96
1568	06.09.20 07:45:07	13,10	0,00	12,66	39,42	-37,91
1569	06.09.20 07:45:08	13,13	0,00	20,24	29,31	-40,45
1570	06.09.20 07:45:09	13,13	0,00	17,33	70,46	-2,21
1571	06.09.20 07:45:10	13,17	0,00	21,70	64,88	3,42
1572	06.09.20 07:45:11	13,17	0,00	15,22	41,11	33,67
1573	06.09.20 07:45:12	13,17	0,00	0,38	-5,23	84,39
1574	06.09.20 07:45:13	13,17	0,00	1,02	2,77	86,21
1575	06.09.20 07:45:14	13,20	0,00	0,29	2,57	87,14
1576	06.09.20 07:45:15	13,20	0,00	0,14	2,73	87,12
1577	06.09.20 07:45:16	13,20	0,00	0,87	2,42	86,71
1578	06.09.20 07:45:17	13,20	0,00	2,92	2,87	84,21
1579	06.09.20 07:45:18	13,20	0,00	3,27	2,64	84,09
1580	06.09.20 07:45:19	13,20	0,00	0,23	2,60	87,17
1581	06.09.20 07:45:20	13,20	0,00	-0,09	2,07	87,84
1582	06.09.20 07:45:21	13,23	0,00	0,98	3,12	85,91
1583	06.09.20 07:45:22	13,23	0,00	0,09	2,40	87,51
1584	06.09.20 07:45:23	13,23	0,00	-1,80	1,54	86,66
1585	06.09.20 07:45:24	13,23	0,00	-1,41	3,48	85,10
1586	06.09.20 07:45:25	13,23	0,00	0,40	3,16	86,44
1587	06.09.20 07:45:26	13,23	0,00	0,54	1,49	87,97
1588	06.09.20 07:45:27	13,23	0,00	-0,78	1,95	87,27
1589	06.09.20 07:45:28	13,23	0,00	0,78	4,20	85,03
1590	06.09.20 07:45:29	13,23	0,00	1,17	2,21	86,62
1591	06.09.20 07:45:30	13,23	0,00	-0,97	1,10	87,94
1592	06.09.20 07:45:31	13,23	0,00	-0,18	4,34	85,49
1593	06.09.20 07:45:32	13,23	0,00	0,54	2,29	87,17
1594	06.09.20 07:45:33	13,23	0,00	1,18	0,89	87,93
1595	06.09.20 07:45:34	13,23	0,00	1,17	3,70	85,13
1596	06.09.20 07:45:35	13,23	0,00	-1,16	2,74	86,09
1597	06.09.20 07:45:36	13,23	0,00	1,04	-1,72	87,24
1598	06.09.20 07:45:37	13,32	0,00	-7,03	7,55	75,42
1599	06.09.20 07:45:38	13,38	0,00	-5,57	6,69	77,74
1600	06.09.20 07:45:39	13,38	0,00	-7,21	7,02	75,77
1601	06.09.20 07:45:40	13,38	0,00	-6,78	7,50	75,72
1602	06.09.20 07:45:41	13,38	0,00	-6,82	7,30	75,88
1603	06.09.20 07:45:42	13,38	0,00	-6,78	6,79	76,43
1604	06.09.20 07:45:43	13,38	0,00	-6,03	5,48	78,49
1605	06.09.20 07:45:44	13,38	0,00	-6,57	5,46	77,96
1606	06.09.20 07:45:45	13,38	0,00	-6,19	5,11	78,70
1607	06.09.20 07:45:46	13,38	0,00	-6,05	5,24	78,71
1608	06.09.20 07:45:47	13,38	0,00	-6,17	4,91	78,92
1609	06.09.20 07:45:48	13,38	0,00	-7,65	7,08	75,28
1610	06.09.20 07:45:49	13,38	0,00	-7,03	7,29	75,68
1611	06.09.20 07:45:50	13,35	0,00	-5,97	6,69	77,34
1612	06.09.20 07:45:51	13,35	0,00	-6,76	5,70	77,54
1613	06.09.20 07:45:52	13,35	0,00	-6,82	6,02	77,16
1614	06.09.20 07:45:53	13,35	0,00	-6,24	6,51	77,24
1615	06.09.20 07:45:54	13,35	0,00	-7,23	5,66	77,11
1616	06.09.20 07:45:55	13,35	0,00	-7,01	5,49	77,50
1617	06.09.20 07:45:56	13,35	0,00	-5,92	6,90	77,18
1618	06.09.20 07:45:57	13,35	0,00	-7,18	7,25	75,57
1619	06.09.20 07:45:58	13,35	0,00	-6,24	7,17	76,58
1620	06.09.20 07:45:59	13,35	0,00	-6,29	6,88	76,83
1621	06.09.20 07:46:00	13,35	0,00	-7,03	5,73	77,24
1622	06.09.20 07:46:01	13,35	0,00	-5,93	5,09	78,98
1623	06.09.20 07:46:02	13,35	0,00	-7,14	6,45	76,41
1624	06.09.20 07:46:03	13,35	0,00	-7,14	6,86	76,00
1625	06.09.20 07:46:04	13,35	0,00	-6,24	7,27	76,49
1626	06.09.20 07:46:05	13,35	0,00	-6,43	8,64	74,92
1627	06.09.20 07:46:06	13,35	0,00	-6,22	8,94	74,84
1628	06.09.20 07:46:07	13,35	0,00	-7,40	7,26	75,33
1629	06.09.20 07:46:08	13,35	0,00	-7,17	6,29	76,55
1630	06.09.20 07:46:09	13,35	0,00	-6,05	6,49	77,46
1631	06.09.20 07:46:10	13,35	0,00	-5,84	7,38	76,77
1632	06.09.20 07:46:11	13,35	0,00	-7,66	8,38	73,96
1633	06.09.20 07:46:12	13,35	0,00	-7,11	8,13	74,76
1634	06.09.20 07:46:13	13,35	0,00	-5,87	6,88	77,25
1635	06.09.20 07:46:14	13,35	0,00	-6,46	6,33	77,22
1636	06.09.20 07:46:15	13,35	0,00	-6,43	6,05	77,52
1637	06.09.20 07:46:16	13,35	0,00	-6,02	5,84	78,14
1638	06.09.20 07:46:17	13,35	0,00	-6,29	6,36	77,36
1639	06.09.20 07:46:18	13,35	0,00	-6,19	6,34	77,47
1640	06.09.20 07:46:19	13,35	0,00	-6,71	5,05	78,24
1641	06.09.20 07:46:20	13,35	0,00	-5,68	4,03	80,29
1642	06.09.20 07:46:21	13,35	0,00	-6,59	6,01	77,40
1643	06.09.20 07:46:22	13,35	0,00	-5,92	5,73	78,35
1644	06.09.20 07:46:23	13,35	0,00	-6,97	6,25	76,79
1645	06.09.20 07:46:24	13,35	0,00	-6,23	6,13	77,63
1646	06.09.20 07:46:25	13,35	0,00	-6,38	5,60	78,03
1647	06.09.20 07:46:26	13,35	0,00	-6,76	5,15	78,09
1648	06.09.20 07:46:27	13,35	0,00	-5,82	4,64	79,54
1649	06.09.20 07:46:28	13,35	0,00	-6,34	6,41	77,25
1650	06.09.20 07:46:29	13,35	0,00	-6,05	7,39	76,56
1651	06.09.20 07:46:30	13,35	0,00	-8,19	7,91	73,90
1652	06.09.20 07:46:31	13,35	0,00	-5,82	6,33	77,85
1653	06.09.20 07:46:32	13,35	0,00	-79,42	1,03	-9,55
1654	06.09.20 07:46:33	13,35	0,00	-22,68	-63,71	3,61
1655	06.09.20 07:46:34	13,35	0,00	-75,47	5,34	-9,20
1656	06.09.20 07:46:35	13,35	0,00	2,57	-20,04	67,39
1657	06.09.20 07:46:36	13,38	0,00	30,76	-19,42	39,82
1658	06.09.20 07:46:37	13,38	0,00	-40,66	-12,66	36,69
1659	06.09.20 07:46:38	13,38	0,00	-34,90	-22,50	32,60
1660	06.09.20 07:46:39	13,38	0,00	-30,52	-20,79	38,69
1661	06.09.20 07:46:40	13,38	0,00	-24,35	-23,35	42,30
1662	06.09.20 07:46:41	13,38	0,00	-18,80	-19,19	52,01
1663	06.09.20 07:46:42	13,41	0,00	-12,80	-10,99	66,21
1664	06.09.20 07:46:43	13,41	0,00	-15,90	-32,14	41,96
1665	06.09.20 07:46:44	13,41	0,00	-14,76	-35,00	40,24
1666	06.09.20 07:46:45	13,41	0,00	-4,79	-47,48	37,73
1667	06.09.20 07:46:46	13,41	0,00	-20,17	-30,06	39,77
1668	06.09.20 07:46:47	13,41	0,00	-18,02	-29,47	42,51
1669	06.09.20 07:46:48	13,41	0,00	-10,68	-45,50	33,82
1670	06.09.20 07:46:49	13,41	0,00	-20,60	-28,50	40,90
1671	06.09.20 07:46:50	13,41	0,00	-1,02	-32,40	56,58
1672	06.09.20 07:46:51	13,41	0,00	-9,36	-8,21	72,44
1673	06.09.20 07:46:52	13,41	0,00	-13,75	-8,32	67,93
1674	06.09.20 07:46:53	13,41	0,00	-19,91	-23,68	46,41
1675	06.09.20 07:46:54	13,41	0,00	-21,25	-21,69	47,06
1676	06.09.20 07:46:55	13,41	0,00	-23,12	-18,96	47,92
1677	06.09.20 07:46:56	13,41	0,00	-22,29	-19,39	48,32
1678	06.09.20 07:46:57	13,44	0,00	-20,87	-20,78	48,35
1679	06.09.20 07:46:58	13,44	0,00	-27,28	-25,68	37,04
1680	06.09.20 07:46:59	13,44	0,00	-23,22	-27,59	39,20
1681	06.09.20 07:47:00	13,44	0,00	-23,59	-22,72	43,69
1682	06.09.20 07:47:01	13,44	0,00	-14,45	-24,30	51,26
1683	06.09.20 07:47:02	13,44	0,00	-9,16	-22,24	58,59
1684	06.09.20 07:47:03	13,44	0,00	-15,31	-16,55	58,14
1685	06.09.20 07:47:04	13,48	0,00	-12,81	-26,34	50,85
1686	06.09.20 07:47:05	13,48	0,00	-15,80	-12,64	61,56
1687	06.09.20 07:47:06	13,48	0,00	-15,37	-19,95	54,68
1688	06.09.20 07:47:07	13,48	0,00	-21,58	-19,07	49,35
1689	06.09.20 07:47:08	13,51	0,00	-22,62	-26,48	40,90
1690	06.09.20 07:47:09	13,51	0,00	-24,95	-24,16	40,90
1691	06.09.20 07:47:10	13,51	0,00	-26,58	-17,65	45,77
1692	06.09.20 07:47:11	13,51	0,00	-20,68	-19,14	50,17
1693	06.09.20 07:47:12	13,51	0,00	-23,50	-21,50	45,00
1694	06.09.20 07:47:13	13,51	0,00	-22,03	-27,06	40,91
1695	06.09.20 07:47:14	13,51	0,00	-26,93	-20,72	42,35
1696	06.09.20 07:47:15	13,51	0,00	-21,48	-25,57	42,95
1697	06.09.20 07:47:16	13,51	0,00	-35,71	-29,00	25,29
1698	06.09.20 07:47:17	13,54	0,00	-32,20	-33,67	24,13
1699	06.09.20 07:47:18	13,54	0,00	-27,50	-27,40	35,10
1700	06.09.20 07:47:19	13,54	0,00	-18,09	-29,96	41,96
1701	06.09.20 07:47:20	13,54	0,00	-15,81	-17,79	56,40
1702	06.09.20 07:47:21	13,57	0,00	-29,27	-25,13	35,60
1703	06.09.20 07:47:22	13,57	0,00	-20,04	-50,61	19,35
1704	06.09.20 07:47:23	13,57	0,00	-32,36	-47,54	10,10
1705	06.09.20 07:47:24	13,57	0,00	-60,80	8,64	20,56
1706	06.09.20 07:47:25	13,60	0,00	-23,22	18,94	47,83
1707	06.09.20 07:47:26	13,60	0,00	-18,58	24,34	47,07
1708	06.09.20 07:47:27	13,60	0,00	-7,32	32,91	49,77
1709	06.09.20 07:47:28	13,60	0,00	0,09	37,43	52,48
1710	06.09.20 07:47:29	13,60	0,00	-2,20	35,40	52,40
1711	06.09.20 07:47:30	13,60	0,00	-2,53	34,63	52,84
1712	06.09.20 07:47:31	13,60	0,00	-3,14	35,09	51,77
1713	06.09.20 07:47:32	13,60	0,00	-2,26	36,34	51,40
1714	06.09.20 07:47:33	13,60	0,00	-4,09	33,37	52,54
1715	06.09.20 07:47:34	13,60	0,00	-2,46	36,61	50,93
1716	06.09.20 07:47:35	13,60	0,00	-3,12	35,11	51,77
1717	06.09.20 07:47:36	13,60	0,00	-3,23	34,46	52,31
1718	06.09.20 07:47:37	13,63	0,00	-2,30	35,58	52,11
1719	06.09.20 07:47:38	13,63	0,00	-3,15	34,78	52,07
1720	06.09.20 07:47:39	13,63	0,00	-3,76	35,01	51,22
1721	06.09.20 07:47:40	13,63	0,00	-3,27	34,68	52,05
1722	06.09.20 07:47:41	13,63	0,00	-2,38	36,34	51,28
1723	06.09.20 07:47:42	13,63	0,00	-2,47	35,46	52,06
1724	06.09.20 07:47:43	13,63	0,00	-4,29	33,21	52,49
1725	06.09.20 07:47:44	13,63	0,00	-3,08	35,87	51,06
1726	06.09.20 07:47:45	13,63	0,00	-2,32	35,70	51,97
1727	06.09.20 07:47:46	13,66	0,00	-2,36	35,55	52,09
1728	06.09.20 07:47:47	13,66	0,00	-2,57	34,97	52,46
1729	06.09.20 07:47:48	13,66	0,00	-2,61	35,48	51,91
1730	06.09.20 07:47:49	13,66	0,00	-0,83	36,36	52,81
1731	06.09.20 07:47:50	13,66	0,00	-2,89	34,06	53,05
1732	06.09.20 07:47:51	13,66	0,00	-1,51	36,68	51,80
1733	06.09.20 07:47:52	13,66	0,00	-2,17	36,99	50,85
1734	06.09.20 07:47:53	13,66	0,00	-2,71	34,56	52,72
1735	06.09.20 07:47:54	13,66	0,00	-2,18	35,50	52,31
1736	06.09.20 07:47:55	13,69	0,00	-2,68	34,90	52,43
1737	06.09.20 07:47:56	13,69	0,00	45,49	-4,95	39,56
1738	06.09.20 07:47:57	13,72	0,00	25,93	-45,37	18,70
1739	06.09.20 07:47:58	13,72	0,00	27,56	-52,09	10,35
1740	06.09.20 07:47:59	13,72	0,00	26,85	-52,24	10,91
1741	06.09.20 07:48:00	13,72	0,00	26,66	-52,44	10,89
1742	06.09.20 07:48:01	13,72	0,00	27,88	-51,89	10,23
1743	06.09.20 07:48:02	13,72	0,00	26,39	-53,01	10,60
1744	06.09.20 07:48:03	13,72	0,00	26,28	-52,70	11,02
1745	06.09.20 07:48:04	13,72	0,00	28,76	-51,53	9,71
1746	06.09.20 07:48:05	13,72	0,00	27,17	-51,72	11,11
1747	06.09.20 07:48:06	13,75	0,00	26,23	-52,62	11,15
1748	06.09.20 07:48:07	13,75	0,00	27,70	-52,18	10,13
1749	06.09.20 07:48:08	13,75	0,00	28,64	-53,72	7,64
1750	06.09.20 07:48:09	13,75	0,00	26,26	-54,42	9,32
1751	06.09.20 07:48:10	13,75	0,00	27,88	-51,86	10,27
1752	06.09.20 07:48:11	13,75	0,00	28,73	-51,58	9,69
1753	06.09.20 07:48:12	13,75	0,00	26,63	-53,37	10,00
1754	06.09.20 07:48:13	13,75	0,00	26,87	-53,25	9,88
1755	06.09.20 07:48:14	13,75	0,00	27,35	-53,56	9,10
1756	06.09.20 07:48:15	13,79	0,00	29,68	-51,34	8,97
1757	06.09.20 07:48:16	13,79	0,00	27,15	-52,76	10,09
1758	06.09.20 07:48:17	13,79	0,00	25,71	-53,09	11,20
1759	06.09.20 07:48:18	13,79	0,00	28,08	-51,69	10,23
1760	06.09.20 07:48:19	13,79	0,00	27,46	-54,57	7,97
1761	06.09.20 07:48:20	13,79	0,00	28,45	-54,06	7,49
1762	06.09.20 07:48:21	13,79	0,00	28,32	-51,91	9,77
1763	06.09.20 07:48:22	13,79	0,00	29,86	-51,46	8,68
1764	06.09.20 07:48:23	13,82	0,00	27,62	-54,32	8,06
1765	06.09.20 07:48:24	13,82	0,00	26,60	-54,34	9,07
1766	06.09.20 07:48:25	13,82	0,00	28,49	-51,53	9,98
1767	06.09.20 07:48:26	13,82	0,00	27,83	-50,92	11,25
1768	06.09.20 07:48:27	13,82	0,00	26,71	-51,98	11,32
1769	06.09.20 07:48:28	13,82	0,00	27,27	-52,09	10,64
1770	06.09.20 07:48:29	13,85	0,00	26,59	-51,97	11,44
1771	06.09.20 07:48:30	13,85	0,00	28,37	-52,41	9,23
1772	06.09.20 07:48:31	13,85	0,00	26,88	-53,63	9,49
1773	06.09.20 07:48:32	13,85	0,00	29,01	-51,90	9,09
1774	06.09.20 07:48:33	13,85	0,00	27,36	-51,88	10,76
1775	06.09.20 07:48:34	13,85	0,00	28,28	-52,32	9,41
1776	06.09.20 07:48:35	13,85	0,00	27,72	-54,05	8,22
1777	06.09.20 07:48:36	13,85	0,00	29,31	-53,60	7,09
1778	06.09.20 07:48:37	13,88	0,00	28,50	-52,89	8,61
1779	06.09.20 07:48:38	13,88	0,00	28,64	-53,42	7,94
1780	06.09.20 07:48:39	13,88	0,00	28,50	-52,35	9,15
1781	06.09.20 07:48:40	13,88	0,00	28,73	-51,78	9,50
1782	06.09.20 07:48:41	13,88	0,00	26,89	-52,84	10,27
1783	06.09.20 07:48:42	13,88	0,00	26,95	-51,47	11,58
1784	06.09.20 07:48:43	13,91	0,00	26,66	-51,81	11,53
1785	06.09.20 07:48:44	13,91	0,00	28,05	-52,12	9,83
1786	06.09.20 07:48:45	13,91	0,00	26,62	-52,74	10,64
1787	06.09.20 07:48:46	13,91	0,00	28,54	-51,43	10,02
1788	06.09.20 07:48:47	13,91	0,00	26,61	-52,98	10,41
1789	06.09.20 07:48:48	13,91	0,00	28,49	-53,38	8,13
1790	06.09.20 07:48:49	13,91	0,00	28,72	-52,33	8,95
1791	06.09.20 07:48:50	13,91	0,00	27,30	-52,67	10,03
1792	06.09.20 07:48:51	13,91	0,00	28,70	-51,98	9,32
1793	06.09.20 07:48:52	13,94	0,00	28,34	-52,91	8,75
1794	06.09.20 07:48:53	13,94	0,00	26,78	-53,61	9,61
1795	06.09.20 07:48:54	13,94	0,00	26,85	-51,38	11,77
1796	06.09.20 07:48:55	13,94	0,00	27,73	-50,89	11,38
1797	06.09.20 07:48:56	13,94	0,00	27,47	-53,59	8,94
1798	06.09.20 07:48:57	13,94	0,00	28,50	-52,52	8,97
1799	06.09.20 07:48:58	13,94	0,00	28,68	-51,37	9,96
1800	06.09.20 07:48:59	13,94	0,00	27,43	-51,96	10,61
1801	06.09.20 07:49:00	13,97	0,00	26,44	-53,02	10,54
1802	06.09.20 07:49:01	13,97	0,00	27,40	-52,24	10,36
1803	06.09.20 07:49:02	13,97	0,00	28,45	-52,54	9,01
1804	06.09.20 07:49:03	13,97	0,00	28,69	-52,77	8,54
1805	06.09.20 07:49:04	13,97	0,00	28,95	-54,46	6,59
1806	06.09.20 07:49:05	13,97	0,00	29,70	-52,94	7,37
1807	06.09.20 07:49:06	13,97	0,00	26,89	-53,85	9,26
1808	06.09.20 07:49:07	14,00	0,00	28,97	-52,92	8,12
1809	06.09.20 07:49:08	14,00	0,00	29,66	-52,36	7,98
1810	06.09.20 07:49:09	14,00	0,00	27,28	-52,81	9,91
1811	06.09.20 07:49:10	14,00	0,00	29,05	-51,72	9,22
1812	06.09.20 07:49:11	14,00	0,00	27,83	-54,08	8,09
1813	06.09.20 07:49:12	14,03	0,00	27,88	-53,80	8,32
1814	06.09.20 07:49:13	14,03	0,00	28,30	-53,48	8,22
1815	06.09.20 07:49:14	14,03	0,00	29,97	-52,09	7,94
1816	06.09.20 07:49:15	14,03	0,00	27,89	-53,47	8,64
1817	06.09.20 07:49:16	14,03	0,00	28,68	-52,80	8,52
1818	06.09.20 07:49:17	14,03	0,00	27,89	-52,85	9,26
1819	06.09.20 07:49:18	14,03	0,00	29,08	-53,36	7,56
1820	06.09.20 07:49:19	14,06	0,00	28,24	-53,54	8,23
1821	06.09.20 07:49:20	14,06	0,00	28,06	-52,29	9,65
1822	06.09.20 07:49:21	14,06	0,00	28,40	-52,31	9,29
1823	06.09.20 07:49:22	14,06	0,00	29,09	-51,81	9,09
1824	06.09.20 07:49:23	14,06	0,00	26,38	-53,61	10,02
1825	06.09.20 07:49:24	14,06	0,00	28,52	-51,35	10,12
1826	06.09.20 07:49:25	14,09	0,00	27,83	-52,52	9,64
1827	06.09.20 07:49:26	14,09	0,00	27,44	-52,24	10,33
1828	06.09.20 07:49:27	14,09	0,00	26,98	-51,60	11,41
1829	06.09.20 07:49:28	14,09	0,00	27,39	-51,41	11,20
1830	06.09.20 07:49:29	14,09	0,00	27,01	-52,21	10,77
1831	06.09.20 07:49:30	14,13	0,00	26,72	-52,92	10,36
1832	06.09.20 07:49:31	14,13	0,00	28,11	-52,69	9,19
1833	06.09.20 07:49:32	14,13	0,00	29,45	-52,88	7,67
1834	06.09.20 07:49:33	14,13	0,00	28,27	-53,14	8,60
1835	06.09.20 07:49:34	14,13	0,00	27,26	-54,03	8,71
1836	06.09.20 07:49:35	14,13	0,00	29,51	-52,11	8,38
1837	06.09.20 07:49:36	14,16	0,00	28,78	-53,01	8,22
1838	06.09.20 07:49:37	14,16	0,00	27,07	-54,04	8,89
1839	06.09.20 07:49:38	14,16	0,00	27,65	-53,10	9,25
1840	06.09.20 07:49:39	14,16	0,00	30,90	-51,27	7,83
1841	06.09.20 07:49:40	14,16	0,00	28,10	-52,42	9,48
1842	06.09.20 07:49:41	14,19	0,00	26,40	-53,10	10,50
1843	06.09.20 07:49:42	14,19	0,00	27,81	-51,71	10,48
1844	06.09.20 07:49:43	14,19	0,00	28,04	-52,93	9,03
1845	06.09.20 07:49:44	14,19	0,00	27,21	-52,95	9,84
1846	06.09.20 07:49:45	14,19	0,00	28,92	-51,42	9,66
1847	06.09.20 07:49:46	14,22	0,00	28,02	-52,11	9,87
1848	06.09.20 07:49:47	14,22	0,00	27,15	-53,30	9,54
1849	06.09.20 07:49:48	14,22	0,00	28,02	-53,31	8,67
1850	06.09.20 07:49:49	14,22	0,00	28,90	-52,06	9,04
1851	06.09.20 07:49:50	14,22	0,00	27,34	-51,73	10,93
1852	06.09.20 07:49:51	14,25	0,00	26,58	-51,60	11,82
1853	06.09.20 07:49:52	14,25	0,00	27,51	-51,58	10,91
1854	06.09.20 07:49:53	14,25	0,00	26,88	-52,76	10,36
1855	06.09.20 07:49:54	14,25	0,00	26,88	-52,34	10,78
1856	06.09.20 07:49:55	14,25	0,00	28,30	-52,74	8,95
1857	06.09.20 07:49:56	14,25	0,00	29,11	-53,61	7,28
1858	06.09.20 07:49:57	14,25	0,00	30,02	-52,96	7,01
1859	06.09.20 07:49:58	14,28	0,00	28,16	-53,15	8,69
1860	06.09.20 07:49:59	14,28	0,00	29,34	-53,83	6,83
1861	06.09.20 07:50:00	14,28	0,00	29,94	-53,02	7,04
1862	06.09.20 07:50:01	14,28	0,00	28,09	-54,16	7,75
1863	06.09.20 07:50:02	14,28	0,00	27,78	-53,41	8,81
1864	06.09.20 07:50:03	14,31	0,00	29,01	-52,42	8,57
1865	06.09.20 07:50:04	14,31	0,00	29,96	-52,73	7,31
1866	06.09.20 07:50:05	14,31	0,00	27,55	-53,25	9,20
1867	06.09.20 07:50:06	14,31	0,00	28,38	-51,76	9,86
1868	06.09.20 07:50:07	14,31	0,00	28,08	-52,43	9,49
1869	06.09.20 07:50:08	14,34	0,00	27,06	-52,61	10,33
1870	06.09.20 07:50:09	14,34	0,00	28,56	-52,01	9,43
1871	06.09.20 07:50:10	14,34	0,00	27,34	-53,29	9,36
1872	06.09.20 07:50:11	14,34	0,00	28,67	-52,85	8,48
1873	06.09.20 07:50:12	14,34	0,00	28,46	-51,43	10,11
1874	06.09.20 07:50:13	14,37	0,00	27,58	-51,62	10,80
1875	06.09.20 07:50:14	14,37	0,00	26,80	-53,32	9,88
1876	06.09.20 07:50:15	14,37	0,00	27,37	-55,18	7,45
1877	06.09.20 07:50:16	14,37	0,00	32,14	-51,68	6,18
1878	06.09.20 07:50:17	14,37	0,00	46,71	6,30	-36,99
1879	06.09.20 07:50:18	14,37	0,00	3,58	15,76	-70,66
1880	06.09.20 07:50:19	14,40	0,00	14,49	9,80	-65,71
1881	06.09.20 07:50:20	14,40	0,00	11,68	7,75	-70,57
1882	06.09.20 07:50:21	14,40	0,00	16,17	5,43	-68,40
1883	06.09.20 07:50:22	14,40	0,00	14,64	14,95	-60,41
1884	06.09.20 07:50:23	14,43	0,00	-6,11	40,95	42,94
1885	06.09.20 07:50:24	14,43	0,00	-9,01	33,16	47,83
1886	06.09.20 07:50:25	14,46	0,00	17,01	55,12	17,86
1887	06.09.20 07:50:26	14,65	0,10	-36,93	14,47	38,60
1888	06.09.20 07:50:27	14,86	0,08	-19,71	37,24	33,05
1889	06.09.20 07:50:28	15,04	0,01	-10,20	36,33	43,47
1890	06.09.20 07:50:29	15,23	0,03	-15,13	38,96	35,91
1891	06.09.20 07:50:30	15,35	0,01	-0,42	54,66	34,92
1892	06.09.20 07:50:31	15,47	0,03	8,16	60,71	21,13
1893	06.09.20 07:50:32	15,56	0,01	-36,92	9,81	43,28
1894	06.09.20 07:50:33	15,65	0,00	-17,10	37,21	35,69
1895	06.09.20 07:50:34	15,74	0,00	-21,37	44,58	24,05
1896	06.09.20 07:50:35	15,83	0,01	-30,87	6,53	52,60
1897	06.09.20 07:50:36	15,86	0,08	47,79	-20,87	21,34
1898	06.09.20 07:50:37	15,86	0,08	29,36	-21,09	39,55
1899	06.09.20 07:50:38	15,86	0,10	46,21	-13,79	30,00
1900	06.09.20 07:50:39	15,83	0,10	28,55	-23,73	37,72
1901	06.09.20 07:50:40	15,93	0,00	-20,89	-20,69	48,42
1902	06.09.20 07:50:41	16,14	0,01	-29,48	-8,72	51,80
1903	06.09.20 07:50:42	16,32	0,01	-38,87	0,71	50,42
1904	06.09.20 07:50:43	16,50	0,00	-38,28	-20,64	31,08
1905	06.09.20 07:50:44	16,68	0,00	-43,84	-13,35	-32,81
1906	06.09.20 07:50:45	16,83	0,00	-44,85	-18,85	-26,31
1907	06.09.20 07:50:46	16,98	0,00	-43,15	-45,72	-1,13
1908	06.09.20 07:50:47	17,19	0,00	-39,90	-14,17	35,94
1909	06.09.20 07:50:48	17,43	0,00	-83,88	4,84	-1,28
