#0	Date-time:	06/09/2020 6:45:07 AM
#1	Recorder:	36H1034
#2	File type:	1
#3	Columns:	7
#4	Channels:	5
#5	Field separation:	0
#6	Decimal point:	0
#7	Date def.:	0	0
#8	Time def.:	0
#9	Channel 1:	Temperature(°C)	Temp(°C)	2	1
#10	Channel 2:	Pressure(Bar)	Press(Bar)	2	1
#11	Reconvertion:	0
#14	Channel 3:	Tilt-X(°)	Tilt-X(°)	2	1
#18	Channel 4:	Tilt-Y(°)	Tilt-Y(°)	2	1
#19	Line color:	1	2	3	4
#22	Channel 5:	Tilt-Z(°)	Tilt-Z(°)	2	1
#30	Trend Type Number:	3
#33	Limit Temp. Corr. OTCR:	1
1	06.09.20 06:20:00	24,90	0,00	-18,52	-0,65	70,83
2	06.09.20 06:20:01	24,87	0,00	-17,38	0,74	71,87
3	06.09.20 06:20:02	24,87	0,00	-19,69	0,63	69,67
4	06.09.20 06:20:03	24,87	0,00	-19,24	0,35	70,41
5	06.09.20 06:20:04	24,87	0,00	-17,81	0,30	71,90
6	06.09.20 06:20:05	24,87	0,00	-19,54	1,75	68,71
7	06.09.20 06:20:06	24,87	0,00	-21,05	-0,73	68,21
8	06.09.20 06:20:07	24,84	0,00	-19,24	-4,09	66,66
9	06.09.20 06:20:08	24,84	0,00	-19,33	0,15	70,52
10	06.09.20 06:20:09	24,84	0,00	-20,25	-0,03	69,72
11	06.09.20 06:20:10	24,84	0,00	-20,49	-0,78	68,74
12	06.09.20 06:20:11	24,84	0,00	-18,00	-1,91	70,09
13	06.09.20 06:20:12	24,81	0,00	-19,54	-0,15	70,31
14	06.09.20 06:20:13	24,81	0,00	-20,10	1,43	68,47
15	06.09.20 06:20:14	24,81	0,00	-19,36	-1,41	69,24
16	06.09.20 06:20:15	24,81	0,00	22,38	-63,74	-3,88
17	06.09.20 06:20:16	24,81	0,00	84,77	3,88	-1,35
18	06.09.20 06:20:17	24,81	0,00	74,63	8,88	6,49
19	06.09.20 06:20:18	24,81	0,00	64,28	-15,28	10,44
20	06.09.20 06:20:19	24,78	0,00	55,95	31,24	2,81
21	06.09.20 06:20:20	24,78	0,00	41,90	46,63	1,47
22	06.09.20 06:20:21	24,78	0,00	37,05	50,32	2,63
23	06.09.20 06:20:22	24,78	0,00	70,27	1,26	-18,47
24	06.09.20 06:20:23	24,78	0,00	44,59	-21,75	-23,66
25	06.09.20 06:20:24	24,75	0,00	44,19	-15,01	-30,80
26	06.09.20 06:20:25	24,75	0,00	26,84	36,67	-26,49
27	06.09.20 06:20:26	24,75	0,00	26,13	35,76	-28,11
28	06.09.20 06:20:27	24,75	0,00	54,31	31,02	-4,67
29	06.09.20 06:20:28	24,75	0,00	60,64	23,69	5,67
30	06.09.20 06:20:29	24,72	0,00	64,71	18,91	6,38
31	06.09.20 06:20:30	24,72	0,00	60,93	24,89	4,18
32	06.09.20 06:20:31	24,72	0,00	59,04	25,89	5,07
33	06.09.20 06:20:32	24,72	0,00	64,46	20,38	5,16
34	06.09.20 06:20:33	24,72	0,00	60,54	23,72	5,74
35	06.09.20 06:20:34	24,69	0,00	60,61	23,77	5,62
36	06.09.20 06:20:35	24,69	0,00	60,04	25,26	4,70
37	06.09.20 06:20:36	24,69	0,00	61,00	23,85	5,16
38	06.09.20 06:20:37	24,69	0,00	61,02	24,02	4,96
39	06.09.20 06:20:38	24,69	0,00	59,75	24,73	5,51
40	06.09.20 06:20:39	24,66	0,00	63,19	22,32	4,49
41	06.09.20 06:20:40	24,66	0,00	61,10	23,95	4,95
42	06.09.20 06:20:41	24,66	0,00	59,04	26,33	4,63
43	06.09.20 06:20:42	24,66	0,00	58,73	25,96	5,30
44	06.09.20 06:20:43	24,66	0,00	62,11	22,93	4,96
45	06.09.20 06:20:44	24,66	0,00	58,77	24,74	6,49
46	06.09.20 06:20:45	24,63	0,00	58,91	25,18	5,91
47	06.09.20 06:20:46	24,63	0,00	60,68	24,39	4,93
48	06.09.20 06:20:47	24,63	0,00	59,27	24,78	5,95
49	06.09.20 06:20:48	24,63	0,00	63,38	21,60	5,02
50	06.09.20 06:20:49	24,63	0,00	59,69	24,50	5,81
51	06.09.20 06:20:50	24,63	0,00	60,03	24,28	5,69
52	06.09.20 06:20:51	24,61	0,00	14,92	66,31	-8,77
53	06.09.20 06:20:52	24,61	0,00	5,65	10,79	-73,56
54	06.09.20 06:20:53	24,61	0,00	7,44	4,12	-78,44
55	06.09.20 06:20:54	24,61	0,00	19,48	-29,15	41,37
56	06.09.20 06:20:55	24,61	0,00	-52,49	10,38	-27,13
57	06.09.20 06:20:56	24,58	0,00	-48,30	-3,04	-38,66
58	06.09.20 06:20:57	24,58	0,00	-15,78	10,86	-63,37
59	06.09.20 06:20:58	24,03	0,01	2,83	38,44	-48,73
60	06.09.20 06:20:59	22,69	0,48	-0,60	21,65	-67,75
61	06.09.20 06:21:00	21,99	0,54	-6,80	16,56	-66,64
62	06.09.20 06:21:01	21,55	0,50	-5,21	13,50	-71,29
63	06.09.20 06:21:02	21,26	0,51	-7,28	-9,81	-72,92
64	06.09.20 06:21:03	21,09	0,50	6,70	49,34	-33,95
65	06.09.20 06:21:04	20,91	0,60	34,94	11,78	43,28
66	06.09.20 06:21:05	20,74	0,51	17,60	5,18	67,22
67	06.09.20 06:21:06	20,62	0,50	26,26	-12,78	50,95
68	06.09.20 06:21:07	20,53	0,49	14,21	22,21	53,58
69	06.09.20 06:21:08	20,47	0,47	22,04	6,63	61,33
70	06.09.20 06:21:09	20,38	0,48	21,82	4,39	63,79
71	06.09.20 06:21:10	20,35	0,45	21,99	6,84	61,17
72	06.09.20 06:21:11	20,30	0,47	34,31	0,48	55,21
73	06.09.20 06:21:12	20,21	0,46	18,35	6,62	65,03
74	06.09.20 06:21:13	20,12	0,52	33,98	4,54	51,48
75	06.09.20 06:21:14	20,00	0,54	31,00	0,81	58,19
76	06.09.20 06:21:15	19,97	0,51	27,44	8,02	54,54
77	06.09.20 06:21:16	19,91	0,48	29,11	2,07	58,82
78	06.09.20 06:21:17	19,88	0,46	31,64	0,81	57,55
79	06.09.20 06:21:18	19,83	0,43	24,10	-12,78	53,12
80	06.09.20 06:21:19	19,77	0,43	12,47	-11,97	65,56
81	06.09.20 06:21:20	19,68	0,46	28,26	-7,51	54,23
82	06.09.20 06:21:21	19,62	0,46	35,81	3,86	50,32
83	06.09.20 06:21:22	19,56	0,43	27,33	4,52	58,14
84	06.09.20 06:21:23	19,50	0,40	29,83	3,27	56,90
85	06.09.20 06:21:24	19,47	0,38	26,44	-0,86	62,69
86	06.09.20 06:21:25	19,44	0,38	37,39	-0,79	51,81
87	06.09.20 06:21:26	19,36	0,40	22,78	-1,19	66,03
88	06.09.20 06:21:27	19,30	0,40	16,44	10,60	62,96
89	06.09.20 06:21:28	19,24	0,38	20,40	6,84	62,76
90	06.09.20 06:21:29	19,18	0,40	34,87	-12,86	42,27
91	06.09.20 06:21:30	19,12	0,43	29,24	-8,00	52,76
92	06.09.20 06:21:31	19,06	0,43	23,46	5,21	61,32
93	06.09.20 06:21:32	19,00	0,43	23,15	14,62	52,24
94	06.09.20 06:21:33	18,94	0,43	19,64	15,93	54,43
95	06.09.20 06:21:34	18,88	0,43	15,17	25,51	49,32
96	06.09.20 06:21:35	18,82	0,43	29,91	12,77	47,32
97	06.09.20 06:21:36	18,79	0,40	20,30	8,60	61,10
98	06.09.20 06:21:37	18,76	0,47	21,04	14,04	54,92
99	06.09.20 06:21:38	18,71	0,49	23,85	14,42	51,73
100	06.09.20 06:21:39	18,68	0,48	25,46	16,95	47,59
101	06.09.20 06:21:40	18,65	0,48	23,42	18,88	47,70
102	06.09.20 06:21:41	18,59	0,52	29,29	12,92	47,79
103	06.09.20 06:21:42	18,53	0,52	27,09	14,40	48,51
104	06.09.20 06:21:43	18,50	0,51	36,61	5,97	47,42
105	06.09.20 06:21:44	18,44	0,53	32,48	9,38	48,14
106	06.09.20 06:21:45	18,38	0,55	28,13	13,75	48,12
107	06.09.20 06:21:46	18,35	0,52	30,77	11,70	47,54
108	06.09.20 06:21:47	18,32	0,54	28,47	11,86	49,66
109	06.09.20 06:21:48	18,29	0,54	31,64	14,38	43,99
110	06.09.20 06:21:49	18,29	0,56	36,16	14,25	39,60
111	06.09.20 06:21:50	18,26	0,58	41,46	9,32	39,22
112	06.09.20 06:21:51	18,23	0,56	43,14	5,52	41,34
113	06.09.20 06:21:52	18,23	0,56	42,97	6,72	40,31
114	06.09.20 06:21:53	18,23	0,56	47,54	6,83	35,62
115	06.09.20 06:21:54	18,23	0,56	44,29	2,09	43,62
116	06.09.20 06:21:55	18,20	0,56	32,20	11,41	46,39
117	06.09.20 06:21:56	18,17	0,58	32,32	10,11	47,57
118	06.09.20 06:21:57	18,14	0,57	32,05	11,68	46,26
119	06.09.20 06:21:58	18,08	0,59	32,90	9,80	47,30
120	06.09.20 06:21:59	18,05	0,56	28,83	9,32	51,85
121	06.09.20 06:22:00	18,05	0,56	36,96	2,33	50,70
122	06.09.20 06:22:01	18,02	0,56	28,58	14,81	46,61
123	06.09.20 06:22:02	17,96	0,58	27,16	18,52	44,32
124	06.09.20 06:22:03	17,93	0,55	30,15	17,21	42,64
125	06.09.20 06:22:04	17,90	0,62	39,46	11,73	38,81
126	06.09.20 06:22:05	17,87	0,62	37,89	7,18	44,94
127	06.09.20 06:22:06	17,84	0,61	28,39	13,58	48,03
128	06.09.20 06:22:07	17,81	0,59	29,50	13,43	47,06
129	06.09.20 06:22:08	17,81	0,59	32,50	15,00	42,50
130	06.09.20 06:22:09	17,79	0,63	44,06	11,50	34,44
131	06.09.20 06:22:10	17,79	0,61	45,88	9,99	34,13
132	06.09.20 06:22:11	17,79	0,61	42,24	13,31	34,45
133	06.09.20 06:22:12	17,76	0,61	50,81	12,54	26,65
134	06.09.20 06:22:13	17,76	0,61	52,59	8,06	29,35
135	06.09.20 06:22:14	17,76	0,61	38,24	14,30	37,47
136	06.09.20 06:22:15	17,76	0,63	36,35	16,28	37,37
137	06.09.20 06:22:16	17,76	0,61	47,01	7,69	35,30
138	06.09.20 06:22:17	17,73	0,60	35,46	17,34	37,20
139	06.09.20 06:22:18	17,70	0,60	27,58	22,42	40,00
140	06.09.20 06:22:19	17,67	0,64	47,26	7,67	35,06
141	06.09.20 06:22:20	17,64	0,64	41,01	9,81	39,19
142	06.09.20 06:22:21	17,58	0,66	35,83	13,38	40,79
143	06.09.20 06:22:22	17,55	0,66	44,26	8,44	37,30
144	06.09.20 06:22:23	17,55	0,66	48,36	8,96	32,68
145	06.09.20 06:22:24	17,52	0,65	48,30	8,67	33,03
146	06.09.20 06:22:25	17,52	0,65	49,67	10,87	29,46
147	06.09.20 06:22:26	17,52	0,68	52,86	10,33	26,81
148	06.09.20 06:22:27	17,52	0,68	54,62	9,24	26,15
149	06.09.20 06:22:28	17,49	0,67	52,63	8,48	28,89
150	06.09.20 06:22:29	17,49	0,67	49,39	9,53	31,08
151	06.09.20 06:22:30	17,49	0,67	50,08	11,37	28,56
152	06.09.20 06:22:31	17,49	0,67	53,01	9,92	27,08
153	06.09.20 06:22:32	17,49	0,67	50,68	7,81	31,51
154	06.09.20 06:22:33	17,49	0,70	49,11	9,11	31,78
155	06.09.20 06:22:34	17,49	0,70	55,51	5,81	28,69
156	06.09.20 06:22:35	17,46	0,69	49,91	7,02	33,07
157	06.09.20 06:22:36	17,43	0,69	49,87	7,78	32,34
158	06.09.20 06:22:37	17,43	0,71	49,01	9,43	31,57
159	06.09.20 06:22:38	17,40	0,71	50,07	9,22	30,71
160	06.09.20 06:22:39	17,37	0,71	49,92	6,03	34,05
161	06.09.20 06:22:40	17,34	0,75	46,52	11,09	32,39
162	06.09.20 06:22:41	17,34	0,75	47,16	14,13	28,71
163	06.09.20 06:22:42	17,34	0,78	49,01	12,70	28,29
164	06.09.20 06:22:43	17,34	0,78	46,86	14,66	28,48
165	06.09.20 06:22:44	17,31	0,80	50,17	13,62	26,21
166	06.09.20 06:22:45	17,31	0,80	47,37	10,96	31,67
167	06.09.20 06:22:46	17,31	0,82	46,59	12,27	31,14
168	06.09.20 06:22:47	17,28	0,84	49,62	11,22	29,15
169	06.09.20 06:22:48	17,28	0,84	48,04	9,56	32,40
170	06.09.20 06:22:49	17,28	0,84	48,19	10,89	30,92
171	06.09.20 06:22:50	17,28	0,82	36,02	10,95	43,02
172	06.09.20 06:22:51	17,28	0,82	28,22	14,99	46,79
173	06.09.20 06:22:52	17,25	0,77	23,17	12,03	54,80
174	06.09.20 06:22:53	17,22	0,83	38,98	8,61	42,41
175	06.09.20 06:22:54	17,16	0,87	45,37	11,78	32,85
176	06.09.20 06:22:55	17,10	0,91	49,05	11,79	29,15
177	06.09.20 06:22:56	17,07	0,93	43,49	10,07	36,45
178	06.09.20 06:22:57	17,07	0,91	41,84	11,88	36,28
179	06.09.20 06:22:58	17,04	0,96	47,47	13,03	29,51
180	06.09.20 06:22:59	17,04	0,98	47,95	10,56	31,49
181	06.09.20 06:23:00	17,04	0,98	44,41	11,13	34,46
182	06.09.20 06:23:01	17,01	1,00	48,06	12,17	29,77
183	06.09.20 06:23:02	17,01	1,02	49,29	13,77	26,94
184	06.09.20 06:23:03	17,01	1,04	50,47	12,54	26,99
185	06.09.20 06:23:04	16,98	1,07	47,82	9,74	32,45
186	06.09.20 06:23:05	16,98	1,09	49,31	11,39	29,30
187	06.09.20 06:23:06	16,98	1,09	50,50	12,34	27,17
188	06.09.20 06:23:07	16,95	1,11	48,36	9,00	32,65
189	06.09.20 06:23:08	16,95	1,11	46,26	8,00	35,73
190	06.09.20 06:23:09	16,95	1,11	39,38	8,45	42,17
191	06.09.20 06:23:10	16,92	1,13	33,48	8,67	47,86
192	06.09.20 06:23:11	16,92	1,13	26,87	13,16	49,96
193	06.09.20 06:23:12	16,92	1,13	24,62	13,64	51,74
194	06.09.20 06:23:13	16,89	1,13	25,06	13,96	50,98
195	06.09.20 06:23:14	16,89	1,17	24,93	15,15	49,92
196	06.09.20 06:23:15	16,86	1,17	23,69	13,70	52,61
197	06.09.20 06:23:16	16,83	1,19	25,59	12,48	51,93
198	06.09.20 06:23:17	16,77	1,21	32,13	9,65	48,22
199	06.09.20 06:23:18	16,74	1,25	28,65	11,91	49,44
200	06.09.20 06:23:19	16,74	1,27	24,73	15,04	50,23
201	06.09.20 06:23:20	16,68	1,31	25,05	14,70	50,25
202	06.09.20 06:23:21	16,59	1,33	29,66	11,88	48,46
203	06.09.20 06:23:22	16,53	1,32	27,39	13,27	49,34
204	06.09.20 06:23:23	16,47	1,34	25,36	14,31	50,33
205	06.09.20 06:23:24	16,41	1,34	25,05	13,52	51,43
206	06.09.20 06:23:25	16,38	1,36	24,20	14,35	51,45
207	06.09.20 06:23:26	16,35	1,33	23,23	15,33	51,44
208	06.09.20 06:23:27	16,32	1,33	28,16	13,56	48,28
209	06.09.20 06:23:28	16,26	1,32	30,07	10,34	49,59
210	06.09.20 06:23:29	16,23	1,30	22,56	19,20	48,24
211	06.09.20 06:23:30	16,23	1,25	18,38	21,69	49,93
212	06.09.20 06:23:31	16,20	1,25	35,16	13,94	40,90
213	06.09.20 06:23:32	16,17	1,29	30,32	17,80	41,88
214	06.09.20 06:23:33	16,17	1,29	34,50	15,30	40,19
215	06.09.20 06:23:34	16,14	1,31	32,77	17,48	39,76
216	06.09.20 06:23:35	16,14	1,31	30,80	16,36	42,84
217	06.09.20 06:23:36	16,14	1,26	37,45	8,79	43,76
218	06.09.20 06:23:37	16,14	1,26	30,29	13,22	46,49
219	06.09.20 06:23:38	16,11	1,28	32,07	14,88	43,05
220	06.09.20 06:23:39	16,11	1,28	33,08	10,04	46,88
221	06.09.20 06:23:40	16,08	1,28	34,13	6,86	49,02
222	06.09.20 06:23:41	16,05	1,28	30,46	11,10	48,44
223	06.09.20 06:23:42	16,02	1,32	28,18	14,00	47,83
224	06.09.20 06:23:43	16,02	1,32	30,59	10,12	49,29
225	06.09.20 06:23:44	15,99	1,30	34,81	5,03	50,16
226	06.09.20 06:23:45	15,96	1,32	35,32	3,23	51,45
227	06.09.20 06:23:46	15,93	1,31	36,00	2,58	51,42
228	06.09.20 06:23:47	15,93	1,31	37,52	-0,25	52,23
229	06.09.20 06:23:48	15,89	1,31	39,60	-1,30	49,10
230	06.09.20 06:23:49	15,89	1,33	37,70	0,52	51,78
231	06.09.20 06:23:50	15,89	1,33	38,32	1,93	49,76
232	06.09.20 06:23:51	15,86	1,33	39,02	1,74	49,24
233	06.09.20 06:23:52	15,86	1,35	41,86	-1,17	46,97
234	06.09.20 06:23:53	15,86	1,35	39,83	-3,18	47,00
235	06.09.20 06:23:54	15,86	1,35	39,79	-4,06	46,15
236	06.09.20 06:23:55	15,86	1,35	37,60	-3,84	48,56
237	06.09.20 06:23:56	15,83	1,37	41,11	-3,39	45,50
238	06.09.20 06:23:57	15,83	1,37	39,82	-3,03	47,15
239	06.09.20 06:23:58	15,80	1,37	38,63	-3,05	48,33
240	06.09.20 06:23:59	15,77	1,37	38,32	0,34	51,33
241	06.09.20 06:24:00	15,77	1,37	32,00	-6,53	51,47
242	06.09.20 06:24:01	15,74	1,39	29,44	-8,13	52,43
243	06.09.20 06:24:02	15,71	1,41	31,91	-6,28	51,81
244	06.09.20 06:24:03	15,68	1,41	34,57	-3,42	52,01
245	06.09.20 06:24:04	15,68	1,41	32,29	-5,41	52,30
246	06.09.20 06:24:05	15,65	1,40	27,90	-10,17	51,93
247	06.09.20 06:24:06	15,56	1,46	24,72	-12,55	52,73
248	06.09.20 06:24:07	15,50	1,48	31,42	-6,82	51,76
249	06.09.20 06:24:08	15,44	1,45	33,99	-6,02	49,99
250	06.09.20 06:24:09	15,38	1,52	22,53	-16,00	51,47
251	06.09.20 06:24:10	15,32	1,53	25,08	-13,02	51,89
252	06.09.20 06:24:11	15,20	1,57	31,19	-8,60	50,21
253	06.09.20 06:24:12	15,07	1,60	24,43	-16,21	49,36
254	06.09.20 06:24:13	14,92	1,68	30,38	-11,63	47,99
255	06.09.20 06:24:14	14,83	1,67	32,19	-10,76	47,06
256	06.09.20 06:24:15	14,77	1,69	31,24	-12,05	46,71
257	06.09.20 06:24:16	14,71	1,73	31,56	-13,04	45,40
258	06.09.20 06:24:17	14,68	1,70	28,42	-15,18	46,40
259	06.09.20 06:24:18	14,65	1,72	31,43	-13,00	45,57
260	06.09.20 06:24:19	14,62	1,74	31,21	-13,63	45,16
261	06.09.20 06:24:20	14,59	1,74	32,22	-13,59	44,20
262	06.09.20 06:24:21	14,56	1,69	32,18	-13,67	44,15
263	06.09.20 06:24:22	14,40	1,82	28,54	-14,82	46,63
264	06.09.20 06:24:23	14,31	1,85	32,91	-11,66	45,42
265	06.09.20 06:24:24	14,22	1,89	33,30	-13,41	43,29
266	06.09.20 06:24:25	14,16	1,91	31,40	-12,87	45,72
267	06.09.20 06:24:26	14,06	1,90	28,99	-14,78	46,23
268	06.09.20 06:24:27	13,91	1,98	33,32	-11,25	45,43
269	06.09.20 06:24:28	13,79	1,97	32,30	-12,55	45,15
270	06.09.20 06:24:29	13,66	2,02	31,98	-11,53	46,49
271	06.09.20 06:24:30	13,54	2,06	34,12	-9,73	46,15
272	06.09.20 06:24:31	13,41	2,05	33,79	-9,04	47,17
273	06.09.20 06:24:32	13,35	2,06	33,22	-9,14	47,64
274	06.09.20 06:24:33	13,29	2,08	34,19	-9,14	46,66
275	06.09.20 06:24:34	13,23	2,05	20,30	-20,19	49,51
276	06.09.20 06:24:35	13,17	2,12	31,84	-8,87	49,29
277	06.09.20 06:24:36	13,13	2,09	32,15	-8,40	49,45
278	06.09.20 06:24:37	13,07	2,11	20,54	-16,77	52,69
279	06.09.20 06:24:38	13,01	2,17	25,98	-11,09	52,93
280	06.09.20 06:24:39	12,85	2,18	28,26	-10,54	51,20
281	06.09.20 06:24:40	12,73	2,24	19,36	-17,11	53,53
282	06.09.20 06:24:41	12,57	2,27	28,44	-7,00	54,56
283	06.09.20 06:24:42	12,41	2,30	27,29	-7,23	55,49
284	06.09.20 06:24:43	12,23	2,33	18,61	-16,10	55,30
285	06.09.20 06:24:44	12,07	2,36	21,41	-14,85	53,74
286	06.09.20 06:24:45	11,91	2,41	26,07	-7,16	56,78
287	06.09.20 06:24:46	11,75	2,44	27,19	-4,28	58,53
288	06.09.20 06:24:47	11,62	2,48	24,04	-7,57	58,39
289	06.09.20 06:24:48	11,46	2,51	15,14	-17,96	56,90
290	06.09.20 06:24:49	11,34	2,52	14,83	-18,10	57,07
291	06.09.20 06:24:50	11,21	2,58	20,91	-12,49	56,61
292	06.09.20 06:24:51	11,11	2,61	25,81	-4,40	59,78
293	06.09.20 06:24:52	11,02	2,60	26,86	-1,79	61,36
294	06.09.20 06:24:53	10,89	2,62	18,55	-9,69	61,76
295	06.09.20 06:24:54	10,79	2,68	28,75	-3,17	58,08
296	06.09.20 06:24:55	10,70	2,67	27,35	-5,45	57,20
297	06.09.20 06:24:56	10,60	2,66	23,07	-9,29	57,63
298	06.09.20 06:24:57	10,50	2,69	16,66	-17,14	56,20
299	06.09.20 06:24:58	10,41	2,73	22,04	-12,26	55,69
300	06.09.20 06:24:59	10,34	2,72	26,31	-6,48	57,21
301	06.09.20 06:25:00	10,24	2,76	25,44	-8,00	56,57
302	06.09.20 06:25:01	10,15	2,75	18,53	-12,57	58,90
303	06.09.20 06:25:02	10,05	2,81	15,80	-15,53	58,66
304	06.09.20 06:25:03	9,95	2,83	19,58	-10,37	60,05
305	06.09.20 06:25:04	9,89	2,84	21,38	-8,89	59,73
306	06.09.20 06:25:05	9,82	2,88	27,13	-2,28	60,59
307	06.09.20 06:25:06	9,72	2,87	20,29	-8,80	60,91
308	06.09.20 06:25:07	9,66	2,91	17,01	-12,89	60,10
309	06.09.20 06:25:08	9,56	2,88	17,19	-12,04	60,77
310	06.09.20 06:25:09	9,39	2,93	15,69	-13,08	61,23
311	06.09.20 06:25:10	9,30	2,97	17,05	-13,23	59,73
312	06.09.20 06:25:11	9,23	2,99	13,89	-13,05	63,06
313	06.09.20 06:25:12	9,10	3,02	14,23	-11,36	64,41
314	06.09.20 06:25:13	8,90	3,07	13,49	-13,28	63,23
315	06.09.20 06:25:14	8,73	3,12	15,61	-12,44	61,95
316	06.09.20 06:25:15	8,60	3,13	14,98	-11,34	63,67
317	06.09.20 06:25:16	8,43	3,16	13,39	-12,35	64,26
318	06.09.20 06:25:17	8,27	3,22	15,76	-11,90	62,34
319	06.09.20 06:25:18	8,13	3,23	15,58	-11,36	63,06
320	06.09.20 06:25:19	8,03	3,24	14,29	-11,07	64,64
321	06.09.20 06:25:20	7,93	3,25	15,63	-10,52	63,85
322	06.09.20 06:25:21	7,83	3,27	15,71	-12,60	61,68
323	06.09.20 06:25:22	7,76	3,28	13,14	-12,74	64,12
324	06.09.20 06:25:23	7,69	3,30	14,39	-12,66	62,95
325	06.09.20 06:25:24	7,66	3,29	16,07	-11,76	62,17
326	06.09.20 06:25:25	7,59	3,33	14,61	-11,53	63,86
327	06.09.20 06:25:26	7,52	3,37	13,42	-12,76	63,82
328	06.09.20 06:25:27	7,42	3,39	14,60	-12,88	62,52
329	06.09.20 06:25:28	7,32	3,35	13,49	-12,36	64,15
330	06.09.20 06:25:29	7,25	3,42	14,40	-11,73	63,88
331	06.09.20 06:25:30	7,22	3,41	13,13	-12,26	64,61
332	06.09.20 06:25:31	7,15	3,45	15,37	-10,90	63,73
333	06.09.20 06:25:32	7,08	3,47	13,42	-12,06	64,52
334	06.09.20 06:25:33	7,01	3,44	13,35	-12,09	64,56
335	06.09.20 06:25:34	6,94	3,52	13,71	-12,47	63,82
336	06.09.20 06:25:35	6,87	3,49	14,06	-11,63	64,32
337	06.09.20 06:25:36	6,81	3,53	13,64	-11,53	64,83
338	06.09.20 06:25:37	6,74	3,57	14,80	-10,23	64,97
339	06.09.20 06:25:38	6,67	3,57	13,69	-12,72	63,59
340	06.09.20 06:25:39	6,63	3,59	14,34	-12,48	63,18
341	06.09.20 06:25:40	6,60	3,63	13,54	-12,08	64,38
342	06.09.20 06:25:41	6,53	3,62	13,54	-13,47	62,99
343	06.09.20 06:25:42	6,46	3,66	18,61	-12,74	58,65
344	06.09.20 06:25:43	6,43	3,66	15,86	-16,69	57,45
345	06.09.20 06:25:44	6,43	3,66	20,39	-10,86	58,75
346	06.09.20 06:25:45	6,43	3,70	26,63	-4,93	58,44
347	06.09.20 06:25:46	6,36	3,72	27,96	-2,74	59,29
348	06.09.20 06:25:47	6,32	3,72	29,77	-0,37	59,86
349	06.09.20 06:25:48	6,29	3,76	22,33	-8,21	59,46
350	06.09.20 06:25:49	6,25	3,76	17,93	-13,74	58,33
351	06.09.20 06:25:50	6,22	3,78	14,79	-17,01	58,20
352	06.09.20 06:25:51	6,18	3,80	18,94	-12,70	58,36
353	06.09.20 06:25:52	6,15	3,84	23,05	-7,54	59,41
354	06.09.20 06:25:53	6,11	3,86	19,53	-10,14	60,33
355	06.09.20 06:25:54	6,08	3,88	24,25	-5,39	60,36
356	06.09.20 06:25:55	6,04	3,90	20,18	-7,39	62,43
357	06.09.20 06:25:56	6,01	3,94	25,67	-2,43	61,90
358	06.09.20 06:25:57	5,97	3,94	27,34	-0,57	62,09
359	06.09.20 06:25:58	5,94	3,96	18,56	-9,04	62,41
360	06.09.20 06:25:59	5,90	3,98	14,91	-12,84	62,25
361	06.09.20 06:26:00	5,87	4,00	16,15	-11,29	62,56
362	06.09.20 06:26:01	5,80	4,01	17,53	-9,85	62,62
363	06.09.20 06:26:02	5,73	4,07	14,73	-12,36	62,91
364	06.09.20 06:26:03	5,62	4,06	12,46	-13,90	63,64
365	06.09.20 06:26:04	5,55	4,10	12,98	-14,45	62,58
366	06.09.20 06:26:05	5,52	4,12	14,34	-12,11	63,54
367	06.09.20 06:26:06	5,48	4,14	15,61	-10,29	64,10
368	06.09.20 06:26:07	5,41	4,16	12,86	-12,64	64,49
369	06.09.20 06:26:08	5,37	4,18	13,09	-11,47	65,44
370	06.09.20 06:26:09	5,30	4,22	12,99	-12,04	64,97
371	06.09.20 06:26:10	5,23	4,23	13,24	-11,94	64,82
372	06.09.20 06:26:11	5,13	4,27	13,94	-11,89	64,17
373	06.09.20 06:26:12	5,05	4,28	13,57	-10,12	66,31
374	06.09.20 06:26:13	4,98	4,30	13,86	-9,50	66,64
375	06.09.20 06:26:14	4,95	4,34	13,48	-11,31	65,21
376	06.09.20 06:26:15	4,88	4,38	15,60	-9,33	65,07
377	06.09.20 06:26:16	4,84	4,38	13,08	-11,71	65,21
378	06.09.20 06:26:17	4,77	4,42	13,17	-10,68	66,15
379	06.09.20 06:26:18	4,73	4,41	13,17	-11,15	65,68
380	06.09.20 06:26:19	4,66	4,45	13,72	-11,59	64,70
381	06.09.20 06:26:20	4,63	4,47	13,56	-10,35	66,09
382	06.09.20 06:26:21	4,55	4,51	13,08	-10,63	66,29
383	06.09.20 06:26:22	4,52	4,51	13,84	-10,38	65,78
384	06.09.20 06:26:23	4,48	4,55	14,01	-9,58	66,42
385	06.09.20 06:26:24	4,41	4,54	12,92	-9,31	67,76
386	06.09.20 06:26:25	4,37	4,56	11,21	-11,07	67,72
387	06.09.20 06:26:26	4,34	4,60	12,20	-12,60	65,20
388	06.09.20 06:26:27	4,30	4,65	25,88	-7,67	56,46
389	06.09.20 06:26:28	4,26	4,67	27,42	-7,91	54,67
390	06.09.20 06:26:29	4,26	4,69	24,57	-12,72	52,71
391	06.09.20 06:26:30	4,26	4,69	19,22	-13,59	57,19
392	06.09.20 06:26:31	4,26	4,67	20,38	-12,63	56,99
393	06.09.20 06:26:32	4,23	4,71	21,38	-11,74	56,89
394	06.09.20 06:26:33	4,19	4,73	20,61	-10,52	58,87
395	06.09.20 06:26:34	4,16	4,70	22,28	-10,54	57,18
396	06.09.20 06:26:35	4,16	4,70	28,01	-6,13	55,86
397	06.09.20 06:26:36	4,16	4,72	30,77	-3,13	56,11
398	06.09.20 06:26:37	4,12	4,74	29,30	-6,46	54,24
399	06.09.20 06:26:38	4,12	4,74	33,38	-2,88	53,74
400	06.09.20 06:26:39	4,12	4,74	38,84	-4,11	47,05
401	06.09.20 06:26:40	4,12	4,74	38,22	-5,33	46,45
402	06.09.20 06:26:41	4,12	4,74	37,83	-3,14	49,03
403	06.09.20 06:26:42	4,12	4,77	41,03	-2,16	46,80
404	06.09.20 06:26:43	4,12	4,77	42,17	-3,17	44,66
405	06.09.20 06:26:44	4,12	4,81	43,96	-3,56	42,48
406	06.09.20 06:26:45	4,08	4,81	42,71	-3,38	43,91
407	06.09.20 06:26:46	4,05	4,80	42,41	-2,77	44,82
408	06.09.20 06:26:47	4,01	4,87	44,89	-3,91	41,20
409	06.09.20 06:26:48	3,97	4,89	45,94	-3,24	40,81
410	06.09.20 06:26:49	3,94	4,89	44,13	-2,82	43,04
411	06.09.20 06:26:50	3,94	4,89	43,41	-3,49	43,11
412	06.09.20 06:26:51	3,90	4,93	47,56	-3,08	39,35
413	06.09.20 06:26:52	3,90	4,95	47,47	-4,04	38,49
414	06.09.20 06:26:53	3,90	4,97	46,85	-0,09	43,06
415	06.09.20 06:26:54	3,86	4,97	45,55	-3,79	40,66
416	06.09.20 06:26:55	3,86	4,99	47,37	-3,12	39,50
417	06.09.20 06:26:56	3,86	5,02	48,81	-2,16	39,03
418	06.09.20 06:26:57	3,86	5,04	47,69	-2,99	39,32
419	06.09.20 06:26:58	3,83	5,06	46,59	-3,19	40,22
420	06.09.20 06:26:59	3,83	5,08	49,37	-3,24	37,39
421	06.09.20 06:27:00	3,83	5,13	51,65	-2,61	35,75
422	06.09.20 06:27:01	3,83	5,13	47,37	-4,48	38,15
423	06.09.20 06:27:02	3,83	5,15	47,28	-3,84	38,88
424	06.09.20 06:27:03	3,83	5,20	51,18	-1,75	37,06
425	06.09.20 06:27:04	3,83	5,22	47,91	-4,05	38,04
426	06.09.20 06:27:05	3,83	5,22	46,14	-3,65	40,21
427	06.09.20 06:27:06	3,83	5,27	45,42	-4,55	40,04
428	06.09.20 06:27:07	3,83	5,31	45,41	-1,76	42,82
429	06.09.20 06:27:08	3,79	5,31	45,19	-3,52	41,29
430	06.09.20 06:27:09	3,79	5,36	44,12	-5,33	40,55
431	06.09.20 06:27:10	3,75	5,38	45,11	-2,88	42,01
432	06.09.20 06:27:11	3,75	5,42	46,20	-1,86	41,94
433	06.09.20 06:27:12	3,75	5,45	43,40	-4,50	42,10
434	06.09.20 06:27:13	3,75	5,47	45,92	-6,32	37,76
435	06.09.20 06:27:14	3,75	5,51	46,35	-3,54	40,11
436	06.09.20 06:27:15	3,75	5,54	45,01	-3,98	41,00
437	06.09.20 06:27:16	3,72	5,60	43,53	-9,75	36,72
438	06.09.20 06:27:17	3,68	5,62	48,83	-9,33	31,84
439	06.09.20 06:27:18	3,68	5,67	43,81	-10,68	35,51
440	06.09.20 06:27:19	3,64	5,71	43,60	-12,27	34,13
441	06.09.20 06:27:20	3,64	5,73	50,23	-10,68	29,09
442	06.09.20 06:27:21	3,64	5,78	47,28	-12,25	30,48
443	06.09.20 06:27:22	3,61	5,80	45,72	-11,64	32,64
444	06.09.20 06:27:23	3,61	5,85	46,41	-10,17	33,42
445	06.09.20 06:27:24	3,57	5,87	46,06	-10,87	33,07
446	06.09.20 06:27:25	3,57	5,89	45,02	-10,62	34,36
447	06.09.20 06:27:26	3,57	5,91	46,68	-10,65	32,67
448	06.09.20 06:27:27	3,57	5,93	47,07	-9,90	33,03
449	06.09.20 06:27:28	3,53	5,98	47,09	-11,15	31,76
450	06.09.20 06:27:29	3,53	6,00	48,03	-7,28	34,69
451	06.09.20 06:27:30	3,53	6,02	45,34	-6,96	37,70
452	06.09.20 06:27:31	3,53	6,02	28,60	-9,73	51,67
453	06.09.20 06:27:32	3,50	6,04	0,59	-15,01	74,40
454	06.09.20 06:27:33	3,50	6,04	-1,02	-8,07	80,90
455	06.09.20 06:27:34	3,50	6,07	43,36	12,23	34,40
456	06.09.20 06:27:35	3,42	6,10	18,80	-1,20	69,99
457	06.09.20 06:27:36	3,35	6,05	4,23	7,18	78,59
458	06.09.20 06:27:37	3,27	6,07	1,69	-1,77	86,55
459	06.09.20 06:27:38	3,24	6,16	-11,13	-10,86	68,01
460	06.09.20 06:27:39	3,20	6,13	-0,25	-6,47	83,28
461	06.09.20 06:27:40	3,20	6,10	0,82	-3,86	85,32
462	06.09.20 06:27:41	3,16	6,08	6,76	-6,33	76,91
463	06.09.20 06:27:42	3,16	6,10	-16,36	-0,60	73,04
464	06.09.20 06:27:43	3,13	6,07	5,06	-17,94	67,00
465	06.09.20 06:27:44	3,09	6,09	-4,11	3,50	82,39
466	06.09.20 06:27:45	3,05	6,09	-3,94	-1,18	84,88
467	06.09.20 06:27:46	3,01	6,09	-8,12	0,75	81,13
468	06.09.20 06:27:47	2,98	6,08	-1,74	1,39	86,88
469	06.09.20 06:27:48	2,94	6,08	-4,31	0,11	85,57
470	06.09.20 06:27:49	2,90	6,07	2,28	1,40	86,32
471	06.09.20 06:27:50	2,90	6,07	-4,82	6,41	78,77
472	06.09.20 06:27:51	2,87	6,09	-4,70	5,08	80,23
473	06.09.20 06:27:52	2,87	6,09	-4,19	1,73	84,07
474	06.09.20 06:27:53	2,83	6,09	-5,24	-1,13	83,63
475	06.09.20 06:27:54	2,79	6,09	-1,32	5,86	82,83
476	06.09.20 06:27:55	2,79	6,06	-8,39	1,63	79,98
477	06.09.20 06:27:56	2,79	6,04	-0,55	2,27	87,18
478	06.09.20 06:27:57	2,79	6,06	-0,69	1,02	88,29
479	06.09.20 06:27:58	2,75	6,06	-1,13	1,03	87,84
480	06.09.20 06:27:59	2,75	6,06	-18,51	0,05	71,44
481	06.09.20 06:28:00	2,75	6,06	-4,97	-2,15	82,88
482	06.09.20 06:28:01	2,72	6,05	-13,57	-0,61	75,82
483	06.09.20 06:28:02	2,72	6,08	-6,74	-1,76	81,50
484	06.09.20 06:28:03	2,68	6,07	-4,73	-4,75	80,52
485	06.09.20 06:28:04	2,68	6,07	1,74	-2,02	86,24
486	06.09.20 06:28:05	2,68	6,07	-4,27	2,47	83,25
487	06.09.20 06:28:06	2,68	6,05	-5,83	-1,32	82,85
488	06.09.20 06:28:07	2,64	6,07	3,96	3,22	82,82
489	06.09.20 06:28:08	2,64	6,07	-5,08	-6,76	78,17
490	06.09.20 06:28:09	2,64	6,07	1,78	-0,41	87,82
491	06.09.20 06:28:10	2,60	6,07	-8,09	6,13	75,78
492	06.09.20 06:28:11	2,60	6,07	3,30	3,96	82,74
493	06.09.20 06:28:12	2,56	6,06	-12,32	4,66	73,02
494	06.09.20 06:28:13	2,56	6,09	-4,49	2,03	83,48
495	06.09.20 06:28:14	2,53	6,06	9,69	2,98	77,33
496	06.09.20 06:28:15	2,53	6,06	12,67	-0,86	76,47
497	06.09.20 06:28:16	2,49	6,05	-3,12	9,36	77,52
498	06.09.20 06:28:17	2,49	6,03	13,51	2,40	74,09
499	06.09.20 06:28:18	2,45	6,05	3,98	-10,98	75,05
500	06.09.20 06:28:19	2,45	6,05	-2,68	-12,96	74,36
501	06.09.20 06:28:20	2,45	6,07	1,54	-13,40	75,06
502	06.09.20 06:28:21	2,45	6,05	2,02	-6,83	81,15
503	06.09.20 06:28:22	2,41	6,05	0,14	-0,37	89,49
504	06.09.20 06:28:23	2,41	6,05	-3,00	-0,52	86,47
505	06.09.20 06:28:24	2,41	6,09	5,55	-12,83	71,62
506	06.09.20 06:28:25	2,38	6,04	-3,54	-6,88	79,58
507	06.09.20 06:28:26	2,38	6,04	4,33	-5,24	80,43
508	06.09.20 06:28:27	2,34	6,04	4,19	-4,93	80,87
509	06.09.20 06:28:28	2,34	6,06	-0,60	-5,27	84,13
510	06.09.20 06:28:29	2,30	6,03	6,40	0,69	82,90
511	06.09.20 06:28:30	2,30	6,06	2,26	-1,51	86,23
512	06.09.20 06:28:31	2,30	6,03	10,19	6,59	73,22
513	06.09.20 06:28:32	2,30	6,03	10,21	-5,06	74,73
514	06.09.20 06:28:33	2,26	6,05	1,19	-1,96	86,85
515	06.09.20 06:28:34	2,26	6,05	1,12	-6,14	82,73
516	06.09.20 06:28:35	2,26	6,08	24,43	-11,47	54,09
517	06.09.20 06:28:36	2,26	6,03	16,12	2,26	71,62
518	06.09.20 06:28:37	2,22	6,03	-12,65	-4,30	73,05
519	06.09.20 06:28:38	2,22	6,03	-1,08	-1,45	87,47
520	06.09.20 06:28:39	2,22	6,03	15,82	-11,52	62,66
521	06.09.20 06:28:40	2,22	6,03	19,84	-5,25	64,91
522	06.09.20 06:28:41	2,19	5,88	15,91	-13,27	60,83
523	06.09.20 06:28:42	2,19	6,00	-3,61	5,92	80,47
524	06.09.20 06:28:43	2,15	6,00	-0,93	1,17	87,90
525	06.09.20 06:28:44	2,15	6,02	1,23	0,51	88,25
526	06.09.20 06:28:45	2,15	6,02	-6,51	-0,05	83,43
527	06.09.20 06:28:46	2,15	6,02	-2,52	0,99	86,49
528	06.09.20 06:28:47	2,15	6,00	0,25	-0,08	89,67
529	06.09.20 06:28:48	2,11	6,01	-7,83	-0,03	82,14
530	06.09.20 06:28:49	2,11	6,01	-10,18	-1,40	78,42
531	06.09.20 06:28:50	2,11	5,99	3,92	-3,34	82,73
532	06.09.20 06:28:51	2,11	6,01	3,91	0,63	85,47
533	06.09.20 06:28:52	2,11	6,01	-3,96	1,21	84,83
534	06.09.20 06:28:53	2,11	5,99	2,18	-1,40	86,42
535	06.09.20 06:28:54	2,11	5,99	-1,27	-0,08	88,65
536	06.09.20 06:28:55	2,07	6,01	-4,37	-1,16	84,47
537	06.09.20 06:28:56	2,07	5,99	-8,50	-1,14	80,36
538	06.09.20 06:28:57	2,07	5,99	-8,31	0,55	81,14
539	06.09.20 06:28:58	2,07	5,99	-5,50	0,44	84,06
540	06.09.20 06:28:59	2,03	6,01	-3,92	-1,55	84,53
541	06.09.20 06:29:00	2,03	6,01	1,02	0,38	88,61
542	06.09.20 06:29:01	2,03	5,98	-5,27	9,30	75,42
543	06.09.20 06:29:02	2,03	6,01	2,79	2,09	85,12
544	06.09.20 06:29:03	2,00	5,98	-8,00	2,10	79,90
545	06.09.20 06:29:04	2,00	5,98	-8,85	3,41	77,73
546	06.09.20 06:29:05	2,00	5,98	-4,27	-0,09	85,65
547	06.09.20 06:29:06	2,00	5,98	-9,06	-1,02	79,92
548	06.09.20 06:29:07	2,00	5,98	10,93	-1,05	78,01
549	06.09.20 06:29:08	2,00	6,03	3,32	-0,13	86,56
550	06.09.20 06:29:09	1,96	6,00	4,72	11,12	74,16
551	06.09.20 06:29:10	1,92	5,99	1,34	8,41	80,26
552	06.09.20 06:29:11	1,88	5,99	-3,09	8,56	78,36
553	06.09.20 06:29:12	1,88	5,99	-0,47	2,47	87,07
554	06.09.20 06:29:13	1,88	5,99	-8,51	4,49	77,00
555	06.09.20 06:29:14	1,88	5,97	-4,11	4,75	81,15
556	06.09.20 06:29:15	1,88	5,99	-3,75	2,15	84,10
557	06.09.20 06:29:16	1,88	5,99	-17,91	-3,20	68,89
558	06.09.20 06:29:17	1,84	5,99	3,47	0,03	86,50
559	06.09.20 06:29:18	1,84	5,94	-1,00	7,14	81,86
560	06.09.20 06:29:19	1,84	5,96	-7,54	2,11	80,36
561	06.09.20 06:29:20	1,81	5,98	-4,73	3,81	81,46
562	06.09.20 06:29:21	1,81	5,98	2,13	5,06	82,81
563	06.09.20 06:29:22	1,81	5,98	-4,29	5,04	80,67
564	06.09.20 06:29:23	1,77	5,98	-7,03	2,90	80,07
565	06.09.20 06:29:24	1,77	5,98	-2,48	-2,33	85,19
566	06.09.20 06:29:25	1,77	5,98	1,58	3,79	84,63
567	06.09.20 06:29:26	1,77	5,98	-3,56	1,52	84,92
568	06.09.20 06:29:27	1,73	5,97	-6,44	1,98	81,58
569	06.09.20 06:29:28	1,73	5,97	-2,50	5,74	81,76
570	06.09.20 06:29:29	1,73	5,95	-7,16	0,55	82,29
571	06.09.20 06:29:30	1,73	5,95	-13,13	2,70	74,17
572	06.09.20 06:29:31	1,73	5,95	-7,15	5,46	77,40
573	06.09.20 06:29:32	1,69	5,95	-7,32	1,78	80,91
574	06.09.20 06:29:33	1,69	5,97	-2,27	-0,10	87,63
575	06.09.20 06:29:34	1,69	5,95	-16,95	0,32	72,74
576	06.09.20 06:29:35	1,69	5,97	-7,98	1,95	80,08
577	06.09.20 06:29:36	1,69	5,95	-1,07	1,35	87,59
578	06.09.20 06:29:37	1,69	5,97	-6,97	2,30	80,73
579	06.09.20 06:29:38	1,65	5,99	1,34	4,97	83,69
580	06.09.20 06:29:39	1,65	5,97	-5,14	2,23	82,63
581	06.09.20 06:29:40	1,65	5,97	-3,41	-1,13	85,46
582	06.09.20 06:29:41	1,65	5,97	-7,09	-1,17	81,73
583	06.09.20 06:29:42	1,65	5,97	-5,66	-2,99	81,35
584	06.09.20 06:29:43	1,65	5,97	2,84	1,45	85,71
585	06.09.20 06:29:44	1,65	5,94	-3,46	6,25	80,29
586	06.09.20 06:29:45	1,61	5,96	-7,44	-3,35	79,21
587	06.09.20 06:29:46	1,61	5,96	1,04	0,69	88,28
588	06.09.20 06:29:47	1,61	5,96	-3,25	4,64	82,10
589	06.09.20 06:29:48	1,61	5,96	-1,51	-5,43	83,06
590	06.09.20 06:29:49	1,61	5,96	6,74	2,27	80,99
591	06.09.20 06:29:50	1,61	5,96	13,76	-5,80	70,44
592	06.09.20 06:29:51	1,57	5,94	-24,04	-6,54	59,42
593	06.09.20 06:29:52	1,57	5,96	7,31	-3,77	78,92
594	06.09.20 06:29:53	1,54	5,95	0,84	4,08	85,08
595	06.09.20 06:29:54	1,54	5,98	5,02	-25,72	59,26
596	06.09.20 06:29:55	1,54	5,98	1,70	-0,65	87,65
597	06.09.20 06:29:56	1,54	5,95	-6,77	2,01	81,23
598	06.09.20 06:29:57	1,54	5,95	-5,59	-3,87	80,54
599	06.09.20 06:29:58	1,50	5,95	0,03	6,13	83,84
600	06.09.20 06:29:59	1,50	5,97	8,43	24,97	56,59
601	06.09.20 06:30:00	1,50	5,95	11,54	3,49	74,97
602	06.09.20 06:30:01	1,50	5,97	2,74	-12,67	74,59
603	06.09.20 06:30:02	1,50	5,93	-2,62	1,60	85,78
604	06.09.20 06:30:03	1,50	5,95	-8,34	11,74	69,92
605	06.09.20 06:30:04	1,50	6,07	-15,08	-0,14	74,78
606	06.09.20 06:30:05	1,50	5,95	6,21	3,44	80,35
607	06.09.20 06:30:06	1,50	5,93	-3,05	-1,29	85,66
608	06.09.20 06:30:07	1,50	5,95	-5,45	2,21	82,34
609	06.09.20 06:30:08	1,50	5,93	9,95	5,70	74,35
610	06.09.20 06:30:09	1,50	5,93	-1,30	4,15	84,56
611	06.09.20 06:30:10	1,50	5,93	-4,92	0,46	84,63
612	06.09.20 06:30:11	1,50	5,95	16,38	-7,54	66,09
613	06.09.20 06:30:12	1,46	5,95	15,23	-5,73	69,04
614	06.09.20 06:30:13	1,46	5,92	2,63	1,91	85,46
615	06.09.20 06:30:14	1,46	5,92	0,53	5,57	83,90
616	06.09.20 06:30:15	1,46	5,95	-6,05	3,00	80,95
617	06.09.20 06:30:16	1,46	5,95	0,03	-1,20	88,77
618	06.09.20 06:30:17	1,46	5,95	-0,18	1,69	88,13
619	06.09.20 06:30:18	1,42	5,92	-8,72	1,07	80,22
620	06.09.20 06:30:19	1,42	5,92	-5,02	0,43	84,55
621	06.09.20 06:30:20	1,42	5,92	-4,19	-1,93	83,88
622	06.09.20 06:30:21	1,42	5,92	-3,25	6,18	80,58
623	06.09.20 06:30:22	1,42	5,92	-6,98	2,94	80,08
624	06.09.20 06:30:23	1,42	5,92	-6,27	0,18	83,55
625	06.09.20 06:30:24	1,42	5,92	1,53	-0,17	88,29
626	06.09.20 06:30:25	1,42	5,92	15,21	0,57	74,22
627	06.09.20 06:30:26	1,42	5,92	15,01	3,49	71,51
628	06.09.20 06:30:27	1,38	5,91	23,58	-0,58	65,84
629	06.09.20 06:30:28	1,38	5,94	12,44	3,04	74,52
630	06.09.20 06:30:29	1,38	5,91	1,37	-8,93	79,70
631	06.09.20 06:30:30	1,38	5,89	2,14	2,10	85,76
632	06.09.20 06:30:31	1,38	5,94	-12,99	-6,07	70,94
633	06.09.20 06:30:32	1,38	5,94	2,08	2,27	85,66
634	06.09.20 06:30:33	1,38	5,94	20,03	-0,99	68,99
635	06.09.20 06:30:34	1,34	5,93	3,41	-5,43	81,16
636	06.09.20 06:30:35	1,34	5,93	2,83	1,79	85,38
637	06.09.20 06:30:36	1,34	5,91	-3,24	0,25	86,51
638	06.09.20 06:30:37	1,34	5,91	2,19	0,40	87,41
639	06.09.20 06:30:38	1,34	5,91	-1,50	0,37	88,14
640	06.09.20 06:30:39	1,34	5,91	-0,36	-2,19	87,45
641	06.09.20 06:30:40	1,34	5,91	-2,72	0,11	87,17
642	06.09.20 06:30:41	1,34	5,89	1,43	-2,75	85,82
643	06.09.20 06:30:42	1,34	5,89	-0,99	-4,18	84,83
644	06.09.20 06:30:43	1,34	5,89	-3,93	-4,05	82,02
645	06.09.20 06:30:44	1,34	5,89	-5,17	-4,21	80,61
646	06.09.20 06:30:45	1,34	5,89	-4,15	-4,43	81,43
647	06.09.20 06:30:46	1,34	5,89	-5,68	-3,16	81,16
648	06.09.20 06:30:47	1,34	5,89	-4,29	-4,79	80,92
649	06.09.20 06:30:48	1,34	5,89	-6,47	-6,91	76,63
650	06.09.20 06:30:49	1,34	5,86	-5,67	-6,74	77,58
651	06.09.20 06:30:50	1,34	5,86	-4,32	-4,04	81,64
652	06.09.20 06:30:51	1,34	5,86	-7,08	-2,46	80,46
653	06.09.20 06:30:52	1,34	5,89	-4,68	-2,11	83,21
654	06.09.20 06:30:53	1,34	5,89	0,74	-18,85	70,41
655	06.09.20 06:30:54	1,30	5,88	5,22	-6,14	78,64
656	06.09.20 06:30:55	1,30	5,86	-4,87	-1,52	83,61
657	06.09.20 06:30:56	1,30	5,86	-10,93	1,09	77,98
658	06.09.20 06:30:57	1,30	5,88	-7,87	8,86	73,27
659	06.09.20 06:30:58	1,30	5,91	3,86	-4,20	81,94
660	06.09.20 06:30:59	1,30	5,91	-4,85	-6,11	79,03
661	06.09.20 06:31:00	1,30	5,88	14,01	-15,75	60,24
662	06.09.20 06:31:01	1,27	5,90	13,08	-2,69	74,23
663	06.09.20 06:31:02	1,27	5,90	0,86	-0,43	88,71
664	06.09.20 06:31:03	1,27	5,90	17,29	-17,54	55,17
665	06.09.20 06:31:04	1,27	5,90	4,64	-10,76	74,60
666	06.09.20 06:31:05	1,23	5,90	35,82	10,92	43,26
667	06.09.20 06:31:06	1,23	5,92	46,02	4,39	39,59
668	06.09.20 06:31:07	1,23	5,83	7,33	-6,06	76,61
669	06.09.20 06:31:08	1,23	5,88	14,76	-1,76	73,48
670	06.09.20 06:31:09	1,23	5,90	-19,19	6,92	63,88
671	06.09.20 06:31:10	1,23	5,92	-4,55	1,50	83,95
672	06.09.20 06:31:11	1,23	5,90	-0,03	-0,38	89,59
673	06.09.20 06:31:12	1,23	5,90	-0,96	-0,70	88,33
674	06.09.20 06:31:13	1,23	5,90	-6,44	-0,99	82,57
675	06.09.20 06:31:14	1,23	5,90	-9,69	2,42	77,88
676	06.09.20 06:31:15	1,19	5,89	4,11	9,55	76,34
677	06.09.20 06:31:16	1,19	5,89	8,31	3,06	78,62
678	06.09.20 06:31:17	1,19	5,92	-13,42	15,56	61,02
679	06.09.20 06:31:18	1,19	5,89	-5,86	-1,80	82,34
680	06.09.20 06:31:19	1,19	5,87	16,03	-21,58	52,39
681	06.09.20 06:31:20	1,19	6,01	0,98	-9,22	79,81
682	06.09.20 06:31:21	1,15	5,89	5,24	-12,86	71,90
683	06.09.20 06:31:22	1,15	5,91	19,89	-2,57	67,54
684	06.09.20 06:31:23	1,15	5,91	14,63	1,77	73,60
685	06.09.20 06:31:24	1,15	5,89	-10,91	1,34	77,75
686	06.09.20 06:31:25	1,15	5,91	26,28	-1,55	62,17
687	06.09.20 06:31:26	1,15	5,87	31,27	-5,55	53,17
688	06.09.20 06:31:27	1,15	5,91	4,97	-3,36	81,67
689	06.09.20 06:31:28	1,15	5,91	7,14	7,16	75,70
690	06.09.20 06:31:29	1,15	5,89	11,21	1,85	76,94
691	06.09.20 06:31:30	1,15	5,89	3,91	1,05	85,05
692	06.09.20 06:31:31	1,11	5,89	13,53	-2,75	73,72
693	06.09.20 06:31:32	1,11	5,89	34,42	-9,89	45,69
694	06.09.20 06:31:33	1,11	5,89	-3,14	-4,87	81,99
695	06.09.20 06:31:34	1,11	5,89	-8,32	-3,97	77,71
696	06.09.20 06:31:35	1,11	5,91	-6,17	-7,19	76,65
697	06.09.20 06:31:36	1,11	5,91	-5,84	-9,31	74,85
698	06.09.20 06:31:37	1,11	5,91	55,29	-9,58	25,14
699	06.09.20 06:31:38	1,11	5,82	-14,79	9,68	65,53
700	06.09.20 06:31:39	1,07	5,88	20,47	-1,99	67,54
701	06.09.20 06:31:40	1,07	5,91	3,32	5,55	81,14
702	06.09.20 06:31:41	1,07	5,91	15,34	-2,44	72,23
703	06.09.20 06:31:42	1,07	5,93	11,56	-6,08	72,36
704	06.09.20 06:31:43	1,07	5,86	9,09	-3,30	77,61
705	06.09.20 06:31:44	1,07	5,88	-0,90	-6,44	82,66
706	06.09.20 06:31:45	1,07	5,88	6,98	-2,02	81,01
707	06.09.20 06:31:46	1,07	5,91	7,90	6,10	76,00
708	06.09.20 06:31:47	1,07	5,91	15,25	-22,32	52,43
709	06.09.20 06:31:48	1,07	5,93	20,95	-3,68	65,37
710	06.09.20 06:31:49	1,03	5,90	11,68	-0,08	78,24
711	06.09.20 06:31:50	1,03	5,88	-1,67	2,87	85,46
712	06.09.20 06:31:51	1,03	5,90	6,39	-2,90	80,71
713	06.09.20 06:31:52	1,03	5,90	-14,13	1,34	74,53
714	06.09.20 06:31:53	1,03	5,90	1,95	-3,66	84,40
715	06.09.20 06:31:54	1,03	5,88	16,99	11,37	61,64
716	06.09.20 06:31:55	1,03	5,90	-12,61	1,77	75,62
717	06.09.20 06:31:56	1,03	5,90	-0,78	4,95	84,27
718	06.09.20 06:31:57	1,03	5,90	58,74	16,70	14,56
719	06.09.20 06:31:58	0,99	5,90	0,45	0,38	89,17
720	06.09.20 06:31:59	0,99	5,92	-12,98	2,26	74,76
721	06.09.20 06:32:00	0,99	5,90	1,84	9,07	79,09
722	06.09.20 06:32:01	0,99	5,90	-0,61	9,31	80,08
723	06.09.20 06:32:02	0,99	5,87	37,37	-15,11	37,52
724	06.09.20 06:32:03	0,99	5,90	7,63	-0,61	81,77
725	06.09.20 06:32:04	0,99	5,92	9,49	-9,66	70,84
726	06.09.20 06:32:05	0,99	5,92	19,59	-12,24	58,17
727	06.09.20 06:32:06	0,99	5,90	0,34	-5,90	83,77
728	06.09.20 06:32:07	0,99	5,90	2,97	-5,57	81,47
729	06.09.20 06:32:08	0,99	5,92	2,54	4,74	82,72
730	06.09.20 06:32:09	0,99	5,90	-4,92	8,63	76,46
731	06.09.20 06:32:10	0,95	5,87	-0,32	0,46	89,23
732	06.09.20 06:32:11	0,95	5,89	-7,20	-1,62	81,17
733	06.09.20 06:32:12	0,95	5,89	-1,74	0,71	87,55
734	06.09.20 06:32:13	0,95	5,87	1,57	-2,02	86,42
735	06.09.20 06:32:14	0,95	5,87	-5,25	-1,71	83,04
736	06.09.20 06:32:15	0,95	5,89	-1,75	1,66	86,59
737	06.09.20 06:32:16	0,95	5,89	-7,21	-2,19	80,60
738	06.09.20 06:32:17	0,95	5,89	-4,46	-1,17	84,37
739	06.09.20 06:32:18	0,95	5,87	5,17	6,88	77,96
740	06.09.20 06:32:19	0,95	5,89	-6,12	2,84	81,04
741	06.09.20 06:32:20	0,95	5,92	8,41	-2,26	79,32
742	06.09.20 06:32:21	0,95	5,85	-13,95	1,20	74,85
743	06.09.20 06:32:22	0,95	5,89	-3,26	-0,79	85,95
744	06.09.20 06:32:23	0,95	5,89	-11,48	-3,65	74,87
745	06.09.20 06:32:24	0,95	5,89	0,31	-0,89	88,80
746	06.09.20 06:32:25	0,95	5,89	0,33	-11,88	77,79
747	06.09.20 06:32:26	0,95	5,89	-16,80	-10,13	63,07
748	06.09.20 06:32:27	0,91	5,87	19,74	7,99	62,27
749	06.09.20 06:32:28	0,91	5,98	-2,76	-2,99	84,25
750	06.09.20 06:32:29	0,91	5,89	4,39	-4,33	81,28
751	06.09.20 06:32:30	0,91	5,87	8,87	0,09	81,04
752	06.09.20 06:32:31	0,91	5,89	-7,54	-2,54	79,92
753	06.09.20 06:32:32	0,91	5,87	-2,35	4,92	82,73
754	06.09.20 06:32:33	0,91	5,87	0,38	-2,20	87,42
755	06.09.20 06:32:34	0,91	5,87	5,85	-1,25	82,90
756	06.09.20 06:32:35	0,91	5,87	50,12	-5,69	34,19
757	06.09.20 06:32:36	0,91	5,89	25,84	0,94	63,23
758	06.09.20 06:32:37	0,91	5,98	11,83	-5,55	72,62
759	06.09.20 06:32:38	0,91	5,89	-0,48	1,36	88,16
760	06.09.20 06:32:39	0,91	5,89	13,96	-4,42	71,61
761	06.09.20 06:32:40	0,91	5,91	-4,53	10,40	75,07
762	06.09.20 06:32:41	0,88	5,91	4,69	-2,62	82,68
763	06.09.20 06:32:42	0,88	5,88	-2,42	-1,33	86,25
764	06.09.20 06:32:43	0,88	5,88	6,58	-0,17	83,26
765	06.09.20 06:32:44	0,88	5,86	-5,52	-2,64	81,84
766	06.09.20 06:32:45	0,88	5,88	-5,01	1,80	83,19
767	06.09.20 06:32:46	0,88	5,88	4,54	-2,93	82,53
768	06.09.20 06:32:47	0,88	5,86	-2,34	2,17	85,49
769	06.09.20 06:32:48	0,88	5,88	-2,00	-5,53	82,46
770	06.09.20 06:32:49	0,88	5,88	-6,43	-4,76	78,80
771	06.09.20 06:32:50	0,88	5,88	2,45	-4,37	83,18
772	06.09.20 06:32:51	0,88	5,88	-4,91	-5,36	79,73
773	06.09.20 06:32:52	0,88	5,86	-4,35	-6,41	79,23
774	06.09.20 06:32:53	0,88	5,88	-1,91	-5,06	83,03
775	06.09.20 06:32:54	0,88	5,88	0,89	-3,73	85,38
776	06.09.20 06:32:55	0,88	5,88	0,23	-4,47	85,30
777	06.09.20 06:32:56	0,88	5,86	-4,44	-1,60	83,96
778	06.09.20 06:32:57	0,88	5,86	-1,01	-3,15	85,84
779	06.09.20 06:32:58	0,88	5,86	-0,96	-0,42	88,62
780	06.09.20 06:32:59	0,88	5,86	-5,51	-5,99	78,50
781	06.09.20 06:33:00	0,88	5,86	-6,06	-3,21	80,73
782	06.09.20 06:33:01	0,84	5,86	1,94	-4,76	83,30
783	06.09.20 06:33:02	0,84	5,88	-2,93	-3,13	83,94
784	06.09.20 06:33:03	0,84	5,86	-1,84	-6,78	81,38
785	06.09.20 06:33:04	0,84	5,86	-4,27	-5,66	80,07
786	06.09.20 06:33:05	0,84	5,83	-2,87	-3,75	83,38
787	06.09.20 06:33:06	0,84	5,86	-4,43	-6,03	79,54
788	06.09.20 06:33:07	0,84	5,86	-6,48	-2,52	81,00
789	06.09.20 06:33:08	0,84	5,83	-4,36	6,85	78,79
790	06.09.20 06:33:09	0,84	5,88	2,47	-7,06	80,47
791	06.09.20 06:33:10	0,84	5,86	-0,06	-5,63	84,32
792	06.09.20 06:33:11	0,84	5,86	-2,51	-6,06	81,43
793	06.09.20 06:33:12	0,84	5,86	-3,96	2,81	83,24
794	06.09.20 06:33:13	0,84	5,86	-3,77	-2,72	83,51
795	06.09.20 06:33:14	0,84	5,86	-2,41	-5,48	82,11
796	06.09.20 06:33:15	0,84	5,86	-2,02	-10,51	77,47
797	06.09.20 06:33:16	0,84	5,86	-5,32	-0,90	83,78
798	06.09.20 06:33:17	0,84	5,86	-3,07	0,76	86,17
799	06.09.20 06:33:18	0,84	5,86	-5,32	-2,40	82,28
800	06.09.20 06:33:19	0,84	5,86	1,20	-9,88	78,92
801	06.09.20 06:33:20	0,84	5,86	-6,86	-3,61	79,53
802	06.09.20 06:33:21	0,84	5,86	-3,93	-3,43	82,64
803	06.09.20 06:33:22	0,84	5,83	-2,63	-7,61	79,76
804	06.09.20 06:33:23	0,84	5,86	-3,88	-5,75	80,37
805	06.09.20 06:33:24	0,84	5,86	-4,66	-8,59	76,76
806	06.09.20 06:33:25	0,84	5,86	-2,22	-6,92	80,85
807	06.09.20 06:33:26	0,84	5,86	-4,05	-7,50	78,45
808	06.09.20 06:33:27	0,84	5,83	-1,67	-8,59	79,74
809	06.09.20 06:33:28	0,84	5,86	-4,98	-10,86	74,16
810	06.09.20 06:33:29	0,84	5,86	0,47	-10,01	79,52
811	06.09.20 06:33:30	0,84	5,86	-2,39	-6,27	81,34
812	06.09.20 06:33:31	0,84	5,86	2,46	-5,12	82,42
813	06.09.20 06:33:32	0,84	5,86	-9,47	-10,49	70,04
814	06.09.20 06:33:33	0,84	5,88	-0,97	-4,70	84,33
815	06.09.20 06:33:34	0,84	5,88	-4,81	-1,70	83,49
816	06.09.20 06:33:35	0,84	5,88	8,16	-4,78	77,06
817	06.09.20 06:33:36	0,84	5,86	11,67	-28,42	49,91
818	06.09.20 06:33:37	0,84	5,86	-4,55	11,29	74,16
819	06.09.20 06:33:38	0,84	5,86	0,38	25,62	64,00
820	06.09.20 06:33:39	0,84	5,86	0,72	25,69	63,59
821	06.09.20 06:33:40	0,84	5,86	6,46	40,59	42,95
822	06.09.20 06:33:41	0,84	5,83	15,85	41,82	32,33
823	06.09.20 06:33:42	0,84	5,83	34,40	10,69	44,90
824	06.09.20 06:33:43	0,84	5,81	31,74	13,49	44,77
825	06.09.20 06:33:44	0,84	5,81	28,31	20,19	41,50
826	06.09.20 06:33:45	0,80	5,78	32,21	14,98	42,81
827	06.09.20 06:33:46	0,84	5,76	29,92	14,89	45,19
828	06.09.20 06:33:47	0,84	5,74	29,34	16,05	44,61
829	06.09.20 06:33:48	0,84	5,72	34,12	14,57	41,31
830	06.09.20 06:33:49	0,80	5,69	28,11	17,16	44,73
831	06.09.20 06:33:50	0,80	5,64	27,09	16,02	46,89
832	06.09.20 06:33:51	0,80	5,62	34,07	13,27	42,66
833	06.09.20 06:33:52	0,80	5,58	32,32	15,78	41,90
834	06.09.20 06:33:53	0,80	5,55	30,69	16,14	43,17
835	06.09.20 06:33:54	0,80	5,48	34,63	10,62	44,75
836	06.09.20 06:33:55	0,80	5,46	29,82	19,12	41,07
837	06.09.20 06:33:56	0,80	5,44	30,56	18,65	40,79
838	06.09.20 06:33:57	0,80	5,37	28,34	16,50	45,15
839	06.09.20 06:33:58	0,80	5,32	32,58	12,97	44,45
840	06.09.20 06:33:59	0,80	5,27	32,07	16,44	41,48
841	06.09.20 06:34:00	0,80	5,23	30,13	17,26	42,61
842	06.09.20 06:34:01	0,80	5,18	29,00	13,53	47,47
843	06.09.20 06:34:02	0,80	5,14	28,36	13,56	48,08
844	06.09.20 06:34:03	0,80	5,11	30,60	14,44	44,96
845	06.09.20 06:34:04	0,80	5,04	29,79	13,34	46,87
846	06.09.20 06:34:05	0,80	5,00	29,52	11,03	49,45
847	06.09.20 06:34:06	0,80	4,95	28,77	15,70	45,52
848	06.09.20 06:34:07	0,80	4,93	32,06	15,03	42,91
849	06.09.20 06:34:08	0,80	4,88	28,50	12,63	48,86
850	06.09.20 06:34:09	0,80	4,81	21,56	12,18	56,25
851	06.09.20 06:34:10	0,80	4,81	47,03	7,01	35,96
852	06.09.20 06:34:11	0,76	4,83	47,14	7,43	35,43
853	06.09.20 06:34:12	0,76	4,76	29,99	10,39	49,61
854	06.09.20 06:34:13	0,76	4,74	25,81	9,97	54,23
855	06.09.20 06:34:14	0,76	4,72	34,99	10,02	44,99
856	06.09.20 06:34:15	0,76	4,69	37,77	6,90	45,33
857	06.09.20 06:34:16	0,76	4,67	29,79	7,37	52,84
858	06.09.20 06:34:17	0,76	4,65	33,38	5,35	51,28
859	06.09.20 06:34:18	0,76	4,65	41,61	0,85	47,55
860	06.09.20 06:34:19	0,76	4,58	33,98	2,99	53,03
861	06.09.20 06:34:20	0,76	4,58	23,95	-1,08	64,98
862	06.09.20 06:34:21	0,76	4,55	36,90	2,79	50,31
863	06.09.20 06:34:22	0,76	4,51	40,19	-2,58	47,23
864	06.09.20 06:34:23	0,76	4,51	38,68	-4,46	46,86
865	06.09.20 06:34:24	0,76	4,46	35,77	-5,51	48,73
866	06.09.20 06:34:25	0,76	4,44	33,66	-5,92	50,41
867	06.09.20 06:34:26	0,76	4,39	30,73	-5,94	53,33
868	06.09.20 06:34:27	0,76	4,39	42,91	-9,86	37,23
869	06.09.20 06:34:28	0,76	4,37	43,60	-10,31	36,09
870	06.09.20 06:34:29	0,76	4,35	33,53	-9,88	46,58
871	06.09.20 06:34:30	0,76	4,30	29,22	-8,39	52,38
872	06.09.20 06:34:31	0,76	4,30	41,27	-14,12	34,60
873	06.09.20 06:34:32	0,76	4,28	41,33	-11,76	36,91
874	06.09.20 06:34:33	0,76	4,25	33,38	-11,32	45,30
875	06.09.20 06:34:34	0,76	4,23	33,98	-12,25	43,77
876	06.09.20 06:34:35	0,76	4,25	42,23	-14,24	33,52
877	06.09.20 06:34:36	0,76	4,21	38,48	-13,80	37,72
878	06.09.20 06:34:37	0,76	4,18	33,16	-14,81	42,04
879	06.09.20 06:34:38	0,76	4,16	37,03	-13,37	39,60
880	06.09.20 06:34:39	0,76	4,14	45,20	-16,67	28,13
881	06.09.20 06:34:40	0,76	4,11	37,24	-15,55	37,20
882	06.09.20 06:34:41	0,76	4,09	33,72	-15,61	40,66
883	06.09.20 06:34:42	0,76	4,07	42,88	-15,43	31,69
884	06.09.20 06:34:43	0,76	4,05	45,90	-17,01	27,09
885	06.09.20 06:34:44	0,76	4,00	37,25	-16,53	36,22
886	06.09.20 06:34:45	0,76	3,98	38,52	-16,82	34,66
887	06.09.20 06:34:46	0,76	3,95	43,23	-16,44	30,33
888	06.09.20 06:34:47	0,76	3,95	45,44	-15,88	28,68
889	06.09.20 06:34:48	0,76	3,88	39,82	-17,00	33,18
890	06.09.20 06:34:49	0,76	3,86	38,04	-18,63	33,33
891	06.09.20 06:34:50	0,76	3,84	47,47	-16,98	25,56
892	06.09.20 06:34:51	0,76	3,81	45,07	-16,78	28,14
893	06.09.20 06:34:52	0,76	3,77	39,69	-18,65	31,66
894	06.09.20 06:34:53	0,76	3,77	45,89	-19,30	24,82
895	06.09.20 06:34:54	0,76	3,75	55,58	-18,35	16,07
896	06.09.20 06:34:55	0,76	3,75	45,56	-18,80	25,64
897	06.09.20 06:34:56	0,76	3,70	42,67	-19,47	27,86
898	06.09.20 06:34:57	0,76	3,70	49,10	-19,87	21,04
899	06.09.20 06:34:58	0,76	3,70	52,39	-19,43	18,18
900	06.09.20 06:34:59	0,76	3,68	47,06	-19,22	23,72
901	06.09.20 06:35:00	0,80	3,68	45,24	-21,13	23,63
902	06.09.20 06:35:01	0,80	3,66	47,43	-26,99	15,58
903	06.09.20 06:35:02	0,80	3,70	54,44	-26,30	9,26
904	06.09.20 06:35:03	0,80	3,73	45,77	-28,01	16,22
905	06.09.20 06:35:04	0,80	3,73	39,66	-28,60	21,74
906	06.09.20 06:35:05	0,80	3,75	44,45	-24,00	21,55
907	06.09.20 06:35:06	0,80	3,77	40,59	-21,28	28,12
908	06.09.20 06:35:07	0,80	3,80	48,98	-21,57	19,45
909	06.09.20 06:35:08	0,80	3,86	46,96	-24,93	18,11
910	06.09.20 06:35:09	0,80	3,91	52,83	-20,88	16,28
911	06.09.20 06:35:10	0,80	3,93	56,83	-14,56	18,61
912	06.09.20 06:35:11	0,80	4,00	54,10	-14,27	21,63
913	06.09.20 06:35:12	0,80	4,03	61,21	-5,82	22,97
914	06.09.20 06:35:13	0,80	4,10	66,34	2,06	21,59
915	06.09.20 06:35:14	0,80	4,14	59,69	8,34	21,97
916	06.09.20 06:35:15	0,80	4,17	54,27	12,32	23,40
917	06.09.20 06:35:16	0,80	4,19	54,89	13,58	21,53
918	06.09.20 06:35:17	0,80	4,23	55,41	14,83	19,76
919	06.09.20 06:35:18	0,80	4,28	53,32	14,97	21,71
920	06.09.20 06:35:19	0,80	4,30	54,91	15,07	20,02
921	06.09.20 06:35:20	0,80	4,33	55,33	13,61	21,06
922	06.09.20 06:35:21	0,80	4,37	54,66	13,87	21,47
923	06.09.20 06:35:22	0,80	4,37	54,80	14,82	20,38
924	06.09.20 06:35:23	0,80	4,37	48,49	16,60	24,91
925	06.09.20 06:35:24	0,80	4,35	38,34	16,85	34,81
926	06.09.20 06:35:25	0,80	4,30	41,18	18,29	30,53
927	06.09.20 06:35:26	0,80	4,28	43,42	14,97	31,61
928	06.09.20 06:35:27	0,80	4,23	45,95	11,35	32,70
929	06.09.20 06:35:28	0,80	4,19	36,05	19,47	34,48
930	06.09.20 06:35:29	0,76	4,14	39,33	22,61	28,07
931	06.09.20 06:35:30	0,76	4,09	42,92	19,76	27,32
932	06.09.20 06:35:31	0,76	4,02	41,87	19,45	28,69
933	06.09.20 06:35:32	0,76	3,95	39,43	21,31	29,27
934	06.09.20 06:35:33	0,76	3,93	40,91	22,20	26,89
935	06.09.20 06:35:34	0,76	3,86	39,29	25,66	25,05
936	06.09.20 06:35:35	0,76	3,81	35,02	30,35	24,64
937	06.09.20 06:35:36	0,76	3,75	32,38	36,33	21,29
938	06.09.20 06:35:37	0,76	3,70	34,60	32,87	22,53
939	06.09.20 06:35:38	0,76	3,68	35,07	32,94	21,99
940	06.09.20 06:35:39	0,76	3,61	32,71	33,47	23,82
941	06.09.20 06:35:40	0,76	3,51	31,87	33,77	24,36
942	06.09.20 06:35:41	0,76	3,49	35,09	30,59	24,33
943	06.09.20 06:35:42	0,80	3,45	34,91	28,89	26,20
944	06.09.20 06:35:43	0,80	3,36	33,23	29,53	27,24
945	06.09.20 06:35:44	0,80	3,33	31,10	34,18	24,72
946	06.09.20 06:35:45	0,80	3,26	29,82	32,12	28,06
947	06.09.20 06:35:46	0,80	3,24	35,23	30,83	23,94
948	06.09.20 06:35:47	0,80	3,19	31,69	35,87	22,44
949	06.09.20 06:35:48	0,80	3,17	33,30	36,45	20,25
950	06.09.20 06:35:49	0,84	3,11	28,91	39,69	21,40
951	06.09.20 06:35:50	0,84	3,08	32,50	35,26	22,24
952	06.09.20 06:35:51	0,88	3,02	30,61	37,56	21,84
953	06.09.20 06:35:52	0,88	2,95	28,55	37,91	23,54
954	06.09.20 06:35:53	0,91	2,88	27,93	38,51	23,57
955	06.09.20 06:35:54	0,91	2,84	33,23	31,08	25,70
956	06.09.20 06:35:55	0,95	2,80	31,98	29,99	28,04
957	06.09.20 06:35:56	0,99	2,73	30,79	28,22	30,99
958	06.09.20 06:35:57	0,99	2,68	34,65	21,19	34,16
959	06.09.20 06:35:58	1,03	2,62	31,94	24,42	33,64
960	06.09.20 06:35:59	1,03	2,57	34,11	19,95	35,94
961	06.09.20 06:36:00	1,07	2,51	35,87	11,90	42,23
962	06.09.20 06:36:01	1,07	2,46	32,29	13,76	43,95
963	06.09.20 06:36:02	1,07	2,39	31,55	11,03	47,42
964	06.09.20 06:36:03	1,11	2,33	29,31	12,64	48,06
965	06.09.20 06:36:04	1,11	2,28	32,79	8,77	48,44
966	06.09.20 06:36:05	1,15	2,19	28,93	12,11	48,95
967	06.09.20 06:36:06	1,15	2,15	34,36	8,29	47,35
968	06.09.20 06:36:07	1,19	2,08	31,52	11,51	46,97
969	06.09.20 06:36:08	1,23	2,04	29,92	14,52	45,56
970	06.09.20 06:36:09	1,27	1,97	30,38	13,83	45,79
971	06.09.20 06:36:10	1,30	1,93	31,54	12,16	46,30
972	06.09.20 06:36:11	1,30	1,86	30,15	12,16	47,69
973	06.09.20 06:36:12	1,34	1,80	35,12	10,49	44,39
974	06.09.20 06:36:13	1,38	1,76	32,28	13,92	43,80
975	06.09.20 06:36:14	1,38	1,71	24,80	16,77	48,43
976	06.09.20 06:36:15	1,42	1,64	29,83	16,64	43,53
977	06.09.20 06:36:16	1,42	1,62	32,75	17,11	40,14
978	06.09.20 06:36:17	1,46	1,56	33,66	17,81	38,52
979	06.09.20 06:36:18	1,46	1,51	27,80	23,30	38,90
980	06.09.20 06:36:19	1,54	1,47	24,09	23,51	42,39
981	06.09.20 06:36:20	1,57	1,43	27,70	23,06	39,24
982	06.09.20 06:36:21	1,65	1,41	27,96	26,80	35,24
983	06.09.20 06:36:22	1,69	1,37	27,12	24,74	38,14
984	06.09.20 06:36:23	1,73	1,33	23,17	26,00	40,83
985	06.09.20 06:36:24	1,88	1,32	26,43	26,69	36,87
986	06.09.20 06:36:25	2,26	1,11	28,75	26,28	34,97
987	06.09.20 06:36:26	2,79	0,96	25,14	27,70	37,16
988	06.09.20 06:36:27	3,09	0,94	26,85	26,64	36,51
989	06.09.20 06:36:28	3,27	0,89	30,12	25,42	34,46
990	06.09.20 06:36:29	3,39	0,93	27,92	26,68	35,40
991	06.09.20 06:36:30	3,50	0,91	25,23	29,60	35,17
992	06.09.20 06:36:31	3,64	0,84	25,01	28,86	36,13
993	06.09.20 06:36:32	3,79	0,78	25,99	28,63	35,37
994	06.09.20 06:36:33	4,08	0,74	29,91	28,61	31,48
995	06.09.20 06:36:34	4,48	0,60	27,92	32,26	29,82
996	06.09.20 06:36:35	4,84	0,52	27,38	32,23	30,39
997	06.09.20 06:36:36	5,13	0,48	25,88	34,24	29,87
998	06.09.20 06:36:37	5,41	0,40	28,74	34,33	26,93
999	06.09.20 06:36:38	5,69	0,40	28,75	33,36	27,89
1000	06.09.20 06:36:39	5,94	0,36	28,05	35,69	26,26
1001	06.09.20 06:36:40	6,11	0,36	28,18	36,96	24,86
1002	06.09.20 06:36:41	6,32	0,29	28,21	34,73	27,06
1003	06.09.20 06:36:42	6,53	0,29	30,05	35,66	24,29
1004	06.09.20 06:36:43	6,63	0,26	25,00	35,49	29,51
1005	06.09.20 06:36:44	6,77	0,24	26,55	33,58	29,87
1006	06.09.20 06:36:45	6,91	0,24	27,99	30,19	31,83
1007	06.09.20 06:36:46	7,05	0,22	26,77	28,78	34,45
1008	06.09.20 06:36:47	7,18	0,17	26,31	28,14	35,55
1009	06.09.20 06:36:48	7,29	0,19	25,48	28,67	35,85
1010	06.09.20 06:36:49	7,42	0,19	26,60	28,79	34,61
1011	06.09.20 06:36:50	7,52	0,17	25,91	34,17	29,92
1012	06.09.20 06:36:51	7,66	0,17	27,10	28,13	34,77
1013	06.09.20 06:36:52	7,73	0,13	26,63	25,62	37,74
1014	06.09.20 06:36:53	7,83	0,10	25,96	25,79	38,25
1015	06.09.20 06:36:54	7,93	0,08	27,31	22,30	40,39
1016	06.09.20 06:36:55	8,00	0,08	31,41	20,39	38,19
1017	06.09.20 06:36:56	8,10	0,10	33,13	18,22	38,65
1018	06.09.20 06:36:57	8,13	0,08	28,34	17,01	44,65
1019	06.09.20 06:36:58	8,17	0,06	33,57	17,04	39,39
1020	06.09.20 06:36:59	8,20	0,08	27,97	19,45	42,58
1021	06.09.20 06:37:00	8,23	0,06	27,86	16,90	45,25
1022	06.09.20 06:37:01	8,23	0,06	28,10	19,34	42,56
1023	06.09.20 06:37:02	8,27	0,06	29,30	15,68	45,02
1024	06.09.20 06:37:03	8,27	0,03	30,58	13,11	46,31
1025	06.09.20 06:37:04	8,30	0,03	29,00	15,13	45,86
1026	06.09.20 06:37:05	8,33	0,03	30,16	18,03	41,81
1027	06.09.20 06:37:06	8,40	0,03	27,42	17,07	45,51
1028	06.09.20 06:37:07	8,47	0,00	23,66	26,22	40,11
1029	06.09.20 06:37:08	8,50	0,00	22,40	24,31	43,29
1030	06.09.20 06:37:09	8,53	0,00	26,85	17,11	46,05
1031	06.09.20 06:37:10	8,60	0,00	22,11	26,32	41,57
1032	06.09.20 06:37:11	8,70	0,00	25,51	27,88	36,61
1033	06.09.20 06:37:12	8,83	0,00	18,36	27,09	44,56
1034	06.09.20 06:37:13	9,00	0,00	25,78	14,87	49,34
1035	06.09.20 06:37:14	9,10	0,00	25,05	0,77	64,18
1036	06.09.20 06:37:15	9,20	0,00	21,88	8,04	60,08
1037	06.09.20 06:37:16	9,30	0,00	23,28	6,45	60,27
1038	06.09.20 06:37:17	9,33	0,00	29,62	18,27	42,11
1039	06.09.20 06:37:18	9,36	0,00	28,02	19,18	42,80
1040	06.09.20 06:37:19	9,39	0,00	14,73	21,14	54,13
1041	06.09.20 06:37:20	9,43	0,00	27,78	21,07	41,14
1042	06.09.20 06:37:21	9,53	0,00	17,65	20,94	51,41
1043	06.09.20 06:37:22	9,59	0,00	25,11	19,75	45,14
1044	06.09.20 06:37:23	9,66	0,00	22,87	18,48	48,65
1045	06.09.20 06:37:24	9,76	0,00	26,68	10,73	52,59
1046	06.09.20 06:37:25	9,82	0,00	20,91	8,63	60,46
1047	06.09.20 06:37:26	9,85	0,00	17,98	7,24	64,78
1048	06.09.20 06:37:27	9,95	0,00	18,98	10,44	60,57
1049	06.09.20 06:37:28	10,02	0,00	21,14	9,02	59,84
1050	06.09.20 06:37:29	10,11	0,00	22,46	1,06	66,48
1051	06.09.20 06:37:30	10,21	0,00	24,16	18,88	46,96
1052	06.09.20 06:37:31	10,24	0,00	16,88	5,81	67,32
1053	06.09.20 06:37:32	10,31	0,00	28,60	6,36	55,04
1054	06.09.20 06:37:33	10,31	0,00	24,25	-2,64	63,12
1055	06.09.20 06:37:34	10,34	0,00	25,30	-3,78	60,92
1056	06.09.20 06:37:35	10,37	0,00	21,98	2,41	65,61
1057	06.09.20 06:37:36	10,41	0,00	29,46	6,79	53,75
1058	06.09.20 06:37:37	10,44	0,00	40,46	6,86	42,68
1059	06.09.20 06:37:38	10,47	0,00	14,70	-23,58	51,72
1060	06.09.20 06:37:39	10,50	0,00	37,46	3,18	49,35
1061	06.09.20 06:37:40	10,53	0,00	37,69	9,29	43,02
1062	06.09.20 06:37:41	10,57	0,00	23,14	-15,45	51,41
1063	06.09.20 06:37:42	10,63	0,00	40,33	6,70	42,97
1064	06.09.20 06:37:43	10,66	0,00	19,98	-12,90	57,12
1065	06.09.20 06:37:44	10,73	0,00	12,32	-33,84	43,84
1066	06.09.20 06:37:45	10,76	0,00	45,68	1,72	42,61
1067	06.09.20 06:37:46	10,79	0,00	41,96	-15,71	32,33
1068	06.09.20 06:37:47	10,82	0,00	32,84	-0,07	57,09
1069	06.09.20 06:37:48	10,82	0,00	26,97	14,67	48,36
1070	06.09.20 06:37:49	10,86	0,00	30,05	22,14	37,81
1071	06.09.20 06:37:50	10,89	0,00	50,08	27,94	11,98
1072	06.09.20 06:37:51	10,89	0,00	57,34	25,42	7,24
1073	06.09.20 06:37:52	10,82	0,00	59,13	24,05	6,82
1074	06.09.20 06:37:53	10,76	0,00	74,22	11,31	4,46
1075	06.09.20 06:37:54	10,70	0,00	79,19	-2,77	8,04
1076	06.09.20 06:37:55	10,63	0,00	63,11	-21,04	5,86
1077	06.09.20 06:37:56	10,57	0,00	60,38	-22,61	7,01
1078	06.09.20 06:37:57	10,50	0,00	59,66	-24,21	6,12
1079	06.09.20 06:37:58	10,44	0,00	67,11	-15,89	7,00
1080	06.09.20 06:37:59	10,37	0,00	76,04	-6,56	7,40
1081	06.09.20 06:38:00	10,34	0,00	62,89	-21,31	5,80
1082	06.09.20 06:38:01	10,28	0,00	63,99	-19,56	6,46
1083	06.09.20 06:38:02	10,28	0,00	59,36	-23,76	6,88
1084	06.09.20 06:38:03	10,28	0,00	64,23	-19,66	6,12
1085	06.09.20 06:38:04	10,24	0,00	58,27	-26,92	4,81
1086	06.09.20 06:38:05	10,21	0,00	59,17	-26,04	4,79
1087	06.09.20 06:38:06	10,18	0,00	43,20	-34,23	12,57
1088	06.09.20 06:38:07	10,15	0,00	34,35	-53,69	-1,97
1089	06.09.20 06:38:08	10,11	0,00	21,36	-64,52	4,12
1090	06.09.20 06:38:09	10,08	0,00	15,76	-71,18	3,05
1091	06.09.20 06:38:10	10,08	0,00	16,84	-50,41	22,76
1092	06.09.20 06:38:11	10,05	0,00	18,19	-50,80	21,01
1093	06.09.20 06:38:12	10,02	0,00	17,31	-54,97	17,72
1094	06.09.20 06:38:13	10,02	0,00	50,55	-9,72	29,73
1095	06.09.20 06:38:14	9,98	0,00	60,05	-4,85	25,11
1096	06.09.20 06:38:15	9,95	0,00	45,17	-27,07	17,76
1097	06.09.20 06:38:16	9,95	0,00	49,07	-31,72	9,21
1098	06.09.20 06:38:17	9,92	0,00	75,78	12,29	1,93
1099	06.09.20 06:38:18	9,92	0,00	54,57	28,06	7,37
1100	06.09.20 06:38:19	9,89	0,00	68,56	13,03	8,41
1101	06.09.20 06:38:20	9,85	0,01	76,61	4,94	8,45
1102	06.09.20 06:38:21	9,85	0,01	78,29	-0,53	11,18
1103	06.09.20 06:38:22	9,85	0,01	75,54	-2,43	12,03
1104	06.09.20 06:38:23	9,82	0,01	52,70	4,33	32,96
1105	06.09.20 06:38:24	9,82	0,01	-24,46	-1,39	64,15
1106	06.09.20 06:38:25	9,79	0,01	-10,94	9,29	69,77
1107	06.09.20 06:38:26	9,79	0,01	-12,32	9,90	67,78
1108	06.09.20 06:38:27	9,79	0,01	-10,33	7,66	72,01
1109	06.09.20 06:38:28	9,76	0,03	-5,23	7,18	77,58
1110	06.09.20 06:38:29	9,76	0,03	-10,99	1,00	78,01
1111	06.09.20 06:38:30	9,72	0,01	-12,65	7,56	69,79
1112	06.09.20 06:38:31	9,72	0,01	-12,18	7,92	69,90
1113	06.09.20 06:38:32	9,72	0,01	-11,90	8,26	69,85
1114	06.09.20 06:38:33	9,69	0,01	-10,58	6,55	72,87
1115	06.09.20 06:38:34	9,69	0,01	-8,48	8,07	73,45
1116	06.09.20 06:38:35	9,69	0,01	-9,46	7,95	72,59
1117	06.09.20 06:38:36	9,69	0,01	-9,02	5,22	75,76
1118	06.09.20 06:38:37	9,66	0,03	-6,55	7,59	75,87
1119	06.09.20 06:38:38	9,66	0,01	-8,95	11,60	69,45
1120	06.09.20 06:38:39	9,66	0,01	-73,21	-4,10	-12,69
1121	06.09.20 06:38:40	9,66	0,01	-2,68	-4,61	-82,71
1122	06.09.20 06:38:41	9,66	0,03	0,90	-5,86	-83,25
1123	06.09.20 06:38:42	9,66	0,03	0,42	-4,96	-84,62
1124	06.09.20 06:38:43	9,62	0,01	0,12	-4,59	-85,29
1125	06.09.20 06:38:44	9,62	0,01	-0,19	-5,96	-83,85
1126	06.09.20 06:38:45	9,62	0,01	0,45	-5,90	-83,65
1127	06.09.20 06:38:46	9,62	0,01	0,27	-4,38	-85,35
1128	06.09.20 06:38:47	9,62	0,03	0,55	-3,84	-85,61
1129	06.09.20 06:38:48	9,62	0,03	1,43	-6,18	-82,38
1130	06.09.20 06:38:49	9,59	0,03	1,20	-6,24	-82,55
1131	06.09.20 06:38:50	9,59	0,03	0,41	-3,56	-86,03
1132	06.09.20 06:38:51	9,59	0,03	0,61	-3,76	-85,63
1133	06.09.20 06:38:52	9,59	0,03	1,63	-6,44	-81,93
1134	06.09.20 06:38:53	9,59	0,03	2,29	-5,75	-81,96
1135	06.09.20 06:38:54	9,59	0,03	1,32	-3,61	-85,07
1136	06.09.20 06:38:55	9,59	0,03	1,28	-2,72	-86,00
1137	06.09.20 06:38:56	9,59	0,03	2,88	-5,64	-81,47
1138	06.09.20 06:38:57	9,59	0,03	3,15	-5,10	-81,75
1139	06.09.20 06:38:58	9,59	0,03	1,91	-2,10	-85,99
1140	06.09.20 06:38:59	9,59	0,03	1,57	-2,48	-85,94
1141	06.09.20 06:39:00	9,59	0,01	2,85	-4,71	-82,44
1142	06.09.20 06:39:01	9,59	0,03	-6,03	-4,10	-79,87
1143	06.09.20 06:39:02	9,59	0,03	2,22	-3,98	-83,80
1144	06.09.20 06:39:03	9,59	0,03	2,49	-3,88	-83,62
1145	06.09.20 06:39:04	9,59	0,03	1,91	-4,19	-83,89
1146	06.09.20 06:39:05	9,59	0,03	2,54	-4,65	-82,82
1147	06.09.20 06:39:06	9,59	0,03	2,03	-4,49	-83,48
1148	06.09.20 06:39:07	9,59	0,03	1,17	-4,25	-84,58
1149	06.09.20 06:39:08	9,59	0,03	1,12	-4,50	-84,38
1150	06.09.20 06:39:09	9,59	0,03	1,78	-3,96	-84,26
1151	06.09.20 06:39:10	9,59	0,01	1,00	-4,62	-84,38
1152	06.09.20 06:39:11	9,59	0,03	1,49	-4,84	-83,67
1153	06.09.20 06:39:12	9,59	0,03	2,09	-4,30	-83,61
1154	06.09.20 06:39:13	9,59	0,03	0,27	-3,58	-86,15
1155	06.09.20 06:39:14	9,59	0,03	1,07	-4,68	-84,25
1156	06.09.20 06:39:15	9,59	0,03	2,59	-5,74	-81,67
1157	06.09.20 06:39:16	9,59	0,01	1,10	-3,30	-85,60
1158	06.09.20 06:39:17	9,59	0,03	0,56	-2,91	-86,53
1159	06.09.20 06:39:18	9,62	0,01	2,19	-6,59	-81,22
1160	06.09.20 06:39:19	9,62	0,01	0,90	-5,22	-83,88
1161	06.09.20 06:39:20	9,62	0,01	1,37	-2,58	-86,05
1162	06.09.20 06:39:21	9,62	0,03	1,13	-3,88	-84,99
1163	06.09.20 06:39:22	9,62	0,01	0,06	-5,91	-84,03
1164	06.09.20 06:39:23	9,62	0,03	0,71	-4,45	-84,84
1165	06.09.20 06:39:24	9,62	0,01	0,56	-3,32	-86,13
1166	06.09.20 06:39:25	9,62	0,01	1,12	-4,73	-84,15
1167	06.09.20 06:39:26	9,66	0,01	0,56	-5,10	-84,34
1168	06.09.20 06:39:27	9,66	0,01	0,09	-4,07	-85,84
1169	06.09.20 06:39:28	9,66	0,01	0,63	-3,73	-85,65
1170	06.09.20 06:39:29	9,66	0,01	9,14	-38,21	-42,64
1171	06.09.20 06:39:30	9,66	0,01	2,84	-86,56	0,60
1172	06.09.20 06:39:31	9,69	0,01	1,31	-86,45	2,25
1173	06.09.20 06:39:32	9,69	0,00	0,62	-86,57	2,81
1174	06.09.20 06:39:33	9,69	0,01	2,02	-85,15	2,83
1175	06.09.20 06:39:34	9,69	0,01	2,43	-86,28	1,29
1176	06.09.20 06:39:35	9,69	0,01	1,14	-86,79	2,07
1177	06.09.20 06:39:36	9,69	0,03	0,27	-86,34	3,40
1178	06.09.20 06:39:37	9,69	0,01	1,69	-86,10	2,21
1179	06.09.20 06:39:38	9,72	0,01	2,25	-86,62	1,13
1180	06.09.20 06:39:39	9,72	0,00	1,71	-86,09	2,20
1181	06.09.20 06:39:40	9,72	0,00	0,27	-86,41	3,32
1182	06.09.20 06:39:41	9,72	0,01	1,01	-86,35	2,64
1183	06.09.20 06:39:42	9,72	0,01	2,74	-86,13	1,13
1184	06.09.20 06:39:43	9,72	0,03	1,09	-87,25	1,65
1185	06.09.20 06:39:44	9,72	0,01	0,12	-87,11	2,77
1186	06.09.20 06:39:45	9,76	0,03	1,39	-85,92	2,69
1187	06.09.20 06:39:46	9,76	0,03	1,38	-86,48	2,14
1188	06.09.20 06:39:47	9,76	0,06	1,74	-86,08	2,17
1189	06.09.20 06:39:48	9,76	0,03	1,42	-86,01	2,57
1190	06.09.20 06:39:49	9,76	0,03	1,50	-86,74	1,75
1191	06.09.20 06:39:50	9,76	0,03	1,08	-86,52	2,41
1192	06.09.20 06:39:51	9,79	0,03	1,70	-85,21	3,09
1193	06.09.20 06:39:52	9,79	0,03	1,69	-86,41	1,90
1194	06.09.20 06:39:53	9,79	0,03	2,03	-86,97	1,00
1195	06.09.20 06:39:54	9,79	0,03	-7,94	-76,76	-5,30
1196	06.09.20 06:39:55	9,79	0,03	-58,64	-2,61	-28,74
1197	06.09.20 06:39:56	9,82	0,01	-60,17	-4,37	-25,46
1198	06.09.20 06:39:57	9,82	0,01	-59,98	-3,44	-26,58
1199	06.09.20 06:39:58	9,82	0,00	-58,52	-4,49	-26,99
1200	06.09.20 06:39:59	9,85	0,01	-45,95	-3,82	-40,23
1201	06.09.20 06:40:00	9,85	0,01	2,97	-7,76	-79,28
1202	06.09.20 06:40:01	9,85	0,01	2,28	-8,57	-79,15
1203	06.09.20 06:40:02	9,85	0,03	3,09	-8,79	-78,12
1204	06.09.20 06:40:03	9,85	0,01	2,68	-8,44	-78,88
1205	06.09.20 06:40:04	9,85	0,01	2,21	-9,13	-78,65
1206	06.09.20 06:40:05	9,85	0,01	2,71	-9,22	-78,07
1207	06.09.20 06:40:06	9,85	0,01	2,90	-8,17	-78,93
1208	06.09.20 06:40:07	9,85	0,01	2,50	-8,07	-79,43
1209	06.09.20 06:40:08	9,89	0,01	2,10	-8,63	-79,26
1210	06.09.20 06:40:09	9,89	0,01	2,53	-9,39	-78,09
1211	06.09.20 06:40:10	9,89	0,00	3,18	-8,85	-77,97
1212	06.09.20 06:40:11	9,89	0,01	2,49	-7,88	-79,63
1213	06.09.20 06:40:12	9,89	0,01	2,15	-8,37	-79,48
1214	06.09.20 06:40:13	9,89	0,00	2,95	-9,10	-77,95
1215	06.09.20 06:40:14	9,92	0,00	2,56	-9,32	-78,11
1216	06.09.20 06:40:15	9,92	0,03	2,38	-8,15	-79,47
1217	06.09.20 06:40:16	9,92	0,01	2,73	-7,64	-79,63
1218	06.09.20 06:40:17	9,92	0,01	2,07	-9,40	-78,53
1219	06.09.20 06:40:18	9,92	0,01	2,86	-10,08	-77,07
1220	06.09.20 06:40:19	9,92	0,01	2,19	-7,46	-80,34
1221	06.09.20 06:40:20	9,95	0,00	3,37	-7,51	-79,12
1222	06.09.20 06:40:21	9,95	0,01	3,09	-10,15	-76,75
1223	06.09.20 06:40:22	9,95	0,03	2,12	-9,24	-78,64
1224	06.09.20 06:40:23	9,95	0,01	2,20	-7,61	-80,20
1225	06.09.20 06:40:24	9,95	0,01	2,72	-8,46	-78,82
1226	06.09.20 06:40:25	9,98	0,03	3,63	-3,42	-82,95
1227	06.09.20 06:40:26	9,98	0,03	4,08	-3,75	-82,17
1228	06.09.20 06:40:27	9,98	0,03	2,93	-3,06	-84,01
1229	06.09.20 06:40:28	9,98	0,03	2,87	-2,36	-84,77
1230	06.09.20 06:40:29	9,98	0,03	3,57	-3,76	-82,67
1231	06.09.20 06:40:30	10,02	0,03	2,85	-3,99	-83,16
1232	06.09.20 06:40:31	10,02	0,03	3,25	-1,92	-84,83
1233	06.09.20 06:40:32	10,02	0,01	3,67	-2,74	-83,59
1234	06.09.20 06:40:33	10,02	0,03	3,64	-4,48	-81,88
1235	06.09.20 06:40:34	10,02	0,01	2,12	-3,48	-84,39
1236	06.09.20 06:40:35	10,05	0,03	3,46	-2,43	-84,11
1237	06.09.20 06:40:36	10,05	0,03	3,83	-2,85	-83,32
1238	06.09.20 06:40:37	10,05	0,03	2,73	-3,66	-83,61
1239	06.09.20 06:40:38	10,05	0,03	3,22	-4,14	-82,64
1240	06.09.20 06:40:39	10,05	0,01	2,85	-3,74	-83,41
1241	06.09.20 06:40:40	10,08	0,01	2,59	-1,32	-86,09
1242	06.09.20 06:40:41	10,08	0,01	2,98	-3,08	-83,95
1243	06.09.20 06:40:42	10,08	0,01	3,98	-4,87	-81,15
1244	06.09.20 06:40:43	10,08	0,01	2,65	-3,57	-83,78
1245	06.09.20 06:40:44	10,11	0,01	2,70	-1,87	-85,43
1246	06.09.20 06:40:45	10,11	0,01	3,58	-2,55	-83,86
1247	06.09.20 06:40:46	10,11	0,01	3,43	-4,49	-82,08
1248	06.09.20 06:40:47	10,11	0,01	2,64	-4,09	-83,28
1249	06.09.20 06:40:48	10,15	0,01	2,25	-2,12	-85,63
1250	06.09.20 06:40:49	10,15	0,01	3,48	-3,13	-83,39
1251	06.09.20 06:40:50	10,15	0,01	3,90	-3,65	-82,45
1252	06.09.20 06:40:51	10,18	0,00	2,60	-2,89	-84,51
1253	06.09.20 06:40:52	10,18	0,01	2,77	-3,84	-83,39
1254	06.09.20 06:40:53	10,18	0,01	2,60	-3,93	-83,47
1255	06.09.20 06:40:54	10,18	0,01	3,08	-1,98	-84,94
1256	06.09.20 06:40:55	10,21	0,01	3,97	-2,40	-83,63
1257	06.09.20 06:40:56	10,21	0,03	3,20	-4,62	-82,18
1258	06.09.20 06:40:57	10,21	0,03	2,51	-4,50	-82,99
1259	06.09.20 06:40:58	10,21	0,01	2,84	-2,18	-84,98
1260	06.09.20 06:40:59	10,21	0,01	3,29	-1,77	-84,94
1261	06.09.20 06:41:00	10,24	0,03	3,24	-3,49	-83,26
1262	06.09.20 06:41:01	10,24	0,01	3,04	-5,45	-81,51
1263	06.09.20 06:41:02	10,24	0,01	2,91	-2,89	-84,20
1264	06.09.20 06:41:03	10,24	0,01	2,91	-1,35	-85,73
1265	06.09.20 06:41:04	10,24	0,01	3,02	-3,43	-83,55
1266	06.09.20 06:41:05	10,28	0,01	3,43	-4,55	-82,02
1267	06.09.20 06:41:06	10,28	0,01	3,45	-3,69	-82,86
1268	06.09.20 06:41:07	10,28	0,01	2,96	-2,05	-84,99
1269	06.09.20 06:41:08	10,28	0,01	3,34	-2,80	-83,86
1270	06.09.20 06:41:09	10,31	0,01	3,24	-3,89	-82,87
1271	06.09.20 06:41:10	10,31	0,01	2,95	-4,00	-83,05
1272	06.09.20 06:41:11	10,31	0,01	2,92	-3,61	-83,47
1273	06.09.20 06:41:12	10,31	0,01	2,60	-1,99	-85,41
1274	06.09.20 06:41:13	10,34	0,01	2,91	-2,71	-84,38
1275	06.09.20 06:41:14	10,34	0,00	-20,57	-10,04	-59,39
1276	06.09.20 06:41:15	10,34	0,01	-58,62	-5,04	-26,34
1277	06.09.20 06:41:16	10,34	0,00	-59,57	-4,81	-25,62
1278	06.09.20 06:41:17	10,37	0,01	-68,83	-3,52	-17,65
1279	06.09.20 06:41:18	10,37	0,00	-64,18	-4,44	-21,38
1280	06.09.20 06:41:19	10,37	0,00	-65,89	-4,12	-19,99
1281	06.09.20 06:41:20	10,37	0,00	-65,55	-5,50	-18,95
1282	06.09.20 06:41:21	10,41	0,00	-69,28	-4,04	-16,67
1283	06.09.20 06:41:22	10,41	0,00	-66,22	-4,72	-19,06
1284	06.09.20 06:41:23	10,41	0,00	-56,59	-5,60	-27,81
1285	06.09.20 06:41:24	10,44	0,00	-63,72	-1,70	-24,58
1286	06.09.20 06:41:25	10,44	0,00	-60,34	-5,81	-23,85
1287	06.09.20 06:41:26	10,47	0,01	-65,95	-2,52	-21,53
1288	06.09.20 06:41:27	10,47	0,01	-63,23	-1,20	-25,58
1289	06.09.20 06:41:28	10,47	0,01	-61,20	-1,81	-26,99
1290	06.09.20 06:41:29	10,50	0,01	-62,55	-1,39	-26,06
1291	06.09.20 06:41:30	10,50	0,01	-61,53	0,00	-28,47
1292	06.09.20 06:41:31	10,50	0,00	-61,88	-1,86	-26,25
1293	06.09.20 06:41:32	10,53	0,00	-58,58	-1,48	-29,94
1294	06.09.20 06:41:33	10,53	0,00	-60,28	-1,22	-28,50
1295	06.09.20 06:41:34	10,57	0,00	-59,82	-1,60	-28,57
1296	06.09.20 06:41:35	10,57	0,00	-61,78	-0,39	-27,82
1297	06.09.20 06:41:36	10,57	0,00	-58,45	-4,97	-26,58
1298	06.09.20 06:41:37	10,60	0,00	-61,25	-1,62	-27,13
1299	06.09.20 06:41:38	10,60	0,00	-60,76	-1,19	-28,05
1300	06.09.20 06:41:39	10,60	0,00	-59,58	-1,51	-28,91
1301	06.09.20 06:41:40	10,63	0,00	-62,03	-1,23	-26,74
1302	06.09.20 06:41:41	10,66	0,00	-61,13	-1,40	-27,47
1303	06.09.20 06:41:42	10,66	0,00	-56,44	-1,19	-32,37
1304	06.09.20 06:41:43	10,70	0,00	-60,25	-2,85	-26,89
1305	06.09.20 06:41:44	10,70	0,00	-59,51	-1,21	-29,28
1306	06.09.20 06:41:45	10,73	0,00	-3,25	-71,89	14,87
1307	06.09.20 06:41:46	10,73	0,01	-5,84	-73,41	10,75
1308	06.09.20 06:41:47	10,73	0,00	-6,19	-72,51	11,30
1309	06.09.20 06:41:48	10,76	0,00	-6,64	-71,42	11,94
1310	06.09.20 06:41:49	10,76	0,00	-6,31	-72,08	11,61
1311	06.09.20 06:41:50	10,79	0,00	-6,36	-72,56	11,08
1312	06.09.20 06:41:51	10,79	0,00	-5,60	-73,01	11,39
1313	06.09.20 06:41:52	10,79	0,01	-6,14	-72,57	11,29
1314	06.09.20 06:41:53	10,79	0,00	-7,51	-68,70	13,79
1315	06.09.20 06:41:54	10,79	0,01	-4,77	-69,53	15,69
1316	06.09.20 06:41:55	10,82	0,00	-5,00	-70,18	14,81
1317	06.09.20 06:41:56	10,82	0,00	-4,97	-68,28	16,75
1318	06.09.20 06:41:57	10,82	0,00	-6,74	-67,59	15,67
1319	06.09.20 06:41:58	10,82	0,00	-5,75	-69,25	15,00
1320	06.09.20 06:41:59	10,86	0,00	-4,80	-70,46	14,74
1321	06.09.20 06:42:00	10,86	0,00	-4,57	-69,24	16,19
1322	06.09.20 06:42:01	10,89	0,00	-6,72	-67,63	15,65
1323	06.09.20 06:42:02	10,89	0,00	-6,26	-67,85	15,90
1324	06.09.20 06:42:03	10,89	0,00	-4,61	-70,31	15,08
1325	06.09.20 06:42:04	10,89	0,00	-3,70	-70,39	15,91
1326	06.09.20 06:42:05	10,89	0,00	-6,68	-66,85	16,47
1327	06.09.20 06:42:06	10,89	0,00	-7,01	-67,93	15,06
1328	06.09.20 06:42:07	10,89	0,00	-3,72	-71,43	14,85
1329	06.09.20 06:42:08	10,92	0,00	-4,89	-69,37	15,74
1330	06.09.20 06:42:09	10,95	0,01	-6,96	-66,27	16,77
1331	06.09.20 06:42:10	10,95	0,00	-4,65	-70,21	15,14
1332	06.09.20 06:42:11	10,99	0,00	-4,01	-69,90	16,09
1333	06.09.20 06:42:12	10,99	0,00	-6,98	-64,07	18,95
1334	06.09.20 06:42:13	10,99	0,01	-5,19	-66,41	18,40
1335	06.09.20 06:42:14	10,99	0,00	-1,70	-72,16	16,14
1336	06.09.20 06:42:15	10,99	0,01	-4,69	-68,23	17,08
1337	06.09.20 06:42:16	10,99	0,00	-0,28	-72,15	17,57
1338	06.09.20 06:42:17	10,99	0,00	24,41	-16,85	-48,74
1339	06.09.20 06:42:18	11,02	0,00	24,23	-14,75	-51,02
1340	06.09.20 06:42:19	11,02	0,00	27,84	-15,26	-46,90
1341	06.09.20 06:42:20	11,02	0,00	30,32	-15,90	-43,78
1342	06.09.20 06:42:21	11,02	0,00	27,53	-15,40	-47,07
1343	06.09.20 06:42:22	11,02	0,00	24,38	-14,92	-50,70
1344	06.09.20 06:42:23	11,05	0,00	27,30	-15,81	-46,89
1345	06.09.20 06:42:24	11,05	0,00	29,72	-16,86	-43,42
1346	06.09.20 06:42:25	11,05	0,00	27,40	-15,71	-46,90
1347	06.09.20 06:42:26	11,05	0,00	23,90	-15,03	-51,06
1348	06.09.20 06:42:27	11,05	0,00	27,62	-15,71	-46,67
1349	06.09.20 06:42:28	11,05	0,00	29,87	-18,22	-41,91
1350	06.09.20 06:42:29	11,05	0,00	26,01	-15,40	-48,59
1351	06.09.20 06:42:30	11,08	0,00	24,48	-13,53	-51,99
1352	06.09.20 06:42:31	11,08	0,00	28,15	-17,99	-43,85
1353	06.09.20 06:42:32	11,08	0,00	28,89	-18,68	-42,43
1354	06.09.20 06:42:33	11,08	0,00	24,34	-14,64	-51,02
1355	06.09.20 06:42:34	11,08	0,00	25,12	-15,32	-49,56
1356	06.09.20 06:42:35	11,08	0,00	28,63	-18,26	-43,11
1357	06.09.20 06:42:36	11,08	0,00	27,90	-16,74	-45,36
1358	06.09.20 06:42:37	11,08	0,00	24,96	-14,88	-50,16
1359	06.09.20 06:42:38	11,11	0,00	27,17	-16,00	-46,82
1360	06.09.20 06:42:39	11,11	0,00	27,82	-16,38	-45,81
1361	06.09.20 06:42:40	11,11	0,00	26,39	-16,55	-47,06
1362	06.09.20 06:42:41	11,11	0,00	26,73	-16,32	-46,94
1363	06.09.20 06:42:42	11,11	0,00	26,78	-15,87	-47,35
1364	06.09.20 06:42:43	11,15	0,00	26,78	-17,06	-46,16
1365	06.09.20 06:42:44	11,15	0,00	26,03	-15,37	-48,60
1366	06.09.20 06:42:45	11,15	0,00	27,22	-16,14	-46,64
1367	06.09.20 06:42:46	11,15	0,00	28,63	-16,57	-44,79
1368	06.09.20 06:42:47	11,15	0,00	25,85	-15,73	-48,42
1369	06.09.20 06:42:48	11,15	0,00	25,61	-15,64	-48,75
1370	06.09.20 06:42:49	11,15	0,00	27,96	-17,12	-44,92
1371	06.09.20 06:42:50	11,18	0,01	27,30	-16,48	-46,23
1372	06.09.20 06:42:51	11,18	0,00	25,89	-15,76	-48,35
1373	06.09.20 06:42:52	11,18	0,00	26,92	-14,47	-48,61
1374	06.09.20 06:42:53	11,18	0,01	29,25	-17,06	-43,69
1375	06.09.20 06:42:54	11,18	0,00	26,98	-16,55	-46,47
1376	06.09.20 06:42:55	11,21	0,01	24,88	-13,99	-51,13
1377	06.09.20 06:42:56	11,21	0,00	27,18	-16,44	-46,39
1378	06.09.20 06:42:57	11,21	0,00	29,55	-17,88	-42,58
1379	06.09.20 06:42:58	11,21	0,01	26,13	-15,57	-48,30
1380	06.09.20 06:42:59	11,21	0,00	24,20	-14,44	-51,36
1381	06.09.20 06:43:00	11,24	0,01	28,43	-16,60	-44,97
1382	06.09.20 06:43:01	11,24	0,00	29,64	-16,88	-43,49
1383	06.09.20 06:43:02	11,24	0,01	25,55	-15,10	-49,34
1384	06.09.20 06:43:03	11,24	0,00	25,59	-14,81	-49,61
1385	06.09.20 06:43:04	11,24	0,00	27,81	-16,36	-45,84
1386	06.09.20 06:43:05	11,24	0,00	28,29	-17,56	-44,14
1387	06.09.20 06:43:06	11,27	0,00	27,01	-16,02	-46,97
1388	06.09.20 06:43:07	11,27	0,00	24,25	-14,56	-51,19
1389	06.09.20 06:43:08	11,27	0,00	26,80	-16,16	-47,03
1390	06.09.20 06:43:09	11,27	0,00	30,18	-17,86	-41,96
1391	06.09.20 06:43:10	11,27	0,00	27,25	-15,11	-47,64
1392	06.09.20 06:43:11	11,31	0,00	24,15	-13,46	-52,39
1393	06.09.20 06:43:12	11,31	0,00	27,38	-16,52	-46,10
1394	06.09.20 06:43:13	11,31	0,00	30,86	-17,20	-41,93
1395	06.09.20 06:43:14	11,31	0,00	26,12	-15,22	-48,66
1396	06.09.20 06:43:15	11,34	0,00	24,05	-15,24	-50,72
1397	06.09.20 06:43:16	11,34	0,00	27,77	-16,80	-45,43
1398	06.09.20 06:43:17	11,34	0,00	28,91	-16,64	-44,44
1399	06.09.20 06:43:18	11,34	0,00	26,63	-15,39	-47,98
1400	06.09.20 06:43:19	11,34	0,00	25,31	-15,65	-49,04
1401	06.09.20 06:43:20	11,37	0,00	27,58	-15,93	-46,49
1402	06.09.20 06:43:21	11,37	0,00	28,78	-16,09	-45,13
1403	06.09.20 06:43:22	11,37	0,00	25,68	-16,47	-47,85
1404	06.09.20 06:43:23	11,37	0,00	26,44	-16,25	-47,31
1405	06.09.20 06:43:24	11,37	0,00	29,87	-16,58	-43,56
1406	06.09.20 06:43:25	11,40	0,00	29,23	-17,87	-42,90
1407	06.09.20 06:43:26	11,40	0,00	25,92	-16,80	-47,29
1408	06.09.20 06:43:27	11,40	0,00	26,40	-17,27	-46,34
1409	06.09.20 06:43:28	11,40	0,00	28,64	-18,06	-43,30
1410	06.09.20 06:43:29	11,40	0,00	27,63	-17,03	-45,34
1411	06.09.20 06:43:30	11,40	0,00	26,49	-15,50	-48,01
1412	06.09.20 06:43:31	11,40	0,00	28,21	-15,54	-46,25
1413	06.09.20 06:43:32	11,43	0,00	28,24	-18,37	-43,39
1414	06.09.20 06:43:33	11,43	0,00	26,47	-17,38	-46,15
1415	06.09.20 06:43:34	11,43	0,00	24,30	-18,35	-47,35
1416	06.09.20 06:43:35	11,43	0,01	25,44	-20,78	-43,78
1417	06.09.20 06:43:36	11,43	0,01	21,75	-23,42	-44,83
1418	06.09.20 06:43:37	11,43	0,00	20,18	-22,63	-47,19
1419	06.09.20 06:43:38	11,46	0,00	20,18	-26,11	-43,71
1420	06.09.20 06:43:39	11,46	0,00	30,54	-11,57	-47,89
1421	06.09.20 06:43:40	11,46	0,00	-34,97	26,54	28,49
1422	06.09.20 06:43:41	11,50	0,00	-66,14	-13,59	10,27
1423	06.09.20 06:43:42	11,56	0,00	-51,27	1,99	36,75
1424	06.09.20 06:43:43	11,75	0,00	8,72	40,78	40,49
1425	06.09.20 06:43:44	11,94	0,00	-25,65	12,76	51,58
1426	06.09.20 06:43:45	12,07	0,10	-51,34	-4,55	34,11
1427	06.09.20 06:43:46	12,23	0,17	-35,86	15,29	38,86
1428	06.09.20 06:43:47	12,38	0,13	-18,97	22,56	48,47
1429	06.09.20 06:43:48	12,48	0,15	-21,01	28,94	40,05
1430	06.09.20 06:43:49	12,57	0,13	10,38	20,77	58,85
1431	06.09.20 06:43:50	12,60	0,17	2,83	51,19	35,98
1432	06.09.20 06:43:51	12,63	0,17	-26,18	-6,60	57,22
1433	06.09.20 06:43:52	12,70	0,19	-14,25	18,49	57,26
1434	06.09.20 06:43:53	12,73	0,22	7,13	25,76	57,11
1435	06.09.20 06:43:54	12,73	0,22	-31,56	2,28	56,17
1436	06.09.20 06:43:55	12,73	0,22	-45,79	-1,63	42,58
1437	06.09.20 06:43:56	12,76	0,24	-27,05	24,69	38,26
1438	06.09.20 06:43:57	12,76	0,26	-16,56	29,20	44,25
1439	06.09.20 06:43:58	12,79	0,24	11,17	33,71	45,11
1440	06.09.20 06:43:59	12,79	0,24	-65,75	0,66	23,59
1441	06.09.20 06:44:00	12,76	0,26	-6,98	9,14	73,88
1442	06.09.20 06:44:01	12,73	0,26	-14,26	32,85	42,89
1443	06.09.20 06:44:02	12,70	0,29	-62,43	-21,13	-6,43
1444	06.09.20 06:44:03	12,67	0,26	-32,84	-53,68	3,48
1445	06.09.20 06:44:04	12,67	0,29	38,04	-32,09	19,87
1446	06.09.20 06:44:05	12,63	0,26	16,52	-53,08	20,40
1447	06.09.20 06:44:06	12,76	0,22	28,71	-58,96	2,33
1448	06.09.20 06:44:07	12,92	0,15	-40,36	-7,82	-41,82
1449	06.09.20 06:44:08	13,07	0,13	-5,00	5,65	-79,34
1450	06.09.20 06:44:09	13,23	0,15	-17,26	-24,46	-48,28
1451	06.09.20 06:44:10	13,32	0,10	-64,36	-21,16	4,48
1452	06.09.20 06:44:11	13,41	0,10	-53,42	-15,17	-21,40
1453	06.09.20 06:44:12	13,54	0,08	-40,65	-31,75	-17,60
1454	06.09.20 06:44:13	13,66	0,03	-57,27	-22,52	-10,21
1455	06.09.20 06:44:14	13,82	0,00	-64,86	-12,76	12,37
1456	06.09.20 06:44:15	14,03	0,00	-63,63	21,46	-4,90
