#0	Date-time:	05/09/2020 7:38:04 PM
#1	Recorder:	35H1034
#2	File type:	1
#3	Columns:	7
#4	Channels:	5
#5	Field separation:	0
#6	Decimal point:	0
#7	Date def.:	0	0
#8	Time def.:	0
#9	Channel 1:	Temperature(°C)	Temp(°C)	2	1
#10	Channel 2:	Pressure(Bar)	Press(Bar)	2	1
#11	Reconvertion:	0
#14	Channel 3:	Tilt-X(°)	Tilt-X(°)	2	1
#18	Channel 4:	Tilt-Y(°)	Tilt-Y(°)	2	1
#19	Line color:	1	2	3	4
#22	Channel 5:	Tilt-Z(°)	Tilt-Z(°)	2	1
#30	Trend Type Number:	3
#33	Limit Temp. Corr. OTCR:	1
1	05.09.20 19:07:00	23,13	0,00	-57,48	-6,66	-25,86
2	05.09.20 19:07:01	23,10	0,00	-55,42	-5,89	-28,68
3	05.09.20 19:07:02	23,10	0,00	-56,68	-5,82	-27,49
4	05.09.20 19:07:03	23,10	0,00	-52,80	-5,62	-31,58
5	05.09.20 19:07:04	23,07	0,00	-56,18	-6,11	-27,71
6	05.09.20 19:07:05	23,07	0,00	-56,09	-4,92	-29,00
7	05.09.20 19:07:06	23,07	0,00	-59,08	-1,70	-29,22
8	05.09.20 19:07:07	23,07	0,00	-57,25	-5,96	-26,79
9	05.09.20 19:07:08	23,04	0,00	-36,23	-12,70	-41,07
10	05.09.20 19:07:09	23,04	0,00	-58,63	-3,87	-27,50
11	05.09.20 19:07:10	23,04	0,00	-40,16	-7,67	-42,17
12	05.09.20 19:07:11	23,01	0,00	-9,48	-41,11	-39,40
13	05.09.20 19:07:12	23,01	0,00	-3,42	-75,67	-10,90
14	05.09.20 19:07:13	23,01	0,00	32,43	-1,98	55,59
15	05.09.20 19:07:14	23,01	0,00	-17,42	-3,66	68,92
16	05.09.20 19:07:15	23,01	0,00	-20,79	3,12	66,09
17	05.09.20 19:07:16	23,01	0,00	-16,61	3,67	69,72
18	05.09.20 19:07:17	23,01	0,00	-16,44	4,99	68,58
19	05.09.20 19:07:18	22,98	0,00	-16,87	6,09	67,04
20	05.09.20 19:07:19	22,98	0,00	-16,64	6,61	66,75
21	05.09.20 19:07:20	22,98	0,00	-16,63	5,73	67,65
22	05.09.20 19:07:21	22,98	0,00	-17,61	5,24	67,15
23	05.09.20 19:07:22	22,95	0,00	-17,05	4,93	68,02
24	05.09.20 19:07:23	22,95	0,00	-17,69	4,06	68,25
25	05.09.20 19:07:24	22,95	0,00	-17,08	4,41	68,51
26	05.09.20 19:07:25	22,95	0,00	-16,98	4,65	68,37
27	05.09.20 19:07:26	22,95	0,00	-16,57	4,64	68,80
28	05.09.20 19:07:27	22,92	0,00	-17,19	4,79	68,02
29	05.09.20 19:07:28	22,92	0,00	-16,20	5,78	68,03
30	05.09.20 19:07:29	22,92	0,00	-16,20	6,49	67,32
31	05.09.20 19:07:30	22,92	0,00	-17,39	6,89	65,73
32	05.09.20 19:07:31	22,89	0,00	-16,96	6,18	66,86
33	05.09.20 19:07:32	22,89	0,00	-17,22	4,87	67,91
34	05.09.20 19:07:33	22,89	0,00	-17,30	3,98	68,72
35	05.09.20 19:07:34	22,89	0,00	-18,44	3,18	68,38
36	05.09.20 19:07:35	22,89	0,00	-16,78	2,80	70,43
37	05.09.20 19:07:36	22,86	0,00	-16,91	3,89	69,20
38	05.09.20 19:07:37	22,86	0,00	-17,44	5,87	66,69
39	05.09.20 19:07:38	22,86	0,00	-16,65	5,89	67,47
40	05.09.20 19:07:39	22,86	0,00	-15,92	6,79	67,29
41	05.09.20 19:07:40	22,84	0,00	-16,86	7,18	65,96
42	05.09.20 19:07:41	22,84	0,00	-16,99	7,34	65,67
43	05.09.20 19:07:42	22,84	0,00	-16,40	6,36	67,23
44	05.09.20 19:07:43	22,84	0,00	-16,72	6,53	66,75
45	05.09.20 19:07:44	22,84	0,00	-16,71	6,42	66,87
46	05.09.20 19:07:45	22,81	0,00	-17,10	6,77	66,12
47	05.09.20 19:07:46	22,81	0,00	-17,08	4,95	67,97
48	05.09.20 19:07:47	22,81	0,00	-16,58	7,93	65,49
49	05.09.20 19:07:48	22,81	0,00	-15,66	7,78	66,56
50	05.09.20 19:07:49	22,81	0,00	-18,88	8,13	62,99
51	05.09.20 19:07:50	22,78	0,00	-16,78	6,50	66,73
52	05.09.20 19:07:51	22,78	0,00	-16,61	5,91	67,48
53	05.09.20 19:07:52	22,78	0,00	-16,63	4,93	68,44
54	05.09.20 19:07:53	22,78	0,00	-17,19	3,78	69,03
55	05.09.20 19:07:54	22,78	0,00	-17,75	1,98	70,26
56	05.09.20 19:07:55	22,78	0,00	-16,41	1,97	71,62
57	05.09.20 19:07:56	22,75	0,00	-17,62	0,35	72,03
58	05.09.20 19:07:57	22,75	0,00	-17,80	0,23	71,96
59	05.09.20 19:07:58	22,75	0,00	-17,02	2,43	70,55
60	05.09.20 19:07:59	22,75	0,00	-17,77	3,72	68,51
61	05.09.20 19:08:00	22,75	0,00	-17,24	5,56	67,20
62	05.09.20 19:08:01	22,72	0,00	-16,57	6,03	67,40
63	05.09.20 19:08:02	22,72	0,00	-16,16	5,64	68,20
64	05.09.20 19:08:03	22,72	0,00	-17,75	4,65	67,60
65	05.09.20 19:08:04	22,72	0,00	-17,26	4,18	68,56
66	05.09.20 19:08:05	22,72	0,00	-17,16	3,45	69,40
67	05.09.20 19:08:06	22,72	0,00	-17,50	3,62	68,88
68	05.09.20 19:08:07	22,72	0,00	-16,77	3,86	69,38
69	05.09.20 19:08:08	22,69	0,00	-17,50	3,57	68,94
70	05.09.20 19:08:09	22,69	0,00	-17,37	4,44	68,19
71	05.09.20 19:08:10	22,69	0,00	-17,01	6,35	66,64
72	05.09.20 19:08:11	22,69	0,00	-16,19	7,24	66,57
73	05.09.20 19:08:12	22,69	0,00	-16,42	7,00	66,58
74	05.09.20 19:08:13	22,69	0,00	-15,92	6,52	67,56
75	05.09.20 19:08:14	22,66	0,00	-17,39	5,28	67,32
76	05.09.20 19:08:15	22,66	0,00	-17,41	5,14	67,45
77	05.09.20 19:08:16	22,66	0,00	-16,77	5,36	67,87
78	05.09.20 19:08:17	22,66	0,00	-17,02	5,16	67,82
79	05.09.20 19:08:18	22,66	0,00	-17,38	4,98	67,64
80	05.09.20 19:08:19	22,66	0,00	-17,22	4,72	68,05
81	05.09.20 19:08:20	22,66	0,00	-16,06	5,34	68,60
82	05.09.20 19:08:21	22,66	0,00	-16,36	5,41	68,23
83	05.09.20 19:08:22	22,63	0,00	-16,51	5,64	67,85
84	05.09.20 19:08:23	22,63	0,00	-16,78	5,72	67,50
85	05.09.20 19:08:24	22,63	0,00	-16,30	7,14	66,57
86	05.09.20 19:08:25	22,63	0,00	-16,98	7,00	66,01
87	05.09.20 19:08:26	22,63	0,00	-16,80	5,92	67,27
88	05.09.20 19:08:27	22,63	0,00	-17,00	5,01	67,99
89	05.09.20 19:08:28	22,60	0,00	-17,06	5,51	67,43
90	05.09.20 19:08:29	22,60	0,00	-16,79	5,03	68,18
91	05.09.20 19:08:30	22,60	0,00	-16,85	4,42	68,73
92	05.09.20 19:08:31	22,60	0,00	-16,62	4,24	69,15
93	05.09.20 19:08:32	22,60	0,00	-16,95	4,83	68,22
94	05.09.20 19:08:33	22,60	0,00	-17,22	4,80	67,98
95	05.09.20 19:08:34	22,60	0,00	-17,02	5,06	67,92
96	05.09.20 19:08:35	22,57	0,00	-15,95	5,38	68,67
97	05.09.20 19:08:36	22,57	0,00	-17,55	5,23	67,22
98	05.09.20 19:08:37	22,57	0,00	-16,80	5,39	67,81
99	05.09.20 19:08:38	22,57	0,00	-16,83	4,68	68,49
100	05.09.20 19:08:39	22,57	0,00	-17,85	5,15	67,00
101	05.09.20 19:08:40	22,57	0,00	-17,04	4,85	68,11
102	05.09.20 19:08:41	22,57	0,00	-16,37	5,02	68,62
103	05.09.20 19:08:42	22,54	0,00	-17,07	3,85	69,07
104	05.09.20 19:08:43	22,54	0,00	-17,46	4,11	68,42
105	05.09.20 19:08:44	22,54	0,00	-16,50	4,65	68,85
106	05.09.20 19:08:45	22,54	0,00	-16,41	5,42	68,18
107	05.09.20 19:08:46	22,54	0,00	-16,44	6,16	67,40
108	05.09.20 19:08:47	22,54	0,00	-16,53	6,69	66,78
109	05.09.20 19:08:48	22,54	0,00	-16,55	7,03	66,42
110	05.09.20 19:08:49	22,54	0,00	-17,55	6,40	66,05
111	05.09.20 19:08:50	22,52	0,00	-16,18	6,66	67,16
112	05.09.20 19:08:51	22,52	0,00	-16,57	5,79	67,64
113	05.09.20 19:08:52	22,52	0,00	-17,41	4,67	67,93
114	05.09.20 19:08:53	22,52	0,00	-16,98	3,83	69,19
115	05.09.20 19:08:54	22,52	0,00	-17,34	2,85	69,81
116	05.09.20 19:08:55	22,52	0,00	-17,28	2,74	69,98
117	05.09.20 19:08:56	22,52	0,00	-17,05	3,47	69,48
118	05.09.20 19:08:57	22,52	0,00	-17,00	4,40	68,60
119	05.09.20 19:08:58	22,49	0,00	-17,52	4,14	68,33
120	05.09.20 19:08:59	22,49	0,00	-17,86	4,69	67,45
121	05.09.20 19:09:00	22,49	0,00	-16,64	5,26	68,10
122	05.09.20 19:09:01	22,49	0,00	-17,20	4,56	68,24
123	05.09.20 19:09:02	22,49	0,00	-17,01	3,68	69,30
124	05.09.20 19:09:03	22,49	0,00	-17,25	2,88	69,87
125	05.09.20 19:09:04	22,49	0,00	-17,57	3,29	69,15
126	05.09.20 19:09:05	22,49	0,00	-17,38	3,29	69,33
127	05.09.20 19:09:06	22,49	0,00	-17,19	3,97	68,84
128	05.09.20 19:09:07	22,49	0,00	-17,36	4,99	67,65
129	05.09.20 19:09:08	22,49	0,00	-16,82	5,35	67,84
130	05.09.20 19:09:09	22,46	0,00	-16,82	5,15	68,03
131	05.09.20 19:09:10	22,46	0,00	-17,75	4,88	67,37
132	05.09.20 19:09:11	22,46	0,00	-17,00	4,99	68,01
133	05.09.20 19:09:12	22,46	0,00	-17,24	4,71	68,04
134	05.09.20 19:09:13	22,46	0,00	-16,95	4,36	68,70
135	05.09.20 19:09:14	22,46	0,00	-17,73	3,54	68,73
136	05.09.20 19:09:15	22,46	0,00	-17,10	2,73	70,17
137	05.09.20 19:09:16	22,46	0,00	-17,15	3,45	69,40
138	05.09.20 19:09:17	22,46	0,00	-17,42	4,65	67,93
139	05.09.20 19:09:18	22,43	0,00	-17,06	6,07	66,87
140	05.09.20 19:09:19	22,43	0,00	-16,77	8,15	65,08
141	05.09.20 19:09:20	22,43	0,00	-15,94	9,59	64,47
142	05.09.20 19:09:21	22,43	0,00	-16,13	10,11	63,75
143	05.09.20 19:09:22	22,43	0,00	-16,01	9,92	64,07
144	05.09.20 19:09:23	22,43	0,00	-16,42	8,88	64,70
145	05.09.20 19:09:24	22,43	0,00	-16,32	8,02	65,66
146	05.09.20 19:09:25	22,43	0,00	-16,68	7,24	66,07
147	05.09.20 19:09:26	22,43	0,00	-16,37	7,02	66,61
148	05.09.20 19:09:27	22,43	0,00	-16,41	7,15	66,44
149	05.09.20 19:09:28	22,40	0,00	-16,94	6,94	66,12
150	05.09.20 19:09:29	22,40	0,00	-16,80	7,16	66,04
151	05.09.20 19:09:30	22,40	0,00	-16,52	7,50	65,97
152	05.09.20 19:09:31	22,40	0,00	-16,19	6,67	67,14
153	05.09.20 19:09:32	22,40	0,00	-17,05	5,30	67,65
154	05.09.20 19:09:33	22,40	0,00	-17,22	4,28	68,51
155	05.09.20 19:09:34	22,40	0,00	-16,47	3,61	69,91
156	05.09.20 19:09:35	22,40	0,00	-17,21	2,60	70,19
157	05.09.20 19:09:36	22,40	0,00	-17,88	2,77	69,35
158	05.09.20 19:09:37	22,40	0,00	-16,43	3,89	69,67
159	05.09.20 19:09:38	22,37	0,00	-16,81	4,64	68,55
160	05.09.20 19:09:39	22,37	0,00	-17,78	4,93	67,29
161	05.09.20 19:09:40	22,37	0,00	-16,16	5,61	68,24
162	05.09.20 19:09:41	22,37	0,00	-16,48	5,99	67,53
163	05.09.20 19:09:42	22,37	0,00	-16,59	6,30	67,12
164	05.09.20 19:09:43	22,37	0,00	-16,88	6,25	66,87
165	05.09.20 19:09:44	22,37	0,00	-16,58	6,35	67,07
166	05.09.20 19:09:45	22,37	0,00	-17,48	6,70	65,82
167	05.09.20 19:09:46	22,37	0,00	-16,39	7,24	66,37
168	05.09.20 19:09:47	22,37	0,00	-16,01	6,06	67,92
169	05.09.20 19:09:48	22,37	0,00	-16,50	5,85	67,64
170	05.09.20 19:09:49	22,34	0,00	-16,80	5,45	67,75
171	05.09.20 19:09:50	22,34	0,00	-17,14	4,73	68,13
172	05.09.20 19:09:51	22,34	0,00	-16,40	4,12	69,49
173	05.09.20 19:09:52	22,34	0,00	-17,83	4,22	67,95
174	05.09.20 19:09:53	22,34	0,00	-17,13	3,17	69,70
175	05.09.20 19:09:54	22,34	0,00	-17,14	2,27	70,59
176	05.09.20 19:09:55	22,34	0,00	-16,88	2,10	71,02
177	05.09.20 19:09:56	22,34	0,00	-17,28	1,71	71,01
178	05.09.20 19:09:57	22,34	0,00	-17,30	2,70	70,00
179	05.09.20 19:09:58	22,31	0,00	-16,51	3,07	70,42
180	05.09.20 19:09:59	22,31	0,00	-17,39	3,97	68,64
181	05.09.20 19:10:00	22,31	0,00	-17,62	4,05	68,33
182	05.09.20 19:10:01	22,31	0,00	-16,87	4,58	68,55
183	05.09.20 19:10:02	22,31	0,00	-16,69	4,60	68,71
184	05.09.20 19:10:03	22,31	0,00	-17,52	3,34	69,14
185	05.09.20 19:10:04	22,31	0,00	-17,22	2,13	70,65
186	05.09.20 19:10:05	22,31	0,00	-18,64	2,64	68,72
187	05.09.20 19:10:06	22,31	0,00	-18,88	3,08	68,04
188	05.09.20 19:10:07	22,31	0,00	-17,76	5,27	66,97
189	05.09.20 19:10:08	22,31	0,00	-16,53	7,38	66,10
190	05.09.20 19:10:09	22,31	0,00	-16,22	7,50	66,28
191	05.09.20 19:10:10	22,31	0,00	-17,24	6,83	65,93
192	05.09.20 19:10:11	22,28	0,00	-11,96	66,02	12,02
193	05.09.20 19:10:12	22,28	0,00	38,08	-43,40	-8,53
194	05.09.20 19:10:13	22,28	0,00	85,22	-0,17	4,61
195	05.09.20 19:10:14	22,28	0,00	60,49	-20,04	9,47
196	05.09.20 19:10:15	22,28	0,00	69,67	15,19	5,13
197	05.09.20 19:10:16	22,28	0,00	70,90	-11,31	7,80
198	05.09.20 19:10:17	22,28	0,00	74,46	-5,63	9,90
199	05.09.20 19:10:18	22,28	0,00	82,85	0,12	7,03
200	05.09.20 19:10:19	22,28	0,00	77,74	6,23	6,03
201	05.09.20 19:10:20	22,25	0,00	70,08	12,86	7,05
202	05.09.20 19:10:21	22,25	0,00	73,82	9,68	6,50
203	05.09.20 19:10:22	22,25	0,00	77,11	6,53	6,36
204	05.09.20 19:10:23	22,25	0,00	65,78	20,72	3,51
205	05.09.20 19:10:24	22,25	0,00	65,30	20,19	-4,51
206	05.09.20 19:10:25	22,25	0,00	51,73	26,63	-11,64
207	05.09.20 19:10:26	22,25	0,00	45,65	31,21	-13,14
208	05.09.20 19:10:27	22,25	0,00	12,09	61,48	-16,43
209	05.09.20 19:10:28	22,25	0,00	7,24	60,74	-22,02
210	05.09.20 19:10:29	22,25	0,00	5,43	74,44	-10,13
211	05.09.20 19:10:30	22,25	0,00	6,86	69,91	-13,23
212	05.09.20 19:10:31	22,25	0,00	26,60	44,84	-18,57
213	05.09.20 19:10:32	22,22	0,00	56,77	20,82	-12,42
214	05.09.20 19:10:33	22,22	0,00	53,68	25,60	-10,72
215	05.09.20 19:10:34	22,22	0,00	55,97	21,21	-12,83
216	05.09.20 19:10:35	22,22	0,00	53,10	5,36	-31,54
217	05.09.20 19:10:36	22,22	0,00	83,81	5,42	0,77
218	05.09.20 19:10:37	22,22	0,00	77,82	7,13	5,05
219	05.09.20 19:10:38	22,22	0,00	68,71	17,53	3,76
220	05.09.20 19:10:39	22,22	0,00	60,07	21,21	8,72
221	05.09.20 19:10:40	22,05	0,00	56,14	28,46	5,41
222	05.09.20 19:10:41	21,50	0,06	62,39	25,44	2,17
223	05.09.20 19:10:42	21,12	0,15	60,34	26,79	2,88
224	05.09.20 19:10:43	20,91	0,13	49,04	26,62	-14,35
225	05.09.20 19:10:44	20,76	0,10	53,03	25,66	-11,32
226	05.09.20 19:10:45	20,59	0,17	62,93	21,49	5,58
227	05.09.20 19:10:46	20,35	0,19	55,50	25,65	-8,85
228	05.09.20 19:10:47	20,21	0,15	40,60	40,65	-8,75
229	05.09.20 19:10:48	20,12	0,24	42,50	31,44	16,06
230	05.09.20 19:10:49	19,97	0,29	43,41	-14,42	32,17
231	05.09.20 19:10:50	19,80	0,26	6,69	-1,92	81,39
232	05.09.20 19:10:51	19,62	0,26	25,68	-10,43	53,90
233	05.09.20 19:10:52	19,44	0,26	31,95	8,98	49,06
234	05.09.20 19:10:53	19,30	0,29	24,96	7,21	57,82
235	05.09.20 19:10:54	19,24	0,22	24,24	6,98	58,78
236	05.09.20 19:10:55	19,18	0,19	17,98	6,71	65,30
237	05.09.20 19:10:56	19,12	0,19	15,54	23,77	50,69
238	05.09.20 19:10:57	19,09	0,22	34,79	11,14	44,07
239	05.09.20 19:10:58	19,03	0,19	17,87	3,62	68,51
240	05.09.20 19:10:59	19,00	0,22	18,15	30,91	40,94
241	05.09.20 19:11:00	18,91	0,24	29,10	11,58	49,32
242	05.09.20 19:11:01	18,85	0,22	16,97	23,47	49,56
243	05.09.20 19:11:02	18,79	0,29	25,80	7,95	56,25
244	05.09.20 19:11:03	18,73	0,31	31,64	7,62	50,74
245	05.09.20 19:11:04	18,71	0,33	27,10	6,16	56,73
246	05.09.20 19:11:05	18,62	0,38	30,22	5,13	54,65
247	05.09.20 19:11:06	18,53	0,33	24,14	8,88	56,98
248	05.09.20 19:11:07	18,50	0,40	59,65	2,68	27,67
249	05.09.20 19:11:08	18,44	0,46	56,68	3,94	29,38
250	05.09.20 19:11:09	18,41	0,46	55,85	-1,20	32,95
251	05.09.20 19:11:10	18,38	0,46	50,13	-2,58	37,29
252	05.09.20 19:11:11	18,38	0,43	45,25	-0,53	44,22
253	05.09.20 19:11:12	18,32	0,43	44,69	4,14	41,17
254	05.09.20 19:11:13	18,29	0,43	40,51	4,49	45,00
255	05.09.20 19:11:14	18,26	0,40	43,94	2,39	43,67
256	05.09.20 19:11:15	18,26	0,40	44,72	1,03	44,25
257	05.09.20 19:11:16	18,23	0,43	47,78	-0,99	41,22
258	05.09.20 19:11:17	18,17	0,43	43,70	1,43	44,87
259	05.09.20 19:11:18	18,14	0,43	42,10	-3,97	43,92
260	05.09.20 19:11:19	18,14	0,43	47,79	-1,25	40,96
261	05.09.20 19:11:20	18,11	0,45	49,87	-6,55	33,58
262	05.09.20 19:11:21	18,11	0,48	46,24	-3,62	40,14
263	05.09.20 19:11:22	18,08	0,48	41,58	-2,55	45,88
264	05.09.20 19:11:23	18,08	0,45	47,23	1,96	40,81
265	05.09.20 19:11:24	18,08	0,48	56,29	-1,25	32,46
266	05.09.20 19:11:25	18,05	0,47	56,22	-1,77	32,01
267	05.09.20 19:11:26	18,05	0,45	60,01	-1,31	28,68
268	05.09.20 19:11:27	18,02	0,49	54,11	-2,97	32,92
269	05.09.20 19:11:28	17,99	0,49	54,13	-1,46	34,41
270	05.09.20 19:11:29	17,96	0,49	58,69	-2,86	28,45
271	05.09.20 19:11:30	17,96	0,51	58,27	-3,06	28,67
272	05.09.20 19:11:31	17,96	0,53	62,62	0,63	26,75
273	05.09.20 19:11:32	17,93	0,51	57,74	5,81	26,45
274	05.09.20 19:11:33	17,90	0,53	59,02	8,10	22,88
275	05.09.20 19:11:34	17,90	0,55	57,19	7,60	25,22
276	05.09.20 19:11:35	17,90	0,50	59,33	3,70	26,96
277	05.09.20 19:11:36	17,90	0,53	63,09	2,09	24,82
278	05.09.20 19:11:37	17,90	0,53	65,77	2,79	21,44
279	05.09.20 19:11:38	17,90	0,53	64,38	3,02	22,60
280	05.09.20 19:11:39	17,87	0,53	58,38	2,29	29,33
281	05.09.20 19:11:40	17,87	0,50	61,65	1,39	26,96
282	05.09.20 19:11:41	17,87	0,55	66,02	1,17	22,82
283	05.09.20 19:11:42	17,84	0,57	63,16	2,94	23,90
284	05.09.20 19:11:43	17,81	0,59	64,21	5,78	20,00
285	05.09.20 19:11:44	17,79	0,61	64,30	7,57	18,13
286	05.09.20 19:11:45	17,79	0,59	59,50	9,05	21,45
287	05.09.20 19:11:46	17,76	0,58	57,63	11,61	20,76
288	05.09.20 19:11:47	17,76	0,58	57,34	12,21	20,44
289	05.09.20 19:11:48	17,76	0,56	54,35	11,14	24,51
290	05.09.20 19:11:49	17,73	0,56	54,82	6,43	28,75
291	05.09.20 19:11:50	17,73	0,53	55,24	1,01	33,75
292	05.09.20 19:11:51	17,70	0,53	50,39	0,50	39,10
293	05.09.20 19:11:52	17,67	0,51	47,56	-1,48	40,96
294	05.09.20 19:11:53	17,61	0,50	50,31	0,85	38,84
295	05.09.20 19:11:54	17,55	0,49	45,56	-2,93	41,51
296	05.09.20 19:11:55	17,52	0,47	42,95	-0,94	46,11
297	05.09.20 19:11:56	17,49	0,43	45,13	-0,58	44,29
298	05.09.20 19:11:57	17,46	0,40	40,62	1,97	47,41
299	05.09.20 19:11:58	17,43	0,43	43,97	2,16	43,87
300	05.09.20 19:11:59	17,43	0,40	41,02	2,07	46,91
301	05.09.20 19:12:00	17,43	0,38	39,48	-2,97	47,55
302	05.09.20 19:12:01	17,43	0,38	39,90	-1,92	48,18
303	05.09.20 19:12:02	17,34	0,38	35,57	-1,79	52,64
304	05.09.20 19:12:03	17,31	0,38	27,06	-8,35	54,59
305	05.09.20 19:12:04	17,31	0,38	35,69	-3,90	50,41
306	05.09.20 19:12:05	17,28	0,36	31,03	-4,03	54,93
307	05.09.20 19:12:06	17,25	0,31	32,47	8,19	49,34
308	05.09.20 19:12:07	17,25	0,29	28,93	2,51	58,57
309	05.09.20 19:12:08	17,22	0,29	29,63	7,70	52,67
310	05.09.20 19:12:09	17,22	0,29	42,29	1,00	46,71
311	05.09.20 19:12:10	17,19	0,26	28,73	-0,33	60,94
312	05.09.20 19:12:11	17,16	0,29	35,53	-1,07	53,40
313	05.09.20 19:12:12	17,16	0,26	22,30	3,54	64,16
314	05.09.20 19:12:13	17,13	0,26	26,60	-2,77	60,63
315	05.09.20 19:12:14	17,13	0,26	23,51	10,01	56,48
316	05.09.20 19:12:15	17,10	0,24	29,31	-1,32	59,36
317	05.09.20 19:12:16	17,07	0,26	17,87	8,28	63,86
318	05.09.20 19:12:17	17,01	0,26	23,56	2,52	63,92
319	05.09.20 19:12:18	16,98	0,26	25,62	-1,14	63,23
320	05.09.20 19:12:19	16,92	0,26	26,73	-2,09	61,17
321	05.09.20 19:12:20	16,89	0,29	27,02	4,11	58,87
322	05.09.20 19:12:21	16,89	0,29	20,94	8,87	60,19
323	05.09.20 19:12:22	16,86	0,29	25,39	5,46	59,15
324	05.09.20 19:12:23	16,83	0,29	20,70	-5,19	64,11
325	05.09.20 19:12:24	16,83	0,29	31,67	3,29	55,05
326	05.09.20 19:12:25	16,83	0,31	30,41	1,64	57,95
327	05.09.20 19:12:26	16,80	0,26	26,09	-0,93	62,98
328	05.09.20 19:12:27	16,80	0,24	20,06	2,80	67,14
329	05.09.20 19:12:28	16,77	0,24	19,05	1,77	69,18
330	05.09.20 19:12:29	16,74	0,24	29,25	-1,14	59,61
331	05.09.20 19:12:30	16,71	0,26	20,75	-8,59	60,66
332	05.09.20 19:12:31	16,68	0,26	20,65	-8,27	61,08
333	05.09.20 19:12:32	16,68	0,29	30,41	-8,34	51,25
334	05.09.20 19:12:33	16,65	0,29	18,64	-6,34	65,02
335	05.09.20 19:12:34	16,65	0,26	19,15	0,68	70,17
336	05.09.20 19:12:35	16,62	0,29	19,25	4,17	66,59
337	05.09.20 19:12:36	16,59	0,26	14,36	10,35	65,29
338	05.09.20 19:12:37	16,59	0,31	24,68	2,27	63,05
339	05.09.20 19:12:38	16,56	0,31	20,29	9,87	59,84
340	05.09.20 19:12:39	16,56	0,31	17,73	9,18	63,09
341	05.09.20 19:12:40	16,53	0,26	16,29	4,40	69,30
342	05.09.20 19:12:41	16,50	0,29	19,98	3,10	66,92
343	05.09.20 19:12:42	16,50	0,29	18,40	7,51	64,10
344	05.09.20 19:12:43	16,47	0,31	19,13	7,28	63,59
345	05.09.20 19:12:44	16,47	0,33	15,58	13,70	60,72
346	05.09.20 19:12:45	16,47	0,36	19,28	14,64	56,08
347	05.09.20 19:12:46	16,44	0,36	16,50	16,49	57,01
348	05.09.20 19:12:47	16,44	0,38	18,88	13,88	57,24
349	05.09.20 19:12:48	16,41	0,43	23,01	14,95	52,04
350	05.09.20 19:12:49	16,41	0,40	27,33	13,43	49,23
351	05.09.20 19:12:50	16,41	0,43	24,98	10,92	54,09
352	05.09.20 19:12:51	16,41	0,43	23,93	12,57	53,50
353	05.09.20 19:12:52	16,38	0,48	24,29	14,32	51,39
354	05.09.20 19:12:53	16,38	0,48	25,58	15,05	49,37
355	05.09.20 19:12:54	16,38	0,50	28,74	13,34	47,91
356	05.09.20 19:12:55	16,38	0,55	33,92	12,41	43,67
357	05.09.20 19:12:56	16,38	0,55	40,17	11,36	38,47
358	05.09.20 19:12:57	16,38	0,57	45,65	10,63	33,72
359	05.09.20 19:12:58	16,38	0,59	48,23	6,87	34,89
360	05.09.20 19:12:59	16,38	0,59	43,09	5,70	41,21
361	05.09.20 19:13:00	16,38	0,59	41,83	1,55	46,62
362	05.09.20 19:13:01	16,35	0,59	46,93	-0,35	42,72
363	05.09.20 19:13:02	16,35	0,59	49,08	0,15	40,77
364	05.09.20 19:13:03	16,35	0,61	44,19	2,53	43,28
365	05.09.20 19:13:04	16,35	0,61	44,38	3,11	42,51
366	05.09.20 19:13:05	16,35	0,64	46,70	2,08	41,23
367	05.09.20 19:13:06	16,32	0,66	47,64	3,29	39,06
368	05.09.20 19:13:07	16,32	0,68	48,52	2,03	39,45
369	05.09.20 19:13:08	16,32	0,68	41,55	5,91	42,54
370	05.09.20 19:13:09	16,32	0,70	43,70	5,91	40,39
371	05.09.20 19:13:10	16,32	0,73	50,02	3,70	36,29
372	05.09.20 19:13:11	16,32	0,73	47,37	2,42	40,20
373	05.09.20 19:13:12	16,29	0,72	40,28	2,32	47,41
374	05.09.20 19:13:13	16,29	0,75	36,34	0,86	52,79
375	05.09.20 19:13:14	16,26	0,72	35,67	-2,18	52,15
376	05.09.20 19:13:15	16,26	0,70	34,41	0,09	55,51
377	05.09.20 19:13:16	16,26	0,70	32,95	-1,66	55,39
378	05.09.20 19:13:17	16,23	0,67	15,16	5,00	69,84
379	05.09.20 19:13:18	16,23	0,72	23,84	14,69	51,46
380	05.09.20 19:13:19	16,20	0,74	31,89	10,64	47,47
381	05.09.20 19:13:20	16,17	0,76	33,82	8,74	47,44
382	05.09.20 19:13:21	16,17	0,78	31,17	9,55	49,28
383	05.09.20 19:13:22	16,17	0,76	28,25	11,55	50,20
384	05.09.20 19:13:23	16,14	0,76	26,49	12,84	50,68
385	05.09.20 19:13:24	16,14	0,82	32,16	10,89	46,95
386	05.09.20 19:13:25	16,11	0,80	27,23	11,77	51,00
387	05.09.20 19:13:26	16,11	0,82	31,62	7,17	51,22
388	05.09.20 19:13:27	16,11	0,82	30,95	5,86	53,19
389	05.09.20 19:13:28	16,11	0,82	31,73	4,21	54,06
390	05.09.20 19:13:29	16,08	0,82	33,44	5,04	51,52
391	05.09.20 19:13:30	16,08	0,84	39,27	-0,42	50,31
392	05.09.20 19:13:31	16,08	0,84	39,13	-1,49	49,38
393	05.09.20 19:13:32	16,08	0,87	38,09	-2,05	49,86
394	05.09.20 19:13:33	16,08	0,89	38,89	-1,38	49,73
395	05.09.20 19:13:34	16,08	0,87	37,52	-1,46	51,01
396	05.09.20 19:13:35	16,08	0,89	36,79	-0,52	52,69
397	05.09.20 19:13:36	16,08	0,89	35,42	-2,00	52,58
398	05.09.20 19:13:37	16,08	0,89	34,35	-1,43	54,23
399	05.09.20 19:13:38	16,08	0,91	32,86	-4,41	52,73
400	05.09.20 19:13:39	16,08	0,91	28,38	-9,51	52,10
401	05.09.20 19:13:40	16,05	0,93	32,55	-3,00	54,45
402	05.09.20 19:13:41	16,05	0,93	32,21	-4,04	53,75
403	05.09.20 19:13:42	16,05	0,93	28,49	-8,23	53,28
404	05.09.20 19:13:43	16,02	0,95	29,03	-6,51	54,46
405	05.09.20 19:13:44	16,02	0,95	34,84	-1,69	53,46
406	05.09.20 19:13:45	16,02	0,98	34,24	-4,00	51,76
407	05.09.20 19:13:46	15,99	1,00	26,53	-9,82	53,65
408	05.09.20 19:13:47	15,99	1,02	30,85	-3,28	55,87
409	05.09.20 19:13:48	15,99	1,02	35,03	-2,03	52,94
410	05.09.20 19:13:49	15,96	1,02	26,97	-7,89	55,14
411	05.09.20 19:13:50	15,96	1,06	23,43	-11,02	55,55
412	05.09.20 19:13:51	15,96	1,09	30,55	-5,26	54,18
413	05.09.20 19:13:52	15,93	1,08	37,58	-1,40	51,02
414	05.09.20 19:13:53	15,93	1,11	24,40	-12,41	53,19
415	05.09.20 19:13:54	15,93	1,11	22,98	-13,21	53,81
416	05.09.20 19:13:55	15,93	1,13	30,44	-5,21	54,35
417	05.09.20 19:13:56	15,93	1,15	32,64	-5,11	52,24
418	05.09.20 19:13:57	15,89	1,15	25,20	-10,49	54,31
419	05.09.20 19:13:58	15,89	1,17	26,55	-10,69	52,76
420	05.09.20 19:13:59	15,86	1,19	33,06	-6,30	50,64
421	05.09.20 19:14:00	15,86	1,24	37,63	-5,15	47,22
422	05.09.20 19:14:01	15,86	1,26	34,72	-5,88	49,39
423	05.09.20 19:14:02	15,86	1,26	36,30	-2,78	50,92
424	05.09.20 19:14:03	15,86	1,28	23,28	-13,08	53,64
425	05.09.20 19:14:04	15,83	1,33	30,62	-5,96	53,42
426	05.09.20 19:14:05	15,80	1,35	32,51	-5,91	51,58
427	05.09.20 19:14:06	15,80	1,37	26,48	-10,89	52,63
428	05.09.20 19:14:07	15,77	1,39	25,82	-7,69	56,49
429	05.09.20 19:14:08	15,77	1,39	32,27	-1,59	56,13
430	05.09.20 19:14:09	15,74	1,41	19,83	-11,02	59,14
431	05.09.20 19:14:10	15,74	1,43	29,23	-3,85	56,92
432	05.09.20 19:14:11	15,71	1,45	18,64	-12,71	58,65
433	05.09.20 19:14:12	15,68	1,50	25,96	-5,32	58,71
434	05.09.20 19:14:13	15,65	1,50	31,23	-1,62	57,15
435	05.09.20 19:14:14	15,62	1,54	27,03	-5,73	57,24
436	05.09.20 19:14:15	15,59	1,58	18,22	-13,57	58,21
437	05.09.20 19:14:16	15,56	1,58	23,36	-9,47	57,17
438	05.09.20 19:14:17	15,56	1,60	28,63	-5,53	55,84
439	05.09.20 19:14:18	15,53	1,62	20,51	-10,54	58,95
440	05.09.20 19:14:19	15,50	1,67	18,41	-12,63	58,96
441	05.09.20 19:14:20	15,47	1,66	31,20	-4,48	54,32
442	05.09.20 19:14:21	15,41	1,70	21,98	-10,72	57,30
443	05.09.20 19:14:22	15,38	1,72	25,31	-8,31	56,38
444	05.09.20 19:14:23	15,26	1,76	31,75	1,12	57,14
445	05.09.20 19:14:24	15,14	1,77	26,02	-4,10	59,88
446	05.09.20 19:14:25	14,98	1,78	16,40	-14,24	59,36
447	05.09.20 19:14:26	14,80	1,95	23,29	-6,83	59,88
448	05.09.20 19:14:27	14,62	1,95	28,15	-1,62	60,23
449	05.09.20 19:14:28	14,49	1,99	26,65	-1,52	61,83
450	05.09.20 19:14:29	14,37	2,00	20,82	-5,76	63,42
451	05.09.20 19:14:30	14,22	2,03	14,89	-8,00	67,10
452	05.09.20 19:14:31	14,00	2,15	14,95	-8,40	66,65
453	05.09.20 19:14:32	13,88	2,21	15,70	-7,35	66,94
454	05.09.20 19:14:33	13,63	2,30	13,65	-7,57	68,78
455	05.09.20 19:14:34	13,17	2,39	15,00	-6,58	68,42
456	05.09.20 19:14:35	12,79	2,43	14,53	-6,09	69,38
457	05.09.20 19:14:36	12,48	2,51	12,73	-6,47	70,80
458	05.09.20 19:14:37	12,26	2,54	14,16	-5,76	70,09
459	05.09.20 19:14:38	11,91	2,60	14,04	-6,97	69,00
460	05.09.20 19:14:39	11,62	2,66	15,81	-6,04	68,16
461	05.09.20 19:14:40	11,37	2,68	15,16	-5,41	69,42
462	05.09.20 19:14:41	11,18	2,71	12,99	-6,88	70,13
463	05.09.20 19:14:42	11,02	2,72	15,19	-5,62	69,19
464	05.09.20 19:14:43	10,89	2,73	12,89	-5,86	71,25
465	05.09.20 19:14:44	10,73	2,76	13,21	-6,01	70,77
466	05.09.20 19:14:45	10,57	2,79	14,55	-5,72	69,72
467	05.09.20 19:14:46	10,44	2,83	14,20	-6,26	69,55
468	05.09.20 19:14:47	10,31	2,86	14,26	-5,51	70,23
469	05.09.20 19:14:48	10,15	2,87	12,69	-7,00	70,31
470	05.09.20 19:14:49	9,98	2,94	12,45	-7,80	69,75
471	05.09.20 19:14:50	9,85	2,93	12,90	-9,43	67,68
472	05.09.20 19:14:51	9,79	2,97	15,81	-10,17	64,02
473	05.09.20 19:14:52	9,69	2,96	16,08	-8,49	65,43
474	05.09.20 19:14:53	9,66	2,94	13,85	-8,65	67,50
475	05.09.20 19:14:54	9,62	2,96	13,13	-9,71	67,17
476	05.09.20 19:14:55	9,62	2,96	14,06	-8,42	67,52
477	05.09.20 19:14:56	9,59	2,95	13,67	-7,28	69,05
478	05.09.20 19:14:57	9,53	3,02	13,93	-8,40	67,67
479	05.09.20 19:14:58	9,39	3,05	13,70	-8,44	67,86
480	05.09.20 19:14:59	9,30	3,11	14,03	-8,93	67,04
481	05.09.20 19:15:00	9,16	3,10	13,36	-8,22	68,42
482	05.09.20 19:15:01	9,03	3,15	14,77	-7,14	68,09
483	05.09.20 19:15:02	8,90	3,19	13,50	-8,36	68,14
484	05.09.20 19:15:03	8,80	3,22	14,43	-6,93	68,63
485	05.09.20 19:15:04	8,70	3,21	15,35	-5,73	68,91
486	05.09.20 19:15:05	8,60	3,25	14,19	-6,24	69,58
487	05.09.20 19:15:06	8,50	3,28	14,78	-5,01	70,21
488	05.09.20 19:15:07	8,40	3,32	16,10	-4,44	69,46
489	05.09.20 19:15:08	8,30	3,33	14,56	-6,07	69,37
490	05.09.20 19:15:09	8,23	3,35	13,73	-5,92	70,36
491	05.09.20 19:15:10	8,13	3,39	15,26	-6,43	68,31
492	05.09.20 19:15:11	8,06	3,38	15,38	-5,49	69,13
493	05.09.20 19:15:12	8,00	3,40	14,52	-5,00	70,48
494	05.09.20 19:15:13	7,90	3,43	14,58	-4,14	71,28
495	05.09.20 19:15:14	7,83	3,43	14,30	-6,32	69,38
496	05.09.20 19:15:15	7,76	3,49	15,41	-5,31	69,28
497	05.09.20 19:15:16	7,73	3,49	14,44	-5,12	70,44
498	05.09.20 19:15:17	7,69	3,48	13,57	-5,81	70,61
499	05.09.20 19:15:18	7,63	3,57	13,75	-5,81	70,44
500	05.09.20 19:15:19	7,56	3,56	14,26	-5,75	70,00
501	05.09.20 19:15:20	7,46	3,62	14,25	-6,32	69,43
502	05.09.20 19:15:21	7,39	3,61	15,51	-5,81	68,68
503	05.09.20 19:15:22	7,32	3,65	15,16	-5,55	69,29
504	05.09.20 19:15:23	7,22	3,69	15,29	-5,99	68,72
505	05.09.20 19:15:24	7,15	3,71	13,58	-6,77	69,65
506	05.09.20 19:15:25	7,08	3,72	12,79	-8,13	69,08
507	05.09.20 19:15:26	7,01	3,74	13,38	-8,39	68,23
508	05.09.20 19:15:27	6,98	3,78	13,01	-7,72	69,27
509	05.09.20 19:15:28	6,87	3,82	14,48	-5,63	69,89
510	05.09.20 19:15:29	6,84	3,84	15,87	-5,57	68,55
511	05.09.20 19:15:30	6,81	3,83	12,09	-8,71	69,20
512	05.09.20 19:15:31	6,74	3,87	16,62	-10,75	62,63
513	05.09.20 19:15:32	6,70	3,92	23,49	-11,04	55,47
514	05.09.20 19:15:33	6,70	3,94	26,09	-11,17	52,74
515	05.09.20 19:15:34	6,70	3,96	23,44	-14,90	51,67
516	05.09.20 19:15:35	6,70	3,99	20,18	-12,54	57,28
517	05.09.20 19:15:36	6,70	3,99	22,16	-13,97	53,87
518	05.09.20 19:15:37	6,63	4,00	21,81	-10,66	57,53
519	05.09.20 19:15:38	6,56	4,02	22,36	-9,56	58,09
520	05.09.20 19:15:39	6,53	4,04	26,00	-8,26	55,74
521	05.09.20 19:15:40	6,53	4,04	29,01	-4,04	56,95
522	05.09.20 19:15:41	6,53	4,04	31,31	-2,36	56,33
523	05.09.20 19:15:42	6,56	4,02	33,83	0,15	56,02
524	05.09.20 19:15:43	6,56	4,04	35,55	-1,57	52,89
525	05.09.20 19:15:44	6,56	4,04	36,86	-3,12	50,02
526	05.09.20 19:15:45	6,56	4,06	38,53	-3,22	48,25
527	05.09.20 19:15:46	6,60	4,07	38,92	-3,40	47,69
528	05.09.20 19:15:47	6,56	4,09	39,54	-3,74	46,72
529	05.09.20 19:15:48	6,56	4,09	41,66	-2,57	45,77
530	05.09.20 19:15:49	6,50	4,10	42,38	-2,02	45,61
531	05.09.20 19:15:50	6,46	4,10	42,03	-3,22	44,75
532	05.09.20 19:15:51	6,43	4,14	44,08	0,97	44,95
533	05.09.20 19:15:52	6,36	4,14	45,51	-1,07	43,42
534	05.09.20 19:15:53	6,29	4,15	46,10	-0,47	43,43
535	05.09.20 19:15:54	6,25	4,17	43,61	-0,73	45,66
536	05.09.20 19:15:55	6,18	4,23	46,59	0,47	42,94
537	05.09.20 19:15:56	6,15	4,25	47,19	1,87	40,95
538	05.09.20 19:15:57	6,11	4,27	46,52	0,88	42,60
539	05.09.20 19:15:58	6,11	4,27	46,13	-1,85	42,02
540	05.09.20 19:15:59	6,08	4,29	48,24	1,67	40,09
541	05.09.20 19:16:00	6,04	4,34	49,03	2,14	38,83
542	05.09.20 19:16:01	6,04	4,34	47,42	0,26	42,31
543	05.09.20 19:16:02	6,04	4,36	46,48	-0,53	42,99
544	05.09.20 19:16:03	6,01	4,40	49,94	2,13	37,93
545	05.09.20 19:16:04	5,97	4,40	52,24	1,95	35,81
546	05.09.20 19:16:05	5,94	4,44	48,53	0,44	41,03
547	05.09.20 19:16:06	5,94	4,46	45,40	-0,73	43,87
548	05.09.20 19:16:07	5,94	4,51	46,63	2,35	41,02
549	05.09.20 19:16:08	5,90	4,51	49,28	1,46	39,26
550	05.09.20 19:16:09	5,90	4,51	46,57	0,00	43,43
551	05.09.20 19:16:10	5,87	4,55	45,93	-0,56	43,51
552	05.09.20 19:16:11	5,83	4,55	46,95	2,63	40,41
553	05.09.20 19:16:12	5,83	4,59	48,05	1,58	40,37
554	05.09.20 19:16:13	5,80	4,61	44,95	1,08	43,97
555	05.09.20 19:16:14	5,76	4,65	50,60	-0,06	39,34
556	05.09.20 19:16:15	5,73	4,70	50,93	2,29	36,78
557	05.09.20 19:16:16	5,69	4,74	46,72	2,30	40,98
558	05.09.20 19:16:17	5,66	4,76	45,15	-0,12	44,73
559	05.09.20 19:16:18	5,66	4,78	52,14	0,72	37,14
560	05.09.20 19:16:19	5,62	4,83	53,10	1,50	35,41
561	05.09.20 19:16:20	5,59	4,85	46,81	1,61	41,58
562	05.09.20 19:16:21	5,59	4,87	48,81	0,00	41,19
563	05.09.20 19:16:22	5,55	4,89	50,33	1,87	37,80
564	05.09.20 19:16:23	5,55	4,93	46,60	3,22	40,18
565	05.09.20 19:16:24	5,52	4,95	47,84	1,27	40,88
566	05.09.20 19:16:25	5,52	4,98	48,80	-0,09	41,12
567	05.09.20 19:16:26	5,52	5,00	44,80	2,26	42,95
568	05.09.20 19:16:27	5,48	5,04	46,53	4,41	39,05
569	05.09.20 19:16:28	5,45	5,09	51,44	-0,09	38,48
570	05.09.20 19:16:29	5,45	5,11	51,20	-0,32	38,48
571	05.09.20 19:16:30	5,37	5,12	46,31	3,12	40,57
572	05.09.20 19:16:31	5,37	5,15	48,08	2,10	39,81
573	05.09.20 19:16:32	5,34	5,19	49,07	-0,77	40,17
574	05.09.20 19:16:33	5,34	5,24	54,44	-0,84	34,72
575	05.09.20 19:16:34	5,30	5,26	54,29	1,12	34,59
576	05.09.20 19:16:35	5,30	5,28	47,87	1,88	40,25
577	05.09.20 19:16:36	5,27	5,32	48,13	-0,15	41,73
578	05.09.20 19:16:37	5,27	5,37	54,97	-0,80	34,23
579	05.09.20 19:16:38	5,23	5,39	54,37	1,21	34,42
580	05.09.20 19:16:39	5,23	5,43	50,23	-0,27	39,51
581	05.09.20 19:16:40	5,23	5,46	50,89	0,03	39,08
582	05.09.20 19:16:41	5,20	5,48	52,76	-0,46	36,78
583	05.09.20 19:16:42	5,16	5,50	49,41	2,41	38,18
584	05.09.20 19:16:43	5,13	5,54	47,01	-1,22	41,78
585	05.09.20 19:16:44	5,09	5,58	53,55	0,03	36,42
586	05.09.20 19:16:45	5,05	5,62	55,65	-1,34	33,01
587	05.09.20 19:16:46	5,02	5,64	51,03	0,47	38,50
588	05.09.20 19:16:47	4,98	5,66	48,82	0,47	40,71
589	05.09.20 19:16:48	4,95	5,71	52,70	-2,15	35,15
590	05.09.20 19:16:49	4,95	5,73	55,67	-2,12	32,21
591	05.09.20 19:16:50	4,95	5,77	44,75	-4,40	40,84
592	05.09.20 19:16:51	4,95	5,77	24,80	1,67	63,53
593	05.09.20 19:16:52	4,91	5,79	-1,46	4,73	83,81
594	05.09.20 19:16:53	4,88	5,88	-3,52	6,90	79,58
595	05.09.20 19:16:54	4,80	5,81	1,02	5,91	83,06
596	05.09.20 19:16:55	4,77	5,83	-14,50	4,97	70,53
597	05.09.20 19:16:56	4,73	5,80	-5,77	0,48	83,74
598	05.09.20 19:16:57	4,73	5,80	-13,04	6,50	70,45
599	05.09.20 19:16:58	4,70	5,82	-12,10	3,34	74,57
600	05.09.20 19:16:59	4,70	5,84	-10,41	-0,64	78,94
601	05.09.20 19:17:00	4,66	5,82	14,63	-11,44	63,92
602	05.09.20 19:17:01	4,66	5,82	9,27	2,99	77,74
603	05.09.20 19:17:02	4,63	5,83	-0,11	16,93	72,95
604	05.09.20 19:17:03	4,55	5,83	-8,79	3,08	78,13
605	05.09.20 19:17:04	4,52	5,80	-5,10	6,24	78,66
606	05.09.20 19:17:05	4,52	5,80	-7,05	3,89	79,07
607	05.09.20 19:17:06	4,48	5,80	-5,81	5,06	79,13
608	05.09.20 19:17:07	4,48	5,77	-4,71	4,90	80,40
609	05.09.20 19:17:08	4,48	5,77	-5,92	5,24	78,85
610	05.09.20 19:17:09	4,48	5,80	-19,98	1,02	69,00
611	05.09.20 19:17:10	4,44	5,79	-6,37	4,67	78,96
612	05.09.20 19:17:11	4,41	5,81	-6,24	5,09	78,67
613	05.09.20 19:17:12	4,37	5,81	29,64	6,78	53,58
614	05.09.20 19:17:13	4,34	5,81	9,88	-2,97	77,16
615	05.09.20 19:17:14	4,16	5,88	-10,44	2,01	77,55
616	05.09.20 19:17:15	4,08	5,85	-7,19	-2,60	80,21
617	05.09.20 19:17:16	4,01	5,86	4,26	-3,62	82,12
618	05.09.20 19:17:17	4,01	5,86	-1,54	1,55	86,91
619	05.09.20 19:17:18	3,97	5,84	-10,78	-0,47	78,75
620	05.09.20 19:17:19	3,94	5,86	-9,50	2,47	78,03
621	05.09.20 19:17:20	3,90	5,85	-6,63	-6,46	76,91
622	05.09.20 19:17:21	3,90	5,85	7,30	-6,27	76,44
623	05.09.20 19:17:22	3,86	5,85	5,86	7,36	76,78
624	05.09.20 19:17:23	3,86	5,85	5,96	5,16	78,88
625	05.09.20 19:17:24	3,83	5,80	2,00	10,86	77,14
626	05.09.20 19:17:25	3,83	5,80	11,31	26,04	52,65
627	05.09.20 19:17:26	3,79	5,82	7,25	8,19	74,56
628	05.09.20 19:17:27	3,68	5,85	-4,32	7,00	78,68
629	05.09.20 19:17:28	3,61	5,85	-12,70	3,83	73,46
630	05.09.20 19:17:29	3,57	5,84	-0,13	4,42	85,44
631	05.09.20 19:17:30	3,57	5,82	4,28	-5,92	79,80
632	05.09.20 19:17:31	3,53	5,84	-3,15	3,24	83,61
633	05.09.20 19:17:32	3,53	5,84	15,07	9,99	64,94
634	05.09.20 19:17:33	3,50	5,83	-8,11	1,88	80,01
635	05.09.20 19:17:34	3,46	5,83	31,51	-14,03	44,46
636	05.09.20 19:17:35	3,39	5,85	-3,64	5,55	80,82
637	05.09.20 19:17:36	3,35	5,82	-19,13	4,36	66,50
638	05.09.20 19:17:37	3,35	5,84	-5,65	5,13	79,22
639	05.09.20 19:17:38	3,35	5,82	-6,51	3,06	80,43
640	05.09.20 19:17:39	3,31	5,82	-3,07	3,05	83,88
641	05.09.20 19:17:40	3,31	5,79	-9,82	0,93	79,25
642	05.09.20 19:17:41	3,31	5,79	25,37	0,03	64,60
643	05.09.20 19:17:42	3,27	5,81	1,53	11,38	77,09
644	05.09.20 19:17:43	3,24	5,81	-7,79	5,65	76,56
645	05.09.20 19:17:44	3,24	5,81	-5,63	-1,33	83,04
646	05.09.20 19:17:45	3,20	5,80	-1,74	-0,20	88,06
647	05.09.20 19:17:46	3,20	5,80	6,56	6,84	76,59
648	05.09.20 19:17:47	3,20	5,78	2,19	-3,05	84,76
649	05.09.20 19:17:48	3,16	5,78	-9,77	4,97	75,25
650	05.09.20 19:17:49	3,13	5,77	-4,86	3,05	82,09
651	05.09.20 19:17:50	3,13	5,80	-0,23	3,36	86,41
652	05.09.20 19:17:51	3,13	5,77	0,09	2,17	87,74
653	05.09.20 19:17:52	3,13	5,77	1,75	5,55	82,71
654	05.09.20 19:17:53	3,09	5,79	1,43	1,87	86,70
655	05.09.20 19:17:54	3,09	5,77	-20,59	10,47	58,94
656	05.09.20 19:17:55	3,05	5,79	-1,59	13,32	75,09
657	05.09.20 19:17:56	2,98	5,83	31,10	-4,12	54,78
658	05.09.20 19:17:57	2,98	5,80	6,51	10,47	73,03
659	05.09.20 19:17:58	2,90	5,80	18,33	-33,97	37,70
660	05.09.20 19:17:59	2,90	5,80	-5,44	-0,12	84,44
661	05.09.20 19:18:00	2,90	5,77	-3,18	-1,16	85,66
662	05.09.20 19:18:01	2,87	5,77	-5,29	2,46	82,26
663	05.09.20 19:18:02	2,83	5,74	0,67	0,41	88,93
664	05.09.20 19:18:03	2,83	5,77	0,31	6,54	83,15
665	05.09.20 19:18:04	2,83	5,77	-7,90	4,89	77,22
666	05.09.20 19:18:05	2,83	5,74	-5,21	6,18	78,61
667	05.09.20 19:18:06	2,83	5,74	0,35	8,99	80,66
668	05.09.20 19:18:07	2,83	5,74	-5,43	5,19	79,38
669	05.09.20 19:18:08	2,83	5,77	-5,96	6,16	77,88
670	05.09.20 19:18:09	2,83	5,74	-9,24	6,74	74,02
671	05.09.20 19:18:10	2,83	5,74	-6,55	5,35	78,10
672	05.09.20 19:18:11	2,83	5,72	-8,43	4,69	76,88
673	05.09.20 19:18:12	2,83	5,72	-12,80	3,62	73,57
674	05.09.20 19:18:13	2,83	5,74	-7,35	9,68	72,97
675	05.09.20 19:18:14	2,83	5,72	2,41	6,82	80,77
676	05.09.20 19:18:15	2,79	5,72	-3,20	7,12	79,68
677	05.09.20 19:18:16	2,79	5,74	0,89	6,84	82,27
678	05.09.20 19:18:17	2,79	5,74	-1,38	0,31	88,32
679	05.09.20 19:18:18	2,79	5,74	-0,85	7,88	81,26
680	05.09.20 19:18:19	2,75	5,73	-5,26	7,40	77,34
681	05.09.20 19:18:20	2,75	5,76	-4,77	7,70	77,52
682	05.09.20 19:18:21	2,72	5,78	-0,92	3,24	85,84
683	05.09.20 19:18:22	2,68	5,75	0,21	8,06	81,73
684	05.09.20 19:18:23	2,64	5,75	-5,59	6,32	78,09
685	05.09.20 19:18:24	2,64	5,75	0,34	5,19	84,48
686	05.09.20 19:18:25	2,64	5,72	-6,26	3,76	79,98
687	05.09.20 19:18:26	2,60	5,74	-1,96	4,95	83,09
688	05.09.20 19:18:27	2,60	5,77	-2,38	4,57	83,05
689	05.09.20 19:18:28	2,60	5,74	-3,23	5,67	81,10
690	05.09.20 19:18:29	2,56	5,74	-9,93	3,18	76,89
691	05.09.20 19:18:30	2,56	5,74	-1,78	6,01	82,21
692	05.09.20 19:18:31	2,53	5,73	-2,74	5,31	81,95
693	05.09.20 19:18:32	2,53	5,73	-6,56	4,40	79,03
694	05.09.20 19:18:33	2,53	5,73	-1,81	6,01	82,18
695	05.09.20 19:18:34	2,53	5,73	-5,97	7,39	76,64
696	05.09.20 19:18:35	2,49	5,73	-4,76	6,25	79,00
697	05.09.20 19:18:36	2,49	5,73	-2,72	2,13	85,15
698	05.09.20 19:18:37	2,49	5,73	-10,24	4,19	75,57
699	05.09.20 19:18:38	2,49	5,73	-0,28	7,02	82,70
700	05.09.20 19:18:39	2,45	5,70	-0,13	12,04	77,83
701	05.09.20 19:18:40	2,45	5,73	10,20	8,26	71,54
702	05.09.20 19:18:41	2,45	5,73	-4,57	6,44	78,99
703	05.09.20 19:18:42	2,45	5,70	-1,54	6,43	82,03
704	05.09.20 19:18:43	2,41	5,72	-3,71	7,89	78,40
705	05.09.20 19:18:44	2,41	5,72	10,09	14,32	65,59
706	05.09.20 19:18:45	2,41	5,68	14,25	29,22	46,53
707	05.09.20 19:18:46	2,38	5,72	-4,48	1,30	84,21
708	05.09.20 19:18:47	2,34	5,74	-5,04	7,83	77,12
709	05.09.20 19:18:48	2,30	5,73	-1,16	10,44	78,40
710	05.09.20 19:18:49	2,30	5,73	-14,73	6,44	68,83
711	05.09.20 19:18:50	2,30	5,71	-7,54	3,99	78,47
712	05.09.20 19:18:51	2,26	5,71	-8,06	1,66	80,28
713	05.09.20 19:18:52	2,26	5,71	-7,63	5,28	77,10
714	05.09.20 19:18:53	2,26	5,71	6,42	-0,79	82,80
715	05.09.20 19:18:54	2,26	5,71	-4,65	8,02	77,34
716	05.09.20 19:18:55	2,26	5,71	-15,14	6,51	68,36
717	05.09.20 19:18:56	2,26	5,71	-5,13	5,37	79,50
718	05.09.20 19:18:57	2,26	5,68	-3,01	-0,62	86,37
719	05.09.20 19:18:58	2,22	5,70	-15,80	1,14	73,06
720	05.09.20 19:18:59	2,22	5,68	-13,65	-4,67	71,69
721	05.09.20 19:19:00	2,22	5,70	9,19	5,01	75,80
722	05.09.20 19:19:01	2,19	5,72	-9,77	6,02	74,21
723	05.09.20 19:19:02	2,19	5,72	-14,64	8,12	67,24
724	05.09.20 19:19:03	2,15	5,72	-6,40	6,68	76,91
725	05.09.20 19:19:04	2,15	5,72	-0,25	11,78	77,97
726	05.09.20 19:19:05	2,15	5,70	-7,16	8,94	73,91
727	05.09.20 19:19:06	2,15	5,70	-8,34	6,92	74,74
728	05.09.20 19:19:07	2,15	5,70	-8,30	9,46	72,24
729	05.09.20 19:19:08	2,15	5,72	12,62	5,29	72,09
730	05.09.20 19:19:09	2,11	5,71	-4,75	12,51	72,74
731	05.09.20 19:19:10	2,11	5,69	-8,49	12,35	69,16
732	05.09.20 19:19:11	2,11	5,69	-1,11	-2,78	86,10
733	05.09.20 19:19:12	2,11	5,69	-19,26	5,24	65,50
734	05.09.20 19:19:13	2,07	5,69	-3,41	2,74	83,86
735	05.09.20 19:19:14	2,07	5,69	-10,94	9,14	69,92
736	05.09.20 19:19:15	2,07	5,69	-10,38	4,22	75,40
737	05.09.20 19:19:16	2,07	5,71	-6,76	4,02	79,22
738	05.09.20 19:19:17	2,03	5,71	-8,11	5,00	76,89
739	05.09.20 19:19:18	2,03	5,71	-16,64	5,65	67,71
740	05.09.20 19:19:19	2,03	5,71	4,04	19,55	66,41
741	05.09.20 19:19:20	2,03	5,71	5,10	8,67	76,22
742	05.09.20 19:19:21	2,00	5,68	-13,85	8,85	67,31
743	05.09.20 19:19:22	2,00	5,70	8,86	32,57	48,57
744	05.09.20 19:19:23	2,00	5,68	2,42	6,94	80,64
745	05.09.20 19:19:24	2,00	5,70	4,37	7,84	77,79
746	05.09.20 19:19:25	1,96	5,72	-5,79	9,17	75,04
747	05.09.20 19:19:26	1,96	5,72	-3,40	11,94	74,67
748	05.09.20 19:19:27	1,96	5,72	-2,60	8,90	78,50
749	05.09.20 19:19:28	1,92	5,72	-10,34	6,12	73,54
750	05.09.20 19:19:29	1,92	5,72	-9,46	7,15	73,39
751	05.09.20 19:19:30	1,92	5,72	3,75	5,63	80,62
752	05.09.20 19:19:31	1,92	5,72	-6,28	-1,93	81,79
753	05.09.20 19:19:32	1,92	5,69	7,02	3,79	79,19
754	05.09.20 19:19:33	1,92	5,72	-6,18	11,40	72,42
755	05.09.20 19:19:34	1,88	5,71	-5,64	10,41	73,95
756	05.09.20 19:19:35	1,88	5,71	-6,51	7,08	76,41
757	05.09.20 19:19:36	1,88	5,69	-1,27	11,63	77,10
758	05.09.20 19:19:37	1,84	5,71	1,82	1,90	86,28
759	05.09.20 19:19:38	1,84	5,71	2,33	5,48	82,19
760	05.09.20 19:19:39	1,84	5,73	-10,57	6,98	72,45
761	05.09.20 19:19:40	1,84	5,71	1,88	3,15	84,97
762	05.09.20 19:19:41	1,84	5,71	-1,60	5,21	83,19
763	05.09.20 19:19:42	1,84	5,71	-4,42	2,81	82,77
764	05.09.20 19:19:43	1,84	5,69	-10,43	3,61	75,96
765	05.09.20 19:19:44	1,84	5,71	-5,51	2,11	82,37
766	05.09.20 19:19:45	1,81	5,68	-9,66	4,18	76,17
767	05.09.20 19:19:46	1,81	5,71	-1,73	3,23	85,03
768	05.09.20 19:19:47	1,81	5,71	-3,94	2,64	83,42
769	05.09.20 19:19:48	1,81	5,71	-8,71	5,73	75,56
770	05.09.20 19:19:49	1,81	5,71	-2,71	4,50	82,79
771	05.09.20 19:19:50	1,81	5,71	-3,93	8,25	77,83
772	05.09.20 19:19:51	1,81	5,71	-4,50	5,94	79,56
773	05.09.20 19:19:52	1,81	5,71	-4,88	7,88	77,24
774	05.09.20 19:19:53	1,77	5,70	-7,74	5,94	76,32
775	05.09.20 19:19:54	1,77	5,70	-7,57	14,31	68,12
776	05.09.20 19:19:55	1,77	5,70	-2,60	6,40	81,00
777	05.09.20 19:19:56	1,77	5,68	-7,49	7,53	74,98
778	05.09.20 19:19:57	1,77	5,70	-6,12	6,45	77,43
779	05.09.20 19:19:58	1,77	5,70	-8,14	7,02	74,84
780	05.09.20 19:19:59	1,77	5,72	-9,92	10,72	69,36
781	05.09.20 19:20:00	1,73	5,72	-3,32	5,57	81,10
782	05.09.20 19:20:01	1,73	5,72	2,47	2,00	85,53
783	05.09.20 19:20:02	1,73	5,72	-5,85	0,47	83,68
784	05.09.20 19:20:03	1,73	5,72	-8,10	7,43	74,47
785	05.09.20 19:20:04	1,73	5,70	-6,08	4,73	79,19
786	05.09.20 19:20:05	1,69	5,72	-0,99	6,44	82,57
787	05.09.20 19:20:06	1,69	5,72	-0,55	1,42	88,04
788	05.09.20 19:20:07	1,69	5,72	-6,61	-0,14	83,25
789	05.09.20 19:20:08	1,69	5,72	-0,76	2,22	87,02
790	05.09.20 19:20:09	1,69	5,72	-1,52	3,46	85,03
791	05.09.20 19:20:10	1,69	5,69	-4,87	5,78	79,35
792	05.09.20 19:20:11	1,69	5,72	-5,76	3,00	81,23
793	05.09.20 19:20:12	1,69	5,72	-8,70	3,53	77,77
794	05.09.20 19:20:13	1,69	5,72	-18,57	1,63	69,79
795	05.09.20 19:20:14	1,69	5,72	9,52	-5,91	74,57
796	05.09.20 19:20:15	1,69	5,72	-5,77	5,35	78,88
797	05.09.20 19:20:16	1,69	5,72	-6,18	5,53	78,29
798	05.09.20 19:20:17	1,69	5,72	1,25	1,16	87,60
799	05.09.20 19:20:18	1,65	5,71	-7,80	7,06	75,14
800	05.09.20 19:20:19	1,65	5,69	-11,97	5,77	72,25
801	05.09.20 19:20:20	1,65	5,74	-13,59	4,78	71,63
802	05.09.20 19:20:21	1,65	5,71	-4,25	9,53	76,21
803	05.09.20 19:20:22	1,65	5,71	0,95	-4,50	84,55
804	05.09.20 19:20:23	1,65	5,71	3,93	0,52	85,54
805	05.09.20 19:20:24	1,65	5,71	16,98	8,35	64,67
806	05.09.20 19:20:25	1,61	5,66	6,45	-0,98	82,57
807	05.09.20 19:20:26	1,57	5,70	24,64	3,99	61,37
808	05.09.20 19:20:27	1,57	5,73	11,86	25,89	52,26
809	05.09.20 19:20:28	1,54	5,70	5,06	5,16	79,78
810	05.09.20 19:20:29	1,54	5,72	5,36	13,65	70,99
811	05.09.20 19:20:30	1,54	5,72	12,50	5,65	71,86
812	05.09.20 19:20:31	1,54	5,65	-6,08	26,04	57,89
813	05.09.20 19:20:32	1,50	5,74	17,19	17,79	55,03
814	05.09.20 19:20:33	1,50	5,74	2,74	4,98	82,27
815	05.09.20 19:20:34	1,46	5,72	2,80	-19,84	67,37
816	05.09.20 19:20:35	1,46	5,72	27,46	-7,21	55,32
817	05.09.20 19:20:36	1,46	5,69	11,01	-4,84	74,15
818	05.09.20 19:20:37	1,46	5,65	24,92	-10,99	54,09
819	05.09.20 19:20:38	1,46	5,69	-0,45	8,16	81,39
820	05.09.20 19:20:39	1,42	5,69	2,80	8,28	78,93
821	05.09.20 19:20:40	1,42	5,69	-2,39	9,64	77,97
822	05.09.20 19:20:41	1,42	5,66	-3,20	9,43	77,37
823	05.09.20 19:20:42	1,42	5,69	0,58	14,19	75,24
824	05.09.20 19:20:43	1,42	5,69	-4,58	5,70	79,72
825	05.09.20 19:20:44	1,42	5,69	-2,30	8,20	79,50
826	05.09.20 19:20:45	1,42	5,69	-1,81	-1,06	87,13
827	05.09.20 19:20:46	1,42	5,69	-12,17	0,64	77,19
828	05.09.20 19:20:47	1,42	5,78	-3,32	-5,41	81,27
829	05.09.20 19:20:48	1,38	5,71	-13,57	1,12	75,31
830	05.09.20 19:20:49	1,42	5,69	29,52	-25,42	35,06
831	05.09.20 19:20:50	1,38	5,73	30,51	-1,96	57,53
832	05.09.20 19:20:51	1,38	5,68	3,32	4,35	82,34
833	05.09.20 19:20:52	1,34	5,68	0,90	13,18	75,92
834	05.09.20 19:20:53	1,34	5,70	5,32	7,23	77,45
835	05.09.20 19:20:54	1,34	5,68	0,79	-3,26	85,95
836	05.09.20 19:20:55	1,34	5,70	-4,37	4,26	81,36
837	05.09.20 19:20:56	1,34	5,70	-6,13	12,72	71,15
838	05.09.20 19:20:57	1,34	5,68	-0,33	1,28	88,39
839	05.09.20 19:20:58	1,34	5,68	2,35	-6,03	81,62
840	05.09.20 19:20:59	1,34	5,68	-7,50	0,39	82,11
841	05.09.20 19:21:00	1,34	5,70	-2,86	-1,86	85,28
842	05.09.20 19:21:01	1,30	5,65	-3,31	-7,51	79,17
843	05.09.20 19:21:02	1,30	5,70	-5,28	-7,79	76,93
844	05.09.20 19:21:03	1,30	5,70	-32,02	-1,75	56,23
845	05.09.20 19:21:04	1,30	5,68	0,87	-7,99	81,14
846	05.09.20 19:21:05	1,30	5,68	-0,42	-8,87	80,71
847	05.09.20 19:21:06	1,27	5,67	-0,50	-10,95	78,55
848	05.09.20 19:21:07	1,27	5,69	-8,83	-10,57	70,60
849	05.09.20 19:21:08	1,27	5,67	-4,81	-3,98	81,21
850	05.09.20 19:21:09	1,27	5,69	-3,48	-8,72	77,80
851	05.09.20 19:21:10	1,27	5,69	-3,48	-6,56	79,97
852	05.09.20 19:21:11	1,27	5,69	-6,26	-8,60	75,14
853	05.09.20 19:21:12	1,27	5,72	-4,35	-7,10	78,55
854	05.09.20 19:21:13	1,27	5,72	-2,33	-8,35	79,32
855	05.09.20 19:21:14	1,27	5,72	-13,53	5,64	70,82
856	05.09.20 19:21:15	1,27	5,69	13,52	29,54	46,94
857	05.09.20 19:21:16	1,23	5,64	20,49	2,68	66,84
858	05.09.20 19:21:17	1,23	5,64	0,41	-1,73	87,87
859	05.09.20 19:21:18	1,23	5,69	-2,49	7,02	80,48
860	05.09.20 19:21:19	1,23	5,67	-5,95	5,43	78,63
861	05.09.20 19:21:20	1,23	5,69	-3,79	8,53	77,68
862	05.09.20 19:21:21	1,23	5,69	-3,16	7,75	79,09
863	05.09.20 19:21:22	1,23	5,67	-3,10	7,17	79,72
864	05.09.20 19:21:23	1,23	5,69	-3,24	8,73	78,04
865	05.09.20 19:21:24	1,23	5,67	-2,21	8,21	79,58
866	05.09.20 19:21:25	1,23	5,67	-11,92	7,13	70,94
867	05.09.20 19:21:26	1,23	5,69	-11,76	1,91	76,32
868	05.09.20 19:21:27	1,23	5,67	-4,91	6,96	78,13
869	05.09.20 19:21:28	1,23	5,69	-4,59	4,28	81,13
870	05.09.20 19:21:29	1,23	5,69	0,78	5,45	83,78
871	05.09.20 19:21:30	1,23	5,69	-8,70	4,68	76,62
872	05.09.20 19:21:31	1,23	5,71	-1,67	8,19	80,15
873	05.09.20 19:21:32	1,23	5,69	0,70	3,89	85,42
874	05.09.20 19:21:33	1,23	5,69	-0,77	5,60	83,63
875	05.09.20 19:21:34	1,23	5,67	-3,56	5,10	81,35
876	05.09.20 19:21:35	1,23	5,67	-2,20	4,85	82,95
877	05.09.20 19:21:36	1,23	5,67	-1,11	6,52	82,37
878	05.09.20 19:21:37	1,23	5,67	-1,05	4,03	84,92
879	05.09.20 19:21:38	1,23	5,67	-0,23	7,55	82,22
880	05.09.20 19:21:39	1,23	5,64	0,03	4,87	85,10
881	05.09.20 19:21:40	1,23	5,64	-1,06	4,35	84,59
882	05.09.20 19:21:41	1,23	5,67	0,09	7,83	82,08
883	05.09.20 19:21:42	1,23	5,64	0,58	5,00	84,42
884	05.09.20 19:21:43	1,23	5,64	-0,80	4,45	84,75
885	05.09.20 19:21:44	1,23	5,67	-10,05	1,60	78,35
886	05.09.20 19:21:45	1,23	5,64	-6,30	1,87	81,82
887	05.09.20 19:21:46	1,23	5,64	-2,08	3,42	84,50
888	05.09.20 19:21:47	1,23	5,67	-0,59	1,97	87,44
889	05.09.20 19:21:48	1,19	5,66	-1,88	3,73	84,39
890	05.09.20 19:21:49	1,19	5,64	-4,03	4,53	81,44
891	05.09.20 19:21:50	1,23	5,64	-0,96	6,27	82,77
892	05.09.20 19:21:51	1,19	5,64	-3,21	2,39	84,40
893	05.09.20 19:21:52	1,19	5,66	-6,12	2,94	80,94
894	05.09.20 19:21:53	1,19	5,64	-4,33	-0,12	85,55
895	05.09.20 19:21:54	1,19	5,66	-5,20	-0,11	84,69
896	05.09.20 19:21:55	1,19	5,66	5,54	2,44	82,02
897	05.09.20 19:21:56	1,19	5,66	-2,62	4,59	82,79
898	05.09.20 19:21:57	1,19	5,69	0,21	-2,16	87,63
899	05.09.20 19:21:58	1,15	5,66	-17,80	1,94	70,26
900	05.09.20 19:21:59	1,15	5,68	-5,30	4,53	80,16
901	05.09.20 19:22:00	1,15	5,68	16,86	12,14	61,01
902	05.09.20 19:22:01	1,15	5,66	-5,40	6,43	78,16
903	05.09.20 19:22:02	1,15	5,66	-1,26	2,78	85,96
904	05.09.20 19:22:03	1,15	5,68	-2,37	1,51	86,12
905	05.09.20 19:22:04	1,15	5,68	-0,42	3,82	85,76
906	05.09.20 19:22:05	1,15	5,66	-3,29	2,32	84,39
907	05.09.20 19:22:06	1,15	5,66	-3,03	0,20	86,77
908	05.09.20 19:22:07	1,15	5,68	-3,51	2,67	83,81
909	05.09.20 19:22:08	1,15	5,66	-1,83	0,73	87,45
910	05.09.20 19:22:09	1,15	5,66	-2,65	3,01	84,34
911	05.09.20 19:22:10	1,15	5,68	-4,64	0,84	84,52
912	05.09.20 19:22:11	1,15	5,66	-1,08	0,36	88,57
913	05.09.20 19:22:12	1,15	5,68	0,99	5,18	83,83
914	05.09.20 19:22:13	1,15	5,66	-2,33	3,10	84,57
915	05.09.20 19:22:14	1,11	5,68	-4,60	2,42	82,98
916	05.09.20 19:22:15	1,11	5,68	-2,74	0,56	86,70
917	05.09.20 19:22:16	1,11	5,68	-3,26	4,46	82,27
918	05.09.20 19:22:17	1,11	5,68	-2,07	-3,24	84,69
919	05.09.20 19:22:18	1,11	5,65	-6,06	1,04	82,90
920	05.09.20 19:22:19	1,11	5,68	-4,82	0,42	84,76
921	05.09.20 19:22:20	1,11	5,68	0,23	-0,59	89,18
922	05.09.20 19:22:21	1,11	5,68	0,77	0,03	89,21
923	05.09.20 19:22:22	1,11	5,65	-2,06	-0,70	87,24
924	05.09.20 19:22:23	1,11	5,65	-4,51	3,18	82,31
925	05.09.20 19:22:24	1,11	5,65	-2,89	2,13	84,98
926	05.09.20 19:22:25	1,11	5,65	0,67	2,34	86,99
927	05.09.20 19:22:26	1,11	5,65	-5,34	-1,25	83,41
928	05.09.20 19:22:27	1,11	5,65	-3,73	0,06	86,21
929	05.09.20 19:22:28	1,11	5,65	-3,90	2,79	83,30
930	05.09.20 19:22:29	1,11	5,65	0,55	1,49	87,96
931	05.09.20 19:22:30	1,11	5,65	-2,89	0,37	86,74
932	05.09.20 19:22:31	1,11	5,63	-2,13	2,09	85,79
933	05.09.20 19:22:32	1,11	5,65	-4,77	4,15	81,09
934	05.09.20 19:22:33	1,11	5,63	0,72	7,04	82,24
935	05.09.20 19:22:34	1,11	5,65	-2,72	8,40	78,89
936	05.09.20 19:22:35	1,11	5,63	-10,75	11,32	67,93
937	05.09.20 19:22:36	1,11	5,63	0,50	9,23	80,27
938	05.09.20 19:22:37	1,11	5,65	3,25	25,08	61,67
939	05.09.20 19:22:38	1,11	5,63	14,30	19,06	56,63
940	05.09.20 19:22:39	1,11	5,63	14,23	6,24	69,53
941	05.09.20 19:22:40	1,07	5,63	4,44	18,67	66,88
942	05.09.20 19:22:41	1,07	5,67	28,99	5,07	55,94
943	05.09.20 19:22:42	1,07	5,65	20,70	40,10	29,21
944	05.09.20 19:22:43	1,07	5,65	9,76	50,68	29,56
945	05.09.20 19:22:44	1,07	5,67	10,06	42,12	37,83
946	05.09.20 19:22:45	1,07	5,65	18,45	43,85	27,69
947	05.09.20 19:22:46	1,07	5,67	26,88	38,66	24,46
948	05.09.20 19:22:47	1,07	5,65	35,18	36,17	18,66
949	05.09.20 19:22:48	1,07	5,67	34,99	34,61	20,39
950	05.09.20 19:22:49	1,07	5,65	29,71	31,81	28,49
951	05.09.20 19:22:50	1,03	5,65	40,88	23,10	26,02
952	05.09.20 19:22:51	1,03	5,62	45,71	23,07	21,23
953	05.09.20 19:22:52	1,03	5,62	42,51	23,97	23,53
954	05.09.20 19:22:53	1,03	5,58	35,14	27,05	27,80
955	05.09.20 19:22:54	1,03	5,55	39,92	24,07	26,00
956	05.09.20 19:22:55	1,03	5,55	43,33	25,60	21,07
957	05.09.20 19:22:56	1,03	5,53	40,99	25,58	23,43
958	05.09.20 19:22:57	1,03	5,51	39,74	23,12	27,14
959	05.09.20 19:22:58	1,03	5,46	40,24	23,39	26,37
960	05.09.20 19:22:59	0,99	5,46	44,09	23,24	22,68
961	05.09.20 19:23:00	0,99	5,46	41,19	24,69	24,12
962	05.09.20 19:23:01	0,99	5,41	39,42	24,81	25,77
963	05.09.20 19:23:02	0,99	5,39	44,23	22,19	23,58
964	05.09.20 19:23:03	0,99	5,39	44,55	25,24	20,21
965	05.09.20 19:23:04	0,99	5,39	47,79	23,82	18,38
966	05.09.20 19:23:05	0,99	5,37	49,87	24,47	15,66
967	05.09.20 19:23:06	0,99	5,39	43,88	25,91	20,21
968	05.09.20 19:23:07	0,99	5,37	42,00	26,17	21,84
969	05.09.20 19:23:08	0,99	5,37	43,95	24,56	21,50
970	05.09.20 19:23:09	0,99	5,34	45,08	25,86	19,06
971	05.09.20 19:23:10	0,99	5,34	41,29	27,08	21,63
972	05.09.20 19:23:11	0,99	5,30	36,03	29,79	24,19
973	05.09.20 19:23:12	0,99	5,23	32,11	29,45	28,45
974	05.09.20 19:23:13	0,99	5,16	38,46	25,72	25,83
975	05.09.20 19:23:14	0,99	5,13	37,98	27,45	24,57
976	05.09.20 19:23:15	0,99	5,09	32,02	30,57	27,41
977	05.09.20 19:23:16	0,99	5,02	30,63	29,43	29,94
978	05.09.20 19:23:17	0,99	5,00	33,87	27,45	28,68
979	05.09.20 19:23:18	0,99	4,97	32,96	28,89	28,15
980	05.09.20 19:23:19	0,99	4,90	28,94	30,49	30,56
981	05.09.20 19:23:20	0,95	4,85	29,70	27,97	32,33
982	05.09.20 19:23:21	0,99	4,83	33,20	26,48	30,32
983	05.09.20 19:23:22	0,95	4,81	32,71	26,73	30,55
984	05.09.20 19:23:23	0,95	4,76	27,48	27,54	34,98
985	05.09.20 19:23:24	0,95	4,71	28,35	24,98	36,67
986	05.09.20 19:23:25	0,95	4,69	30,73	24,84	34,42
987	05.09.20 19:23:26	0,95	4,67	39,91	20,08	30,00
988	05.09.20 19:23:27	0,95	4,64	33,84	24,34	31,83
989	05.09.20 19:23:28	0,95	4,60	32,27	23,54	34,19
990	05.09.20 19:23:29	0,95	4,55	32,67	23,31	34,01
991	05.09.20 19:23:30	0,95	4,53	34,48	20,58	34,94
992	05.09.20 19:23:31	0,95	4,51	38,31	19,66	32,03
993	05.09.20 19:23:32	0,95	4,51	34,05	20,90	35,05
994	05.09.20 19:23:33	0,95	4,48	29,43	20,73	39,83
995	05.09.20 19:23:34	0,91	4,43	34,50	19,10	36,40
996	05.09.20 19:23:35	0,91	4,39	37,79	16,03	36,18
997	05.09.20 19:23:36	0,91	4,39	34,67	16,26	39,07
998	05.09.20 19:23:37	0,91	4,36	35,27	16,09	38,64
999	05.09.20 19:23:38	0,91	4,34	42,76	11,89	35,34
1000	05.09.20 19:23:39	0,91	4,32	42,85	9,44	37,71
1001	05.09.20 19:23:40	0,91	4,29	39,71	10,37	39,92
1002	05.09.20 19:23:41	0,91	4,27	45,99	8,03	35,99
1003	05.09.20 19:23:42	0,91	4,25	61,37	3,49	25,14
1004	05.09.20 19:23:43	0,91	4,25	60,10	2,18	27,72
1005	05.09.20 19:23:44	0,91	4,22	46,04	3,36	40,60
1006	05.09.20 19:23:45	0,91	4,15	48,63	5,50	35,87
1007	05.09.20 19:23:46	0,91	4,18	65,29	2,46	22,26
1008	05.09.20 19:23:47	0,91	4,15	66,10	-2,56	21,34
1009	05.09.20 19:23:48	0,91	4,11	58,08	-0,37	31,55
1010	05.09.20 19:23:49	0,91	4,09	66,87	-1,18	21,95
1011	05.09.20 19:23:50	0,91	4,06	76,13	-7,33	6,54
1012	05.09.20 19:23:51	0,91	4,04	59,14	-4,42	26,44
1013	05.09.20 19:23:52	0,91	4,04	62,38	7,15	20,47
1014	05.09.20 19:23:53	0,91	4,11	64,30	12,41	13,29
1015	05.09.20 19:23:54	0,88	4,08	62,57	7,59	19,84
1016	05.09.20 19:23:55	0,88	4,13	62,51	12,54	14,95
1017	05.09.20 19:23:56	0,88	4,20	74,61	3,53	11,86
1018	05.09.20 19:23:57	0,88	4,20	57,10	-12,38	20,52
1019	05.09.20 19:23:58	0,88	4,17	48,41	-13,72	27,87
1020	05.09.20 19:23:59	0,88	4,20	56,51	-16,56	16,92
1021	05.09.20 19:24:00	0,88	4,27	54,25	-24,84	10,91
1022	05.09.20 19:24:01	0,88	4,29	54,07	-19,55	16,39
1023	05.09.20 19:24:02	0,88	4,29	55,28	-12,14	22,58
1024	05.09.20 19:24:03	0,88	4,31	57,99	-11,35	20,66
1025	05.09.20 19:24:04	0,88	4,38	73,35	-9,48	7,17
1026	05.09.20 19:24:05	0,88	4,45	67,82	-2,76	19,41
1027	05.09.20 19:24:06	0,88	4,47	67,50	-1,34	21,15
1028	05.09.20 19:24:07	0,88	4,50	70,40	2,07	17,53
1029	05.09.20 19:24:08	0,88	4,54	77,26	4,06	8,68
1030	05.09.20 19:24:09	0,88	4,57	68,50	7,58	13,92
1031	05.09.20 19:24:10	0,88	4,61	62,80	11,83	15,36
1032	05.09.20 19:24:11	0,88	4,61	63,74	13,37	12,89
1033	05.09.20 19:24:12	0,88	4,59	58,99	18,77	12,24
1034	05.09.20 19:24:13	0,88	4,57	52,26	21,41	16,34
1035	05.09.20 19:24:14	0,88	4,52	47,31	20,05	22,64
1036	05.09.20 19:24:15	0,88	4,43	46,78	18,61	24,61
1037	05.09.20 19:24:16	0,88	4,40	42,87	23,23	23,90
1038	05.09.20 19:24:17	0,88	4,34	46,24	20,62	23,14
1039	05.09.20 19:24:18	0,88	4,29	43,56	21,34	25,11
1040	05.09.20 19:24:19	0,88	4,22	40,99	23,41	25,60
1041	05.09.20 19:24:20	0,88	4,15	42,41	19,24	28,36
1042	05.09.20 19:24:21	0,88	4,06	40,28	18,48	31,24
1043	05.09.20 19:24:22	0,88	3,99	38,23	19,89	31,87
1044	05.09.20 19:24:23	0,88	3,90	40,23	18,81	30,96
1045	05.09.20 19:24:24	0,84	3,82	39,96	20,58	29,46
1046	05.09.20 19:24:25	0,84	3,73	39,74	21,05	29,21
1047	05.09.20 19:24:26	0,84	3,64	38,34	22,60	29,06
1048	05.09.20 19:24:27	0,84	3,55	41,02	20,48	28,50
1049	05.09.20 19:24:28	0,84	3,48	41,17	20,64	28,19
1050	05.09.20 19:24:29	0,84	3,38	40,46	21,55	28,00
1051	05.09.20 19:24:30	0,84	3,27	41,37	21,12	27,51
1052	05.09.20 19:24:31	0,84	3,20	43,96	18,43	27,61
1053	05.09.20 19:24:32	0,84	3,13	41,53	22,12	26,35
1054	05.09.20 19:24:33	0,84	3,06	41,12	23,82	25,06
1055	05.09.20 19:24:34	0,84	2,99	39,92	25,28	24,80
1056	05.09.20 19:24:35	0,84	2,92	37,24	26,36	26,40
1057	05.09.20 19:24:36	0,88	2,86	43,29	20,40	26,31
1058	05.09.20 19:24:37	0,88	2,79	40,78	20,55	28,66
1059	05.09.20 19:24:38	0,88	2,76	42,16	18,30	29,54
1060	05.09.20 19:24:39	0,88	2,72	42,76	18,50	28,74
1061	05.09.20 19:24:40	0,88	2,72	40,07	22,61	27,32
1062	05.09.20 19:24:41	0,88	2,74	44,62	24,16	21,22
1063	05.09.20 19:24:42	0,91	2,77	50,09	25,57	14,34
1064	05.09.20 19:24:43	0,91	2,81	55,35	28,04	6,61
1065	05.09.20 19:24:44	0,91	2,86	60,46	25,96	3,58
1066	05.09.20 19:24:45	0,95	2,91	63,75	23,63	2,62
1067	05.09.20 19:24:46	0,99	2,98	65,85	23,67	0,49
1068	05.09.20 19:24:47	0,99	3,03	63,49	23,43	3,07
1069	05.09.20 19:24:48	1,03	3,08	61,63	23,57	4,80
1070	05.09.20 19:24:49	1,07	3,15	59,81	22,31	7,88
1071	05.09.20 19:24:50	1,07	3,22	57,36	21,10	11,54
1072	05.09.20 19:24:51	1,07	3,29	55,31	25,78	8,91
1073	05.09.20 19:24:52	1,11	3,39	55,65	27,12	7,23
1074	05.09.20 19:24:53	1,11	3,46	55,75	22,24	12,02
1075	05.09.20 19:24:54	1,15	3,53	58,12	18,68	13,21
1076	05.09.20 19:24:55	1,15	3,58	60,51	19,05	10,44
1077	05.09.20 19:24:56	1,15	3,63	63,42	17,45	9,13
1078	05.09.20 19:24:57	1,15	3,69	61,71	12,85	15,44
1079	05.09.20 19:24:58	1,15	3,72	62,32	6,15	21,53
1080	05.09.20 19:24:59	1,19	3,74	66,71	-1,48	21,81
1081	05.09.20 19:25:00	1,15	3,76	65,65	-6,05	18,31
1082	05.09.20 19:25:01	1,15	3,79	66,13	-2,72	21,16
1083	05.09.20 19:25:02	1,15	3,79	64,32	-3,07	22,61
1084	05.09.20 19:25:03	1,15	3,76	52,66	-6,24	31,09
1085	05.09.20 19:25:04	1,15	3,69	47,15	-10,33	32,52
1086	05.09.20 19:25:05	1,15	3,63	48,43	-7,81	33,76
1087	05.09.20 19:25:06	1,15	3,56	48,47	-9,05	32,48
1088	05.09.20 19:25:07	1,11	3,46	46,17	-8,95	34,88
1089	05.09.20 19:25:08	1,11	3,37	45,54	-7,56	36,91
1090	05.09.20 19:25:09	1,11	3,25	44,30	-5,34	40,37
1091	05.09.20 19:25:10	1,15	3,14	43,14	-10,21	36,65
1092	05.09.20 19:25:11	1,15	3,02	41,76	-7,27	40,97
1093	05.09.20 19:25:12	1,19	2,91	43,87	-9,52	36,61
1094	05.09.20 19:25:13	1,23	2,82	39,83	-8,36	41,82
1095	05.09.20 19:25:14	1,23	2,73	39,95	-11,42	38,63
1096	05.09.20 19:25:15	1,27	2,62	38,33	-10,76	40,91
1097	05.09.20 19:25:16	1,30	2,49	35,90	-10,73	43,37
1098	05.09.20 19:25:17	1,34	2,42	35,76	-13,20	41,05
1099	05.09.20 19:25:18	1,38	2,29	33,34	-12,82	43,85
1100	05.09.20 19:25:19	1,46	2,20	32,89	-11,70	45,41
1101	05.09.20 19:25:20	1,50	2,09	34,12	-13,24	42,64
1102	05.09.20 19:25:21	1,57	1,98	33,41	-14,14	42,44
1103	05.09.20 19:25:22	1,61	1,87	32,46	-17,28	40,25
1104	05.09.20 19:25:23	1,73	1,79	31,61	-17,40	40,99
1105	05.09.20 19:25:24	1,84	1,71	32,98	-14,51	42,52
1106	05.09.20 19:25:25	1,96	1,54	33,24	-14,33	42,44
1107	05.09.20 19:25:26	2,22	1,43	31,45	-12,76	45,79
1108	05.09.20 19:25:27	2,49	1,36	30,40	-14,18	45,42
1109	05.09.20 19:25:28	2,64	1,24	29,23	-12,01	48,76
1110	05.09.20 19:25:29	2,94	1,16	27,13	-9,39	53,48
1111	05.09.20 19:25:30	3,31	0,99	27,24	-9,23	53,53
1112	05.09.20 19:25:31	3,83	0,79	27,08	-7,70	55,23
1113	05.09.20 19:25:32	4,26	0,72	28,44	-7,71	53,86
1114	05.09.20 19:25:33	4,66	0,64	28,80	-6,31	54,89
1115	05.09.20 19:25:34	5,05	0,47	25,69	-8,53	55,77
1116	05.09.20 19:25:35	5,37	0,38	26,37	-7,51	56,12
1117	05.09.20 19:25:36	5,69	0,33	26,60	-6,04	57,36
1118	05.09.20 19:25:37	5,97	0,31	26,69	-4,94	58,37
1119	05.09.20 19:25:38	6,18	0,22	29,86	-10,29	49,85
1120	05.09.20 19:25:39	6,36	0,22	26,04	-5,42	58,55
1121	05.09.20 19:25:40	6,53	0,17	28,96	-9,68	51,36
1122	05.09.20 19:25:41	6,70	0,15	26,48	-8,72	54,79
1123	05.09.20 19:25:42	6,84	0,10	26,27	-11,89	51,84
1124	05.09.20 19:25:43	7,05	0,06	27,38	-12,97	49,65
1125	05.09.20 19:25:44	7,18	0,06	26,15	-13,41	50,44
1126	05.09.20 19:25:45	7,32	0,01	26,45	-18,08	45,48
1127	05.09.20 19:25:46	7,46	0,00	24,96	-14,18	50,86
1128	05.09.20 19:25:47	7,56	0,00	24,76	-13,60	51,64
1129	05.09.20 19:25:48	7,69	0,00	25,41	-14,75	49,83
1130	05.09.20 19:25:49	7,80	0,00	24,13	-13,86	52,01
1131	05.09.20 19:25:50	7,90	0,00	24,79	-12,58	52,62
1132	05.09.20 19:25:51	8,00	0,00	24,39	-11,17	54,45
1133	05.09.20 19:25:52	8,10	0,00	20,54	-9,25	60,21
1134	05.09.20 19:25:53	8,20	0,00	23,04	-11,22	55,74
1135	05.09.20 19:25:54	8,27	0,00	21,74	-11,62	56,64
1136	05.09.20 19:25:55	8,37	0,00	23,89	-12,46	53,65
1137	05.09.20 19:25:56	8,47	0,00	22,00	-7,90	60,10
1138	05.09.20 19:25:57	8,57	0,00	19,77	-9,02	61,20
1139	05.09.20 19:25:58	8,63	0,00	24,64	-14,66	50,69
1140	05.09.20 19:25:59	8,73	0,00	21,55	-14,79	53,66
1141	05.09.20 19:26:00	8,83	0,00	22,10	-16,03	51,87
1142	05.09.20 19:26:01	8,93	0,00	17,52	-16,72	55,76
1143	05.09.20 19:26:02	9,03	0,00	18,86	-16,48	54,67
1144	05.09.20 19:26:03	9,10	0,00	21,24	-15,23	53,53
1145	05.09.20 19:26:04	9,13	0,00	20,22	-16,28	53,51
1146	05.09.20 19:26:05	9,23	0,00	17,76	-15,92	56,32
1147	05.09.20 19:26:06	9,30	0,00	19,40	-11,79	58,81
1148	05.09.20 19:26:07	9,33	0,00	16,12	-5,50	68,38
1149	05.09.20 19:26:08	9,33	0,00	17,83	-0,17	72,00
1150	05.09.20 19:26:09	9,39	0,00	6,56	9,45	73,98
1151	05.09.20 19:26:10	9,46	0,00	19,14	0,38	70,49
1152	05.09.20 19:26:11	9,53	0,00	17,18	2,45	70,37
1153	05.09.20 19:26:12	9,56	0,00	20,19	-1,21	68,60
1154	05.09.20 19:26:13	9,62	0,00	23,51	-11,88	54,61
1155	05.09.20 19:26:14	9,69	0,00	12,67	2,84	74,49
1156	05.09.20 19:26:15	9,72	0,00	12,86	4,41	72,73
1157	05.09.20 19:26:16	9,79	0,00	23,18	-14,79	52,03
1158	05.09.20 19:26:17	9,85	0,00	20,47	-1,50	68,03
1159	05.09.20 19:26:18	9,85	0,00	15,89	7,84	66,27
1160	05.09.20 19:26:19	9,95	0,00	14,89	3,14	71,97
1161	05.09.20 19:26:20	9,98	0,00	13,14	9,79	67,07
1162	05.09.20 19:26:21	10,05	0,00	21,14	5,61	63,25
1163	05.09.20 19:26:22	10,11	0,00	13,32	10,39	66,29
1164	05.09.20 19:26:23	10,18	0,00	16,24	8,07	65,69
1165	05.09.20 19:26:24	10,18	0,00	13,87	12,45	63,68
1166	05.09.20 19:26:25	10,21	0,00	15,62	2,96	71,42
1167	05.09.20 19:26:26	10,24	0,00	17,44	2,67	69,89
1168	05.09.20 19:26:27	10,28	0,00	15,26	4,42	70,32
1169	05.09.20 19:26:28	10,34	0,00	20,90	1,85	67,25
1170	05.09.20 19:26:29	10,37	0,00	26,49	2,93	60,58
1171	05.09.20 19:26:30	10,41	0,00	27,63	-12,60	49,76
1172	05.09.20 19:26:31	10,41	0,00	18,37	2,63	69,00
1173	05.09.20 19:26:32	10,47	0,00	12,22	-5,89	71,89
1174	05.09.20 19:26:33	10,50	0,00	18,02	-8,57	63,41
1175	05.09.20 19:26:34	10,57	0,00	21,80	-8,49	59,72
1176	05.09.20 19:26:35	10,63	0,00	12,35	-4,91	72,74
1177	05.09.20 19:26:36	10,66	0,00	26,94	1,36	61,70
1178	05.09.20 19:26:37	10,70	0,00	22,77	-4,35	62,89
1179	05.09.20 19:26:38	10,73	0,00	20,50	-13,44	56,06
1180	05.09.20 19:26:39	10,76	0,00	27,40	-5,05	57,55
1181	05.09.20 19:26:40	10,79	0,00	32,49	-8,21	49,30
1182	05.09.20 19:26:41	10,82	0,00	13,24	13,34	63,42
1183	05.09.20 19:26:42	10,86	0,00	24,71	-7,72	57,57
1184	05.09.20 19:26:43	10,92	0,00	14,46	10,34	65,20
1185	05.09.20 19:26:44	10,95	0,00	29,34	-0,66	60,00
1186	05.09.20 19:26:45	10,95	0,00	29,33	-4,82	55,85
1187	05.09.20 19:26:46	10,99	0,00	24,04	1,76	64,19
1188	05.09.20 19:26:47	10,99	0,00	15,18	15,86	58,97
1189	05.09.20 19:26:48	11,05	0,00	16,69	18,43	54,88
1190	05.09.20 19:26:49	11,11	0,00	16,65	20,48	52,88
1191	05.09.20 19:26:50	11,15	0,00	17,77	16,50	55,73
1192	05.09.20 19:26:51	11,18	0,00	27,70	7,61	54,69
1193	05.09.20 19:26:52	11,21	0,00	29,86	5,07	55,06
1194	05.09.20 19:26:53	11,24	0,00	17,72	6,31	65,96
1195	05.09.20 19:26:54	11,24	0,00	22,78	3,88	63,34
1196	05.09.20 19:26:55	11,27	0,00	26,49	8,38	55,13
1197	05.09.20 19:26:56	11,31	0,00	28,87	6,20	54,93
1198	05.09.20 19:26:57	11,34	0,00	35,98	-1,55	52,48
1199	05.09.20 19:26:58	11,37	0,00	24,10	10,31	55,59
1200	05.09.20 19:26:59	11,37	0,00	35,57	3,25	51,19
1201	05.09.20 19:27:00	11,40	0,00	42,71	-22,28	25,01
1202	05.09.20 19:27:01	11,40	0,00	56,87	-23,19	9,94
1203	05.09.20 19:27:02	11,31	0,00	73,12	-9,76	7,11
1204	05.09.20 19:27:03	11,24	0,00	69,99	-12,11	7,90
1205	05.09.20 19:27:04	11,24	0,00	69,14	-11,78	9,09
1206	05.09.20 19:27:05	11,21	0,00	59,39	-21,58	9,03
1207	05.09.20 19:27:06	11,18	0,00	59,79	-20,60	9,61
1208	05.09.20 19:27:07	11,11	0,00	68,39	-13,06	8,55
1209	05.09.20 19:27:08	11,08	0,00	69,93	-14,43	5,64
1210	05.09.20 19:27:09	11,02	0,00	61,32	-20,25	8,43
1211	05.09.20 19:27:10	10,95	0,00	60,06	-21,98	7,96
1212	05.09.20 19:27:11	10,92	0,00	58,08	-22,57	9,35
1213	05.09.20 19:27:12	10,89	0,00	56,99	-20,88	12,13
1214	05.09.20 19:27:13	10,86	0,00	69,33	-14,29	6,38
1215	05.09.20 19:27:14	10,79	0,00	52,64	-29,51	7,84
1216	05.09.20 19:27:15	10,76	0,00	58,09	-24,68	7,24
1217	05.09.20 19:27:16	10,73	0,00	60,23	-21,93	7,85
1218	05.09.20 19:27:17	10,70	0,00	58,59	-23,18	8,24
1219	05.09.20 19:27:18	10,70	0,00	55,51	-24,86	9,63
1220	05.09.20 19:27:19	10,66	0,00	47,40	-36,74	5,86
1221	05.09.20 19:27:20	10,63	0,00	39,12	-44,67	6,21
1222	05.09.20 19:27:21	10,60	0,00	47,91	-35,07	7,03
1223	05.09.20 19:27:22	10,57	0,00	60,32	22,44	7,24
1224	05.09.20 19:27:23	10,57	0,00	40,23	49,04	0,73
1225	05.09.20 19:27:24	10,53	0,00	58,56	27,58	3,86
1226	05.09.20 19:27:25	10,50	0,00	71,69	6,51	11,80
1227	05.09.20 19:27:26	10,47	0,00	63,19	17,04	9,77
1228	05.09.20 19:27:27	10,44	0,00	71,48	9,41	9,11
1229	05.09.20 19:27:28	10,41	0,00	45,51	-39,42	-5,06
1230	05.09.20 19:27:29	10,41	0,00	5,17	13,74	71,09
1231	05.09.20 19:27:30	10,37	0,00	-11,72	18,13	60,15
1232	05.09.20 19:27:31	10,37	0,00	-9,41	13,36	67,23
1233	05.09.20 19:27:32	10,34	0,00	-7,24	8,56	74,20
1234	05.09.20 19:27:33	10,31	0,00	-6,28	8,95	74,77
1235	05.09.20 19:27:34	10,31	0,00	-9,30	5,85	74,85
1236	05.09.20 19:27:35	10,28	0,00	-13,14	12,28	64,58
1237	05.09.20 19:27:36	10,24	0,00	-11,31	12,91	65,78
1238	05.09.20 19:27:37	10,24	0,00	-10,69	14,16	65,15
1239	05.09.20 19:27:38	10,21	0,00	-11,91	16,04	62,04
1240	05.09.20 19:27:39	10,18	0,00	-12,96	11,64	65,40
1241	05.09.20 19:27:40	10,18	0,00	-12,73	12,64	64,62
1242	05.09.20 19:27:41	10,15	0,00	-14,52	14,42	61,05
1243	05.09.20 19:27:42	10,15	0,00	-47,07	-15,12	-27,81
1244	05.09.20 19:27:43	10,15	0,00	-0,76	-78,22	11,02
1245	05.09.20 19:27:44	10,11	0,00	-2,69	-76,23	11,08
1246	05.09.20 19:27:45	10,11	0,00	-1,94	-77,34	10,72
1247	05.09.20 19:27:46	10,11	0,00	0,15	-79,41	10,44
1248	05.09.20 19:27:47	10,08	0,00	0,62	-78,42	10,96
1249	05.09.20 19:27:48	10,08	0,00	-1,37	-77,29	11,34
1250	05.09.20 19:27:49	10,05	0,00	-2,05	-76,90	11,05
1251	05.09.20 19:27:50	10,05	0,00	-0,92	-78,08	11,00
1252	05.09.20 19:27:51	10,02	0,00	0,94	-77,87	11,19
1253	05.09.20 19:27:52	10,02	0,00	-0,12	-79,00	10,88
1254	05.09.20 19:27:53	10,02	0,00	-0,80	-78,40	10,80
1255	05.09.20 19:27:54	9,98	0,00	-1,30	-77,51	11,19
1256	05.09.20 19:27:55	9,98	0,00	-0,37	-77,63	12,00
1257	05.09.20 19:27:56	9,98	0,00	0,40	-77,99	11,61
1258	05.09.20 19:27:57	9,95	0,00	-0,15	-79,33	10,52
1259	05.09.20 19:27:58	9,95	0,00	-0,80	-78,58	10,61
1260	05.09.20 19:27:59	9,95	0,00	-1,08	-77,37	11,55
1261	05.09.20 19:28:00	9,95	0,00	-0,70	-77,42	11,89
1262	05.09.20 19:28:01	9,92	0,00	-0,03	-78,67	11,30
1263	05.09.20 19:28:02	9,92	0,00	-0,18	-78,72	11,10
1264	05.09.20 19:28:03	9,92	0,00	-0,69	-78,39	10,92
1265	05.09.20 19:28:04	9,92	0,00	-0,84	-78,63	10,53
1266	05.09.20 19:28:05	9,92	0,00	-0,87	-77,69	11,44
1267	05.09.20 19:28:06	9,89	0,00	-0,46	-77,24	12,30
1268	05.09.20 19:28:07	9,89	0,00	-0,15	-78,90	10,95
1269	05.09.20 19:28:08	9,89	0,00	-0,93	-78,87	10,19
1270	05.09.20 19:28:09	9,89	0,00	-2,23	-76,74	11,03
1271	05.09.20 19:28:10	9,89	0,00	-0,86	-77,84	11,30
1272	05.09.20 19:28:11	9,89	0,00	-0,03	-78,82	11,15
1273	05.09.20 19:28:12	9,85	0,00	-0,18	-78,35	11,47
1274	05.09.20 19:28:13	9,85	0,00	-0,82	-77,86	11,32
1275	05.09.20 19:28:14	9,85	0,00	-0,97	-77,91	11,12
1276	05.09.20 19:28:15	9,85	0,00	-1,15	-77,83	11,02
1277	05.09.20 19:28:16	9,85	0,00	-0,50	-78,65	10,85
1278	05.09.20 19:28:17	9,85	0,00	-0,67	-78,80	10,52
1279	05.09.20 19:28:18	9,85	0,00	-1,53	-76,76	11,71
1280	05.09.20 19:28:19	9,85	0,00	-1,38	-76,68	11,94
1281	05.09.20 19:28:20	9,85	0,00	-0,36	-79,03	10,61
1282	05.09.20 19:28:21	9,85	0,00	0,03	-80,01	9,96
1283	05.09.20 19:28:22	9,85	0,00	-1,53	-77,45	11,02
1284	05.09.20 19:28:23	9,85	0,00	-1,98	-75,79	12,23
1285	05.09.20 19:28:24	9,85	0,00	-1,05	-77,70	11,25
1286	05.09.20 19:28:25	9,85	0,00	0,51	-79,28	10,21
1287	05.09.20 19:28:26	9,82	0,00	-1,17	-78,98	9,85
1288	05.09.20 19:28:27	9,82	0,00	-2,81	-76,30	10,89
1289	05.09.20 19:28:28	9,82	0,00	-1,48	-76,09	12,43
1290	05.09.20 19:28:29	9,82	0,00	0,09	-78,98	10,92
1291	05.09.20 19:28:30	9,82	0,00	-0,03	-80,24	9,74
1292	05.09.20 19:28:31	9,82	0,00	-1,58	-77,96	10,46
1293	05.09.20 19:28:32	9,82	0,00	-2,57	-75,29	12,14
1294	05.09.20 19:28:33	9,82	0,00	-1,42	-76,94	11,63
1295	05.09.20 19:28:34	9,82	0,00	-0,03	-80,42	9,55
1296	05.09.20 19:28:35	9,82	0,00	-0,62	-79,24	10,14
1297	05.09.20 19:28:36	9,82	0,00	-1,93	-75,89	12,18
1298	05.09.20 19:28:37	9,82	0,00	-1,71	-76,62	11,68
1299	05.09.20 19:28:38	9,82	0,00	-1,36	-79,02	9,62
1300	05.09.20 19:28:39	9,82	0,00	-0,45	-79,17	10,38
1301	05.09.20 19:28:40	9,82	0,00	0,74	-77,38	11,88
1302	05.09.20 19:28:41	9,85	0,00	36,33	1,09	52,58
1303	05.09.20 19:28:42	9,85	0,00	12,91	21,43	55,66
1304	05.09.20 19:28:43	9,85	0,00	-53,94	-8,01	-28,05
1305	05.09.20 19:28:44	9,85	0,00	-38,84	27,24	-23,92
1306	05.09.20 19:28:45	9,85	0,00	-50,80	23,21	-15,99
1307	05.09.20 19:28:46	9,85	0,00	-47,33	23,38	-19,29
1308	05.09.20 19:28:47	9,85	0,00	-64,82	6,77	-18,41
1309	05.09.20 19:28:48	9,85	0,00	-64,63	3,99	-21,38
1310	05.09.20 19:28:49	9,89	0,00	-69,01	2,04	-18,95
1311	05.09.20 19:28:50	9,89	0,00	-62,01	15,62	-12,37
1312	05.09.20 19:28:51	9,89	0,00	-43,75	26,84	-19,40
1313	05.09.20 19:28:52	9,89	0,00	-44,83	26,52	-18,65
1314	05.09.20 19:28:53	9,89	0,00	-51,97	20,53	-17,50
1315	05.09.20 19:28:54	9,89	0,00	-48,48	23,30	-18,21
1316	05.09.20 19:28:55	9,89	0,00	-59,37	13,30	-17,33
1317	05.09.20 19:28:56	9,89	0,00	-60,37	-2,33	-27,30
1318	05.09.20 19:28:57	9,92	0,00	-55,14	-6,40	-28,46
1319	05.09.20 19:28:58	9,92	0,00	-51,23	-2,96	-35,81
1320	05.09.20 19:28:59	9,92	0,00	-60,51	-6,34	-23,14
1321	05.09.20 19:29:00	9,95	0,00	-58,89	-6,04	-25,07
1322	05.09.20 19:29:01	9,95	0,00	-59,52	-5,26	-25,23
1323	05.09.20 19:29:02	9,98	0,00	-59,00	-6,62	-24,38
1324	05.09.20 19:29:03	9,98	0,00	-56,94	-6,77	-26,29
1325	05.09.20 19:29:04	9,98	0,00	-62,68	-6,25	-21,07
1326	05.09.20 19:29:05	9,98	0,00	-57,07	-7,02	-25,90
1327	05.09.20 19:29:06	9,98	0,00	-55,37	-13,85	-20,78
1328	05.09.20 19:29:07	9,98	0,00	-58,21	-6,39	-25,40
1329	05.09.20 19:29:08	10,02	0,00	-55,55	-7,56	-26,89
1330	05.09.20 19:29:09	10,02	0,00	-63,90	-6,60	-19,50
1331	05.09.20 19:29:10	10,02	0,00	-58,43	-7,95	-23,62
1332	05.09.20 19:29:11	10,02	0,00	-56,19	-6,49	-27,32
1333	05.09.20 19:29:12	10,05	0,00	-56,84	-5,63	-27,53
1334	05.09.20 19:29:13	10,05	0,00	-57,74	-4,90	-27,37
1335	05.09.20 19:29:14	10,05	0,00	-10,08	3,01	-76,91
1336	05.09.20 19:29:15	10,05	0,00	0,54	-3,55	-85,91
1337	05.09.20 19:29:16	10,05	0,00	-0,83	-3,32	-85,85
1338	05.09.20 19:29:17	10,05	0,00	-0,03	-4,30	-85,67
1339	05.09.20 19:29:18	10,05	0,00	-0,22	-4,22	-85,56
1340	05.09.20 19:29:19	10,05	0,00	-0,63	-2,90	-86,48
1341	05.09.20 19:29:20	10,08	0,00	-1,13	-3,66	-85,21
1342	05.09.20 19:29:21	10,08	0,00	-0,98	-5,64	-83,38
1343	05.09.20 19:29:22	10,08	0,00	-0,44	-4,50	-85,07
1344	05.09.20 19:29:23	10,08	0,00	0,78	-2,69	-86,53
1345	05.09.20 19:29:24	10,08	0,00	-1,47	-4,26	-84,27
1346	05.09.20 19:29:25	10,08	0,00	-2,07	-4,39	-83,54
1347	05.09.20 19:29:26	10,08	0,00	-0,70	-3,91	-85,40
1348	05.09.20 19:29:27	10,08	0,00	-0,31	-3,94	-85,75
1349	05.09.20 19:29:28	10,08	0,00	-0,19	-4,32	-85,50
1350	05.09.20 19:29:29	10,11	0,00	-0,91	-4,54	-84,55
1351	05.09.20 19:29:30	10,11	0,00	-1,55	-3,57	-84,88
1352	05.09.20 19:29:31	10,11	0,00	-0,61	-3,37	-86,03
1353	05.09.20 19:29:32	10,11	0,00	-0,03	-4,52	-85,45
1354	05.09.20 19:29:33	10,11	0,00	-0,53	-5,21	-84,25
1355	05.09.20 19:29:34	10,11	0,00	-0,52	-3,89	-85,58
1356	05.09.20 19:29:35	10,11	0,00	-1,02	-2,73	-86,25
1357	05.09.20 19:29:36	10,11	0,00	-1,45	-4,19	-84,36
1358	05.09.20 19:29:37	10,15	0,00	-0,92	-5,05	-84,03
1359	05.09.20 19:29:38	10,15	0,00	0,36	-5,02	-84,62
1360	05.09.20 19:29:39	10,15	0,00	0,06	-3,09	-86,85
1361	05.09.20 19:29:40	10,15	0,00	-1,26	-2,82	-85,93
1362	05.09.20 19:29:41	10,15	0,00	-1,43	-4,70	-83,86
1363	05.09.20 19:29:42	10,18	0,00	-1,33	-5,75	-82,92
1364	05.09.20 19:29:43	10,18	0,00	-0,28	-3,89	-85,83
1365	05.09.20 19:29:44	10,18	0,00	-1,15	-2,41	-86,44
1366	05.09.20 19:29:45	10,18	0,00	-1,37	-4,35	-84,29
1367	05.09.20 19:29:46	10,18	0,00	-0,88	-5,37	-83,75
1368	05.09.20 19:29:47	10,18	0,00	-1,01	-3,91	-85,08
1369	05.09.20 19:29:48	10,18	0,00	-1,18	-3,30	-85,52
1370	05.09.20 19:29:49	10,21	0,00	-0,71	-4,21	-85,09
1371	05.09.20 19:29:50	10,21	0,00	-0,28	-4,38	-85,34
1372	05.09.20 19:29:51	10,21	0,00	-1,22	-4,33	-84,45
1373	05.09.20 19:29:52	10,21	0,00	-1,47	-4,08	-84,44
1374	05.09.20 19:29:53	10,21	0,00	-0,57	-3,74	-85,69
1375	05.09.20 19:29:54	10,21	0,00	-1,39	-4,29	-84,32
1376	05.09.20 19:29:55	10,24	0,00	-1,34	-4,82	-83,84
1377	05.09.20 19:29:56	10,24	0,00	-0,65	-3,89	-85,46
1378	05.09.20 19:29:57	10,24	0,00	-1,23	-3,60	-85,18
1379	05.09.20 19:29:58	10,24	0,00	-1,16	-3,83	-85,01
1380	05.09.20 19:29:59	10,24	0,00	-1,02	-5,05	-83,92
1381	05.09.20 19:30:00	10,28	0,00	-0,68	-4,65	-84,67
1382	05.09.20 19:30:01	10,28	0,00	-0,49	-2,98	-86,53
1383	05.09.20 19:30:02	10,28	0,00	-1,34	-3,77	-84,89
1384	05.09.20 19:30:03	10,28	0,00	-1,73	-5,27	-83,00
1385	05.09.20 19:30:04	10,28	0,00	-0,91	-4,15	-84,94
1386	05.09.20 19:30:05	10,28	0,00	-0,31	-3,47	-86,22
1387	05.09.20 19:30:06	10,31	0,00	-0,72	-4,35	-84,94
1388	05.09.20 19:30:07	10,31	0,00	-0,69	-4,37	-84,94
1389	05.09.20 19:30:08	10,31	0,00	-1,32	-4,28	-84,40
1390	05.09.20 19:30:09	10,31	0,00	0,03	-4,31	-85,66
1391	05.09.20 19:30:10	10,31	0,00	0,74	-3,10	-86,15
1392	05.09.20 19:30:11	10,34	0,00	-1,61	-4,68	-83,71
1393	05.09.20 19:30:12	10,34	0,00	-1,68	-5,48	-82,84
1394	05.09.20 19:30:13	10,34	0,00	0,09	-3,51	-86,40
1395	05.09.20 19:30:14	10,34	0,00	0,28	-2,74	-86,97
1396	05.09.20 19:30:15	10,34	0,00	-1,36	-4,64	-84,01
1397	05.09.20 19:30:16	10,37	0,00	-1,42	-5,82	-82,76
1398	05.09.20 19:30:17	10,37	0,00	-0,27	-4,42	-85,31
1399	05.09.20 19:30:18	10,37	0,00	0,90	-2,22	-86,88
1400	05.09.20 19:30:19	10,37	0,00	-0,83	-3,71	-85,46
1401	05.09.20 19:30:20	10,37	0,00	-1,31	-6,20	-82,48
1402	05.09.20 19:30:21	10,37	0,00	0,18	-4,91	-84,92
1403	05.09.20 19:30:22	10,41	0,00	-0,66	-2,11	-87,23
1404	05.09.20 19:30:23	10,41	0,00	-1,68	-3,78	-84,54
1405	05.09.20 19:30:24	10,41	0,00	-0,95	-5,72	-83,33
1406	05.09.20 19:30:25	10,41	0,00	-0,49	-4,40	-85,11
1407	05.09.20 19:30:26	10,41	0,00	-0,12	-3,24	-86,64
1408	05.09.20 19:30:27	10,44	0,00	-0,62	-4,15	-85,23
1409	05.09.20 19:30:28	10,44	0,00	-1,44	-3,97	-84,59
1410	05.09.20 19:30:29	10,44	0,00	-0,84	-4,18	-84,98
1411	05.09.20 19:30:30	10,44	0,00	-1,01	-5,12	-83,86
1412	05.09.20 19:30:31	10,44	0,00	-0,89	-4,62	-84,49
1413	05.09.20 19:30:32	10,47	0,00	-0,40	-3,21	-86,39
1414	05.09.20 19:30:33	10,47	0,00	-1,03	-3,47	-85,50
1415	05.09.20 19:30:34	10,47	0,00	-1,23	-5,80	-82,97
1416	05.09.20 19:30:35	10,47	0,00	-0,55	-5,05	-84,40
1417	05.09.20 19:30:36	10,47	0,00	-1,02	-3,43	-85,55
1418	05.09.20 19:30:37	10,50	0,00	-0,25	-3,51	-86,24
1419	05.09.20 19:30:38	10,50	0,00	-0,63	-4,54	-84,83
1420	05.09.20 19:30:39	10,50	0,00	-2,22	-4,97	-82,81
1421	05.09.20 19:30:40	10,50	0,00	-0,84	-4,43	-84,73
1422	05.09.20 19:30:41	10,50	0,00	0,03	-4,01	-85,96
1423	05.09.20 19:30:42	10,53	0,00	-1,30	-3,66	-85,05
1424	05.09.20 19:30:43	10,53	0,00	-1,23	-4,77	-83,99
1425	05.09.20 19:30:44	10,53	0,00	-0,88	-4,98	-84,13
1426	05.09.20 19:30:45	10,53	0,00	-1,02	-3,67	-85,31
1427	05.09.20 19:30:46	10,53	0,00	-0,03	-3,98	-85,99
1428	05.09.20 19:30:47	10,57	0,00	-0,25	-4,44	-85,31
1429	05.09.20 19:30:48	10,57	0,00	-2,57	-4,93	-82,50
1430	05.09.20 19:30:49	10,57	0,00	-1,26	-4,61	-84,13
1431	05.09.20 19:30:50	10,57	0,00	0,21	-3,37	-86,42
1432	05.09.20 19:30:51	10,57	0,00	-1,47	-3,61	-84,93
1433	05.09.20 19:30:52	10,60	0,00	-1,38	-5,29	-83,32
1434	05.09.20 19:30:53	10,60	0,00	-0,80	-5,91	-83,28
1435	05.09.20 19:30:54	10,60	0,00	-0,53	-2,93	-86,55
1436	05.09.20 19:30:55	10,60	0,00	-0,45	-2,32	-87,23
1437	05.09.20 19:30:56	10,60	0,00	-0,80	-5,87	-83,33
1438	05.09.20 19:30:57	10,63	0,00	-0,75	-6,58	-82,67
1439	05.09.20 19:30:58	10,63	0,00	-1,54	-2,97	-85,48
1440	05.09.20 19:30:59	10,63	0,00	-0,90	-2,50	-86,60
1441	05.09.20 19:31:00	10,63	0,00	-0,37	-4,32	-85,31
1442	05.09.20 19:31:01	10,63	0,00	-1,39	-7,01	-81,60
1443	05.09.20 19:31:02	10,66	0,00	-1,03	-4,74	-84,24
1444	05.09.20 19:31:03	10,66	0,00	0,15	-1,64	-88,21
1445	05.09.20 19:31:04	10,66	0,00	-0,29	-3,81	-85,90
1446	05.09.20 19:31:05	10,70	0,00	-1,35	-6,17	-82,48
1447	05.09.20 19:31:06	10,70	0,00	-0,18	-4,99	-84,84
1448	05.09.20 19:31:07	10,70	0,00	-0,43	-2,71	-86,87
1449	05.09.20 19:31:08	10,70	0,00	-1,64	-3,33	-85,02
1450	05.09.20 19:31:09	10,70	0,00	-1,04	-5,75	-83,21
1451	05.09.20 19:31:10	10,73	0,00	-0,39	-4,89	-84,72
1452	05.09.20 19:31:11	10,73	0,00	-1,06	-2,53	-86,41
1453	05.09.20 19:31:12	10,73	0,00	-1,12	-4,27	-84,61
1454	05.09.20 19:31:13	10,73	0,00	0,09	-5,87	-84,04
1455	05.09.20 19:31:14	10,73	0,00	-0,47	-3,86	-85,67
1456	05.09.20 19:31:15	10,73	0,00	-1,75	-3,47	-84,78
1457	05.09.20 19:31:16	10,76	0,00	-0,72	-4,30	-84,98
1458	05.09.20 19:31:17	10,76	0,00	-0,40	-5,00	-84,60
1459	05.09.20 19:31:18	10,76	0,00	-1,56	-4,95	-83,48
1460	05.09.20 19:31:19	10,76	0,00	-1,66	-3,36	-84,98
1461	05.09.20 19:31:20	10,76	0,00	-0,56	-3,86	-85,58
1462	05.09.20 19:31:21	10,79	0,00	0,06	-5,47	-84,46
1463	05.09.20 19:31:22	10,79	0,00	-0,80	-4,59	-84,61
1464	05.09.20 19:31:23	10,79	0,00	-1,74	-3,27	-84,99
1465	05.09.20 19:31:24	10,79	0,00	-1,10	-4,29	-84,60
1466	05.09.20 19:31:25	10,79	0,00	-0,73	-5,52	-83,76
1467	05.09.20 19:31:26	10,82	0,00	-1,28	-3,77	-84,95
1468	05.09.20 19:31:27	10,82	0,00	-0,62	-3,22	-86,16
1469	05.09.20 19:31:28	10,82	0,00	-0,99	-5,12	-83,90
1470	05.09.20 19:31:29	10,82	0,00	-1,84	-5,32	-82,84
1471	05.09.20 19:31:30	10,82	0,00	-0,64	-3,82	-85,54
1472	05.09.20 19:31:31	10,86	0,00	0,06	-2,73	-87,20
1473	05.09.20 19:31:32	10,86	0,00	-0,67	-4,61	-84,72
1474	05.09.20 19:31:33	10,86	0,00	-1,32	-6,59	-82,08
1475	05.09.20 19:31:34	10,86	0,00	-0,96	-4,22	-84,82
1476	05.09.20 19:31:35	10,89	0,00	-0,86	-1,75	-87,39
1477	05.09.20 19:31:36	10,89	0,00	-0,34	-4,67	-84,99
1478	05.09.20 19:31:37	10,89	0,00	-0,25	-6,92	-82,83
1479	05.09.20 19:31:38	10,89	0,00	-4,69	-22,24	-63,07
1480	05.09.20 19:31:39	10,89	0,00	17,28	-23,64	49,08
1481	05.09.20 19:31:40	10,92	0,00	-9,07	-71,19	-9,74
1482	05.09.20 19:31:41	10,92	0,00	-29,48	-46,89	-13,63
1483	05.09.20 19:31:42	10,92	0,00	-5,19	-68,84	-15,97
1484	05.09.20 19:31:43	10,95	0,00	1,44	-56,56	-32,00
1485	05.09.20 19:31:44	10,95	0,00	3,43	-64,94	-21,64
1486	05.09.20 19:31:45	10,95	0,00	-18,02	-57,48	-14,50
1487	05.09.20 19:31:46	10,99	0,00	-23,44	-45,67	-20,88
1488	05.09.20 19:31:47	10,99	0,00	-29,75	-45,92	-14,33
1489	05.09.20 19:31:48	10,99	0,00	-14,50	-57,38	-18,13
1490	05.09.20 19:31:49	11,02	0,00	-18,10	-46,82	-25,08
1491	05.09.20 19:31:50	11,02	0,00	-18,54	-47,74	-23,72
1492	05.09.20 19:31:51	11,02	0,00	-8,32	-46,93	-34,75
1493	05.09.20 19:31:52	11,05	0,00	7,03	-43,06	-39,91
1494	05.09.20 19:31:53	11,05	0,00	-14,15	-44,35	-31,50
1495	05.09.20 19:31:54	11,05	0,00	-7,78	-47,81	-34,41
1496	05.09.20 19:31:55	11,08	0,00	-3,84	-59,47	-26,69
1497	05.09.20 19:31:56	11,08	0,00	-6,76	-62,06	-21,18
1498	05.09.20 19:31:57	11,11	0,00	-3,68	-55,90	-30,42
1499	05.09.20 19:31:58	11,11	0,00	-11,31	-52,09	-26,60
1500	05.09.20 19:31:59	11,15	0,00	2,96	-57,31	-29,73
1501	05.09.20 19:32:00	11,15	0,00	-2,61	-49,18	-38,21
1502	05.09.20 19:32:01	11,15	0,00	9,22	-48,82	-31,96
1503	05.09.20 19:32:02	11,15	0,00	0,26	-50,03	-39,71
1504	05.09.20 19:32:03	11,18	0,00	-5,39	-48,07	-36,54
1505	05.09.20 19:32:04	11,18	0,00	1,59	-47,36	-41,04
1506	05.09.20 19:32:05	11,21	0,00	5,11	-57,17	-27,72
1507	05.09.20 19:32:06	11,21	0,00	0,49	-50,51	-39,00
1508	05.09.20 19:32:07	11,21	0,00	-1,60	-58,61	-29,79
1509	05.09.20 19:32:08	11,24	0,00	-2,19	-33,07	-54,74
1510	05.09.20 19:32:09	11,24	0,00	-3,48	-62,79	-23,73
1511	05.09.20 19:32:10	11,24	0,00	2,34	-44,97	-42,69
1512	05.09.20 19:32:11	11,27	0,00	1,23	-44,85	-43,92
1513	05.09.20 19:32:12	11,27	0,00	-4,61	-58,40	-26,99
1514	05.09.20 19:32:13	11,31	0,00	-0,63	-50,75	-38,62
1515	05.09.20 19:32:14	11,31	0,00	-3,29	-49,03	37,68
1516	05.09.20 19:32:15	11,34	0,00	-6,10	-50,89	33,01
1517	05.09.20 19:32:16	11,34	0,00	-3,99	-50,65	35,36
1518	05.09.20 19:32:17	11,34	0,00	-7,03	-50,37	32,61
1519	05.09.20 19:32:18	11,34	0,00	22,90	-50,60	-16,50
1520	05.09.20 19:32:19	11,37	0,00	18,83	8,29	-62,89
1521	05.09.20 19:32:20	11,37	0,00	11,61	18,61	-59,77
1522	05.09.20 19:32:21	11,37	0,00	10,25	17,73	-62,02
1523	05.09.20 19:32:22	11,37	0,00	11,01	16,95	-62,04
1524	05.09.20 19:32:23	11,40	0,00	12,12	18,95	-58,93
1525	05.09.20 19:32:24	11,40	0,00	12,67	18,59	-58,75
1526	05.09.20 19:32:25	11,40	0,00	11,08	16,60	-62,33
1527	05.09.20 19:32:26	11,43	0,00	10,41	18,03	-61,56
1528	05.09.20 19:32:27	11,43	0,00	11,40	19,53	-59,07
1529	05.09.20 19:32:28	11,46	0,00	11,75	17,41	-60,84
1530	05.09.20 19:32:29	11,46	0,00	12,33	17,31	-60,36
1531	05.09.20 19:32:30	11,46	0,00	33,37	-1,17	-55,46
1532	05.09.20 19:32:31	11,46	0,00	32,44	-2,60	-54,96
1533	05.09.20 19:32:32	11,46	0,00	32,16	-2,84	-55,01
1534	05.09.20 19:32:33	11,46	0,00	36,01	-2,74	-51,25
1535	05.09.20 19:32:34	11,46	0,00	37,44	-2,00	-50,56
1536	05.09.20 19:32:35	11,50	0,00	32,80	-2,61	-54,59
1537	05.09.20 19:32:36	11,50	0,00	32,03	-1,76	-56,21
1538	05.09.20 19:32:37	11,50	0,00	35,64	-3,41	-50,95
1539	05.09.20 19:32:38	11,53	0,00	34,40	-3,57	-52,02
1540	05.09.20 19:32:39	11,53	0,00	33,66	-1,55	-54,79
1541	05.09.20 19:32:40	11,53	0,00	34,78	-2,38	-52,84
1542	05.09.20 19:32:41	11,53	0,00	31,20	-4,13	-54,67
1543	05.09.20 19:32:42	11,53	0,00	32,15	-6,84	-51,01
1544	05.09.20 19:32:43	11,53	0,00	34,86	-11,11	-44,04
1545	05.09.20 19:32:44	11,53	0,00	34,82	-12,08	-43,10
1546	05.09.20 19:32:45	11,56	0,00	33,27	-11,66	-45,07
1547	05.09.20 19:32:46	11,56	0,00	33,37	-11,57	-45,06
1548	05.09.20 19:32:47	11,56	0,00	32,36	-12,49	-45,15
1549	05.09.20 19:32:48	11,59	0,00	35,53	-12,67	-41,80
1550	05.09.20 19:32:49	11,59	0,00	34,90	-12,45	-42,65
1551	05.09.20 19:32:50	11,59	0,00	31,28	-13,83	-44,89
1552	05.09.20 19:32:51	11,59	0,00	33,16	-13,07	-43,77
1553	05.09.20 19:32:52	11,59	0,00	35,15	-11,95	-42,90
1554	05.09.20 19:32:53	11,59	0,00	34,76	-12,01	-43,22
1555	05.09.20 19:32:54	11,62	0,00	32,47	-13,92	-43,60
1556	05.09.20 19:32:55	11,62	0,00	32,15	-13,95	-43,90
1557	05.09.20 19:32:56	11,62	0,00	34,84	-12,07	-43,09
1558	05.09.20 19:32:57	11,66	0,00	35,82	-12,49	-41,69
1559	05.09.20 19:32:58	11,66	0,00	32,70	-13,93	-43,36
1560	05.09.20 19:32:59	11,66	0,00	31,26	-13,95	-44,79
1561	05.09.20 19:33:00	11,69	0,00	29,53	-17,34	-43,13
1562	05.09.20 19:33:01	11,69	0,00	31,91	-15,59	-42,50
1563	05.09.20 19:33:02	11,69	0,00	30,56	-14,57	-44,87
1564	05.09.20 19:33:03	11,69	0,00	30,64	-12,44	-46,93
1565	05.09.20 19:33:04	11,69	0,00	33,17	-10,64	-46,19
1566	05.09.20 19:33:05	11,69	0,00	37,79	-7,72	-44,50
1567	05.09.20 19:33:06	11,69	0,00	34,82	-6,85	-48,33
1568	05.09.20 19:33:07	11,72	0,00	32,45	-6,07	-51,48
1569	05.09.20 19:33:08	11,72	0,00	36,56	-6,53	-46,91
1570	05.09.20 19:33:09	11,72	0,00	38,69	-9,14	-42,17
1571	05.09.20 19:33:10	11,72	0,00	29,21	-9,01	-51,79
1572	05.09.20 19:33:11	11,72	0,00	33,54	-9,19	-47,27
1573	05.09.20 19:33:12	11,72	0,00	36,87	-10,83	-42,30
1574	05.09.20 19:33:13	11,72	0,00	31,32	-9,61	-49,06
1575	05.09.20 19:33:14	11,72	0,00	32,17	-10,13	-47,70
1576	05.09.20 19:33:15	11,75	0,00	33,98	-8,93	-47,09
1577	05.09.20 19:33:16	11,75	0,00	34,50	-12,25	-43,25
1578	05.09.20 19:33:17	11,75	0,00	31,91	-10,19	-47,90
1579	05.09.20 19:33:18	11,75	0,00	32,67	-9,03	-48,30
1580	05.09.20 19:33:19	11,75	0,00	34,81	-10,75	-44,44
1581	05.09.20 19:33:20	11,75	0,00	32,95	-12,23	-44,82
1582	05.09.20 19:33:21	11,78	0,00	30,11	-10,54	-49,35
1583	05.09.20 19:33:22	11,78	0,00	34,09	-12,51	-43,41
1584	05.09.20 19:33:23	11,78	0,00	31,47	-13,97	-44,55
1585	05.09.20 19:33:24	11,78	0,00	29,97	-13,06	-46,97
1586	05.09.20 19:33:25	11,78	0,00	32,35	-15,44	-42,21
1587	05.09.20 19:33:26	11,78	0,00	29,12	-14,55	-46,33
1588	05.09.20 19:33:27	11,81	0,00	29,98	-13,12	-46,90
1589	05.09.20 19:33:28	11,81	0,00	32,95	-15,54	-41,51
1590	05.09.20 19:33:29	11,81	0,00	29,76	-13,86	-46,38
1591	05.09.20 19:33:30	11,81	0,00	30,19	-10,87	-48,93
1592	05.09.20 19:33:31	11,81	0,00	35,30	-13,68	-41,02
1593	05.09.20 19:33:32	11,85	0,00	30,11	-13,49	-46,40
1594	05.09.20 19:33:33	11,85	0,00	28,00	-11,16	-50,84
1595	05.09.20 19:33:34	11,85	0,00	35,28	-12,53	-42,19
1596	05.09.20 19:33:35	11,85	0,00	33,84	-13,49	-42,67
1597	05.09.20 19:33:36	11,85	0,00	26,60	-9,71	-53,69
1598	05.09.20 19:33:37	11,88	0,00	34,30	-10,51	-45,19
1599	05.09.20 19:33:38	11,88	0,00	36,22	-13,43	-40,35
1600	05.09.20 19:33:39	11,88	0,00	27,22	-11,91	-50,87
1601	05.09.20 19:33:40	11,88	0,00	30,77	-11,17	-48,06
1602	05.09.20 19:33:41	11,88	0,00	35,79	-13,94	-40,28
1603	05.09.20 19:33:42	11,91	0,00	29,28	-14,81	-45,90
1604	05.09.20 19:33:43	11,91	0,00	29,11	-11,61	-49,28
1605	05.09.20 19:33:44	11,91	0,00	33,13	-15,34	-41,53
1606	05.09.20 19:33:45	11,91	0,00	28,77	-15,04	-46,18
1607	05.09.20 19:33:46	11,91	0,00	30,47	-12,75	-46,78
1608	05.09.20 19:33:47	11,91	0,00	31,46	-14,54	-43,99
1609	05.09.20 19:33:48	11,91	0,00	29,08	-12,53	-48,39
1610	05.09.20 19:33:49	11,94	0,00	32,23	-11,92	-45,86
1611	05.09.20 19:33:50	11,94	0,00	31,82	-13,42	-44,76
1612	05.09.20 19:33:51	11,94	0,00	30,53	-11,65	-47,82
1613	05.09.20 19:33:52	11,94	0,00	31,99	-10,84	-47,17
1614	05.09.20 19:33:53	11,94	0,00	31,78	-11,81	-46,41
1615	05.09.20 19:33:54	11,97	0,00	31,17	-11,29	-47,54
1616	05.09.20 19:33:55	11,97	0,00	31,32	-10,46	-48,22
1617	05.09.20 19:33:56	11,97	0,00	32,67	-12,24	-45,10
1618	05.09.20 19:33:57	11,97	0,00	30,67	-11,35	-47,99
1619	05.09.20 19:33:58	11,97	0,00	32,00	-12,65	-45,35
1620	05.09.20 19:33:59	12,00	0,00	31,88	-12,34	-45,78
1621	05.09.20 19:34:00	12,00	0,00	29,33	-12,85	-47,81
1622	05.09.20 19:34:01	12,00	0,00	31,37	-13,32	-45,31
1623	05.09.20 19:34:02	12,00	0,00	31,32	-12,70	-45,98
1624	05.09.20 19:34:03	12,00	0,00	29,93	-13,51	-46,56
1625	05.09.20 19:34:04	12,04	0,00	31,08	-12,68	-46,24
1626	05.09.20 19:34:05	12,04	0,00	30,42	-12,32	-47,27
1627	05.09.20 19:34:06	12,04	0,00	32,65	-12,10	-45,25
1628	05.09.20 19:34:07	12,04	0,00	31,68	-12,28	-46,04
1629	05.09.20 19:34:08	12,07	0,00	29,59	-11,08	-49,33
1630	05.09.20 19:34:09	12,07	0,00	33,63	-12,31	-44,06
1631	05.09.20 19:34:10	12,07	0,00	32,71	-10,37	-46,92
1632	05.09.20 19:34:11	12,07	0,00	30,62	-11,93	-47,45
1633	05.09.20 19:34:12	12,07	0,00	30,64	-11,49	-47,87
1634	05.09.20 19:34:13	12,10	0,00	32,28	-11,66	-46,06
1635	05.09.20 19:34:14	12,10	0,00	31,80	-12,34	-45,85
1636	05.09.20 19:34:15	12,10	0,00	29,66	-12,42	-47,92
1637	05.09.20 19:34:16	12,10	0,00	31,94	-12,19	-45,88
1638	05.09.20 19:34:17	12,13	0,00	30,87	-12,73	-46,40
1639	05.09.20 19:34:18	12,13	0,00	31,48	-13,44	-45,08
1640	05.09.20 19:34:19	12,13	0,00	30,90	-12,09	-47,01
1641	05.09.20 19:34:20	12,13	0,00	29,68	-11,41	-48,90
1642	05.09.20 19:34:21	12,16	0,00	33,46	-13,60	-42,95
1643	05.09.20 19:34:22	12,16	0,00	32,21	-12,74	-45,05
1644	05.09.20 19:34:23	12,16	0,00	27,73	-12,41	-49,87
1645	05.09.20 19:34:24	12,16	0,00	31,64	-12,00	-46,36
1646	05.09.20 19:34:25	12,16	0,00	34,60	-14,01	-41,40
1647	05.09.20 19:34:26	12,19	0,00	27,90	-12,56	-49,53
1648	05.09.20 19:34:27	12,19	0,00	29,29	-12,31	-48,40
1649	05.09.20 19:34:28	12,19	0,00	34,73	-11,74	-43,53
1650	05.09.20 19:34:29	12,19	0,00	32,03	-12,82	-45,15
1651	05.09.20 19:34:30	12,23	0,00	29,00	-12,72	-48,28
1652	05.09.20 19:34:31	12,23	0,00	29,58	-10,72	-49,70
1653	05.09.20 19:34:32	12,23	0,00	35,76	-12,10	-42,14
1654	05.09.20 19:34:33	12,23	0,00	29,86	-11,57	-48,58
1655	05.09.20 19:34:34	12,23	0,00	27,96	-12,10	-49,94
1656	05.09.20 19:34:35	12,26	0,00	34,25	-12,50	-43,25
1657	05.09.20 19:34:36	12,26	0,00	31,98	-12,72	-45,29
1658	05.09.20 19:34:37	12,26	0,00	27,38	-12,12	-50,50
1659	05.09.20 19:34:38	12,29	0,00	33,40	-12,75	-43,85
1660	05.09.20 19:34:39	12,29	0,00	32,51	-13,95	-43,54
1661	05.09.20 19:34:40	12,29	0,00	28,66	-11,04	-50,30
1662	05.09.20 19:34:41	12,29	0,00	31,26	-12,27	-46,47
1663	05.09.20 19:34:42	12,29	0,00	34,73	-12,90	-42,38
1664	05.09.20 19:34:43	12,29	0,00	28,46	-13,14	-48,41
1665	05.09.20 19:34:44	12,32	0,00	29,74	-10,89	-49,37
1666	05.09.20 19:34:45	12,32	0,00	35,37	-13,80	-40,82
1667	05.09.20 19:34:46	12,32	0,00	29,38	-12,33	-48,29
1668	05.09.20 19:34:47	12,32	0,00	29,13	-12,23	-48,64
1669	05.09.20 19:34:48	12,35	0,00	34,81	-13,58	-41,61
1670	05.09.20 19:34:49	12,35	0,00	29,99	-11,58	-48,43
1671	05.09.20 19:34:50	12,35	0,00	30,19	-13,51	-46,30
1672	05.09.20 19:34:51	12,35	0,00	31,89	-13,43	-44,68
1673	05.09.20 19:34:52	12,38	0,00	30,77	-11,63	-47,60
1674	05.09.20 19:34:53	12,38	0,00	31,01	-12,35	-46,64
1675	05.09.20 19:34:54	12,38	0,00	31,11	-13,45	-45,44
1676	05.09.20 19:34:55	12,38	0,00	32,27	-11,83	-45,90
1677	05.09.20 19:34:56	12,41	0,00	29,66	-12,44	-47,89
1678	05.09.20 19:34:57	12,41	0,00	31,53	-13,18	-45,29
1679	05.09.20 19:34:58	12,41	0,00	32,15	-12,55	-45,30
1680	05.09.20 19:34:59	12,41	0,00	30,02	-10,78	-49,20
1681	05.09.20 19:35:00	12,41	0,00	32,49	-13,13	-44,39
1682	05.09.20 19:35:01	12,41	0,00	32,30	-12,93	-44,77
1683	05.09.20 19:35:02	12,45	0,00	27,13	-10,52	-52,35
1684	05.09.20 19:35:03	12,45	0,00	35,40	-13,47	-41,13
1685	05.09.20 19:35:04	12,45	0,00	29,72	-14,17	-46,11
1686	05.09.20 19:35:05	12,45	0,00	27,42	-11,40	-51,18
1687	05.09.20 19:35:06	12,48	0,00	34,58	-12,35	-43,07
1688	05.09.20 19:35:07	12,48	0,00	32,86	-13,45	-43,69
1689	05.09.20 19:35:08	12,48	0,00	28,25	-11,59	-50,15
1690	05.09.20 19:35:09	12,48	0,00	31,96	-12,55	-45,50
1691	05.09.20 19:35:10	12,48	0,00	32,36	-13,52	-44,12
1692	05.09.20 19:35:11	12,51	0,00	29,56	-12,18	-48,27
1693	05.09.20 19:35:12	12,51	0,00	32,14	-11,88	-45,98
1694	05.09.20 19:35:13	12,51	0,00	30,47	-12,51	-47,01
1695	05.09.20 19:35:14	12,51	0,00	31,08	-12,01	-46,92
1696	05.09.20 19:35:15	12,54	0,00	32,30	-11,49	-46,21
1697	05.09.20 19:35:16	12,54	0,00	31,31	-13,92	-44,76
1698	05.09.20 19:35:17	12,54	0,00	29,57	-11,15	-49,28
1699	05.09.20 19:35:18	12,54	0,00	31,27	-12,48	-46,25
1700	05.09.20 19:35:19	12,57	0,00	33,82	-12,84	-43,34
1701	05.09.20 19:35:20	12,57	0,00	28,25	-12,42	-49,33
1702	05.09.20 19:35:21	12,57	0,00	31,33	-11,88	-46,79
1703	05.09.20 19:35:22	12,57	0,00	32,56	-12,07	-45,37
1704	05.09.20 19:35:23	12,57	0,00	31,51	-12,46	-46,03
1705	05.09.20 19:35:24	12,60	0,00	29,74	-11,65	-48,60
1706	05.09.20 19:35:25	12,60	0,00	30,90	-12,92	-46,18
1707	05.09.20 19:35:26	12,60	0,00	32,21	-13,09	-44,70
1708	05.09.20 19:35:27	12,60	0,00	30,39	-12,11	-47,50
1709	05.09.20 19:35:28	12,63	0,00	32,07	-12,51	-45,42
1710	05.09.20 19:35:29	12,63	0,00	29,50	-12,20	-48,30
1711	05.09.20 19:35:30	12,63	0,00	31,77	-12,62	-45,61
1712	05.09.20 19:35:31	12,63	0,00	31,83	-12,27	-45,90
1713	05.09.20 19:35:32	12,67	0,00	29,47	-11,89	-48,64
1714	05.09.20 19:35:33	12,67	0,00	32,27	-12,94	-44,79
1715	05.09.20 19:35:34	12,67	0,00	30,95	-11,97	-47,08
1716	05.09.20 19:35:35	12,67	0,00	30,87	-11,50	-47,62
1717	05.09.20 19:35:36	12,67	0,00	31,09	-12,68	-46,23
1718	05.09.20 19:35:37	12,70	0,00	33,53	-12,54	-43,93
1719	05.09.20 19:35:38	12,70	0,00	29,23	-9,97	-50,79
1720	05.09.20 19:35:39	12,70	0,00	31,01	-12,22	-46,77
1721	05.09.20 19:35:40	12,70	0,00	35,56	-11,83	-42,61
1722	05.09.20 19:35:41	12,73	0,00	28,39	-11,11	-50,49
1723	05.09.20 19:35:42	12,73	0,00	30,60	-10,89	-48,50
1724	05.09.20 19:35:43	12,73	0,00	38,01	-13,28	-38,72
1725	05.09.20 19:35:44	12,73	0,00	26,86	-11,67	-51,48
1726	05.09.20 19:35:45	12,76	0,00	30,95	-11,89	-47,16
1727	05.09.20 19:35:46	12,76	0,00	34,50	-11,56	-43,93
1728	05.09.20 19:35:47	12,76	0,00	29,78	-13,86	-46,36
1729	05.09.20 19:35:48	12,76	0,00	29,13	-10,94	-49,93
1730	05.09.20 19:35:49	12,79	0,00	33,01	-11,86	-45,13
1731	05.09.20 19:35:50	12,79	0,00	32,20	-13,41	-44,39
1732	05.09.20 19:35:51	12,79	0,00	28,34	-12,50	-49,16
1733	05.09.20 19:35:52	12,79	0,00	31,34	-11,88	-46,77
1734	05.09.20 19:35:53	12,79	0,00	33,91	-14,01	-42,08
1735	05.09.20 19:35:54	12,82	0,00	29,06	-12,50	-48,44
1736	05.09.20 19:35:55	12,82	0,00	29,61	-11,38	-49,01
1737	05.09.20 19:35:56	12,82	0,00	35,28	-12,74	-41,97
1738	05.09.20 19:35:57	12,82	0,00	29,38	-12,27	-48,35
1739	05.09.20 19:35:58	12,85	0,00	29,67	-11,57	-48,77
1740	05.09.20 19:35:59	12,85	0,00	34,55	-11,09	-44,35
1741	05.09.20 19:36:00	12,85	0,00	30,47	-11,88	-47,65
1742	05.09.20 19:36:01	12,85	0,00	30,94	-12,29	-46,77
1743	05.09.20 19:36:02	12,85	0,00	30,70	-11,81	-47,50
1744	05.09.20 19:36:03	12,88	0,00	32,29	-12,14	-45,57
1745	05.09.20 19:36:04	12,88	0,00	31,74	-12,72	-45,54
1746	05.09.20 19:36:05	12,88	0,00	29,14	-11,84	-49,02
1747	05.09.20 19:36:06	12,88	0,00	32,32	-12,35	-45,33
1748	05.09.20 19:36:07	12,92	0,00	31,89	-12,98	-45,13
1749	05.09.20 19:36:08	12,92	0,00	29,05	-11,08	-49,88
1750	05.09.20 19:36:09	12,92	0,00	33,44	-13,16	-43,40
1751	05.09.20 19:36:10	12,92	0,00	30,21	-12,50	-47,30
1752	05.09.20 19:36:11	12,92	0,00	30,36	-12,81	-46,84
1753	05.09.20 19:36:12	12,95	0,00	31,55	-12,89	-45,56
1754	05.09.20 19:36:13	12,95	0,00	31,18	-11,96	-46,86
1755	05.09.20 19:36:14	12,95	0,00	31,64	-12,11	-46,24
1756	05.09.20 19:36:15	12,95	0,00	31,39	-11,03	-47,58
1757	05.09.20 19:36:16	12,95	0,00	31,09	-10,76	-48,15
1758	05.09.20 19:36:17	12,98	0,00	34,45	-10,86	-44,69
1759	05.09.20 19:36:18	12,98	0,00	31,74	-8,81	-49,45
1760	05.09.20 19:36:19	12,98	0,00	33,59	-10,31	-46,11
1761	05.09.20 19:36:20	12,98	0,00	33,77	-11,19	-45,04
1762	05.09.20 19:36:21	12,98	0,00	-22,94	27,93	39,13
1763	05.09.20 19:36:22	13,01	0,00	-78,28	-3,47	8,25
1764	05.09.20 19:36:23	13,04	0,00	-52,00	-21,95	-16,05
1765	05.09.20 19:36:24	13,26	0,00	-25,48	16,16	48,36
1766	05.09.20 19:36:25	13,48	0,00	-8,95	32,51	48,54
1767	05.09.20 19:36:26	13,66	0,10	-21,05	25,77	43,18
1768	05.09.20 19:36:27	13,88	0,10	-21,08	29,04	39,88
1769	05.09.20 19:36:28	14,03	0,03	-23,11	-22,78	44,11
1770	05.09.20 19:36:29	14,16	0,06	-57,24	-4,69	28,07
1771	05.09.20 19:36:30	14,28	0,01	-60,12	-15,67	14,21
1772	05.09.20 19:36:31	14,40	0,01	-49,88	23,27	16,85
1773	05.09.20 19:36:32	14,49	0,01	-43,64	33,48	12,88
1774	05.09.20 19:36:33	14,56	0,00	-42,43	36,98	10,59
1775	05.09.20 19:36:34	14,65	0,01	-37,36	32,02	20,62
1776	05.09.20 19:36:35	14,71	0,00	-37,89	30,03	22,08
1777	05.09.20 19:36:36	14,80	0,00	-19,91	42,03	28,06
1778	05.09.20 19:36:37	14,86	0,01	-27,25	39,67	23,08
1779	05.09.20 19:36:38	14,89	0,00	-23,02	59,93	7,06
1780	05.09.20 19:36:39	14,98	0,00	-22,52	50,79	16,69
1781	05.09.20 19:36:40	15,01	0,00	-23,97	19,12	46,92
1782	05.09.20 19:36:41	15,07	0,00	-18,37	21,52	50,11
1783	05.09.20 19:36:42	15,14	0,03	-42,62	-12,55	34,83
1784	05.09.20 19:36:43	15,20	0,01	-31,82	15,05	43,13
1785	05.09.20 19:36:44	15,26	0,01	-25,96	16,28	47,76
1786	05.09.20 19:36:45	15,32	0,13	-45,12	-6,06	38,81
1787	05.09.20 19:36:46	15,38	0,08	-59,52	-2,38	28,10
1788	05.09.20 19:36:47	15,41	0,10	-55,91	6,35	27,74
1789	05.09.20 19:36:48	15,47	0,10	-34,42	23,36	32,22
1790	05.09.20 19:36:49	15,50	0,13	-46,85	-14,63	28,52
1791	05.09.20 19:36:50	15,56	0,10	-48,64	-3,82	37,54
1792	05.09.20 19:36:51	15,59	0,13	-52,68	5,78	31,54
1793	05.09.20 19:36:52	15,65	0,13	-42,65	-10,16	37,19
1794	05.09.20 19:36:53	15,68	0,06	-12,59	5,03	72,38
1795	05.09.20 19:36:54	15,68	0,08	-65,01	-8,75	16,25
1796	05.09.20 19:36:55	15,65	0,10	-78,19	-7,86	3,94
1797	05.09.20 19:36:56	15,59	0,10	-56,58	-24,52	-8,90
1798	05.09.20 19:36:57	15,56	0,10	-45,81	-28,62	-15,57
1799	05.09.20 19:36:58	15,53	0,13	-39,07	-41,19	9,74
1800	05.09.20 19:36:59	15,47	0,15	27,02	-38,67	24,31
1801	05.09.20 19:37:00	15,44	0,13	15,29	-49,88	24,82
1802	05.09.20 19:37:01	15,56	0,08	-13,22	-47,41	29,38
1803	05.09.20 19:37:02	15,71	0,03	26,14	-60,22	-3,64
1804	05.09.20 19:37:03	15,86	0,03	-3,08	-76,33	-10,59
1805	05.09.20 19:37:04	16,02	0,00	-52,18	-29,32	8,50
1806	05.09.20 19:37:05	16,14	0,00	-41,31	-27,57	21,13
1807	05.09.20 19:37:06	16,29	0,00	-29,47	-51,17	9,36
1808	05.09.20 19:37:07	16,44	0,00	-20,19	-39,04	-30,77
1809	05.09.20 19:37:08	16,56	0,00	-3,04	-1,81	-85,16
1810	05.09.20 19:37:09	16,59	0,01	3,71	-15,28	-71,01
1811	05.09.20 19:37:10	16,59	0,03	-19,34	-10,47	-60,19
1812	05.09.20 19:37:11	16,59	0,00	-35,64	-8,27	46,09
1813	05.09.20 19:37:12	16,71	0,00	-36,29	-44,15	9,56
1814	05.09.20 19:37:13	16,89	0,00	-36,70	14,86	-38,44
