#0	Date-time:	06/09/2020 11:16:55 AM
#1	Recorder:	40H1034
#2	File type:	1
#3	Columns:	7
#4	Channels:	5
#5	Field separation:	0
#6	Decimal point:	0
#7	Date def.:	0	0
#8	Time def.:	0
#9	Channel 1:	Temperature(°C)	Temp(°C)	2	1
#10	Channel 2:	Pressure(Bar)	Press(Bar)	2	1
#11	Reconvertion:	0
#14	Channel 3:	Tilt-X(°)	Tilt-X(°)	2	1
#18	Channel 4:	Tilt-Y(°)	Tilt-Y(°)	2	1
#19	Line color:	1	2	3	4
#22	Channel 5:	Tilt-Z(°)	Tilt-Z(°)	2	1
#30	Trend Type Number:	3
#33	Limit Temp. Corr. OTCR:	1
1	06.09.20 10:44:00	17,37	0,36	21,03	3,23	65,74
2	06.09.20 10:44:01	17,34	0,36	21,21	7,04	61,75
3	06.09.20 10:44:02	17,31	0,33	20,87	15,72	53,41
4	06.09.20 10:44:03	17,31	0,36	22,14	10,50	57,37
5	06.09.20 10:44:04	17,28	0,31	23,74	3,88	62,39
6	06.09.20 10:44:05	17,25	0,31	21,04	5,34	63,62
7	06.09.20 10:44:06	17,25	0,31	20,67	5,79	63,53
8	06.09.20 10:44:07	17,22	0,31	19,63	4,33	66,04
9	06.09.20 10:44:08	17,22	0,33	30,96	-0,78	58,26
10	06.09.20 10:44:09	17,19	0,31	29,28	1,96	58,76
11	06.09.20 10:44:10	17,19	0,29	4,57	-0,93	84,50
12	06.09.20 10:44:11	17,16	0,31	12,79	18,38	58,83
13	06.09.20 10:44:12	17,13	0,33	23,74	4,64	61,62
14	06.09.20 10:44:13	17,10	0,33	18,92	6,23	64,85
15	06.09.20 10:44:14	17,07	0,33	22,34	-3,67	63,99
16	06.09.20 10:44:15	17,04	0,31	20,52	1,59	67,89
17	06.09.20 10:44:16	17,01	0,33	17,13	0,22	72,66
18	06.09.20 10:44:17	16,98	0,31	28,04	-0,05	61,91
19	06.09.20 10:44:18	16,98	0,31	19,74	2,76	67,50
20	06.09.20 10:44:19	16,95	0,31	19,40	-5,99	64,61
21	06.09.20 10:44:20	16,92	0,31	11,80	-4,74	73,46
22	06.09.20 10:44:21	16,89	0,33	16,84	0,46	72,70
23	06.09.20 10:44:22	16,86	0,33	18,55	3,76	67,69
24	06.09.20 10:44:23	16,86	0,36	12,88	3,19	73,92
25	06.09.20 10:44:24	16,83	0,33	16,31	2,69	70,99
26	06.09.20 10:44:25	16,83	0,33	13,48	-0,98	75,54
27	06.09.20 10:44:26	16,80	0,31	21,23	-1,50	67,27
28	06.09.20 10:44:27	16,77	0,31	16,82	-10,44	62,74
29	06.09.20 10:44:28	16,77	0,29	13,08	-5,93	70,99
30	06.09.20 10:44:29	16,74	0,31	15,90	-6,70	67,41
31	06.09.20 10:44:30	16,71	0,31	16,15	-2,09	71,76
32	06.09.20 10:44:31	16,71	0,31	14,41	-0,27	75,32
33	06.09.20 10:44:32	16,68	0,31	18,82	-2,62	68,56
34	06.09.20 10:44:33	16,68	0,33	16,22	-4,54	69,24
35	06.09.20 10:44:34	16,65	0,31	12,70	10,47	66,83
36	06.09.20 10:44:35	16,62	0,33	12,90	-2,83	74,27
37	06.09.20 10:44:36	16,62	0,33	18,95	-0,40	70,65
38	06.09.20 10:44:37	16,59	0,33	15,97	-4,04	69,98
39	06.09.20 10:44:38	16,59	0,36	19,35	0,47	70,18
40	06.09.20 10:44:39	16,56	0,33	21,49	-2,23	66,27
41	06.09.20 10:44:40	16,56	0,36	20,23	3,49	66,28
42	06.09.20 10:44:41	16,56	0,33	13,65	-9,83	66,51
43	06.09.20 10:44:42	16,53	0,31	25,69	-2,25	62,05
44	06.09.20 10:44:43	16,53	0,33	22,63	2,78	64,60
45	06.09.20 10:44:44	16,50	0,33	21,70	-0,32	67,99
46	06.09.20 10:44:45	16,50	0,31	19,48	7,15	63,37
47	06.09.20 10:44:46	16,47	0,33	24,66	4,84	60,50
48	06.09.20 10:44:47	16,47	0,33	25,06	-2,96	61,97
49	06.09.20 10:44:48	16,47	0,36	24,45	-3,97	61,57
50	06.09.20 10:44:49	16,44	0,36	23,07	2,89	64,04
51	06.09.20 10:44:50	16,44	0,36	22,99	-0,11	66,90
52	06.09.20 10:44:51	16,41	0,38	21,16	8,44	60,40
53	06.09.20 10:44:52	16,41	0,36	18,04	5,30	66,66
54	06.09.20 10:44:53	16,38	0,38	19,72	0,19	70,09
55	06.09.20 10:44:54	16,35	0,36	22,56	-3,37	64,07
56	06.09.20 10:44:55	16,35	0,36	20,01	9,70	60,29
57	06.09.20 10:44:56	16,35	0,36	20,60	6,12	63,28
58	06.09.20 10:44:57	16,35	0,36	25,10	2,75	62,15
59	06.09.20 10:44:58	16,32	0,38	24,32	7,10	58,58
60	06.09.20 10:44:59	16,32	0,38	20,45	2,92	66,63
61	06.09.20 10:45:00	16,32	0,36	13,66	15,31	61,03
62	06.09.20 10:45:01	16,29	0,36	20,59	0,72	68,69
63	06.09.20 10:45:02	16,29	0,36	14,54	13,52	61,94
64	06.09.20 10:45:03	16,29	0,36	16,83	4,69	68,47
65	06.09.20 10:45:04	16,26	0,40	18,37	11,13	60,50
66	06.09.20 10:45:05	16,26	0,38	26,19	7,41	56,40
67	06.09.20 10:45:06	16,26	0,40	19,65	11,77	58,57
68	06.09.20 10:45:07	16,23	0,40	20,78	8,71	60,51
69	06.09.20 10:45:08	16,23	0,38	19,95	2,06	67,99
70	06.09.20 10:45:09	16,23	0,43	24,79	1,70	63,50
71	06.09.20 10:45:10	16,23	0,40	18,13	3,06	68,82
72	06.09.20 10:45:11	16,20	0,36	20,67	6,10	63,23
73	06.09.20 10:45:12	16,20	0,38	19,08	1,92	68,99
74	06.09.20 10:45:13	16,20	0,38	21,48	4,64	63,88
75	06.09.20 10:45:14	16,17	0,36	21,46	3,15	65,39
76	06.09.20 10:45:15	16,17	0,38	23,24	7,05	59,70
77	06.09.20 10:45:16	16,17	0,36	19,31	6,50	64,19
78	06.09.20 10:45:17	16,14	0,38	14,85	9,59	65,55
79	06.09.20 10:45:18	16,11	0,38	10,13	1,98	77,90
80	06.09.20 10:45:19	16,11	0,38	22,39	4,32	63,29
81	06.09.20 10:45:20	16,08	0,38	20,62	2,96	66,42
82	06.09.20 10:45:21	16,08	0,36	15,13	5,51	69,36
83	06.09.20 10:45:22	16,08	0,36	17,15	-1,91	70,94
84	06.09.20 10:45:23	16,08	0,33	17,59	7,63	64,78
85	06.09.20 10:45:24	16,08	0,33	17,35	-0,70	71,95
86	06.09.20 10:45:25	16,05	0,36	19,90	4,74	65,35
87	06.09.20 10:45:26	16,05	0,33	22,36	0,82	66,82
88	06.09.20 10:45:27	16,05	0,36	24,50	-2,44	63,06
89	06.09.20 10:45:28	16,05	0,36	19,34	-12,36	58,30
90	06.09.20 10:45:29	16,05	0,38	16,99	-7,11	65,90
91	06.09.20 10:45:30	16,05	0,40	24,34	-4,84	60,82
92	06.09.20 10:45:31	16,02	0,40	22,49	-11,49	56,02
93	06.09.20 10:45:32	16,02	0,43	19,48	-5,04	65,48
94	06.09.20 10:45:33	16,02	0,47	26,83	0,57	62,61
95	06.09.20 10:45:34	16,02	0,51	24,33	-5,25	60,42
96	06.09.20 10:45:35	15,99	0,51	27,53	-0,77	61,70
97	06.09.20 10:45:36	15,99	0,53	30,99	3,10	55,91
98	06.09.20 10:45:37	15,99	0,56	28,11	-3,31	58,59
99	06.09.20 10:45:38	15,99	0,58	31,92	-3,85	54,23
100	06.09.20 10:45:39	15,99	0,63	42,10	2,26	45,63
101	06.09.20 10:45:40	15,99	0,65	46,52	-4,94	38,54
102	06.09.20 10:45:41	15,96	0,67	41,64	-9,29	39,07
103	06.09.20 10:45:42	15,96	0,69	41,90	-6,18	41,92
104	06.09.20 10:45:43	15,96	0,72	38,40	-8,89	42,71
105	06.09.20 10:45:44	15,96	0,72	37,73	-3,57	48,70
106	06.09.20 10:45:45	15,96	0,74	41,00	-7,22	41,78
107	06.09.20 10:45:46	15,96	0,76	42,11	-6,40	41,50
108	06.09.20 10:45:47	15,96	0,76	38,89	-6,70	44,41
109	06.09.20 10:45:48	15,93	0,78	43,33	-4,04	42,63
110	06.09.20 10:45:49	15,93	0,83	45,67	-7,68	36,65
111	06.09.20 10:45:50	15,93	0,85	42,37	-10,14	37,50
112	06.09.20 10:45:51	15,93	0,90	46,10	-4,10	39,80
113	06.09.20 10:45:52	15,89	0,92	45,36	-6,99	37,65
114	06.09.20 10:45:53	15,89	0,96	47,82	-6,99	35,19
115	06.09.20 10:45:54	15,89	0,99	50,40	-3,02	36,58
116	06.09.20 10:45:55	15,89	1,01	46,96	-4,38	38,66
117	06.09.20 10:45:56	15,89	1,06	51,59	-2,58	35,83
118	06.09.20 10:45:57	15,89	1,08	51,14	-2,36	36,50
119	06.09.20 10:45:58	15,89	1,10	48,51	-3,50	37,99
120	06.09.20 10:45:59	15,89	1,15	49,05	-3,85	37,10
121	06.09.20 10:46:00	15,89	1,17	49,10	0,26	40,64
122	06.09.20 10:46:01	15,86	1,17	41,97	0,03	48,01
123	06.09.20 10:46:02	15,86	1,17	35,97	-0,28	53,75
124	06.09.20 10:46:03	15,86	1,19	33,08	2,20	54,72
125	06.09.20 10:46:04	15,86	1,22	20,87	9,97	59,16
126	06.09.20 10:46:05	15,86	1,19	21,39	12,27	56,34
127	06.09.20 10:46:06	15,86	1,22	29,43	7,31	53,25
128	06.09.20 10:46:07	15,83	1,24	23,29	12,77	53,94
129	06.09.20 10:46:08	15,83	1,24	17,65	14,79	57,57
130	06.09.20 10:46:09	15,83	1,26	24,27	13,57	52,16
131	06.09.20 10:46:10	15,83	1,28	37,67	7,57	44,76
132	06.09.20 10:46:11	15,80	1,28	13,04	14,36	62,60
133	06.09.20 10:46:12	15,80	1,28	19,35	15,33	55,31
134	06.09.20 10:46:13	15,80	1,30	26,21	13,74	50,05
135	06.09.20 10:46:14	15,80	1,30	31,88	13,03	45,09
136	06.09.20 10:46:15	15,80	1,32	37,92	4,83	47,25
137	06.09.20 10:46:16	15,80	1,32	31,10	9,32	49,58
138	06.09.20 10:46:17	15,77	1,32	33,49	6,09	50,43
139	06.09.20 10:46:18	15,77	1,32	32,34	4,65	53,01
140	06.09.20 10:46:19	15,77	1,32	25,08	-0,49	64,43
141	06.09.20 10:46:20	15,77	1,35	27,02	2,93	60,05
142	06.09.20 10:46:21	15,77	1,35	24,14	1,12	64,74
143	06.09.20 10:46:22	15,77	1,37	18,56	-4,96	66,48
144	06.09.20 10:46:23	15,74	1,39	19,90	-6,95	63,16
145	06.09.20 10:46:24	15,74	1,37	19,24	-8,54	62,22
146	06.09.20 10:46:25	15,74	1,39	23,39	-5,92	60,69
147	06.09.20 10:46:26	15,71	1,39	32,11	-0,16	57,73
148	06.09.20 10:46:27	15,71	1,41	30,28	-0,72	59,00
149	06.09.20 10:46:28	15,71	1,41	20,26	-9,75	59,99
150	06.09.20 10:46:29	15,71	1,43	22,61	-10,47	56,92
151	06.09.20 10:46:30	15,71	1,43	27,87	-4,77	57,36
152	06.09.20 10:46:31	15,68	1,43	32,64	-2,11	55,25
153	06.09.20 10:46:32	15,68	1,45	27,20	-5,51	57,29
154	06.09.20 10:46:33	15,68	1,45	21,67	-11,09	57,24
155	06.09.20 10:46:34	15,68	1,48	23,97	-9,08	56,96
156	06.09.20 10:46:35	15,68	1,50	28,46	-3,32	58,22
157	06.09.20 10:46:36	15,68	1,50	27,38	-4,69	57,93
158	06.09.20 10:46:37	15,65	1,50	16,79	-12,75	60,46
159	06.09.20 10:46:38	15,65	1,54	18,04	-11,90	60,05
160	06.09.20 10:46:39	15,65	1,54	17,78	-9,91	62,31
161	06.09.20 10:46:40	15,62	1,54	15,01	-10,39	64,60
162	06.09.20 10:46:41	15,62	1,56	17,28	-9,07	63,65
163	06.09.20 10:46:42	15,59	1,56	15,12	-6,03	68,85
164	06.09.20 10:46:43	15,59	1,61	15,59	-4,78	69,63
165	06.09.20 10:46:44	15,56	1,60	14,30	-6,97	68,73
166	06.09.20 10:46:45	15,53	1,62	14,50	-8,00	67,50
167	06.09.20 10:46:46	15,50	1,64	15,17	-8,39	66,44
168	06.09.20 10:46:47	15,50	1,67	15,05	-11,16	63,79
169	06.09.20 10:46:48	15,47	1,69	15,97	-9,88	64,14
170	06.09.20 10:46:49	15,47	1,71	14,50	-10,75	64,76
171	06.09.20 10:46:50	15,44	1,75	17,89	-9,33	62,78
172	06.09.20 10:46:51	15,44	1,75	15,12	-10,66	64,22
173	06.09.20 10:46:52	15,44	1,78	18,52	-6,63	64,85
174	06.09.20 10:46:53	15,44	1,80	17,65	-8,82	63,53
175	06.09.20 10:46:54	15,41	1,82	17,12	-11,08	61,80
176	06.09.20 10:46:55	15,41	1,82	12,57	-14,63	62,80
177	06.09.20 10:46:56	15,41	1,87	26,90	-0,47	62,62
178	06.09.20 10:46:57	15,41	1,89	17,49	-5,38	67,13
179	06.09.20 10:46:58	15,38	1,91	27,86	5,57	56,57
180	06.09.20 10:46:59	15,38	1,93	23,28	0,05	66,67
181	06.09.20 10:47:00	15,38	1,95	24,99	-3,38	61,63
182	06.09.20 10:47:01	15,38	1,98	16,39	-9,57	64,03
183	06.09.20 10:47:02	15,35	2,02	16,54	-10,72	62,74
184	06.09.20 10:47:03	15,35	2,04	14,42	-12,73	62,85
185	06.09.20 10:47:04	15,35	2,07	15,34	-8,85	65,81
186	06.09.20 10:47:05	15,32	2,09	26,33	3,56	60,11
187	06.09.20 10:47:06	15,29	2,15	18,28	-3,34	68,38
188	06.09.20 10:47:07	15,20	2,12	24,46	1,57	63,97
189	06.09.20 10:47:08	14,95	2,26	17,23	-8,12	64,65
190	06.09.20 10:47:09	14,74	2,33	12,22	-11,90	65,89
191	06.09.20 10:47:10	14,52	2,41	16,92	-6,28	66,80
192	06.09.20 10:47:11	14,34	2,46	15,79	-8,11	66,10
193	06.09.20 10:47:12	14,03	2,54	13,35	-9,54	67,11
194	06.09.20 10:47:13	13,60	2,71	13,70	-9,26	67,04
195	06.09.20 10:47:14	13,29	2,75	14,83	-8,57	66,60
196	06.09.20 10:47:15	13,04	2,77	14,09	-9,62	66,29
197	06.09.20 10:47:16	12,88	2,78	14,27	-9,99	65,75
198	06.09.20 10:47:17	12,70	2,83	14,26	-9,94	65,80
199	06.09.20 10:47:18	12,54	2,84	13,83	-9,65	66,52
200	06.09.20 10:47:19	12,41	2,92	13,72	-8,55	67,73
201	06.09.20 10:47:20	12,13	3,01	11,08	-8,75	70,17
202	06.09.20 10:47:21	11,78	3,07	12,20	-8,38	69,43
203	06.09.20 10:47:22	11,53	3,12	12,50	-7,28	70,22
204	06.09.20 10:47:23	11,21	3,22	13,39	-7,57	69,04
205	06.09.20 10:47:24	10,92	3,27	12,26	-7,11	70,63
206	06.09.20 10:47:25	10,66	3,29	13,22	-5,64	71,15
207	06.09.20 10:47:26	10,41	3,33	12,49	-4,46	73,05
208	06.09.20 10:47:27	10,21	3,38	11,95	-4,42	73,63
209	06.09.20 10:47:28	9,98	3,38	12,35	-4,01	73,63
210	06.09.20 10:47:29	9,82	3,44	12,18	-2,93	74,89
211	06.09.20 10:47:30	9,62	3,44	11,45	-3,22	75,33
212	06.09.20 10:47:31	9,49	3,47	12,36	-4,96	72,68
213	06.09.20 10:47:32	9,36	3,48	12,63	-6,02	71,35
214	06.09.20 10:47:33	9,26	3,50	11,68	-5,46	72,86
215	06.09.20 10:47:34	9,16	3,53	12,78	-6,26	70,96
216	06.09.20 10:47:35	9,07	3,55	11,03	-7,91	71,06
217	06.09.20 10:47:36	8,97	3,56	13,30	-9,35	67,35
218	06.09.20 10:47:37	8,87	3,60	14,80	-7,84	67,36
219	06.09.20 10:47:38	8,80	3,59	13,33	-8,06	68,61
220	06.09.20 10:47:39	8,73	3,61	13,64	-6,15	70,21
221	06.09.20 10:47:40	8,63	3,62	14,10	-6,05	69,85
222	06.09.20 10:47:41	8,53	3,66	14,38	-5,26	70,36
223	06.09.20 10:47:42	8,40	3,69	15,81	-4,07	70,12
224	06.09.20 10:47:43	8,33	3,71	12,98	-4,51	72,50
225	06.09.20 10:47:44	8,20	3,74	16,45	-2,80	70,75
226	06.09.20 10:47:45	8,06	3,77	13,40	-2,82	73,78
227	06.09.20 10:47:46	7,93	3,78	15,22	-2,73	72,05
228	06.09.20 10:47:47	7,83	3,77	13,24	-1,42	75,34
229	06.09.20 10:47:48	7,76	3,81	14,90	-1,54	73,56
230	06.09.20 10:47:49	7,69	3,85	16,03	-0,91	73,07
231	06.09.20 10:47:50	7,59	3,87	14,61	-1,57	73,82
232	06.09.20 10:47:51	7,52	3,88	12,16	-1,79	76,06
233	06.09.20 10:47:52	7,42	3,92	13,90	-1,18	74,92
234	06.09.20 10:47:53	7,35	3,93	15,33	-0,53	74,14
235	06.09.20 10:47:54	7,25	3,95	15,05	-0,44	74,51
236	06.09.20 10:47:55	7,18	3,96	13,13	-1,09	75,78
237	06.09.20 10:47:56	7,08	4,00	14,17	-1,51	74,33
238	06.09.20 10:47:57	6,98	4,04	15,49	-0,12	74,39
239	06.09.20 10:47:58	6,91	4,05	14,04	0,37	75,59
240	06.09.20 10:47:59	6,81	4,07	12,64	-0,21	77,15
241	06.09.20 10:48:00	6,74	4,10	15,91	-0,06	74,03
242	06.09.20 10:48:01	6,67	4,12	14,20	1,08	74,72
243	06.09.20 10:48:02	6,60	4,11	14,28	-0,03	75,69
244	06.09.20 10:48:03	6,53	4,15	15,23	-0,35	74,43
245	06.09.20 10:48:04	6,46	4,17	14,54	1,86	73,60
246	06.09.20 10:48:05	6,43	4,19	15,70	2,17	72,13
247	06.09.20 10:48:06	6,36	4,18	16,18	0,88	72,94
248	06.09.20 10:48:07	6,32	4,23	14,61	2,97	72,42
249	06.09.20 10:48:08	6,25	4,24	14,95	2,19	72,87
250	06.09.20 10:48:09	6,18	4,28	15,95	3,62	70,43
251	06.09.20 10:48:10	6,11	4,30	15,87	3,44	70,69
252	06.09.20 10:48:11	6,08	4,32	14,99	3,12	71,89
253	06.09.20 10:48:12	6,01	4,33	15,07	4,37	70,56
254	06.09.20 10:48:13	5,94	4,37	14,40	3,97	71,63
255	06.09.20 10:48:14	5,87	4,39	14,54	4,67	70,79
256	06.09.20 10:48:15	5,83	4,41	16,29	4,41	69,30
257	06.09.20 10:48:16	5,76	4,42	17,31	5,07	67,62
258	06.09.20 10:48:17	5,73	4,44	15,71	4,95	69,34
259	06.09.20 10:48:18	5,69	4,46	12,37	1,84	75,79
260	06.09.20 10:48:19	5,62	4,50	15,46	1,52	73,03
261	06.09.20 10:48:20	5,59	4,52	13,79	0,29	75,92
262	06.09.20 10:48:21	5,52	4,54	11,10	-2,02	76,88
263	06.09.20 10:48:22	5,48	4,56	12,34	-1,53	76,13
264	06.09.20 10:48:23	5,41	4,60	13,02	-3,98	72,99
265	06.09.20 10:48:24	5,34	4,61	14,71	-3,21	72,07
266	06.09.20 10:48:25	5,30	4,63	13,97	-5,91	70,12
267	06.09.20 10:48:26	5,27	4,67	14,66	-5,46	69,88
268	06.09.20 10:48:27	5,27	4,67	13,37	-6,23	70,39
269	06.09.20 10:48:28	5,20	4,69	14,62	-5,03	70,35
270	06.09.20 10:48:29	5,16	4,71	14,88	-4,41	70,72
271	06.09.20 10:48:30	5,13	4,73	12,85	-3,76	73,38
272	06.09.20 10:48:31	5,05	4,75	12,22	-4,76	73,02
273	06.09.20 10:48:32	5,02	4,79	15,34	-5,72	68,94
274	06.09.20 10:48:33	4,95	4,80	14,76	-4,39	70,86
275	06.09.20 10:48:34	4,91	4,85	12,55	-3,29	74,16
276	06.09.20 10:48:35	4,84	4,84	14,67	-3,05	72,28
277	06.09.20 10:48:36	4,80	4,88	14,89	-3,89	71,22
278	06.09.20 10:48:37	4,73	4,87	14,89	-2,92	72,20
279	06.09.20 10:48:38	4,70	4,92	12,80	-0,64	76,56
280	06.09.20 10:48:39	4,66	4,94	13,94	-0,64	75,42
281	06.09.20 10:48:40	4,63	4,96	16,74	-0,44	72,83
282	06.09.20 10:48:41	4,59	5,00	16,97	0,85	72,19
283	06.09.20 10:48:42	4,52	4,99	14,89	1,35	73,76
284	06.09.20 10:48:43	4,48	5,01	14,33	2,28	73,39
285	06.09.20 10:48:44	4,44	5,03	15,71	3,81	70,48
286	06.09.20 10:48:45	4,41	5,05	16,09	4,10	69,81
287	06.09.20 10:48:46	4,37	5,07	16,27	5,22	68,51
288	06.09.20 10:48:47	4,37	5,07	15,60	3,64	70,76
289	06.09.20 10:48:48	4,34	5,11	15,58	4,16	70,26
290	06.09.20 10:48:49	4,30	5,11	14,77	5,17	70,05
291	06.09.20 10:48:50	4,26	5,15	16,93	5,95	67,12
292	06.09.20 10:48:51	4,23	5,17	16,37	2,80	70,83
293	06.09.20 10:48:52	4,23	5,17	14,43	3,80	71,77
294	06.09.20 10:48:53	4,19	5,19	14,91	6,35	68,74
295	06.09.20 10:48:54	4,16	5,23	16,38	4,87	68,75
296	06.09.20 10:48:55	4,12	5,25	16,32	6,80	66,88
297	06.09.20 10:48:56	4,08	5,27	17,54	7,96	64,50
298	06.09.20 10:48:57	4,08	5,27	16,68	3,90	69,42
299	06.09.20 10:48:58	4,05	5,29	16,35	7,51	66,14
300	06.09.20 10:48:59	4,05	5,31	16,69	8,55	64,76
301	06.09.20 10:49:00	4,01	5,33	18,43	8,62	62,95
302	06.09.20 10:49:01	3,97	5,38	18,69	9,35	61,96
303	06.09.20 10:49:02	3,94	5,39	18,41	8,27	63,31
304	06.09.20 10:49:03	3,90	5,41	17,41	8,24	64,36
305	06.09.20 10:49:04	3,90	5,41	14,33	6,25	69,42
306	06.09.20 10:49:05	3,86	5,46	16,60	7,24	66,16
307	06.09.20 10:49:06	3,83	5,48	14,15	0,17	75,67
308	06.09.20 10:49:07	3,83	5,50	11,42	-4,47	74,11
309	06.09.20 10:49:08	3,79	5,52	28,06	-1,93	60,01
310	06.09.20 10:49:09	3,79	5,54	17,64	-1,77	70,59
311	06.09.20 10:49:10	3,79	5,54	17,74	-1,29	70,97
312	06.09.20 10:49:11	3,83	5,55	18,63	0,55	70,82
313	06.09.20 10:49:12	3,83	5,57	18,89	-0,68	70,43
314	06.09.20 10:49:13	3,83	5,57	18,87	-1,64	69,50
315	06.09.20 10:49:14	3,83	5,57	16,26	-3,24	70,49
316	06.09.20 10:49:15	3,83	5,59	15,29	-2,33	72,39
317	06.09.20 10:49:16	3,79	5,63	14,26	-3,11	72,63
318	06.09.20 10:49:17	3,72	5,63	15,97	-2,87	71,15
319	06.09.20 10:49:18	3,68	5,67	17,59	-4,19	68,22
320	06.09.20 10:49:19	3,64	5,66	17,20	-2,42	70,38
321	06.09.20 10:49:20	3,61	5,68	14,91	-2,25	72,83
322	06.09.20 10:49:21	3,57	5,70	17,28	-3,91	68,81
323	06.09.20 10:49:22	3,53	5,72	22,14	-2,83	65,03
324	06.09.20 10:49:23	3,50	5,74	19,27	-2,10	68,63
325	06.09.20 10:49:24	3,46	5,74	15,60	-3,19	71,20
326	06.09.20 10:49:25	3,42	5,76	23,82	-2,03	64,16
327	06.09.20 10:49:26	3,42	5,78	27,98	1,78	60,24
328	06.09.20 10:49:27	3,39	5,80	22,88	2,98	64,14
329	06.09.20 10:49:28	3,39	5,82	24,87	2,76	62,37
330	06.09.20 10:49:29	3,35	5,84	39,48	8,76	41,76
331	06.09.20 10:49:30	3,35	5,87	40,19	10,74	39,07
332	06.09.20 10:49:31	3,35	5,89	34,75	10,53	44,72
333	06.09.20 10:49:32	3,35	5,89	40,59	9,82	39,59
334	06.09.20 10:49:33	3,35	5,94	47,36	10,64	32,00
335	06.09.20 10:49:34	3,35	5,96	45,14	11,31	33,55
336	06.09.20 10:49:35	3,39	5,99	43,66	11,87	34,46
337	06.09.20 10:49:36	3,39	5,99	49,96	7,51	32,53
338	06.09.20 10:49:37	3,39	6,03	53,03	4,90	32,07
339	06.09.20 10:49:38	3,39	6,05	47,95	9,60	32,45
340	06.09.20 10:49:39	3,42	6,06	45,67	10,89	33,44
341	06.09.20 10:49:40	3,42	6,10	50,91	6,51	32,58
342	06.09.20 10:49:41	3,42	6,15	53,22	4,63	32,15
343	06.09.20 10:49:42	3,42	6,15	48,08	9,85	32,07
344	06.09.20 10:49:43	3,42	6,17	47,37	9,40	33,23
345	06.09.20 10:49:44	3,46	6,25	52,41	4,36	33,23
346	06.09.20 10:49:45	3,46	6,25	53,62	5,94	30,45
347	06.09.20 10:49:46	3,46	6,27	48,15	10,42	31,43
348	06.09.20 10:49:47	3,46	6,29	46,28	9,57	34,14
349	06.09.20 10:49:48	3,50	6,34	52,17	4,36	33,46
350	06.09.20 10:49:49	3,50	6,39	54,99	7,75	27,26
351	06.09.20 10:49:50	3,50	6,41	54,55	9,94	25,51
352	06.09.20 10:49:51	3,50	6,44	52,53	12,10	25,36
353	06.09.20 10:49:52	3,50	6,46	54,79	7,78	27,43
354	06.09.20 10:49:53	3,50	6,53	59,95	-0,20	29,85
355	06.09.20 10:49:54	3,50	6,57	55,84	5,93	28,23
356	06.09.20 10:49:55	3,42	6,61	48,39	15,18	26,43
357	06.09.20 10:49:56	3,39	6,68	56,75	5,60	27,65
358	06.09.20 10:49:57	3,35	6,72	52,87	0,03	37,10
359	06.09.20 10:49:58	3,31	6,76	33,80	-1,49	54,72
360	06.09.20 10:49:59	3,24	6,76	24,83	-1,61	63,56
361	06.09.20 10:50:00	3,20	6,78	0,77	-11,12	78,10
362	06.09.20 10:50:01	3,20	6,78	-1,22	7,73	81,05
363	06.09.20 10:50:02	3,20	6,75	2,82	8,74	78,44
364	06.09.20 10:50:03	3,16	6,77	-3,00	7,66	79,34
365	06.09.20 10:50:04	3,16	6,77	-2,07	7,40	80,53
366	06.09.20 10:50:05	3,16	6,79	-3,70	7,98	78,32
367	06.09.20 10:50:06	3,09	6,79	-2,72	3,77	83,51
368	06.09.20 10:50:07	3,05	6,78	-5,10	3,75	81,15
369	06.09.20 10:50:08	3,01	6,78	-2,23	6,13	81,64
370	06.09.20 10:50:09	3,01	6,78	8,33	14,76	66,91
371	06.09.20 10:50:10	2,98	6,80	-8,32	11,08	70,60
372	06.09.20 10:50:11	2,94	6,79	-0,47	4,31	85,22
373	06.09.20 10:50:12	2,94	6,79	-1,40	4,00	84,59
374	06.09.20 10:50:13	2,90	6,79	-1,14	15,20	73,66
375	06.09.20 10:50:14	2,87	6,79	3,02	1,98	84,99
376	06.09.20 10:50:15	2,87	6,79	0,13	8,32	81,55
377	06.09.20 10:50:16	2,83	6,81	-2,48	5,13	82,39
378	06.09.20 10:50:17	2,83	6,78	0,12	2,99	86,89
379	06.09.20 10:50:18	2,79	6,78	-0,64	6,81	82,55
380	06.09.20 10:50:19	2,79	6,78	-4,23	1,05	84,71
381	06.09.20 10:50:20	2,75	6,78	-1,06	18,92	70,01
382	06.09.20 10:50:21	2,75	6,78	0,70	7,10	82,19
383	06.09.20 10:50:22	2,75	6,78	-6,87	6,68	76,44
384	06.09.20 10:50:23	2,75	6,78	-8,46	4,02	77,52
385	06.09.20 10:50:24	2,72	6,75	-0,40	5,14	84,46
386	06.09.20 10:50:25	2,72	6,75	-3,90	5,66	80,44
387	06.09.20 10:50:26	2,72	6,77	-3,33	4,46	82,21
388	06.09.20 10:50:27	2,68	6,74	-3,92	9,77	76,32
389	06.09.20 10:50:28	2,68	6,77	-5,72	5,00	79,28
390	06.09.20 10:50:29	2,68	6,74	-0,30	1,24	88,46
391	06.09.20 10:50:30	2,64	6,74	-11,61	6,29	72,10
392	06.09.20 10:50:31	2,64	6,76	-2,37	7,53	80,10
393	06.09.20 10:50:32	2,64	6,76	2,82	6,78	80,40
394	06.09.20 10:50:33	2,64	6,74	-10,96	3,72	75,33
395	06.09.20 10:50:34	2,60	6,74	1,87	11,63	76,51
396	06.09.20 10:50:35	2,60	6,74	0,84	9,83	79,33
397	06.09.20 10:50:36	2,60	6,76	-8,78	3,21	78,00
398	06.09.20 10:50:37	2,60	6,74	-0,87	11,10	78,03
399	06.09.20 10:50:38	2,60	6,76	-1,33	6,66	82,01
400	06.09.20 10:50:39	2,56	6,73	-3,10	5,95	80,95
401	06.09.20 10:50:40	2,56	6,76	-4,48	6,90	78,62
402	06.09.20 10:50:41	2,56	6,76	-6,03	3,12	80,85
403	06.09.20 10:50:42	2,56	6,73	-2,09	0,35	87,56
404	06.09.20 10:50:43	2,53	6,73	-2,23	5,05	82,72
405	06.09.20 10:50:44	2,53	6,73	-0,38	12,55	77,07
406	06.09.20 10:50:45	2,53	6,73	-0,19	4,74	85,07
407	06.09.20 10:50:46	2,53	6,73	-0,60	6,36	83,04
408	06.09.20 10:50:47	2,53	6,73	-2,08	7,56	80,36
409	06.09.20 10:50:48	2,49	6,73	1,57	5,95	82,49
410	06.09.20 10:50:49	2,49	6,73	4,31	7,69	78,00
411	06.09.20 10:50:50	2,49	6,73	0,66	4,03	85,31
412	06.09.20 10:50:51	2,49	6,73	-1,03	3,45	85,52
413	06.09.20 10:50:52	2,49	6,73	-2,98	8,26	78,75
414	06.09.20 10:50:53	2,49	6,70	-3,80	3,20	83,00
415	06.09.20 10:50:54	2,45	6,72	0,97	1,28	87,74
416	06.09.20 10:50:55	2,45	6,72	-6,47	4,31	79,22
417	06.09.20 10:50:56	2,45	6,72	2,27	7,88	79,85
418	06.09.20 10:50:57	2,45	6,72	1,20	5,55	83,25
419	06.09.20 10:50:58	2,45	6,72	-4,41	5,80	79,79
420	06.09.20 10:50:59	2,45	6,72	0,77	8,74	80,49
421	06.09.20 10:51:00	2,45	6,72	-2,65	7,30	80,05
422	06.09.20 10:51:01	2,45	6,72	1,42	8,83	79,74
423	06.09.20 10:51:02	2,41	6,74	-2,87	5,09	82,04
424	06.09.20 10:51:03	2,41	6,72	2,48	5,92	81,60
425	06.09.20 10:51:04	2,41	6,72	-5,91	4,00	80,09
426	06.09.20 10:51:05	2,41	6,74	-1,09	5,65	83,26
427	06.09.20 10:51:06	2,41	6,72	-2,59	8,14	79,27
428	06.09.20 10:51:07	2,38	6,71	-3,42	7,48	79,09
429	06.09.20 10:51:08	2,38	6,71	-3,58	5,55	80,87
430	06.09.20 10:51:09	2,38	6,74	-2,97	4,56	82,47
431	06.09.20 10:51:10	2,38	6,71	-9,73	3,01	77,26
432	06.09.20 10:51:11	2,38	6,71	-1,01	4,23	84,76
433	06.09.20 10:51:12	2,38	6,71	-5,40	6,52	78,08
434	06.09.20 10:51:13	2,38	6,71	-2,59	6,12	81,29
435	06.09.20 10:51:14	2,34	6,71	-7,45	1,15	81,40
436	06.09.20 10:51:15	2,34	6,71	2,83	6,24	80,93
437	06.09.20 10:51:16	2,34	6,71	2,31	1,72	85,97
438	06.09.20 10:51:17	2,34	6,69	0,46	9,19	80,35
439	06.09.20 10:51:18	2,34	6,71	-1,85	8,55	79,61
440	06.09.20 10:51:19	2,34	6,71	-4,82	8,47	76,71
441	06.09.20 10:51:20	2,34	6,71	-10,80	4,15	75,05
442	06.09.20 10:51:21	2,34	6,71	-4,40	3,25	82,35
443	06.09.20 10:51:22	2,30	6,71	-12,26	2,84	74,90
444	06.09.20 10:51:23	2,30	6,71	-3,50	6,57	79,93
445	06.09.20 10:51:24	2,30	6,73	-9,36	5,84	74,79
446	06.09.20 10:51:25	2,30	6,71	-2,08	4,76	83,16
447	06.09.20 10:51:26	2,30	6,71	-3,42	5,89	80,68
448	06.09.20 10:51:27	2,30	6,71	3,02	8,81	78,17
449	06.09.20 10:51:28	2,30	6,71	-2,30	7,25	80,45
450	06.09.20 10:51:29	2,30	6,71	-5,68	-0,03	84,29
451	06.09.20 10:51:30	2,26	6,70	0,58	4,67	84,74
452	06.09.20 10:51:31	2,26	6,72	-0,19	11,55	78,27
453	06.09.20 10:51:32	2,26	6,70	-2,89	3,96	83,15
454	06.09.20 10:51:33	2,26	6,68	-1,67	3,97	84,36
455	06.09.20 10:51:34	2,26	6,70	-2,83	7,52	79,64
456	06.09.20 10:51:35	2,26	6,70	-4,40	6,84	78,76
457	06.09.20 10:51:36	2,26	6,70	-10,37	2,95	76,68
458	06.09.20 10:51:37	2,22	6,70	-1,18	3,09	85,73
459	06.09.20 10:51:38	2,22	6,70	-5,34	6,13	78,53
460	06.09.20 10:51:39	2,22	6,70	-3,49	4,65	81,87
461	06.09.20 10:51:40	2,22	6,70	-2,23	6,58	81,18
462	06.09.20 10:51:41	2,22	6,67	-6,54	5,58	77,88
463	06.09.20 10:51:42	2,22	6,70	-3,46	4,07	82,48
464	06.09.20 10:51:43	2,19	6,69	-2,81	2,66	84,53
465	06.09.20 10:51:44	2,19	6,72	-3,95	5,23	80,82
466	06.09.20 10:51:45	2,19	6,72	-1,78	3,02	85,21
467	06.09.20 10:51:46	2,19	6,69	-5,39	10,66	73,95
468	06.09.20 10:51:47	2,15	6,69	-8,75	5,60	75,65
469	06.09.20 10:51:48	2,19	6,72	-2,04	7,89	80,07
470	06.09.20 10:51:49	2,15	6,71	0,91	7,75	81,34
471	06.09.20 10:51:50	2,15	6,69	0,79	8,47	80,73
472	06.09.20 10:51:51	2,15	6,71	-2,06	6,06	81,88
473	06.09.20 10:51:52	2,15	6,69	-6,90	4,44	78,66
474	06.09.20 10:51:53	2,15	6,69	-4,79	6,37	78,83
475	06.09.20 10:51:54	2,15	6,69	-2,92	4,23	82,85
476	06.09.20 10:51:55	2,15	6,71	-0,88	6,43	82,69
477	06.09.20 10:51:56	2,11	6,71	-0,58	8,38	81,03
478	06.09.20 10:51:57	2,11	6,69	-8,27	7,90	73,83
479	06.09.20 10:51:58	2,11	6,69	-6,78	4,35	78,87
480	06.09.20 10:51:59	2,11	6,69	-3,27	5,78	80,96
481	06.09.20 10:52:00	2,11	6,69	-3,70	8,88	77,43
482	06.09.20 10:52:01	2,11	6,73	-1,31	9,60	79,09
483	06.09.20 10:52:02	2,11	6,69	-10,72	4,81	74,47
484	06.09.20 10:52:03	2,11	6,69	-6,66	1,12	82,22
485	06.09.20 10:52:04	2,11	6,71	-5,55	5,87	78,59
486	06.09.20 10:52:05	2,07	6,68	3,03	8,54	78,43
487	06.09.20 10:52:06	2,07	6,70	1,57	5,22	83,21
488	06.09.20 10:52:07	2,07	6,68	-3,88	8,26	77,86
489	06.09.20 10:52:08	2,07	6,68	-1,48	9,47	79,05
490	06.09.20 10:52:09	2,07	6,68	1,60	5,80	82,60
491	06.09.20 10:52:10	2,07	6,70	-2,65	3,11	84,24
492	06.09.20 10:52:11	2,07	6,70	2,14	3,95	83,91
493	06.09.20 10:52:12	2,03	6,72	-5,41	4,54	80,05
494	06.09.20 10:52:13	2,03	6,70	-5,56	0,84	83,60
495	06.09.20 10:52:14	2,03	6,70	-0,62	6,80	82,58
496	06.09.20 10:52:15	2,03	6,70	1,79	4,59	83,62
497	06.09.20 10:52:16	2,03	6,68	1,98	5,83	82,18
498	06.09.20 10:52:17	2,03	6,68	-2,38	8,99	78,63
499	06.09.20 10:52:18	2,03	6,70	2,35	4,17	83,48
500	06.09.20 10:52:19	2,03	6,70	2,26	9,13	78,62
501	06.09.20 10:52:20	2,00	6,70	-8,54	-0,44	81,02
502	06.09.20 10:52:21	2,00	6,70	3,18	0,91	85,91
503	06.09.20 10:52:22	2,00	6,70	-3,51	6,04	80,45
504	06.09.20 10:52:23	2,00	6,70	-3,31	5,78	80,91
505	06.09.20 10:52:24	2,00	6,70	-4,32	8,40	77,28
506	06.09.20 10:52:25	2,00	6,70	-2,53	3,89	83,58
507	06.09.20 10:52:26	2,00	6,72	-6,14	6,94	76,92
508	06.09.20 10:52:27	2,00	6,70	-1,95	2,92	85,12
509	06.09.20 10:52:28	2,00	6,70	2,16	8,23	79,62
510	06.09.20 10:52:29	2,00	6,70	-2,32	3,67	84,01
511	06.09.20 10:52:30	2,00	6,70	-5,98	6,25	77,78
512	06.09.20 10:52:31	2,00	6,70	-4,48	4,14	81,38
513	06.09.20 10:52:32	2,00	6,72	-6,41	3,55	80,04
514	06.09.20 10:52:33	2,00	6,70	-4,58	3,62	81,81
515	06.09.20 10:52:34	2,00	6,70	-11,90	6,36	71,74
516	06.09.20 10:52:35	2,00	6,70	0,46	6,76	82,78
517	06.09.20 10:52:36	2,00	6,70	-6,20	1,64	82,16
518	06.09.20 10:52:37	2,00	6,70	-8,53	3,95	77,52
519	06.09.20 10:52:38	2,00	6,70	-1,47	5,61	82,92
520	06.09.20 10:52:39	2,00	6,70	-5,60	5,14	79,26
521	06.09.20 10:52:40	2,00	6,72	4,35	6,52	79,13
522	06.09.20 10:52:41	1,96	6,69	-5,65	6,66	77,69
523	06.09.20 10:52:42	1,96	6,69	-11,21	6,62	72,17
524	06.09.20 10:52:43	1,96	6,69	3,54	7,81	78,65
525	06.09.20 10:52:44	1,96	6,69	-5,57	9,58	74,85
526	06.09.20 10:52:45	1,96	6,69	-8,76	7,15	74,09
527	06.09.20 10:52:46	1,96	6,69	-4,25	-0,20	85,55
528	06.09.20 10:52:47	1,96	6,69	1,17	3,37	85,45
529	06.09.20 10:52:48	1,96	6,69	-3,30	7,61	79,09
530	06.09.20 10:52:49	1,96	6,69	-3,62	4,68	81,70
531	06.09.20 10:52:50	1,96	6,69	-1,15	6,67	82,17
532	06.09.20 10:52:51	1,96	6,69	-7,15	3,61	79,24
533	06.09.20 10:52:52	1,96	6,69	-3,05	5,60	81,35
534	06.09.20 10:52:53	1,96	6,69	-8,73	2,46	78,81
535	06.09.20 10:52:54	1,96	6,69	-4,01	8,39	77,60
536	06.09.20 10:52:55	1,96	6,69	-1,11	11,40	77,49
537	06.09.20 10:52:56	1,96	6,69	7,06	7,33	75,61
538	06.09.20 10:52:57	1,92	6,69	-7,38	8,33	74,29
539	06.09.20 10:52:58	1,92	6,69	-0,61	2,65	86,74
540	06.09.20 10:52:59	1,92	6,69	0,59	2,16	87,26
541	06.09.20 10:53:00	1,92	6,69	4,76	8,74	76,50
542	06.09.20 10:53:01	1,92	6,71	-1,37	5,29	83,33
543	06.09.20 10:53:02	1,92	6,71	-2,26	1,76	85,98
544	06.09.20 10:53:03	1,92	6,71	-3,24	6,07	80,69
545	06.09.20 10:53:04	1,92	6,69	-2,23	9,74	78,04
546	06.09.20 10:53:05	1,92	6,69	-4,09	4,95	80,96
547	06.09.20 10:53:06	1,92	6,69	-1,52	4,19	84,29
548	06.09.20 10:53:07	1,92	6,69	-3,58	9,01	77,41
549	06.09.20 10:53:08	1,92	6,69	1,29	2,56	86,15
550	06.09.20 10:53:09	1,92	6,71	-1,47	9,60	78,93
551	06.09.20 10:53:10	1,88	6,71	-3,71	7,24	79,05
552	06.09.20 10:53:11	1,88	6,68	4,15	7,53	78,32
553	06.09.20 10:53:12	1,88	6,71	-1,99	8,44	79,58
554	06.09.20 10:53:13	1,88	6,68	-3,60	6,25	80,14
555	06.09.20 10:53:14	1,88	6,68	-4,89	6,25	78,86
556	06.09.20 10:53:15	1,88	6,68	-3,40	2,32	84,28
557	06.09.20 10:53:16	1,88	6,71	2,13	7,59	80,28
558	06.09.20 10:53:17	1,88	6,71	2,59	13,20	74,21
559	06.09.20 10:53:18	1,88	6,71	-2,60	3,65	83,74
560	06.09.20 10:53:19	1,88	6,68	-3,63	7,45	78,92
561	06.09.20 10:53:20	1,88	6,71	3,83	3,28	82,88
562	06.09.20 10:53:21	1,84	6,70	-2,34	3,66	84,00
563	06.09.20 10:53:22	1,84	6,70	-8,40	5,31	76,29
564	06.09.20 10:53:23	1,84	6,70	-4,51	6,87	78,62
565	06.09.20 10:53:24	1,84	6,70	-2,31	8,23	79,46
566	06.09.20 10:53:25	1,84	6,70	-4,77	2,87	82,37
567	06.09.20 10:53:26	1,84	6,68	-3,52	4,16	82,33
568	06.09.20 10:53:27	1,81	6,72	0,23	8,75	81,02
569	06.09.20 10:53:28	1,81	6,70	-2,98	2,29	84,73
570	06.09.20 10:53:29	1,81	6,70	-4,67	7,27	78,05
571	06.09.20 10:53:30	1,81	6,70	1,70	4,65	83,65
572	06.09.20 10:53:31	1,81	6,68	2,47	7,98	79,56
573	06.09.20 10:53:32	1,81	6,70	5,19	3,31	81,50
574	06.09.20 10:53:33	1,81	6,70	0,78	4,48	84,75
575	06.09.20 10:53:34	1,77	6,72	-1,18	9,96	78,86
576	06.09.20 10:53:35	1,77	6,70	-0,96	7,86	81,18
577	06.09.20 10:53:36	1,77	6,70	-8,89	4,17	76,95
578	06.09.20 10:53:37	1,77	6,70	-4,31	6,64	79,05
579	06.09.20 10:53:38	1,77	6,70	-4,77	5,33	79,90
580	06.09.20 10:53:39	1,77	6,72	-4,38	3,83	81,79
581	06.09.20 10:53:40	1,77	6,70	-8,08	4,97	76,95
582	06.09.20 10:53:41	1,77	6,70	-3,24	4,66	82,10
583	06.09.20 10:53:42	1,73	6,69	-7,18	3,78	79,04
584	06.09.20 10:53:43	1,73	6,69	2,20	7,99	79,81
585	06.09.20 10:53:44	1,73	6,69	4,37	10,72	74,91
586	06.09.20 10:53:45	1,73	6,69	2,69	7,58	79,73
587	06.09.20 10:53:46	1,73	6,69	-1,80	1,76	86,45
588	06.09.20 10:53:47	1,73	6,69	-6,19	-0,37	83,44
589	06.09.20 10:53:48	1,73	6,69	-5,61	6,78	77,61
590	06.09.20 10:53:49	1,73	6,69	-3,96	5,82	80,22
591	06.09.20 10:53:50	1,73	6,69	1,46	4,77	83,77
592	06.09.20 10:53:51	1,73	6,69	-2,22	8,50	79,29
593	06.09.20 10:53:52	1,73	6,69	-7,18	2,59	80,23
594	06.09.20 10:53:53	1,73	6,69	0,75	6,61	82,64
595	06.09.20 10:53:54	1,73	6,69	3,04	4,03	82,93
596	06.09.20 10:53:55	1,69	6,69	-7,05	6,82	76,14
597	06.09.20 10:53:56	1,69	6,69	-3,01	4,65	82,34
598	06.09.20 10:53:57	1,69	6,69	-2,49	6,43	81,07
599	06.09.20 10:53:58	1,69	6,69	-6,69	6,99	76,32
600	06.09.20 10:53:59	1,69	6,69	-5,72	9,08	75,20
601	06.09.20 10:54:00	1,69	6,71	-4,37	7,86	77,77
602	06.09.20 10:54:01	1,69	6,71	-3,03	5,44	81,53
603	06.09.20 10:54:02	1,69	6,71	-6,65	7,30	76,05
604	06.09.20 10:54:03	1,69	6,69	-2,08	5,68	82,24
605	06.09.20 10:54:04	1,69	6,71	-0,20	8,25	81,55
606	06.09.20 10:54:05	1,69	6,69	0,89	4,69	84,42
607	06.09.20 10:54:06	1,69	6,69	-10,66	5,73	73,61
608	06.09.20 10:54:07	1,69	6,69	-1,92	6,86	81,21
609	06.09.20 10:54:08	1,69	6,66	-0,40	11,32	78,28
610	06.09.20 10:54:09	1,65	6,68	1,60	9,05	79,35
611	06.09.20 10:54:10	1,65	6,68	0,58	2,43	86,98
612	06.09.20 10:54:11	1,65	6,71	-4,54	7,12	78,34
613	06.09.20 10:54:12	1,65	6,71	1,07	7,44	81,49
614	06.09.20 10:54:13	1,65	6,71	-13,07	4,08	72,85
615	06.09.20 10:54:14	1,65	6,71	-1,32	5,08	83,60
616	06.09.20 10:54:15	1,65	6,68	-3,42	6,92	79,66
617	06.09.20 10:54:16	1,65	6,71	0,08	2,50	87,42
618	06.09.20 10:54:17	1,65	6,68	-9,31	3,54	77,15
619	06.09.20 10:54:18	1,65	6,71	-11,43	7,59	70,98
620	06.09.20 10:54:19	1,65	6,68	-8,07	4,32	77,61
621	06.09.20 10:54:20	1,65	6,71	-2,98	8,71	78,31
622	06.09.20 10:54:21	1,65	6,71	-5,15	6,14	78,71
623	06.09.20 10:54:22	1,61	6,68	-1,95	1,90	86,15
624	06.09.20 10:54:23	1,61	6,70	-5,16	9,59	75,25
625	06.09.20 10:54:24	1,61	6,70	-2,75	11,23	76,02
626	06.09.20 10:54:25	1,61	6,70	1,55	10,36	78,09
627	06.09.20 10:54:26	1,61	6,68	-6,08	5,23	78,70
628	06.09.20 10:54:27	1,61	6,70	-2,98	4,72	82,31
629	06.09.20 10:54:28	1,61	6,68	-0,70	-1,54	87,76
630	06.09.20 10:54:29	1,61	6,70	1,72	5,57	82,71
631	06.09.20 10:54:30	1,61	6,70	-7,68	7,24	75,09
632	06.09.20 10:54:31	1,61	6,70	-12,41	4,53	73,06
633	06.09.20 10:54:32	1,61	6,70	-1,56	8,29	80,15
634	06.09.20 10:54:33	1,61	6,70	-8,99	5,18	75,83
635	06.09.20 10:54:34	1,61	6,70	-3,21	6,10	80,69
636	06.09.20 10:54:35	1,61	6,68	-3,77	2,92	83,31
637	06.09.20 10:54:36	1,61	6,70	-1,60	2,67	85,73
638	06.09.20 10:54:37	1,61	6,68	-0,93	7,53	81,54
639	06.09.20 10:54:38	1,61	6,70	1,84	9,88	78,28
640	06.09.20 10:54:39	1,61	6,70	-0,09	6,55	83,36
641	06.09.20 10:54:40	1,61	6,70	1,65	4,39	83,96
642	06.09.20 10:54:41	1,57	6,70	-3,52	4,56	81,91
643	06.09.20 10:54:42	1,57	6,70	-2,41	5,25	82,35
644	06.09.20 10:54:43	1,57	6,70	-1,42	6,45	82,13
645	06.09.20 10:54:44	1,57	6,70	1,17	7,65	81,18
646	06.09.20 10:54:45	1,57	6,68	-1,57	3,22	85,20
647	06.09.20 10:54:46	1,57	6,70	2,39	6,79	80,82
648	06.09.20 10:54:47	1,57	6,68	-3,73	5,65	80,62
649	06.09.20 10:54:48	1,57	6,68	-10,52	3,78	75,70
650	06.09.20 10:54:49	1,57	6,68	-3,07	6,89	80,04
651	06.09.20 10:54:50	1,57	6,68	-3,34	4,05	82,62
652	06.09.20 10:54:51	1,57	6,70	-6,19	3,07	80,74
653	06.09.20 10:54:52	1,57	6,70	-2,98	1,14	85,88
654	06.09.20 10:54:53	1,57	6,68	-6,03	5,12	78,85
655	06.09.20 10:54:54	1,57	6,68	-8,99	6,52	74,49
656	06.09.20 10:54:55	1,57	6,70	-2,77	8,41	78,82
657	06.09.20 10:54:56	1,57	6,68	-2,86	5,34	81,80
658	06.09.20 10:54:57	1,57	6,68	-3,56	5,57	80,86
659	06.09.20 10:54:58	1,57	6,68	0,60	12,78	76,62
660	06.09.20 10:54:59	1,54	6,69	1,24	6,41	82,36
661	06.09.20 10:55:00	1,54	6,72	4,69	6,03	79,27
662	06.09.20 10:55:01	1,54	6,69	-5,04	4,23	80,73
663	06.09.20 10:55:02	1,54	6,69	-3,64	1,89	84,47
664	06.09.20 10:55:03	1,54	6,69	2,91	3,87	83,22
665	06.09.20 10:55:04	1,54	6,69	-1,45	0,37	88,19
666	06.09.20 10:55:05	1,54	6,69	-3,48	2,43	84,09
667	06.09.20 10:55:06	1,54	6,69	1,51	-5,93	82,55
668	06.09.20 10:55:07	1,54	6,69	-1,43	2,18	86,39
669	06.09.20 10:55:08	1,54	6,69	-5,58	-0,67	83,75
670	06.09.20 10:55:09	1,54	6,69	11,49	2,82	75,69
671	06.09.20 10:55:10	1,54	6,69	3,14	5,94	80,93
672	06.09.20 10:55:11	1,54	6,69	-1,36	9,37	79,28
673	06.09.20 10:55:12	1,54	6,69	-7,66	3,06	79,28
674	06.09.20 10:55:13	1,54	6,69	-2,45	3,09	84,47
675	06.09.20 10:55:14	1,50	6,69	2,75	2,53	84,72
676	06.09.20 10:55:15	1,50	6,69	1,11	2,63	86,26
677	06.09.20 10:55:16	1,50	6,69	2,40	7,48	80,12
678	06.09.20 10:55:17	1,50	6,69	-6,35	-2,11	81,55
679	06.09.20 10:55:18	1,50	6,69	-26,74	1,83	61,42
680	06.09.20 10:55:19	1,50	6,69	-11,00	-1,32	77,68
681	06.09.20 10:55:20	1,46	6,71	1,72	1,46	86,82
682	06.09.20 10:55:21	1,46	6,71	-4,49	-2,04	83,46
683	06.09.20 10:55:22	1,46	6,71	-15,43	2,00	72,58
684	06.09.20 10:55:23	1,46	6,71	-1,37	6,89	81,73
685	06.09.20 10:55:24	1,46	6,71	-2,95	1,55	85,50
686	06.09.20 10:55:25	1,46	6,71	-4,37	-1,26	84,37
687	06.09.20 10:55:26	1,46	6,71	-0,20	-1,11	88,69
688	06.09.20 10:55:27	1,46	6,71	-1,77	0,80	87,43
689	06.09.20 10:55:28	1,46	6,71	-2,63	-4,72	82,66
690	06.09.20 10:55:29	1,42	6,71	1,02	1,64	87,34
691	06.09.20 10:55:30	1,42	6,71	-5,60	1,71	82,69
692	06.09.20 10:55:31	1,42	6,71	-8,09	-1,03	80,88
693	06.09.20 10:55:32	1,42	6,71	-8,63	-0,22	81,15
694	06.09.20 10:55:33	1,42	6,71	-1,27	7,40	81,34
695	06.09.20 10:55:34	1,42	6,71	-6,12	1,96	81,92
696	06.09.20 10:55:35	1,42	6,73	-5,64	0,19	84,17
697	06.09.20 10:55:36	1,42	6,71	-1,11	3,91	84,98
698	06.09.20 10:55:37	1,42	6,71	-8,13	-2,82	79,05
699	06.09.20 10:55:38	1,42	6,71	-6,52	-3,15	80,34
700	06.09.20 10:55:39	1,42	6,71	-5,72	-2,78	81,51
701	06.09.20 10:55:40	1,42	6,71	-10,48	1,76	77,75
702	06.09.20 10:55:41	1,42	6,73	-7,46	0,80	81,74
703	06.09.20 10:55:42	1,42	6,73	-6,60	-2,63	80,77
704	06.09.20 10:55:43	1,42	6,73	3,25	0,94	85,81
705	06.09.20 10:55:44	1,42	6,71	10,29	2,74	76,97
706	06.09.20 10:55:45	1,38	6,70	-4,28	6,76	78,96
707	06.09.20 10:55:46	1,38	6,72	-1,15	5,19	83,65
708	06.09.20 10:55:47	1,38	6,70	-5,37	-2,72	81,91
709	06.09.20 10:55:48	1,38	6,72	-0,68	-1,13	88,19
710	06.09.20 10:55:49	1,38	6,72	-0,96	9,55	79,49
711	06.09.20 10:55:50	1,38	6,72	-2,92	3,83	83,25
712	06.09.20 10:55:51	1,38	6,72	-5,89	2,99	81,12
713	06.09.20 10:55:52	1,38	6,72	-0,93	3,98	85,10
714	06.09.20 10:55:53	1,38	6,70	-5,52	2,15	82,33
715	06.09.20 10:55:54	1,34	6,70	-4,62	4,69	80,69
716	06.09.20 10:55:55	1,34	6,72	-0,47	0,47	89,06
717	06.09.20 10:55:56	1,34	6,72	-1,20	-1,77	87,03
718	06.09.20 10:55:57	1,34	6,72	8,18	-3,10	78,73
719	06.09.20 10:55:58	1,34	6,72	2,37	2,51	85,13
720	06.09.20 10:55:59	1,34	6,70	22,46	-1,61	65,93
721	06.09.20 10:56:00	1,34	6,67	32,15	5,76	52,08
722	06.09.20 10:56:01	1,34	6,70	36,18	6,09	47,74
723	06.09.20 10:56:02	1,34	6,70	40,38	4,70	44,92
724	06.09.20 10:56:03	1,34	6,70	41,58	5,41	43,01
725	06.09.20 10:56:04	1,34	6,67	35,04	6,85	48,11
726	06.09.20 10:56:05	1,34	6,65	36,87	7,50	45,63
727	06.09.20 10:56:06	1,34	6,65	38,33	8,19	43,48
728	06.09.20 10:56:07	1,34	6,63	35,17	8,31	46,52
729	06.09.20 10:56:08	1,34	6,63	33,36	7,48	49,16
730	06.09.20 10:56:09	1,34	6,60	38,00	9,46	42,54
731	06.09.20 10:56:10	1,34	6,60	37,94	8,77	43,29
732	06.09.20 10:56:11	1,34	6,58	32,08	9,91	48,02
733	06.09.20 10:56:12	1,34	6,56	30,85	9,48	49,67
734	06.09.20 10:56:13	1,34	6,56	40,33	7,80	41,87
735	06.09.20 10:56:14	1,34	6,56	39,05	9,60	41,35
736	06.09.20 10:56:15	1,34	6,51	30,49	9,90	49,61
737	06.09.20 10:56:16	1,34	6,49	30,27	10,33	49,40
738	06.09.20 10:56:17	1,34	6,49	38,17	9,75	42,08
739	06.09.20 10:56:18	1,34	6,47	32,65	12,77	44,59
740	06.09.20 10:56:19	1,34	6,44	28,43	11,20	50,37
741	06.09.20 10:56:20	1,34	6,40	29,08	12,72	48,20
742	06.09.20 10:56:21	1,34	6,42	36,57	11,53	41,89
743	06.09.20 10:56:22	1,34	6,35	31,16	10,12	48,72
744	06.09.20 10:56:23	1,34	6,33	26,84	11,49	51,67
745	06.09.20 10:56:24	1,34	6,30	33,40	11,91	44,69
746	06.09.20 10:56:25	1,34	6,28	28,90	14,56	46,54
747	06.09.20 10:56:26	1,34	6,26	24,68	15,78	49,54
748	06.09.20 10:56:27	1,34	6,21	30,24	13,71	46,05
749	06.09.20 10:56:28	1,34	6,21	32,10	14,86	43,04
750	06.09.20 10:56:29	1,30	6,16	28,36	17,24	44,39
751	06.09.20 10:56:30	1,30	6,14	29,87	15,80	44,33
752	06.09.20 10:56:31	1,30	6,11	28,86	16,65	44,49
753	06.09.20 10:56:32	1,30	6,09	29,19	14,16	46,65
754	06.09.20 10:56:33	1,30	6,05	31,01	13,78	45,21
755	06.09.20 10:56:34	1,30	6,02	30,48	15,88	43,64
756	06.09.20 10:56:35	1,30	6,00	27,84	17,33	44,83
757	06.09.20 10:56:36	1,30	5,98	27,47	19,45	43,08
758	06.09.20 10:56:37	1,27	5,93	28,04	19,28	42,68
759	06.09.20 10:56:38	1,27	5,88	29,32	18,05	42,63
760	06.09.20 10:56:39	1,27	5,86	30,86	15,61	43,53
761	06.09.20 10:56:40	1,27	5,81	31,70	16,99	41,31
762	06.09.20 10:56:41	1,27	5,76	26,71	20,39	42,91
763	06.09.20 10:56:42	1,27	5,74	36,30	14,56	39,14
764	06.09.20 10:56:43	1,27	5,74	41,73	12,16	36,11
765	06.09.20 10:56:44	1,27	5,74	43,39	13,92	32,69
766	06.09.20 10:56:45	1,27	5,69	34,15	18,73	37,12
767	06.09.20 10:56:46	1,27	5,65	35,00	16,03	38,97
768	06.09.20 10:56:47	1,27	5,65	40,69	15,89	33,42
769	06.09.20 10:56:48	1,27	5,63	44,05	15,05	30,90
770	06.09.20 10:56:49	1,27	5,58	31,79	20,66	37,54
771	06.09.20 10:56:50	1,23	5,53	34,60	17,39	38,02
772	06.09.20 10:56:51	1,23	5,53	40,68	16,55	32,77
773	06.09.20 10:56:52	1,23	5,51	39,01	16,88	34,11
774	06.09.20 10:56:53	1,23	5,46	30,18	20,62	39,20
775	06.09.20 10:56:54	1,23	5,44	36,42	13,48	40,10
776	06.09.20 10:56:55	1,23	5,39	36,10	16,66	37,24
777	06.09.20 10:56:56	1,23	5,37	35,01	21,03	33,96
778	06.09.20 10:56:57	1,23	5,34	36,92	16,30	36,77
779	06.09.20 10:56:58	1,23	5,32	32,15	18,44	39,41
780	06.09.20 10:56:59	1,23	5,27	36,93	14,16	38,91
781	06.09.20 10:57:00	1,23	5,25	37,41	14,79	37,81
782	06.09.20 10:57:01	1,23	5,23	37,02	15,95	37,02
783	06.09.20 10:57:02	1,23	5,18	33,49	19,67	36,83
784	06.09.20 10:57:03	1,23	5,16	33,18	18,59	38,23
785	06.09.20 10:57:04	1,23	5,11	35,76	15,39	38,86
786	06.09.20 10:57:05	1,23	5,09	35,42	15,29	39,29
787	06.09.20 10:57:06	1,19	5,04	33,75	16,70	39,56
788	06.09.20 10:57:07	1,19	4,99	31,07	19,20	39,73
789	06.09.20 10:57:08	1,19	4,95	30,31	19,94	39,75
790	06.09.20 10:57:09	1,19	4,90	31,96	19,76	38,28
791	06.09.20 10:57:10	1,19	4,90	38,81	15,72	35,47
792	06.09.20 10:57:11	1,19	4,83	25,87	25,39	38,74
793	06.09.20 10:57:12	1,19	4,76	29,89	19,22	40,88
794	06.09.20 10:57:13	1,15	4,73	29,59	19,30	41,10
795	06.09.20 10:57:14	1,15	4,66	33,30	18,25	38,45
796	06.09.20 10:57:15	1,15	4,62	31,84	18,09	40,07
797	06.09.20 10:57:16	1,15	4,57	30,83	18,07	41,10
798	06.09.20 10:57:17	1,15	4,55	33,62	15,66	40,72
799	06.09.20 10:57:18	1,11	4,50	34,77	15,06	40,17
800	06.09.20 10:57:19	1,11	4,45	33,57	14,25	42,19
801	06.09.20 10:57:20	1,11	4,38	37,65	12,31	40,04
802	06.09.20 10:57:21	1,11	4,36	36,20	12,78	41,02
803	06.09.20 10:57:22	1,11	4,29	30,54	13,97	45,49
804	06.09.20 10:57:23	1,11	4,24	34,87	11,67	43,46
805	06.09.20 10:57:24	1,07	4,22	41,76	9,55	38,69
806	06.09.20 10:57:25	1,07	4,17	41,67	7,30	41,03
807	06.09.20 10:57:26	1,07	4,08	34,69	10,47	44,84
808	06.09.20 10:57:27	1,07	4,03	43,54	5,15	41,32
809	06.09.20 10:57:28	1,07	4,01	50,53	4,31	35,16
810	06.09.20 10:57:29	1,07	3,96	35,59	4,36	50,05
811	06.09.20 10:57:30	1,07	3,94	49,58	6,42	34,00
812	06.09.20 10:57:31	1,03	3,96	59,60	9,67	20,73
813	06.09.20 10:57:32	1,07	4,01	62,69	13,04	14,27
814	06.09.20 10:57:33	1,07	4,01	61,49	11,31	17,20
815	06.09.20 10:57:34	1,07	3,96	53,39	12,40	24,21
816	06.09.20 10:57:35	1,07	3,94	50,10	17,25	22,66
817	06.09.20 10:57:36	1,07	3,96	53,16	16,74	20,10
818	06.09.20 10:57:37	1,07	3,96	52,85	10,77	26,37
819	06.09.20 10:57:38	1,07	3,92	47,85	-1,01	41,13
820	06.09.20 10:57:39	1,07	3,87	50,96	-8,49	30,56
821	06.09.20 10:57:40	1,07	3,92	58,34	-12,26	19,39
822	06.09.20 10:57:41	1,07	3,87	56,06	-8,44	25,51
823	06.09.20 10:57:42	1,07	3,85	53,67	-8,95	27,38
824	06.09.20 10:57:43	1,07	3,87	54,78	-16,05	19,18
825	06.09.20 10:57:44	1,07	3,85	55,04	-13,89	21,07
826	06.09.20 10:57:45	1,07	3,82	49,18	-10,13	30,69
827	06.09.20 10:57:46	1,07	3,78	51,83	-9,80	28,38
828	06.09.20 10:57:47	1,07	3,78	52,80	-15,34	21,86
829	06.09.20 10:57:48	1,07	3,78	53,91	-15,27	20,82
830	06.09.20 10:57:49	1,11	3,76	49,91	-11,73	28,37
831	06.09.20 10:57:50	1,07	3,73	47,97	-11,83	30,20
832	06.09.20 10:57:51	1,11	3,71	50,51	-14,54	24,95
833	06.09.20 10:57:52	1,11	3,74	51,97	-15,13	22,89
834	06.09.20 10:57:53	1,11	3,69	48,69	-11,98	29,33
835	06.09.20 10:57:54	1,11	3,64	45,18	-10,29	34,53
836	06.09.20 10:57:55	1,11	3,60	53,96	-6,75	29,29
837	06.09.20 10:57:56	1,11	3,55	52,10	-2,60	35,30
838	06.09.20 10:57:57	1,11	3,48	44,75	1,54	43,71
839	06.09.20 10:57:58	1,11	3,39	39,88	4,98	45,14
840	06.09.20 10:57:59	1,11	3,32	41,68	4,64	43,67
841	06.09.20 10:58:00	1,11	3,25	38,72	4,96	46,31
842	06.09.20 10:58:01	1,11	3,14	34,71	5,03	50,25
843	06.09.20 10:58:02	1,15	3,02	32,45	7,16	50,39
844	06.09.20 10:58:03	1,19	2,91	29,10	11,42	49,48
845	06.09.20 10:58:04	1,23	2,82	25,44	13,94	50,62
846	06.09.20 10:58:05	1,27	2,71	24,86	15,28	49,86
847	06.09.20 10:58:06	1,34	2,63	25,56	13,02	51,42
848	06.09.20 10:58:07	1,38	2,52	26,10	13,11	50,79
849	06.09.20 10:58:08	1,46	2,43	24,37	11,43	54,20
850	06.09.20 10:58:09	1,50	2,30	25,45	10,00	54,55
851	06.09.20 10:58:10	1,61	2,22	27,86	10,92	51,22
852	06.09.20 10:58:11	1,69	2,13	33,97	8,49	47,54
853	06.09.20 10:58:12	1,73	2,07	33,92	2,98	53,10
854	06.09.20 10:58:13	1,81	1,98	28,90	-7,19	53,91
855	06.09.20 10:58:14	1,92	1,88	30,17	-8,04	51,79
856	06.09.20 10:58:15	2,03	1,82	33,93	-9,00	47,07
857	06.09.20 10:58:16	2,30	1,74	35,75	-8,97	45,27
858	06.09.20 10:58:17	2,45	1,61	37,09	-7,74	45,18
859	06.09.20 10:58:18	2,64	1,56	40,66	-8,03	41,31
860	06.09.20 10:58:19	2,90	1,50	32,34	-11,61	46,05
861	06.09.20 10:58:20	3,09	1,38	36,08	-5,99	47,93
862	06.09.20 10:58:21	3,27	1,26	33,96	-4,73	51,31
863	06.09.20 10:58:22	3,57	1,15	31,96	-7,24	50,80
864	06.09.20 10:58:23	3,83	1,11	25,71	-5,90	58,39
865	06.09.20 10:58:24	4,05	1,04	24,50	-4,89	60,61
866	06.09.20 10:58:25	4,34	0,93	25,01	-0,97	64,02
867	06.09.20 10:58:26	4,55	0,88	15,83	3,18	70,99
868	06.09.20 10:58:27	4,80	0,82	21,09	2,35	66,56
869	06.09.20 10:58:28	5,13	0,80	19,57	3,61	66,82
870	06.09.20 10:58:29	5,45	0,67	22,39	1,71	65,90
871	06.09.20 10:58:30	5,73	0,61	28,06	4,01	57,93
872	06.09.20 10:58:31	5,90	0,58	30,15	4,71	55,14
873	06.09.20 10:58:32	6,01	0,54	31,12	0,93	57,94
874	06.09.20 10:58:33	6,11	0,51	28,54	-4,29	57,16
875	06.09.20 10:58:34	6,25	0,50	29,51	-3,96	56,53
876	06.09.20 10:58:35	6,36	0,43	35,17	-1,82	53,01
877	06.09.20 10:58:36	6,46	0,45	32,50	-3,75	53,75
878	06.09.20 10:58:37	6,56	0,40	31,69	-1,89	56,42
879	06.09.20 10:58:38	6,63	0,36	27,57	-8,35	54,09
880	06.09.20 10:58:39	6,67	0,36	26,43	-8,91	54,65
881	06.09.20 10:58:40	6,74	0,33	28,34	-6,60	55,06
882	06.09.20 10:58:41	6,84	0,31	27,51	-6,96	55,53
883	06.09.20 10:58:42	6,94	0,26	30,95	-3,01	56,04
884	06.09.20 10:58:43	7,05	0,24	28,48	-3,85	57,67
885	06.09.20 10:58:44	7,18	0,17	28,97	-5,98	55,05
886	06.09.20 10:58:45	7,29	0,10	25,18	-3,88	60,95
887	06.09.20 10:58:46	7,46	0,10	24,43	0,17	65,41
888	06.09.20 10:58:47	7,59	0,06	20,90	0,06	69,04
889	06.09.20 10:58:48	7,66	0,08	17,93	3,53	68,54
890	06.09.20 10:58:49	7,73	0,06	20,39	9,64	59,97
891	06.09.20 10:58:50	7,80	0,01	24,24	11,53	54,23
892	06.09.20 10:58:51	7,86	0,01	22,55	5,63	61,82
893	06.09.20 10:58:52	8,00	0,00	19,47	6,18	64,35
894	06.09.20 10:58:53	8,06	0,00	22,67	7,68	59,64
895	06.09.20 10:58:54	8,13	0,00	18,97	5,09	65,94
896	06.09.20 10:58:55	8,20	0,00	24,53	4,05	61,42
897	06.09.20 10:58:56	8,27	0,00	21,77	-11,00	57,24
898	06.09.20 10:58:57	8,37	0,00	17,08	-5,62	67,31
899	06.09.20 10:58:58	8,47	0,00	20,09	-10,43	59,48
900	06.09.20 10:58:59	8,60	0,00	26,08	9,17	54,75
901	06.09.20 10:59:00	8,70	0,00	21,07	3,11	65,82
902	06.09.20 10:59:01	8,80	0,00	22,69	2,15	65,16
903	06.09.20 10:59:02	8,90	0,00	16,25	-5,50	68,25
904	06.09.20 10:59:03	9,00	0,00	19,66	-6,10	64,24
905	06.09.20 10:59:04	9,07	0,00	25,18	8,27	56,55
906	06.09.20 10:59:05	9,13	0,00	25,65	8,17	56,18
907	06.09.20 10:59:06	9,20	0,00	24,48	5,82	59,70
908	06.09.20 10:59:07	9,23	0,00	18,87	7,38	63,76
909	06.09.20 10:59:08	9,26	0,00	15,69	2,68	71,63
910	06.09.20 10:59:09	9,36	0,00	20,82	7,15	62,03
911	06.09.20 10:59:10	9,39	0,00	18,41	4,71	66,88
912	06.09.20 10:59:11	9,46	0,00	21,76	3,56	64,68
913	06.09.20 10:59:12	9,53	0,00	12,57	4,52	72,91
914	06.09.20 10:59:13	9,62	0,00	10,56	5,64	73,80
915	06.09.20 10:59:14	9,72	0,00	18,90	-4,93	66,17
916	06.09.20 10:59:15	9,79	0,00	11,18	2,99	75,83
917	06.09.20 10:59:16	9,85	0,00	15,39	7,18	67,43
918	06.09.20 10:59:17	9,89	0,00	11,57	13,74	64,70
919	06.09.20 10:59:18	9,98	0,00	11,67	6,72	71,61
920	06.09.20 10:59:19	10,05	0,00	12,66	7,46	69,88
921	06.09.20 10:59:20	10,11	0,00	10,76	5,47	73,76
922	06.09.20 10:59:21	10,11	0,00	16,23	6,77	66,99
923	06.09.20 10:59:22	10,15	0,00	20,39	3,71	65,90
924	06.09.20 10:59:23	10,18	0,00	22,00	1,66	66,34
925	06.09.20 10:59:24	10,24	0,00	24,15	-8,82	57,04
926	06.09.20 10:59:25	10,31	0,00	15,28	-20,54	54,18
927	06.09.20 10:59:26	10,34	0,00	17,07	-8,67	64,26
928	06.09.20 10:59:27	10,37	0,00	16,35	-9,75	63,90
929	06.09.20 10:59:28	10,37	0,00	24,67	-5,02	60,31
930	06.09.20 10:59:29	10,41	0,00	23,04	-0,28	66,68
931	06.09.20 10:59:30	10,44	0,00	26,12	1,12	62,76
932	06.09.20 10:59:31	10,50	0,00	24,43	7,36	58,21
933	06.09.20 10:59:32	10,57	0,00	26,84	9,31	53,85
934	06.09.20 10:59:33	10,63	0,00	23,91	-0,56	65,53
935	06.09.20 10:59:34	10,70	0,00	22,84	1,71	65,45
936	06.09.20 10:59:35	10,76	0,00	18,63	-4,32	67,05
937	06.09.20 10:59:36	10,79	0,00	21,13	-3,79	65,09
938	06.09.20 10:59:37	10,86	0,00	18,85	-10,14	61,01
939	06.09.20 10:59:38	10,86	0,00	23,04	-6,17	60,79
940	06.09.20 10:59:39	10,86	0,00	30,45	0,47	59,08
941	06.09.20 10:59:40	10,86	0,00	36,70	-4,08	49,22
942	06.09.20 10:59:41	10,89	0,00	19,23	-12,35	58,42
943	06.09.20 10:59:42	10,92	0,00	28,32	-2,23	59,45
944	06.09.20 10:59:43	10,99	0,00	28,63	1,04	60,34
945	06.09.20 10:59:44	11,02	0,00	24,31	1,86	63,83
946	06.09.20 10:59:45	11,05	0,00	19,46	-6,48	64,06
947	06.09.20 10:59:46	11,11	0,00	23,34	5,04	61,62
948	06.09.20 10:59:47	11,15	0,00	21,53	4,10	64,37
949	06.09.20 10:59:48	11,18	0,00	18,36	5,04	66,61
950	06.09.20 10:59:49	11,21	0,00	26,81	5,34	57,85
951	06.09.20 10:59:50	11,24	0,00	21,16	6,23	62,62
952	06.09.20 10:59:51	11,31	0,00	20,25	11,38	58,36
953	06.09.20 10:59:52	11,34	0,00	26,33	0,95	62,72
954	06.09.20 10:59:53	11,37	0,00	22,30	3,98	63,72
955	06.09.20 10:59:54	11,40	0,00	25,12	7,54	57,33
956	06.09.20 10:59:55	11,40	0,00	18,68	5,83	65,49
957	06.09.20 10:59:56	11,43	0,00	22,14	-1,59	66,27
958	06.09.20 10:59:57	11,46	0,00	10,99	9,96	69,05
959	06.09.20 10:59:58	11,50	0,00	5,78	4,23	79,99
960	06.09.20 10:59:59	11,53	0,00	7,29	6,58	76,13
961	06.09.20 11:00:00	11,56	0,00	22,35	-4,77	62,88
962	06.09.20 11:00:01	11,62	0,00	16,30	5,47	68,22
963	06.09.20 11:00:02	11,66	0,00	17,78	8,18	64,04
964	06.09.20 11:00:03	11,72	0,00	22,48	11,34	56,18
965	06.09.20 11:00:04	11,78	0,00	22,20	-1,99	65,82
966	06.09.20 11:00:05	11,78	0,00	25,14	12,07	52,79
967	06.09.20 11:00:06	11,81	0,00	24,98	3,54	61,48
968	06.09.20 11:00:07	11,85	0,00	38,92	1,33	49,75
969	06.09.20 11:00:08	11,85	0,00	20,43	-3,87	65,70
970	06.09.20 11:00:09	11,91	0,00	28,92	2,03	59,05
971	06.09.20 11:00:10	11,91	0,00	18,74	3,50	67,76
972	06.09.20 11:00:11	11,94	0,00	25,01	-1,80	63,19
973	06.09.20 11:00:12	11,97	0,00	14,00	-6,56	69,44
974	06.09.20 11:00:13	12,00	0,00	15,31	-12,30	62,39
975	06.09.20 11:00:14	12,04	0,00	26,28	-6,48	57,24
976	06.09.20 11:00:15	12,07	0,00	10,05	-25,94	54,01
977	06.09.20 11:00:16	12,10	0,00	19,05	-10,15	60,79
978	06.09.20 11:00:17	12,13	0,00	34,97	4,06	50,97
979	06.09.20 11:00:18	12,16	0,00	30,47	-5,11	54,43
980	06.09.20 11:00:19	12,19	0,00	25,84	-4,45	59,71
981	06.09.20 11:00:20	12,23	0,00	18,62	-4,06	67,32
982	06.09.20 11:00:21	12,29	0,00	23,52	-6,52	59,96
983	06.09.20 11:00:22	12,32	0,00	35,84	-1,94	52,22
984	06.09.20 11:00:23	12,35	0,00	28,62	2,26	59,12
985	06.09.20 11:00:24	12,38	0,00	42,70	-16,91	30,40
986	06.09.20 11:00:25	12,41	0,00	59,05	-22,46	8,49
987	06.09.20 11:00:26	12,41	0,00	56,63	-12,04	21,33
988	06.09.20 11:00:27	12,51	0,00	50,53	-10,86	28,61
989	06.09.20 11:00:28	12,57	0,00	51,37	-20,13	18,50
990	06.09.20 11:00:29	12,60	0,00	50,00	-27,75	12,25
991	06.09.20 11:00:30	12,57	0,00	57,50	-24,40	8,11
992	06.09.20 11:00:31	12,54	0,00	53,14	-27,83	9,03
993	06.09.20 11:00:32	12,48	0,00	57,61	-24,55	7,84
994	06.09.20 11:00:33	12,41	0,00	57,33	-24,21	8,46
995	06.09.20 11:00:34	12,35	0,00	56,85	-25,11	8,05
996	06.09.20 11:00:35	12,32	0,00	50,37	-32,12	7,50
997	06.09.20 11:00:36	12,29	0,01	54,47	-27,10	8,43
998	06.09.20 11:00:37	12,23	0,01	58,30	-24,38	7,32
999	06.09.20 11:00:38	12,19	0,01	64,09	-19,16	6,75
1000	06.09.20 11:00:39	12,16	0,03	60,05	-22,21	7,74
1001	06.09.20 11:00:40	12,13	0,03	75,36	-7,30	7,34
1002	06.09.20 11:00:41	12,10	0,03	52,81	29,15	8,05
1003	06.09.20 11:00:42	12,07	0,03	83,54	4,59	-1,87
1004	06.09.20 11:00:43	12,04	0,03	64,22	7,29	18,50
1005	06.09.20 11:00:44	12,04	0,03	71,21	-15,79	2,99
1006	06.09.20 11:00:45	12,00	0,06	74,67	-9,61	5,72
1007	06.09.20 11:00:46	11,97	0,06	68,96	-11,71	9,33
1008	06.09.20 11:00:47	11,94	0,06	51,46	-33,94	4,60
1009	06.09.20 11:00:48	11,91	0,08	53,45	-24,89	11,65
1010	06.09.20 11:00:49	11,91	0,08	53,28	-30,05	6,67
1011	06.09.20 11:00:50	11,91	0,08	52,53	-19,12	18,35
1012	06.09.20 11:00:51	11,88	0,10	65,78	-17,27	6,95
1013	06.09.20 11:00:52	11,85	0,08	81,71	0,14	8,15
1014	06.09.20 11:00:53	11,81	0,08	78,39	4,72	6,89
1015	06.09.20 11:00:54	11,81	0,08	78,12	4,89	6,99
1016	06.09.20 11:00:55	11,78	0,10	52,79	-29,43	7,78
1017	06.09.20 11:00:56	11,75	0,10	7,77	12,00	70,23
1018	06.09.20 11:00:57	11,72	0,10	-13,40	13,20	63,40
1019	06.09.20 11:00:58	11,72	0,13	-10,60	11,61	67,79
1020	06.09.20 11:00:59	11,69	0,10	-9,04	11,53	69,44
1021	06.09.20 11:01:00	11,69	0,10	-3,15	11,36	75,49
1022	06.09.20 11:01:01	11,66	0,13	-13,57	8,52	67,91
1023	06.09.20 11:01:02	11,66	0,13	-14,10	7,77	68,13
1024	06.09.20 11:01:03	11,66	0,13	-11,97	7,91	70,12
1025	06.09.20 11:01:04	11,62	0,10	-14,66	3,07	72,26
1026	06.09.20 11:01:05	11,59	0,08	-13,43	4,91	71,66
1027	06.09.20 11:01:06	11,59	0,10	-13,96	0,92	75,12
1028	06.09.20 11:01:07	11,59	0,10	-12,94	1,16	75,90
1029	06.09.20 11:01:08	11,56	0,10	-11,20	7,00	71,80
1030	06.09.20 11:01:09	11,53	0,10	-9,59	2,39	78,02
1031	06.09.20 11:01:10	11,53	0,13	-3,43	0,17	86,40
1032	06.09.20 11:01:11	11,53	0,13	-53,31	3,05	-33,64
1033	06.09.20 11:01:12	11,50	0,13	-3,11	-7,59	-79,30
1034	06.09.20 11:01:13	11,50	0,13	-4,66	-6,26	-79,07
1035	06.09.20 11:01:14	11,50	0,13	-3,40	-9,26	-77,34
1036	06.09.20 11:01:15	11,46	0,10	-3,26	-6,94	-79,80
1037	06.09.20 11:01:16	11,46	0,15	-3,20	-6,21	-80,59
1038	06.09.20 11:01:17	11,43	0,13	-1,23	-7,90	-80,88
1039	06.09.20 11:01:18	11,43	0,15	-3,10	-8,80	-78,09
1040	06.09.20 11:01:19	11,43	0,13	-2,55	-7,10	-80,35
1041	06.09.20 11:01:20	11,40	0,10	-0,42	-5,36	-84,22
1042	06.09.20 11:01:21	11,40	0,10	-1,94	-8,39	-79,67
1043	06.09.20 11:01:22	11,40	0,10	-2,43	-9,11	-78,45
1044	06.09.20 11:01:23	11,40	0,10	-9,97	-4,27	-75,75
1045	06.09.20 11:01:24	11,40	0,13	-0,33	-7,30	-82,37
1046	06.09.20 11:01:25	11,40	0,10	-2,04	-7,64	-80,32
1047	06.09.20 11:01:26	11,37	0,13	-2,25	-9,78	-77,97
1048	06.09.20 11:01:27	11,37	0,10	0,09	-7,78	-82,13
1049	06.09.20 11:01:28	11,37	0,13	-0,25	-6,28	-83,47
1050	06.09.20 11:01:29	11,37	0,13	-2,08	-8,62	-79,30
1051	06.09.20 11:01:30	11,37	0,10	-1,73	-10,27	-78,00
1052	06.09.20 11:01:31	11,34	0,13	0,27	-7,02	-82,72
1053	06.09.20 11:01:32	11,34	0,13	-0,19	-5,46	-84,35
1054	06.09.20 11:01:33	11,34	0,13	-1,85	-9,64	-78,51
1055	06.09.20 11:01:34	11,34	0,13	-1,26	-10,94	-77,80
1056	06.09.20 11:01:35	11,34	0,13	0,67	-4,13	-85,21
1057	06.09.20 11:01:36	11,34	0,15	0,60	-3,73	-85,67
1058	06.09.20 11:01:37	11,31	0,10	-0,28	-8,43	-81,29
1059	06.09.20 11:01:38	11,31	0,15	0,70	-7,14	-82,16
1060	06.09.20 11:01:39	11,31	0,13	-0,31	-5,25	-84,44
1061	06.09.20 11:01:40	11,31	0,13	-1,51	-5,38	-83,11
1062	06.09.20 11:01:41	11,31	0,13	-1,72	-7,30	-80,98
1063	06.09.20 11:01:42	11,31	0,13	-2,32	-6,89	-80,79
1064	06.09.20 11:01:43	11,31	0,13	-4,72	-4,20	-81,07
1065	06.09.20 11:01:44	11,31	0,13	-5,99	-6,54	-77,46
1066	06.09.20 11:01:45	11,27	0,13	-6,08	-6,25	-77,67
1067	06.09.20 11:01:46	11,27	0,13	-7,97	-6,31	-75,71
1068	06.09.20 11:01:47	11,27	0,13	-8,72	-6,43	-74,85
1069	06.09.20 11:01:48	11,27	0,13	-8,44	-5,01	-76,55
1070	06.09.20 11:01:49	11,27	0,13	-8,35	-8,79	-72,86
1071	06.09.20 11:01:50	11,27	0,13	-6,28	-6,03	-77,69
1072	06.09.20 11:01:51	11,27	0,13	-3,84	-7,37	-78,80
1073	06.09.20 11:01:52	11,27	0,13	-2,22	-6,70	-81,08
1074	06.09.20 11:01:53	11,27	0,10	-1,33	-8,06	-80,61
1075	06.09.20 11:01:54	11,27	0,13	0,33	-8,01	-81,66
1076	06.09.20 11:01:55	11,27	0,13	1,35	-6,48	-82,18
1077	06.09.20 11:01:56	11,27	0,10	1,16	-7,67	-81,17
1078	06.09.20 11:01:57	11,27	0,13	3,32	-8,48	-78,20
1079	06.09.20 11:01:58	11,27	0,10	3,09	-7,59	-79,32
1080	06.09.20 11:01:59	11,27	0,10	3,37	-6,96	-79,67
1081	06.09.20 11:02:00	11,27	0,13	1,66	-8,57	-79,76
1082	06.09.20 11:02:01	11,27	0,10	2,19	-8,28	-79,52
1083	06.09.20 11:02:02	11,27	0,10	2,38	-7,57	-80,05
1084	06.09.20 11:02:03	11,27	0,13	2,00	-8,59	-79,40
1085	06.09.20 11:02:04	11,27	0,13	3,06	-7,83	-79,11
1086	06.09.20 11:02:05	11,27	0,13	2,41	-8,86	-78,73
1087	06.09.20 11:02:06	11,27	0,13	-0,59	-8,14	-81,27
1088	06.09.20 11:02:07	11,27	0,10	0,50	-7,89	-81,61
1089	06.09.20 11:02:08	11,27	0,13	0,42	-9,28	-80,30
1090	06.09.20 11:02:09	11,27	0,13	0,06	-7,55	-82,39
1091	06.09.20 11:02:10	11,27	0,13	-1,24	-9,55	-79,21
1092	06.09.20 11:02:11	11,27	0,13	-1,99	-7,57	-80,44
1093	06.09.20 11:02:12	11,27	0,13	-0,09	-9,13	-80,78
1094	06.09.20 11:02:13	11,27	0,13	-0,18	-8,32	-81,49
1095	06.09.20 11:02:14	11,27	0,13	0,73	-9,57	-79,71
1096	06.09.20 11:02:15	11,27	0,13	0,75	-7,11	-82,14
1097	06.09.20 11:02:16	11,31	0,13	0,87	-9,42	-79,71
1098	06.09.20 11:02:17	11,31	0,13	1,30	-8,82	-79,88
1099	06.09.20 11:02:18	11,31	0,13	2,38	-8,72	-78,90
1100	06.09.20 11:02:19	11,31	0,13	1,85	-8,19	-79,96
1101	06.09.20 11:02:20	11,31	0,13	1,01	-9,80	-79,19
1102	06.09.20 11:02:21	11,31	0,13	0,43	-8,41	-81,16
1103	06.09.20 11:02:22	11,31	0,13	0,13	-8,33	-81,54
1104	06.09.20 11:02:23	11,31	0,13	0,92	-9,52	-79,56
1105	06.09.20 11:02:24	11,31	0,10	0,68	-8,96	-80,36
1106	06.09.20 11:02:25	11,31	0,13	0,83	-8,65	-80,51
1107	06.09.20 11:02:26	11,31	0,13	1,85	-8,38	-79,77
1108	06.09.20 11:02:27	11,31	0,10	1,85	-8,89	-79,26
1109	06.09.20 11:02:28	11,31	0,10	1,30	-8,96	-79,74
1110	06.09.20 11:02:29	11,34	0,13	2,02	-7,62	-80,36
1111	06.09.20 11:02:30	11,34	0,13	0,52	-10,23	-79,25
1112	06.09.20 11:02:31	11,34	0,10	1,34	-8,66	-80,00
1113	06.09.20 11:02:32	11,34	0,10	1,59	-7,71	-80,70
1114	06.09.20 11:02:33	11,34	0,13	1,40	-9,55	-79,05
1115	06.09.20 11:02:34	11,34	0,10	0,90	-8,89	-80,21
1116	06.09.20 11:02:35	11,34	0,13	0,97	-8,30	-80,72
1117	06.09.20 11:02:36	11,34	0,10	1,16	-9,38	-79,46
1118	06.09.20 11:02:37	11,34	0,13	0,97	-8,81	-80,22
1119	06.09.20 11:02:38	11,37	0,10	1,36	-7,89	-80,74
1120	06.09.20 11:02:39	11,37	0,10	0,48	-10,21	-79,31
1121	06.09.20 11:02:40	11,37	0,10	1,03	-7,53	-81,44
1122	06.09.20 11:02:41	11,37	0,10	0,98	-9,64	-79,38
1123	06.09.20 11:02:42	11,37	0,10	1,14	-8,42	-80,44
1124	06.09.20 11:02:43	11,37	0,10	0,97	-8,97	-80,06
1125	06.09.20 11:02:44	11,37	0,13	0,93	-9,32	-79,75
1126	06.09.20 11:02:45	11,40	0,10	1,35	-8,24	-80,41
1127	06.09.20 11:02:46	11,40	0,10	1,03	-9,13	-79,84
1128	06.09.20 11:02:47	11,40	0,10	0,65	-8,98	-80,37
1129	06.09.20 11:02:48	11,40	0,10	0,65	-8,73	-80,62
1130	06.09.20 11:02:49	11,40	0,10	1,41	-8,93	-79,66
1131	06.09.20 11:02:50	11,40	0,10	2,08	-7,69	-80,24
1132	06.09.20 11:02:51	11,40	0,10	0,82	-10,50	-78,69
1133	06.09.20 11:02:52	11,40	0,13	1,00	-6,88	-82,12
1134	06.09.20 11:02:53	11,40	0,10	1,14	-9,51	-79,35
1135	06.09.20 11:02:54	11,40	0,10	1,38	-8,82	-79,80
1136	06.09.20 11:02:55	11,43	0,13	1,63	-8,90	-79,47
1137	06.09.20 11:02:56	11,43	0,13	1,08	-8,66	-80,26
1138	06.09.20 11:02:57	11,43	0,13	1,64	-9,14	-79,22
1139	06.09.20 11:02:58	11,43	0,15	0,43	-8,79	-80,78
1140	06.09.20 11:02:59	11,43	0,13	1,06	-8,28	-80,66
1141	06.09.20 11:03:00	11,43	0,13	1,54	-9,25	-79,21
1142	06.09.20 11:03:01	11,43	0,13	0,25	-9,17	-80,58
1143	06.09.20 11:03:02	11,43	0,10	0,40	-9,32	-80,27
1144	06.09.20 11:03:03	11,46	0,13	0,88	-8,09	-81,03
1145	06.09.20 11:03:04	11,46	0,13	1,09	-9,98	-78,92
1146	06.09.20 11:03:05	11,46	0,13	1,07	-7,98	-80,94
1147	06.09.20 11:03:06	11,46	0,13	-0,22	-9,66	-80,12
1148	06.09.20 11:03:07	11,46	0,13	-0,49	-8,78	-80,72
1149	06.09.20 11:03:08	11,46	0,13	0,58	-8,87	-80,55
1150	06.09.20 11:03:09	11,46	0,13	0,03	-9,27	-80,70
1151	06.09.20 11:03:10	11,46	0,13	0,09	-9,19	-80,72
1152	06.09.20 11:03:11	11,50	0,13	-1,35	-9,05	-79,60
1153	06.09.20 11:03:12	11,50	0,13	-1,29	-8,68	-80,03
1154	06.09.20 11:03:13	11,50	0,10	0,49	-8,15	-81,35
1155	06.09.20 11:03:14	11,50	0,10	-0,24	-9,88	-79,87
1156	06.09.20 11:03:15	11,50	0,10	1,49	-7,74	-80,77
1157	06.09.20 11:03:16	11,50	0,13	-0,10	-10,02	-79,88
1158	06.09.20 11:03:17	11,50	0,10	-0,37	-8,99	-80,64
1159	06.09.20 11:03:18	11,53	0,10	1,52	-7,99	-80,50
1160	06.09.20 11:03:19	11,53	0,13	0,54	-9,59	-79,87
1161	06.09.20 11:03:20	11,53	0,10	1,24	-8,82	-79,94
1162	06.09.20 11:03:21	11,53	0,10	0,81	-8,07	-81,12
1163	06.09.20 11:03:22	11,53	0,13	0,31	-9,81	-79,87
1164	06.09.20 11:03:23	11,53	0,10	-0,27	-9,36	-80,37
1165	06.09.20 11:03:24	11,53	0,10	-0,16	-7,50	-82,35
1166	06.09.20 11:03:25	11,56	0,13	0,83	-9,88	-79,29
1167	06.09.20 11:03:26	11,56	0,13	0,21	-9,41	-80,37
1168	06.09.20 11:03:27	11,56	0,10	-0,52	-7,49	-81,99
1169	06.09.20 11:03:28	11,56	0,10	-0,06	-10,41	-79,53
1170	06.09.20 11:03:29	11,56	0,10	0,25	-7,09	-82,66
1171	06.09.20 11:03:30	11,59	0,10	0,87	-10,53	-78,60
1172	06.09.20 11:03:31	11,59	0,10	1,04	-7,36	-81,61
1173	06.09.20 11:03:32	11,59	0,10	0,00	-10,09	-79,91
1174	06.09.20 11:03:33	11,59	0,10	0,30	-8,90	-80,80
1175	06.09.20 11:03:34	11,59	0,10	0,40	-8,17	-81,43
1176	06.09.20 11:03:35	11,59	0,10	-0,52	-10,10	-79,38
1177	06.09.20 11:03:36	11,59	0,10	-0,35	-7,07	-82,57
1178	06.09.20 11:03:37	11,62	0,10	-0,46	-9,74	-79,80
1179	06.09.20 11:03:38	11,62	0,10	0,42	-8,61	-80,96
1180	06.09.20 11:03:39	11,62	0,10	0,09	-9,35	-80,56
1181	06.09.20 11:03:40	11,62	0,10	0,32	-8,38	-81,31
1182	06.09.20 11:03:41	11,62	0,10	-0,09	-9,35	-80,56
1183	06.09.20 11:03:42	11,62	0,10	-0,52	-9,16	-80,32
1184	06.09.20 11:03:43	11,66	0,13	-0,78	-8,64	-80,59
1185	06.09.20 11:03:44	11,66	0,13	-0,49	-9,19	-80,32
1186	06.09.20 11:03:45	11,66	0,13	0,06	-9,28	-80,66
1187	06.09.20 11:03:46	11,66	0,13	-0,19	-8,24	-81,57
1188	06.09.20 11:03:47	11,66	0,13	-0,43	-9,59	-79,98
1189	06.09.20 11:03:48	11,66	0,13	0,18	-8,55	-81,27
1190	06.09.20 11:03:49	11,69	0,10	-0,77	-9,56	-79,67
1191	06.09.20 11:03:50	11,69	0,13	-0,16	-7,40	-82,44
1192	06.09.20 11:03:51	11,69	0,10	-0,57	-10,68	-78,75
1193	06.09.20 11:03:52	11,69	0,13	-0,31	-7,60	-82,09
1194	06.09.20 11:03:53	11,69	0,13	0,16	-10,23	-79,61
1195	06.09.20 11:03:54	11,72	0,13	1,09	-8,42	-80,49
1196	06.09.20 11:03:55	11,72	0,10	-0,09	-8,90	-81,01
1197	06.09.20 11:03:56	11,72	0,13	-0,65	-9,26	-80,09
1198	06.09.20 11:03:57	11,72	0,10	1,10	-8,59	-80,31
1199	06.09.20 11:03:58	11,72	0,10	0,43	-8,88	-80,68
1200	06.09.20 11:03:59	11,72	0,13	0,68	-9,37	-79,95
1201	06.09.20 11:04:00	11,72	0,13	0,37	-8,08	-81,55
1202	06.09.20 11:04:01	11,75	0,10	-0,18	-10,37	-79,45
1203	06.09.20 11:04:02	11,75	0,13	-0,60	-7,74	-81,66
1204	06.09.20 11:04:03	11,75	0,10	-0,06	-9,10	-80,83
1205	06.09.20 11:04:04	11,75	0,10	0,15	-10,46	-79,40
1206	06.09.20 11:04:05	11,75	0,10	1,32	-7,45	-81,22
1207	06.09.20 11:04:06	11,78	0,10	1,08	-8,61	-80,31
1208	06.09.20 11:04:07	11,78	0,10	0,81	-10,28	-78,91
1209	06.09.20 11:04:08	11,78	0,10	1,50	-7,96	-80,54
1210	06.09.20 11:04:09	11,78	0,10	0,57	-8,97	-80,45
1211	06.09.20 11:04:10	11,78	0,10	-0,27	-9,24	-80,48
1212	06.09.20 11:04:11	11,78	0,10	1,08	-9,62	-79,30
1213	06.09.20 11:04:12	11,78	0,10	1,07	-9,13	-79,79
1214	06.09.20 11:04:13	11,81	0,13	0,90	-7,25	-81,85
1215	06.09.20 11:04:14	11,81	0,10	1,77	-10,75	-77,48
1216	06.09.20 11:04:15	11,81	0,13	1,95	-7,09	-80,95
1217	06.09.20 11:04:16	11,81	0,10	2,53	-10,04	-77,43
1218	06.09.20 11:04:17	11,81	0,08	2,47	-7,54	-79,98
1219	06.09.20 11:04:18	11,85	0,10	2,35	-10,07	-77,58
1220	06.09.20 11:04:19	11,85	0,10	1,36	-8,04	-80,60
1221	06.09.20 11:04:20	11,85	0,10	1,74	-9,09	-79,17
1222	06.09.20 11:04:21	11,85	0,10	1,12	-9,31	-79,58
1223	06.09.20 11:04:22	11,85	0,10	0,52	-8,56	-80,92
1224	06.09.20 11:04:23	11,85	0,10	0,76	-9,35	-79,89
1225	06.09.20 11:04:24	11,85	0,10	0,22	-7,39	-82,38
1226	06.09.20 11:04:25	11,88	0,10	1,03	-10,17	-78,80
1227	06.09.20 11:04:26	11,88	0,10	0,68	-7,80	-81,52
1228	06.09.20 11:04:27	11,88	0,10	1,08	-9,77	-79,15
1229	06.09.20 11:04:28	11,88	0,10	0,31	-7,72	-81,97
1230	06.09.20 11:04:29	11,88	0,13	1,50	-10,07	-78,43
1231	06.09.20 11:04:30	11,88	0,10	1,96	-6,59	-81,45
1232	06.09.20 11:04:31	11,91	0,13	0,65	-11,28	-78,07
1233	06.09.20 11:04:32	11,91	0,13	0,24	-8,63	-81,13
1234	06.09.20 11:04:33	11,91	0,13	-0,16	-8,23	-81,61
1235	06.09.20 11:04:34	11,91	0,13	-0,09	-10,04	-79,86
1236	06.09.20 11:04:35	11,91	0,13	0,37	-7,88	-81,75
1237	06.09.20 11:04:36	11,91	0,13	0,50	-9,27	-80,23
1238	06.09.20 11:04:37	11,91	0,13	-0,18	-9,50	-80,31
1239	06.09.20 11:04:38	11,91	0,13	0,81	-7,54	-81,65
1240	06.09.20 11:04:39	11,91	0,13	0,48	-9,80	-79,72
1241	06.09.20 11:04:40	11,91	0,10	-0,22	-8,61	-81,17
1242	06.09.20 11:04:41	11,94	0,13	-0,76	-8,60	-80,64
1243	06.09.20 11:04:42	11,94	0,10	-1,34	-10,42	-78,25
1244	06.09.20 11:04:43	11,94	0,13	-1,85	-8,21	-79,93
1245	06.09.20 11:04:44	11,94	0,13	-1,45	-8,96	-79,59
1246	06.09.20 11:04:45	11,94	0,10	-2,99	-8,61	-78,41
1247	06.09.20 11:04:46	11,97	0,13	-1,30	-9,66	-79,03
1248	06.09.20 11:04:47	11,97	0,15	-1,03	-8,28	-80,69
1249	06.09.20 11:04:48	11,97	0,10	-0,98	-9,33	-79,69
1250	06.09.20 11:04:49	11,97	0,13	-0,06	-9,12	-80,82
1251	06.09.20 11:04:50	11,97	0,10	0,46	-9,29	-80,25
1252	06.09.20 11:04:51	11,97	0,10	0,86	-8,56	-80,57
1253	06.09.20 11:04:52	11,97	0,10	0,13	-8,84	-81,03
1254	06.09.20 11:04:53	12,00	0,10	-0,24	-10,71	-79,04
1255	06.09.20 11:04:54	12,00	0,13	-0,03	-7,34	-82,63
1256	06.09.20 11:04:55	12,00	0,10	0,06	-11,33	-78,61
1257	06.09.20 11:04:56	12,00	0,13	-0,30	-8,73	-80,97
1258	06.09.20 11:04:57	12,00	0,10	1,26	-9,03	-79,71
1259	06.09.20 11:04:58	12,00	0,10	0,34	-9,27	-80,39
1260	06.09.20 11:04:59	12,04	0,13	0,28	-8,68	-81,05
1261	06.09.20 11:05:00	12,04	0,13	0,19	-8,70	-81,11
1262	06.09.20 11:05:01	12,04	0,10	-0,18	-9,71	-80,11
1263	06.09.20 11:05:02	12,04	0,10	0,84	-8,40	-80,76
1264	06.09.20 11:05:03	12,04	0,13	-1,06	-9,22	-79,72
1265	06.09.20 11:05:04	12,04	0,13	0,52	-9,21	-80,26
1266	06.09.20 11:05:05	12,07	0,10	0,59	-8,44	-80,97
1267	06.09.20 11:05:06	12,07	0,10	-0,06	-10,10	-79,83
1268	06.09.20 11:05:07	12,07	0,10	-0,43	-8,37	-81,21
1269	06.09.20 11:05:08	12,07	0,13	0,67	-8,19	-81,15
1270	06.09.20 11:05:09	12,07	0,10	-0,30	-10,96	-78,74
1271	06.09.20 11:05:10	12,07	0,10	-0,37	-7,39	-82,24
1272	06.09.20 11:05:11	12,10	0,10	0,60	-9,24	-80,16
1273	06.09.20 11:05:12	12,10	0,10	1,22	-9,39	-79,39
1274	06.09.20 11:05:13	12,10	0,10	2,03	-9,15	-78,82
1275	06.09.20 11:05:14	12,10	0,10	1,07	-9,00	-79,92
1276	06.09.20 11:05:15	12,10	0,08	0,84	-8,84	-80,32
1277	06.09.20 11:05:16	12,10	0,08	0,85	-9,42	-79,73
1278	06.09.20 11:05:17	12,13	0,08	0,46	-8,82	-80,72
1279	06.09.20 11:05:18	12,13	0,10	1,24	-8,70	-80,06
1280	06.09.20 11:05:19	12,13	0,08	0,74	-9,23	-80,03
1281	06.09.20 11:05:20	12,13	0,08	0,19	-9,19	-80,62
1282	06.09.20 11:05:21	12,13	0,10	0,43	-8,80	-80,77
1283	06.09.20 11:05:22	12,13	0,10	1,71	-9,17	-79,12
1284	06.09.20 11:05:23	12,16	0,13	1,26	-8,52	-80,22
1285	06.09.20 11:05:24	12,16	0,13	0,86	-9,88	-79,26
1286	06.09.20 11:05:25	12,16	0,13	0,85	-7,71	-81,45
1287	06.09.20 11:05:26	12,16	0,10	0,33	-10,53	-79,13
1288	06.09.20 11:05:27	12,16	0,10	1,23	-7,74	-81,03
1289	06.09.20 11:05:28	12,16	0,13	1,76	-10,30	-77,94
1290	06.09.20 11:05:29	12,16	0,13	0,82	-8,63	-80,54
1291	06.09.20 11:05:30	12,19	0,13	1,18	-9,95	-78,86
1292	06.09.20 11:05:31	12,19	0,13	0,61	-8,02	-81,37
1293	06.09.20 11:05:32	12,19	0,13	1,34	-9,03	-79,63
1294	06.09.20 11:05:33	12,19	0,10	1,43	-9,32	-79,25
1295	06.09.20 11:05:34	12,19	0,10	0,95	-9,65	-79,40
1296	06.09.20 11:05:35	12,19	0,10	0,50	-7,28	-82,23
1297	06.09.20 11:05:36	12,23	0,10	1,59	-10,19	-78,22
1298	06.09.20 11:05:37	12,23	0,10	1,20	-8,81	-79,99
1299	06.09.20 11:05:38	12,23	0,10	0,00	-8,87	-81,13
1300	06.09.20 11:05:39	12,23	0,10	-0,12	-9,01	-80,86
1301	06.09.20 11:05:40	12,23	0,10	-0,82	-9,65	-79,53
1302	06.09.20 11:05:41	12,23	0,10	-0,34	-7,90	-81,76
1303	06.09.20 11:05:42	12,23	0,10	-0,76	-9,62	-79,62
1304	06.09.20 11:05:43	12,23	0,10	-0,73	-9,00	-80,27
1305	06.09.20 11:05:44	12,26	0,13	-1,42	-9,27	-79,31
1306	06.09.20 11:05:45	12,26	0,10	-0,22	-8,81	-80,97
1307	06.09.20 11:05:46	12,26	0,10	-0,98	-9,47	-79,55
1308	06.09.20 11:05:47	12,26	0,10	-0,74	-8,92	-80,35
1309	06.09.20 11:05:48	12,26	0,10	-0,19	-9,04	-80,77
1310	06.09.20 11:05:49	12,26	0,10	-0,69	-9,57	-79,73
1311	06.09.20 11:05:50	12,29	0,10	0,28	-7,90	-81,82
1312	06.09.20 11:05:51	12,29	0,10	-0,43	-9,50	-80,07
1313	06.09.20 11:05:52	12,29	0,10	-0,53	-8,57	-80,90
1314	06.09.20 11:05:53	12,29	0,10	-0,09	-10,38	-79,53
1315	06.09.20 11:05:54	12,29	0,10	0,28	-6,87	-82,85
1316	06.09.20 11:05:55	12,29	0,10	0,18	-10,79	-79,03
1317	06.09.20 11:05:56	12,29	0,10	0,38	-6,91	-82,72
1318	06.09.20 11:05:57	12,32	0,10	1,02	-9,80	-79,17
1319	06.09.20 11:05:58	12,32	0,08	-0,40	-9,16	-80,44
1320	06.09.20 11:05:59	12,32	0,13	0,69	-8,94	-80,37
1321	06.09.20 11:06:00	12,32	0,13	0,56	-8,22	-81,22
1322	06.09.20 11:06:01	12,32	0,10	0,31	-10,15	-79,54
1323	06.09.20 11:06:02	12,32	0,10	-0,84	-10,10	-79,06
1324	06.09.20 11:06:03	12,35	0,10	0,44	-7,05	-82,51
1325	06.09.20 11:06:04	12,35	0,08	-0,46	-9,92	-79,62
1326	06.09.20 11:06:05	12,35	0,10	-0,18	-9,82	-80,00
1327	06.09.20 11:06:06	12,35	0,10	0,13	-8,33	-81,54
1328	06.09.20 11:06:07	12,35	0,08	0,06	-9,54	-80,40
1329	06.09.20 11:06:08	12,35	0,10	-1,37	-9,37	-79,26
1330	06.09.20 11:06:09	12,35	0,08	0,28	-8,46	-81,27
1331	06.09.20 11:06:10	12,38	0,13	1,05	-9,04	-79,91
1332	06.09.20 11:06:11	12,38	0,13	0,22	-9,31	-80,47
1333	06.09.20 11:06:12	12,38	0,13	-0,53	-9,81	-79,66
1334	06.09.20 11:06:13	12,38	0,13	0,00	-7,86	-82,14
1335	06.09.20 11:06:14	12,38	0,13	0,97	-9,79	-79,25
1336	06.09.20 11:06:15	12,38	0,13	0,15	-8,60	-81,25
1337	06.09.20 11:06:16	12,38	0,10	0,44	-9,42	-80,14
1338	06.09.20 11:06:17	12,41	0,10	0,83	-9,04	-80,13
1339	06.09.20 11:06:18	12,41	0,13	0,06	-10,01	-79,93
1340	06.09.20 11:06:19	12,41	0,13	0,37	-7,99	-81,64
1341	06.09.20 11:06:20	12,41	0,13	0,74	-9,11	-80,15
1342	06.09.20 11:06:21	12,41	0,13	0,18	-9,66	-80,16
1343	06.09.20 11:06:22	12,41	0,13	0,50	-8,53	-80,97
1344	06.09.20 11:06:23	12,41	0,10	1,00	-9,74	-79,26
1345	06.09.20 11:06:24	12,41	0,13	-0,56	-8,55	-80,89
1346	06.09.20 11:06:25	12,41	0,10	-1,08	-8,46	-80,46
1347	06.09.20 11:06:26	12,45	0,08	0,03	-9,43	-80,53
1348	06.09.20 11:06:27	12,45	0,10	0,36	-9,90	-79,73
1349	06.09.20 11:06:28	12,45	0,13	0,03	-7,82	-82,15
1350	06.09.20 11:06:29	12,45	0,10	0,66	-9,21	-80,13
1351	06.09.20 11:06:30	12,45	0,10	-0,30	-10,17	-79,53
1352	06.09.20 11:06:31	12,45	0,10	0,77	-7,10	-82,12
1353	06.09.20 11:06:32	12,45	0,10	1,00	-10,34	-78,66
1354	06.09.20 11:06:33	12,48	0,10	-0,03	-7,57	-82,40
1355	06.09.20 11:06:34	12,48	0,10	0,49	-10,14	-79,37
1356	06.09.20 11:06:35	12,48	0,10	-0,37	-7,99	-81,64
1357	06.09.20 11:06:36	12,48	0,10	1,57	-8,61	-79,82
1358	06.09.20 11:06:37	12,48	0,10	-0,63	-10,26	-79,12
1359	06.09.20 11:06:38	12,48	0,10	0,65	-8,29	-81,05
1360	06.09.20 11:06:39	12,48	0,10	0,47	-8,62	-80,91
1361	06.09.20 11:06:40	12,48	0,10	1,23	-9,80	-78,98
1362	06.09.20 11:06:41	12,51	0,10	1,37	-8,41	-80,23
1363	06.09.20 11:06:42	12,51	0,10	-0,66	-9,08	-80,26
1364	06.09.20 11:06:43	12,51	0,10	-0,50	-8,14	-81,36
1365	06.09.20 11:06:44	12,51	0,08	-0,36	-9,89	-79,75
1366	06.09.20 11:06:45	12,51	0,10	0,50	-7,22	-82,28
1367	06.09.20 11:06:46	12,51	0,13	-0,15	-10,23	-79,62
1368	06.09.20 11:06:47	12,51	0,10	0,85	-7,37	-81,78
1369	06.09.20 11:06:48	12,54	0,10	0,06	-10,58	-79,36
1370	06.09.20 11:06:49	12,54	0,10	0,37	-7,26	-82,37
1371	06.09.20 11:06:50	12,54	0,10	1,06	-9,87	-79,07
1372	06.09.20 11:06:51	12,54	0,10	1,32	-8,40	-80,28
1373	06.09.20 11:06:52	12,54	0,10	-0,47	-9,50	-80,04
1374	06.09.20 11:06:53	12,54	0,08	1,04	-8,40	-80,56
1375	06.09.20 11:06:54	12,54	0,10	0,67	-8,85	-80,47
1376	06.09.20 11:06:55	12,57	0,10	0,15	-9,68	-80,17
1377	06.09.20 11:06:56	12,57	0,10	0,50	-8,21	-81,29
1378	06.09.20 11:06:57	12,57	0,10	-0,41	-10,50	-79,09
1379	06.09.20 11:06:58	12,57	0,08	-0,40	-8,25	-81,35
1380	06.09.20 11:06:59	12,57	0,10	1,12	-10,37	-78,51
1381	06.09.20 11:07:00	12,57	0,10	0,42	-8,18	-81,40
1382	06.09.20 11:07:01	12,57	0,08	1,14	-9,69	-79,17
1383	06.09.20 11:07:02	12,60	0,13	-0,39	-9,52	-80,09
1384	06.09.20 11:07:03	12,60	0,08	-0,74	-8,44	-80,82
1385	06.09.20 11:07:04	12,60	0,10	0,09	-8,63	-81,28
1386	06.09.20 11:07:05	12,60	0,10	1,14	-9,80	-79,05
1387	06.09.20 11:07:06	12,60	0,08	0,77	-8,49	-80,74
1388	06.09.20 11:07:07	12,60	0,08	1,98	-7,88	-80,14
1389	06.09.20 11:07:08	12,60	0,08	0,99	-10,25	-78,76
1390	06.09.20 11:07:09	12,63	0,10	1,09	-7,89	-81,03
1391	06.09.20 11:07:10	12,63	0,10	2,12	-9,05	-78,83
1392	06.09.20 11:07:11	12,63	0,13	2,65	-9,12	-78,23
1393	06.09.20 11:07:12	12,63	0,10	2,61	-8,48	-78,90
1394	06.09.20 11:07:13	12,63	0,10	0,92	-8,92	-80,16
1395	06.09.20 11:07:14	12,63	0,08	1,28	-9,28	-79,44
1396	06.09.20 11:07:15	12,63	0,10	-0,83	-8,62	-80,55
1397	06.09.20 11:07:16	12,67	0,10	1,87	-8,77	-79,36
1398	06.09.20 11:07:17	12,67	0,08	1,74	-9,72	-78,54
1399	06.09.20 11:07:18	12,67	0,10	1,53	-7,80	-80,67
1400	06.09.20 11:07:19	12,67	0,10	0,61	-9,95	-79,44
1401	06.09.20 11:07:20	12,67	0,10	2,13	-7,75	-80,12
1402	06.09.20 11:07:21	12,67	0,10	1,91	-10,22	-77,87
1403	06.09.20 11:07:22	12,67	0,10	0,49	-7,80	-81,71
1404	06.09.20 11:07:23	12,67	0,08	0,78	-9,29	-79,94
1405	06.09.20 11:07:24	12,70	0,10	0,43	-8,88	-80,69
1406	06.09.20 11:07:25	12,70	0,10	-0,46	-9,01	-80,53
1407	06.09.20 11:07:26	12,70	0,10	-0,79	-7,91	-81,30
1408	06.09.20 11:07:27	12,70	0,10	-1,46	-10,04	-78,50
1409	06.09.20 11:07:28	12,70	0,10	-0,06	-7,50	-82,44
1410	06.09.20 11:07:29	12,70	0,10	-1,17	-9,59	-79,24
1411	06.09.20 11:07:30	12,73	0,10	-0,59	-8,42	-80,99
1412	06.09.20 11:07:31	12,73	0,08	-1,57	-9,15	-79,28
1413	06.09.20 11:07:32	12,73	0,10	-0,82	-8,96	-80,22
1414	06.09.20 11:07:33	12,73	0,10	0,85	-7,75	-81,40
1415	06.09.20 11:07:34	12,73	0,10	0,53	-10,28	-79,19
1416	06.09.20 11:07:35	12,73	0,13	0,70	-8,35	-80,95
1417	06.09.20 11:07:36	12,73	0,08	0,00	-7,33	-82,67
1418	06.09.20 11:07:37	12,73	0,10	-0,95	-11,01	-78,04
1419	06.09.20 11:07:38	12,76	0,08	-0,49	-6,45	-83,06
1420	06.09.20 11:07:39	12,76	0,08	1,22	-9,46	-79,32
1421	06.09.20 11:07:40	12,76	0,08	-0,18	-10,10	-79,72
1422	06.09.20 11:07:41	12,76	0,10	-0,47	-8,05	-81,48
1423	06.09.20 11:07:42	12,76	0,08	-0,55	-10,29	-79,16
1424	06.09.20 11:07:43	12,76	0,08	-0,31	-7,28	-82,40
1425	06.09.20 11:07:44	12,76	0,08	1,37	-9,35	-79,27
1426	06.09.20 11:07:45	12,79	0,08	0,15	-9,48	-80,37
1427	06.09.20 11:07:46	12,79	0,08	-0,26	-7,52	-82,23
1428	06.09.20 11:07:47	12,79	0,08	0,58	-10,27	-79,15
1429	06.09.20 11:07:48	12,79	0,08	0,39	-9,26	-80,35
1430	06.09.20 11:07:49	12,79	0,10	0,06	-7,82	-82,12
1431	06.09.20 11:07:50	12,79	0,08	0,53	-9,07	-80,39
1432	06.09.20 11:07:51	12,79	0,10	0,18	-10,77	-79,05
1433	06.09.20 11:07:52	12,79	0,08	1,33	-7,96	-80,71
1434	06.09.20 11:07:53	12,82	0,08	1,10	-8,83	-80,08
1435	06.09.20 11:07:54	12,82	0,10	-0,43	-9,96	-79,61
1436	06.09.20 11:07:55	12,82	0,08	0,95	-8,32	-80,72
1437	06.09.20 11:07:56	12,82	0,08	2,86	-15,19	-71,94
1438	06.09.20 11:07:57	12,82	0,08	2,20	-14,16	-73,63
1439	06.09.20 11:07:58	12,82	0,08	14,36	-63,33	-12,32
1440	06.09.20 11:07:59	12,85	0,10	38,41	-48,10	3,49
1441	06.09.20 11:08:00	12,85	0,08	38,91	-36,83	-14,26
1442	06.09.20 11:08:01	12,85	0,08	48,15	-29,64	-12,22
1443	06.09.20 11:08:02	12,85	0,08	77,53	-7,06	-5,41
1444	06.09.20 11:08:03	12,85	0,08	48,54	-41,16	0,30
1445	06.09.20 11:08:04	12,85	0,08	38,94	-31,67	-19,39
1446	06.09.20 11:08:05	12,88	0,08	84,00	1,82	4,18
1447	06.09.20 11:08:06	12,88	0,10	66,27	-6,21	17,52
1448	06.09.20 11:08:07	12,88	0,08	6,92	-25,41	57,67
1449	06.09.20 11:08:08	12,88	0,10	-2,71	-48,41	38,88
1450	06.09.20 11:08:09	12,88	0,08	-22,97	-20,49	46,54
1451	06.09.20 11:08:10	12,92	0,10	-16,34	-38,01	35,65
1452	06.09.20 11:08:11	12,92	0,10	-27,05	-34,58	28,37
1453	06.09.20 11:08:12	12,92	0,08	-15,13	-30,61	44,26
1454	06.09.20 11:08:13	12,92	0,08	-10,66	-10,86	68,48
1455	06.09.20 11:08:14	12,92	0,08	-16,06	-8,15	65,79
1456	06.09.20 11:08:15	12,92	0,08	-12,75	-9,93	67,32
1457	06.09.20 11:08:16	12,95	0,10	-67,41	-3,73	-18,86
1458	06.09.20 11:08:17	13,01	0,03	23,45	-2,91	63,64
1459	06.09.20 11:08:18	13,04	0,06	-17,06	-14,19	58,75
1460	06.09.20 11:08:19	13,04	0,06	-28,09	-16,22	45,70
1461	06.09.20 11:08:20	13,07	0,06	-14,56	-26,03	49,41
1462	06.09.20 11:08:21	13,32	0,00	-4,67	-13,01	72,32
1463	06.09.20 11:08:22	13,60	0,00	-22,33	-49,10	18,57
1464	06.09.20 11:08:23	13,69	0,00	-52,82	-22,20	-14,98
1465	06.09.20 11:08:24	13,82	0,00	-13,30	-27,26	49,44
1466	06.09.20 11:08:25	13,88	0,00	-31,59	-40,27	18,14
1467	06.09.20 11:08:26	13,91	0,00	19,28	-19,38	51,34
1468	06.09.20 11:08:27	13,91	0,00	28,30	-13,91	47,79
1469	06.09.20 11:08:28	13,94	0,00	-6,05	-30,03	53,92
1470	06.09.20 11:08:29	13,97	0,00	-14,39	-27,02	48,59
1471	06.09.20 11:08:30	13,97	0,00	33,22	-11,85	44,94
1472	06.09.20 11:08:31	14,00	0,00	-49,91	-8,62	-31,47
1473	06.09.20 11:08:32	14,03	0,00	-27,85	-20,44	41,71
1474	06.09.20 11:08:33	14,03	0,00	-19,13	-25,06	45,80
1475	06.09.20 11:08:34	14,06	0,00	12,43	-19,73	57,84
1476	06.09.20 11:08:35	14,06	0,00	-8,10	-33,86	48,04
1477	06.09.20 11:08:36	14,06	0,00	-40,72	-13,01	-36,27
1478	06.09.20 11:08:37	14,09	0,00	27,43	-21,52	41,05
1479	06.09.20 11:08:38	14,09	0,00	0,09	-40,19	49,72
1480	06.09.20 11:08:39	14,13	0,00	-10,45	-39,58	39,96
1481	06.09.20 11:08:40	14,16	0,00	-15,22	-36,52	38,25
1482	06.09.20 11:08:41	14,19	0,00	-37,18	-39,40	13,42
1483	06.09.20 11:08:42	14,28	0,00	-34,52	-43,57	11,91
1484	06.09.20 11:08:43	14,34	0,00	-34,13	-55,78	0,09
1485	06.09.20 11:08:44	14,40	0,00	19,68	-31,21	39,11
1486	06.09.20 11:08:45	14,43	0,00	36,16	-15,49	38,35
1487	06.09.20 11:08:46	14,43	0,00	19,27	-25,62	45,12
1488	06.09.20 11:08:47	14,43	0,00	-9,02	-34,87	46,11
1489	06.09.20 11:08:48	14,46	0,00	-11,92	-28,37	49,71
1490	06.09.20 11:08:49	14,46	0,00	6,87	-78,22	4,91
1491	06.09.20 11:08:50	14,46	0,00	1,23	-87,30	1,47
1492	06.09.20 11:08:51	14,46	0,00	-22,44	-66,81	0,75
1493	06.09.20 11:08:52	14,49	0,00	-18,81	-69,25	1,94
1494	06.09.20 11:08:53	14,49	0,00	-8,20	-75,95	5,85
1495	06.09.20 11:08:54	14,49	0,00	-12,31	-74,14	3,55
1496	06.09.20 11:08:55	14,49	0,00	3,47	-63,18	23,34
1497	06.09.20 11:08:56	14,49	0,01	-25,18	-18,74	-46,08
1498	06.09.20 11:08:57	14,52	0,00	-28,45	-14,91	-46,64
1499	06.09.20 11:08:58	14,52	0,00	-29,69	-23,28	-37,03
1500	06.09.20 11:08:59	14,52	0,01	-4,13	-67,80	-18,07
1501	06.09.20 11:09:00	14,52	0,00	0,60	-68,86	20,55
1502	06.09.20 11:09:01	14,52	0,01	2,00	-66,71	-21,30
1503	06.09.20 11:09:02	14,52	0,01	9,73	-36,47	-43,81
1504	06.09.20 11:09:03	14,52	0,01	3,03	-3,28	-83,70
1505	06.09.20 11:09:04	14,52	0,00	1,63	-3,36	-85,01
1506	06.09.20 11:09:05	14,52	0,01	2,96	-1,36	-85,68
1507	06.09.20 11:09:06	14,52	0,01	3,57	-4,47	-81,96
1508	06.09.20 11:09:07	14,52	0,01	2,58	-2,05	-85,37
1509	06.09.20 11:09:08	14,52	0,03	2,79	-2,62	-84,59
1510	06.09.20 11:09:09	14,52	0,03	3,07	-3,45	-83,48
1511	06.09.20 11:09:10	14,52	0,01	2,63	-2,46	-84,91
1512	06.09.20 11:09:11	14,52	0,03	3,91	-1,63	-84,46
1513	06.09.20 11:09:12	14,52	0,03	2,09	-4,77	-83,14
1514	06.09.20 11:09:13	14,52	0,03	2,33	-1,65	-86,01
1515	06.09.20 11:09:14	14,52	0,03	2,05	-2,21	-85,73
1516	06.09.20 11:09:15	14,52	0,03	1,31	-4,57	-84,12
1517	06.09.20 11:09:16	14,52	0,03	1,99	-0,91	-87,09
1518	06.09.20 11:09:17	14,52	0,03	2,69	-3,53	-83,78
1519	06.09.20 11:09:18	14,52	0,06	2,33	-2,91	-84,76
1520	06.09.20 11:09:19	14,52	0,03	2,34	-2,59	-85,08
1521	06.09.20 11:09:20	14,52	0,06	2,34	-1,99	-85,66
1522	06.09.20 11:09:21	14,52	0,03	3,21	-3,90	-82,89
1523	06.09.20 11:09:22	14,52	0,03	3,64	-2,44	-83,92
1524	06.09.20 11:09:23	14,52	0,03	3,18	-3,04	-83,78
1525	06.09.20 11:09:24	14,52	0,03	2,68	-2,19	-85,13
1526	06.09.20 11:09:25	14,52	0,03	2,72	-3,45	-83,83
1527	06.09.20 11:09:26	14,52	0,03	2,63	-1,55	-85,82
1528	06.09.20 11:09:27	14,52	0,03	5,10	-2,76	-82,14
1529	06.09.20 11:09:28	14,52	0,06	2,87	-5,44	-81,69
1530	06.09.20 11:09:29	14,52	0,06	4,02	0,00	-85,98
1531	06.09.20 11:09:30	14,52	0,06	3,11	-3,56	-83,33
1532	06.09.20 11:09:31	14,52	0,03	2,94	-5,17	-81,88
1533	06.09.20 11:09:32	14,52	0,03	4,53	0,53	-84,95
1534	06.09.20 11:09:33	14,52	0,06	2,74	-4,86	-82,39
1535	06.09.20 11:09:34	14,52	0,06	3,56	-1,26	-85,18
1536	06.09.20 11:09:35	14,52	0,03	4,97	-2,73	-82,29
1537	06.09.20 11:09:36	14,52	0,06	3,80	-2,50	-83,70
1538	06.09.20 11:09:37	14,52	0,06	5,16	-3,06	-81,78
1539	06.09.20 11:09:38	14,52	0,06	3,02	-3,36	-83,62
1540	06.09.20 11:09:39	14,52	0,06	1,99	-2,54	-85,47
1541	06.09.20 11:09:40	14,52	0,06	4,49	-2,32	-83,19
1542	06.09.20 11:09:41	14,52	0,03	4,64	-3,81	-81,55
1543	06.09.20 11:09:42	14,52	0,03	3,16	-1,95	-84,88
1544	06.09.20 11:09:43	14,52	0,06	1,51	-3,20	-85,29
1545	06.09.20 11:09:44	14,52	0,06	1,70	-2,67	-85,64
1546	06.09.20 11:09:45	14,52	0,03	1,91	-2,94	-85,14
1547	06.09.20 11:09:46	14,52	0,06	1,46	-2,27	-86,26
1548	06.09.20 11:09:47	14,52	0,06	2,55	-4,12	-83,33
1549	06.09.20 11:09:48	14,52	0,03	1,94	-1,90	-86,16
1550	06.09.20 11:09:49	14,52	0,06	1,93	-2,87	-85,20
1551	06.09.20 11:09:50	14,52	0,06	2,36	-3,85	-83,79
1552	06.09.20 11:09:51	14,52	0,06	4,36	-1,54	-84,09
1553	06.09.20 11:09:52	14,52	0,03	3,53	-4,29	-82,18
1554	06.09.20 11:09:53	14,52	0,06	2,25	-2,36	-85,39
1555	06.09.20 11:09:54	14,52	0,06	4,81	-1,51	-83,68
1556	06.09.20 11:09:55	14,52	0,06	3,28	-4,86	-81,85
1557	06.09.20 11:09:56	14,52	0,03	4,53	-1,90	-83,57
1558	06.09.20 11:09:57	14,52	0,06	4,26	-2,75	-82,99
1559	06.09.20 11:09:58	14,52	0,06	1,91	-2,34	-85,75
1560	06.09.20 11:09:59	14,52	0,03	2,55	-3,71	-83,73
1561	06.09.20 11:10:00	14,52	0,06	4,76	-11,02	-74,22
1562	06.09.20 11:10:01	14,52	0,03	-86,12	-1,74	2,14
1563	06.09.20 11:10:02	14,52	0,03	-84,25	1,11	-4,64
1564	06.09.20 11:10:03	14,52	0,03	-86,11	-1,65	-2,24
1565	06.09.20 11:10:04	14,52	0,06	-82,93	3,19	-3,88
1566	06.09.20 11:10:05	14,56	0,06	-85,49	-0,23	-4,28
1567	06.09.20 11:10:06	14,56	0,03	-86,16	-0,73	-3,11
1568	06.09.20 11:10:07	14,56	0,06	-84,08	1,29	-4,63
1569	06.09.20 11:10:08	14,56	0,06	-85,72	-0,17	-4,11
1570	06.09.20 11:10:09	14,56	0,06	-86,67	-0,15	-3,18
1571	06.09.20 11:10:10	14,56	0,06	-85,30	0,00	-4,70
1572	06.09.20 11:10:11	14,56	0,06	-85,68	0,72	-3,60
1573	06.09.20 11:10:12	14,56	0,06	-85,29	0,48	-4,23
1574	06.09.20 11:10:13	14,56	0,06	-84,96	-1,45	-3,60
1575	06.09.20 11:10:14	14,56	0,06	-85,11	0,45	-4,44
1576	06.09.20 11:10:15	14,56	0,06	-84,52	1,06	-4,43
1577	06.09.20 11:10:16	14,56	0,06	-84,59	-1,69	-3,72
1578	06.09.20 11:10:17	14,56	0,06	-84,67	0,49	-4,85
1579	06.09.20 11:10:18	14,56	0,06	-85,04	0,60	-4,36
1580	06.09.20 11:10:19	14,56	0,06	-85,89	-1,55	-2,56
1581	06.09.20 11:10:20	14,56	0,06	-84,63	0,92	-4,45
1582	06.09.20 11:10:21	14,56	0,06	-85,48	-0,74	-3,78
1583	06.09.20 11:10:22	14,56	0,06	-86,05	0,31	-3,65
1584	06.09.20 11:10:23	14,56	0,06	-85,43	0,50	-4,07
1585	06.09.20 11:10:24	14,56	0,06	-86,44	-0,30	-3,26
1586	06.09.20 11:10:25	14,56	0,06	-84,42	0,56	-5,01
1587	06.09.20 11:10:26	14,56	0,03	-85,27	-0,35	-4,37
1588	06.09.20 11:10:27	14,56	0,06	-84,88	0,48	-4,65
1589	06.09.20 11:10:28	14,56	0,06	-84,82	-0,69	-4,49
1590	06.09.20 11:10:29	14,56	0,06	-86,41	-0,30	-3,29
1591	06.09.20 11:10:30	14,56	0,06	-83,58	1,73	-4,68
1592	06.09.20 11:10:31	14,56	0,06	-84,55	-1,60	-3,85
1593	06.09.20 11:10:32	14,56	0,08	-86,13	0,21	-3,65
1594	06.09.20 11:10:33	14,59	0,06	-84,44	1,16	-4,40
1595	06.09.20 11:10:34	14,59	0,08	-85,17	-0,27	-4,55
1596	06.09.20 11:10:35	14,59	0,08	-86,17	-0,69	-3,14
1597	06.09.20 11:10:36	14,59	0,08	-83,33	0,92	-5,75
1598	06.09.20 11:10:37	14,59	0,08	-84,50	-1,46	-4,04
1599	06.09.20 11:10:38	14,59	0,08	-84,88	1,02	-4,10
1600	06.09.20 11:10:39	14,59	0,08	-84,46	-0,86	-4,68
1601	06.09.20 11:10:40	14,59	0,08	-83,49	0,98	-5,54
1602	06.09.20 11:10:41	14,59	0,08	-85,45	-0,12	-4,44
1603	06.09.20 11:10:42	14,59	0,08	-85,63	-0,09	-4,28
1604	06.09.20 11:10:43	14,59	0,08	-85,27	0,33	-4,40
1605	06.09.20 11:10:44	14,59	0,08	-85,18	0,36	-4,46
1606	06.09.20 11:10:45	14,59	0,08	-85,00	0,21	-4,79
1607	06.09.20 11:10:46	14,59	0,08	-84,00	1,10	-4,90
1608	06.09.20 11:10:47	14,59	0,08	-84,30	-1,13	-4,57
1609	06.09.20 11:10:48	14,59	0,08	-84,13	0,62	-5,25
1610	06.09.20 11:10:49	14,59	0,08	-84,18	-1,50	-4,33
1611	06.09.20 11:10:50	14,59	0,06	-84,09	0,64	-5,28
1612	06.09.20 11:10:51	14,59	0,08	-84,31	-0,67	-5,02
1613	06.09.20 11:10:52	14,59	0,08	-76,29	-5,84	-7,87
1614	06.09.20 11:10:53	14,59	0,08	-9,64	6,35	-74,00
1615	06.09.20 11:10:54	14,62	0,08	-42,03	14,71	-33,26
1616	06.09.20 11:10:55	14,62	0,08	-61,68	-6,22	-22,10
1617	06.09.20 11:10:56	14,62	0,08	-68,44	-3,95	-17,61
1618	06.09.20 11:10:57	14,62	0,08	-67,09	-4,65	-18,26
1619	06.09.20 11:10:58	14,62	0,06	-63,78	-3,43	-22,79
1620	06.09.20 11:10:59	14,62	0,08	-65,84	-3,15	-21,01
1621	06.09.20 11:11:00	14,62	0,08	-68,46	-3,90	-17,64
1622	06.09.20 11:11:01	14,62	0,08	-65,62	-4,32	-20,06
1623	06.09.20 11:11:02	14,62	0,06	-69,36	-6,58	-14,05
1624	06.09.20 11:11:03	14,62	0,06	-67,77	-4,95	-17,28
1625	06.09.20 11:11:04	14,65	0,06	-61,77	-4,97	-23,26
1626	06.09.20 11:11:05	14,65	0,06	-62,82	-4,81	-22,37
1627	06.09.20 11:11:06	14,65	0,06	-58,33	-4,50	-27,17
1628	06.09.20 11:11:07	14,65	0,06	-63,85	-3,39	-22,76
1629	06.09.20 11:11:08	14,65	0,06	-63,93	-2,76	-23,31
1630	06.09.20 11:11:09	14,65	0,08	-62,07	-3,46	-24,48
1631	06.09.20 11:11:10	14,65	0,06	-63,55	-4,60	-21,85
1632	06.09.20 11:11:11	14,65	0,08	-64,05	-2,60	-23,35
1633	06.09.20 11:11:12	14,65	0,06	-57,60	-4,27	-28,13
1634	06.09.20 11:11:13	14,68	0,06	-65,25	-3,43	-21,32
1635	06.09.20 11:11:14	14,68	0,06	-66,25	-3,65	-20,10
1636	06.09.20 11:11:15	14,68	0,06	-64,83	-3,81	-21,36
1637	06.09.20 11:11:16	14,68	0,06	-62,37	-3,67	-23,96
1638	06.09.20 11:11:17	14,68	0,06	-65,05	-3,03	-21,92
1639	06.09.20 11:11:18	14,68	0,06	-60,73	-5,76	-23,51
1640	06.09.20 11:11:19	14,71	0,06	-57,12	-8,31	-24,57
1641	06.09.20 11:11:20	14,71	0,08	-60,38	-7,30	-22,33
1642	06.09.20 11:11:21	14,71	0,06	-60,69	-10,54	-18,77
1643	06.09.20 11:11:22	14,71	0,08	-53,37	-11,22	-25,41
1644	06.09.20 11:11:23	14,71	0,06	-57,87	-9,20	-22,93
1645	06.09.20 11:11:24	14,71	0,03	-54,61	-10,72	-24,67
1646	06.09.20 11:11:25	14,71	0,06	-33,39	1,03	55,57
1647	06.09.20 11:11:26	14,71	0,06	-35,74	-0,96	53,30
1648	06.09.20 11:11:27	14,71	0,06	-31,80	0,48	57,71
1649	06.09.20 11:11:28	14,71	0,06	-33,80	0,29	55,91
1650	06.09.20 11:11:29	14,71	0,06	-35,77	-1,75	52,48
1651	06.09.20 11:11:30	14,71	0,06	-31,10	1,25	57,65
1652	06.09.20 11:11:31	14,74	0,06	-36,56	-0,28	53,16
1653	06.09.20 11:11:32	14,74	0,06	-33,28	1,00	55,72
1654	06.09.20 11:11:33	14,74	0,08	-32,65	0,94	56,41
1655	06.09.20 11:11:34	14,74	0,06	-36,39	-1,07	52,54
1656	06.09.20 11:11:35	14,74	0,06	-30,92	3,03	56,05
1657	06.09.20 11:11:36	14,74	0,08	-34,05	1,30	54,65
1658	06.09.20 11:11:37	14,74	0,03	-33,50	1,93	54,57
1659	06.09.20 11:11:38	14,74	0,06	-34,20	0,66	55,14
1660	06.09.20 11:11:39	14,74	0,06	-33,28	0,28	56,43
1661	06.09.20 11:11:40	14,74	0,06	-34,84	1,89	53,27
1662	06.09.20 11:11:41	14,74	0,06	-32,50	2,49	55,01
1663	06.09.20 11:11:42	14,74	0,06	-35,91	1,00	53,08
1664	06.09.20 11:11:43	14,74	0,06	-31,63	1,88	56,48
1665	06.09.20 11:11:44	14,74	0,06	-35,61	0,18	54,21
1666	06.09.20 11:11:45	14,74	0,03	-32,51	2,60	54,89
1667	06.09.20 11:11:46	14,74	0,06	-33,47	1,82	54,71
1668	06.09.20 11:11:47	14,77	0,08	-33,66	1,38	54,96
1669	06.09.20 11:11:48	14,77	0,06	-35,90	0,27	53,83
1670	06.09.20 11:11:49	14,77	0,06	-30,23	3,03	56,74
1671	06.09.20 11:11:50	14,77	0,06	-36,16	1,37	52,48
1672	06.09.20 11:11:51	14,77	0,06	-33,98	0,83	55,20
1673	06.09.20 11:11:52	14,77	0,08	-32,09	2,22	55,69
1674	06.09.20 11:11:53	14,77	0,06	-34,97	0,77	54,26
1675	06.09.20 11:11:54	14,77	0,06	-32,26	0,88	56,86
1676	06.09.20 11:11:55	14,77	0,06	-35,20	1,66	53,14
1677	06.09.20 11:11:56	14,77	0,06	-33,33	2,14	54,52
1678	06.09.20 11:11:57	14,77	0,06	-34,01	2,75	53,23
1679	06.09.20 11:11:58	14,77	0,03	-32,41	3,00	54,60
1680	06.09.20 11:11:59	14,77	0,06	-34,13	1,94	53,92
1681	06.09.20 11:12:00	14,77	0,06	-33,53	2,16	54,31
1682	06.09.20 11:12:01	14,77	0,06	-31,89	4,71	53,39
1683	06.09.20 11:12:02	14,77	0,06	-36,85	1,12	52,03
1684	06.09.20 11:12:03	14,77	0,06	-31,35	3,52	55,14
1685	06.09.20 11:12:04	14,77	0,06	-34,91	2,60	52,49
1686	06.09.20 11:12:05	14,77	0,06	-32,49	3,23	54,28
1687	06.09.20 11:12:06	14,80	0,06	-33,37	2,61	54,02
1688	06.09.20 11:12:07	14,80	0,06	-36,17	1,83	52,00
1689	06.09.20 11:12:08	14,80	0,03	-31,74	3,03	55,23
1690	06.09.20 11:12:09	14,80	0,06	-35,89	2,65	51,46
1691	06.09.20 11:12:10	14,80	0,06	-32,79	2,38	54,84
1692	06.09.20 11:12:11	14,80	0,03	-33,33	2,39	54,28
1693	06.09.20 11:12:12	14,80	0,06	-35,40	1,51	53,08
1694	06.09.20 11:12:13	14,80	0,03	-32,66	3,14	54,20
1695	06.09.20 11:12:14	14,80	0,06	-33,92	2,56	53,52
1696	06.09.20 11:12:15	14,80	0,06	-32,07	2,90	55,03
1697	06.09.20 11:12:16	14,80	0,06	-36,46	2,39	51,16
1698	06.09.20 11:12:17	14,80	0,06	-31,81	2,74	55,45
1699	06.09.20 11:12:18	14,80	0,06	-35,56	2,13	52,32
1700	06.09.20 11:12:19	14,80	0,06	-30,51	3,97	55,52
1701	06.09.20 11:12:20	14,83	0,08	-36,89	1,45	51,66
1702	06.09.20 11:12:21	14,83	0,06	-31,49	3,37	55,14
1703	06.09.20 11:12:22	14,83	0,08	-34,11	1,66	54,23
1704	06.09.20 11:12:23	14,83	0,06	-34,46	1,04	54,49
1705	06.09.20 11:12:24	14,83	0,06	-32,29	3,17	54,54
1706	06.09.20 11:12:25	14,83	0,08	-34,84	1,09	54,07
1707	06.09.20 11:12:26	14,83	0,06	-32,46	2,28	55,26
1708	06.09.20 11:12:27	14,83	0,06	-34,93	1,20	53,86
1709	06.09.20 11:12:28	14,83	0,06	-32,63	1,69	55,68
1710	06.09.20 11:12:29	14,83	0,08	-33,91	2,17	53,92
1711	06.09.20 11:12:30	14,83	0,08	-34,36	2,75	52,90
1712	06.09.20 11:12:31	14,83	0,06	-33,01	2,70	54,29
1713	06.09.20 11:12:32	14,83	0,06	-34,26	2,11	53,62
1714	06.09.20 11:12:33	14,83	0,06	-33,73	2,58	53,69
1715	06.09.20 11:12:34	14,83	0,08	-33,60	2,44	53,96
1716	06.09.20 11:12:35	14,83	0,06	-33,26	2,46	54,28
1717	06.09.20 11:12:36	14,83	0,08	-33,64	2,18	54,18
1718	06.09.20 11:12:37	14,86	0,08	-34,35	3,03	52,62
1719	06.09.20 11:12:38	14,86	0,08	-31,88	3,09	55,03
1720	06.09.20 11:12:39	14,86	0,06	-34,41	2,31	53,28
1721	06.09.20 11:12:40	14,86	0,06	-33,87	2,11	54,02
1722	06.09.20 11:12:41	14,86	0,06	-32,25	3,79	53,96
1723	06.09.20 11:12:42	14,86	0,06	-34,66	2,57	52,76
1724	06.09.20 11:12:43	14,86	0,06	-32,57	1,90	55,53
1725	06.09.20 11:12:44	14,86	0,06	-33,99	3,00	53,01
1726	06.09.20 11:12:45	14,86	0,06	-33,49	3,13	53,38
1727	06.09.20 11:12:46	14,86	0,06	-33,69	2,69	53,62
1728	06.09.20 11:12:47	14,86	0,06	-33,28	1,77	54,95
1729	06.09.20 11:12:48	14,86	0,06	-33,93	2,88	53,19
1730	06.09.20 11:12:49	14,89	0,08	-33,05	2,55	54,40
1731	06.09.20 11:12:50	14,89	0,06	-36,15	1,05	52,80
1732	06.09.20 11:12:51	14,89	0,08	-31,21	3,62	55,17
1733	06.09.20 11:12:52	14,89	0,06	-40,04	1,02	48,94
1734	06.09.20 11:12:53	14,89	0,06	-29,15	4,09	56,76
1735	06.09.20 11:12:54	14,89	0,06	-37,30	0,86	51,84
1736	06.09.20 11:12:55	14,89	0,06	-31,59	2,39	56,02
1737	06.09.20 11:12:56	14,89	0,08	-33,65	2,15	54,20
1738	06.09.20 11:12:57	14,89	0,06	-34,17	1,79	54,04
1739	06.09.20 11:12:58	14,89	0,03	-33,58	1,16	55,27
1740	06.09.20 11:12:59	14,89	0,06	-34,35	1,69	53,96
1741	06.09.20 11:13:00	14,89	0,06	-33,60	-0,56	55,84
1742	06.09.20 11:13:01	14,89	0,06	-33,98	2,63	53,39
1743	06.09.20 11:13:02	14,89	0,06	-31,91	3,07	55,03
1744	06.09.20 11:13:03	14,89	0,08	-36,19	1,16	52,65
1745	06.09.20 11:13:04	14,89	0,08	-32,39	2,58	55,03
1746	06.09.20 11:13:05	14,89	0,06	-33,82	2,15	54,03
1747	06.09.20 11:13:06	14,89	0,06	-34,13	2,21	53,66
1748	06.09.20 11:13:07	14,89	0,06	-32,99	1,53	55,47
1749	06.09.20 11:13:08	14,92	0,06	-33,96	2,38	53,65
1750	06.09.20 11:13:09	14,92	0,03	-33,32	3,20	53,48
1751	06.09.20 11:13:10	14,92	0,06	-33,11	3,36	53,53
1752	06.09.20 11:13:11	14,92	0,08	-33,67	2,43	53,90
1753	06.09.20 11:13:12	14,92	0,06	-31,88	3,43	54,68
1754	06.09.20 11:13:13	14,92	0,06	-33,63	3,95	52,43
1755	06.09.20 11:13:14	14,92	0,08	-35,06	3,01	51,92
1756	06.09.20 11:13:15	14,92	0,06	-30,92	5,49	53,58
1757	06.09.20 11:13:16	14,92	0,06	-34,88	6,06	49,06
1758	06.09.20 11:13:17	14,92	0,06	-30,89	9,02	50,09
1759	06.09.20 11:13:18	14,92	0,06	-31,03	9,49	49,48
1760	06.09.20 11:13:19	14,92	0,06	-31,66	8,68	49,65
1761	06.09.20 11:13:20	14,92	0,06	-31,53	8,61	49,85
1762	06.09.20 11:13:21	14,95	0,06	-32,87	8,00	49,13
1763	06.09.20 11:13:22	14,95	0,06	-30,90	8,25	50,84
1764	06.09.20 11:13:23	14,95	0,06	-33,25	8,82	47,93
1765	06.09.20 11:13:24	14,95	0,06	-28,51	8,96	52,53
1766	06.09.20 11:13:25	14,95	0,03	-33,39	9,38	47,23
1767	06.09.20 11:13:26	14,95	0,03	-32,09	6,91	50,99
1768	06.09.20 11:13:27	14,95	0,06	-30,27	9,90	49,84
1769	06.09.20 11:13:28	14,95	0,06	-30,98	10,15	48,87
1770	06.09.20 11:13:29	14,95	0,06	-33,78	10,70	45,52
1771	06.09.20 11:13:30	14,95	0,06	-28,45	8,86	52,69
1772	06.09.20 11:13:31	14,95	0,06	-34,92	9,17	45,91
1773	06.09.20 11:13:32	14,95	0,03	-28,60	9,72	51,68
1774	06.09.20 11:13:33	14,95	0,06	-31,45	10,14	48,41
1775	06.09.20 11:13:34	14,98	0,06	-32,43	8,61	48,96
1776	06.09.20 11:13:35	14,98	0,06	-29,73	10,50	49,77
1777	06.09.20 11:13:36	14,98	0,06	-32,05	9,26	48,69
1778	06.09.20 11:13:37	14,98	0,06	-32,03	7,68	50,29
1779	06.09.20 11:13:38	14,98	0,06	-30,76	9,36	49,88
1780	06.09.20 11:13:39	14,98	0,06	-34,10	8,22	47,69
1781	06.09.20 11:13:40	14,98	0,03	-28,84	9,59	51,57
1782	06.09.20 11:13:41	14,98	0,06	-33,35	8,27	48,38
1783	06.09.20 11:13:42	14,98	0,06	-30,47	9,23	50,30
1784	06.09.20 11:13:43	14,98	0,06	-30,82	9,34	49,85
1785	06.09.20 11:13:44	14,98	0,03	-50,05	25,14	14,82
1786	06.09.20 11:13:45	14,98	0,06	-34,61	-0,43	54,96
1787	06.09.20 11:13:46	15,01	0,01	-61,11	-20,35	-8,54
1788	06.09.20 11:13:47	15,14	0,00	-54,57	-24,27	-11,16
1789	06.09.20 11:13:48	15,29	0,00	-1,48	38,04	50,48
1790	06.09.20 11:13:49	15,41	0,01	-54,21	0,23	35,56
1791	06.09.20 11:13:50	15,53	0,08	-10,01	41,63	38,35
1792	06.09.20 11:13:51	15,65	0,08	-16,10	5,67	68,23
1793	06.09.20 11:13:52	15,74	0,08	0,03	13,90	76,07
1794	06.09.20 11:13:53	15,77	0,08	-12,58	37,63	39,78
1795	06.09.20 11:13:54	15,83	0,08	-9,82	33,62	46,56
1796	06.09.20 11:13:55	15,89	0,06	-6,70	38,80	44,50
1797	06.09.20 11:13:56	15,99	0,06	3,80	31,99	54,21
1798	06.09.20 11:13:57	16,05	0,06	9,54	42,50	37,96
1799	06.09.20 11:13:58	16,08	0,10	-31,77	23,98	34,25
1800	06.09.20 11:13:59	16,11	0,13	0,16	-20,89	68,95
1801	06.09.20 11:14:00	16,08	0,15	-4,94	-28,85	56,21
1802	06.09.20 11:14:01	16,05	0,15	-8,00	-22,29	59,71
1803	06.09.20 11:14:02	16,02	0,15	32,28	2,66	55,06
1804	06.09.20 11:14:03	15,99	0,17	29,22	5,00	55,77
1805	06.09.20 11:14:04	15,96	0,17	30,15	2,66	57,19
1806	06.09.20 11:14:05	15,93	0,17	30,43	2,56	57,01
1807	06.09.20 11:14:06	15,93	0,19	30,33	3,75	55,92
1808	06.09.20 11:14:07	15,89	0,19	29,36	2,66	57,99
1809	06.09.20 11:14:08	15,89	0,22	32,13	4,00	53,87
1810	06.09.20 11:14:09	15,86	0,22	28,58	4,10	57,31
1811	06.09.20 11:14:10	15,86	0,19	30,41	3,48	56,11
1812	06.09.20 11:14:11	15,86	0,22	29,86	5,20	54,94
1813	06.09.20 11:14:12	15,86	0,24	29,29	5,73	54,98
1814	06.09.20 11:14:13	15,83	0,22	28,58	5,01	56,41
1815	06.09.20 11:14:14	15,83	0,22	31,76	6,65	51,59
1816	06.09.20 11:14:15	15,80	0,22	27,34	4,76	57,91
1817	06.09.20 11:14:16	15,80	0,22	30,76	5,03	54,20
1818	06.09.20 11:14:17	15,80	0,22	29,15	5,36	55,49
1819	06.09.20 11:14:18	15,77	0,22	30,60	4,11	55,29
1820	06.09.20 11:14:19	15,77	0,22	30,23	4,35	55,42
1821	06.09.20 11:14:20	15,77	0,22	29,33	4,26	56,42
1822	06.09.20 11:14:21	15,74	0,22	29,82	3,68	56,50
1823	06.09.20 11:14:22	15,74	0,22	29,71	2,90	57,39
1824	06.09.20 11:14:23	15,74	0,24	30,71	4,24	55,05
1825	06.09.20 11:14:24	15,74	0,24	30,21	2,94	56,85
1826	06.09.20 11:14:25	15,71	0,24	30,20	3,34	56,46
1827	06.09.20 11:14:26	15,71	0,24	28,82	4,17	57,01
1828	06.09.20 11:14:27	15,71	0,26	31,79	4,71	53,50
1829	06.09.20 11:14:28	15,71	0,24	29,03	3,84	57,13
1830	06.09.20 11:14:29	15,71	0,26	27,95	5,38	56,67
1831	06.09.20 11:14:30	15,68	0,24	33,02	5,01	51,97
1832	06.09.20 11:14:31	15,68	0,26	28,20	5,10	56,69
1833	06.09.20 11:14:32	15,68	0,24	29,06	5,04	55,90
1834	06.09.20 11:14:33	15,68	0,29	30,50	5,90	53,60
1835	06.09.20 11:14:34	15,68	0,26	27,85	4,39	57,76
1836	06.09.20 11:14:35	15,68	0,26	29,91	5,61	54,48
1837	06.09.20 11:14:36	15,68	0,26	30,12	4,91	54,98
1838	06.09.20 11:14:37	15,65	0,26	28,17	4,28	57,55
1839	06.09.20 11:14:38	15,65	0,24	31,90	4,67	53,43
1840	06.09.20 11:14:39	15,65	0,26	27,83	3,80	58,37
1841	06.09.20 11:14:40	15,65	0,26	30,78	4,81	54,41
1842	06.09.20 11:14:41	15,65	0,26	29,94	4,52	55,54
1843	06.09.20 11:14:42	15,65	0,26	28,08	5,09	56,83
1844	06.09.20 11:14:43	15,62	0,26	34,20	4,53	51,27
1845	06.09.20 11:14:44	15,62	0,29	26,21	4,58	59,21
1846	06.09.20 11:14:45	15,62	0,26	32,37	6,17	51,46
1847	06.09.20 11:14:46	15,62	0,29	28,10	4,74	57,16
1848	06.09.20 11:14:47	15,62	0,26	29,07	4,23	56,70
1849	06.09.20 11:14:48	15,62	0,26	31,84	5,93	52,24
1850	06.09.20 11:14:49	15,62	0,29	27,32	4,17	58,51
1851	06.09.20 11:14:50	15,62	0,26	33,06	5,86	51,08
1852	06.09.20 11:14:51	15,62	0,29	27,30	4,46	58,24
1853	06.09.20 11:14:52	15,62	0,29	30,33	3,96	55,70
1854	06.09.20 11:14:53	15,62	0,29	30,32	5,70	53,97
1855	06.09.20 11:14:54	15,62	0,26	29,73	3,18	57,09
1856	06.09.20 11:14:55	15,62	0,29	29,09	3,42	57,49
1857	06.09.20 11:14:56	15,62	0,29	33,06	4,06	52,88
1858	06.09.20 11:14:57	15,62	0,26	27,86	3,86	58,28
1859	06.09.20 11:14:58	15,59	0,29	32,98	4,39	52,62
1860	06.09.20 11:14:59	15,59	0,26	28,47	3,85	57,69
1861	06.09.20 11:15:00	15,59	0,29	30,26	4,40	55,34
1862	06.09.20 11:15:01	15,59	0,26	31,33	4,50	54,17
1863	06.09.20 11:15:02	15,59	0,26	27,55	3,88	58,57
1864	06.09.20 11:15:03	15,59	0,26	31,95	4,28	53,77
1865	06.09.20 11:15:04	15,59	0,26	30,15	3,81	56,04
1866	06.09.20 11:15:05	15,59	0,26	28,68	4,57	56,75
1867	06.09.20 11:15:06	15,59	0,26	30,58	3,60	55,82
1868	06.09.20 11:15:07	15,59	0,26	30,23	4,83	54,94
1869	06.09.20 11:15:08	15,59	0,29	29,86	3,59	56,55
1870	06.09.20 11:15:09	15,59	0,29	28,43	3,76	57,81
1871	06.09.20 11:15:10	15,59	0,26	31,99	5,00	53,01
1872	06.09.20 11:15:11	15,59	0,29	28,38	3,77	57,85
1873	06.09.20 11:15:12	15,59	0,29	29,33	4,92	55,74
1874	06.09.20 11:15:13	15,59	0,29	31,08	3,40	55,52
1875	06.09.20 11:15:14	15,59	0,26	29,67	3,50	56,83
1876	06.09.20 11:15:15	15,59	0,26	29,72	4,99	55,29
1877	06.09.20 11:15:16	15,59	0,29	28,68	3,74	57,58
1878	06.09.20 11:15:17	15,59	0,29	31,55	4,24	54,21
1879	06.09.20 11:15:18	15,59	0,26	27,71	3,69	58,59
1880	06.09.20 11:15:19	15,59	0,26	31,79	3,93	54,28
1881	06.09.20 11:15:20	15,59	0,26	29,92	2,92	57,16
1882	06.09.20 11:15:21	15,59	0,29	29,35	4,10	56,55
1883	06.09.20 11:15:22	15,59	0,26	30,87	4,32	54,81
1884	06.09.20 11:15:23	15,59	0,29	29,30	3,72	56,97
1885	06.09.20 11:15:24	15,59	0,26	31,15	4,48	54,36
1886	06.09.20 11:15:25	15,59	0,26	28,19	5,60	56,21
1887	06.09.20 11:15:26	15,59	0,29	30,70	3,73	55,57
1888	06.09.20 11:15:27	15,59	0,29	29,31	5,18	55,50
1889	06.09.20 11:15:28	15,59	0,29	30,01	3,98	56,01
1890	06.09.20 11:15:29	15,59	0,29	30,29	4,38	55,33
1891	06.09.20 11:15:30	15,59	0,26	29,25	4,43	56,32
1892	06.09.20 11:15:31	15,59	0,29	30,85	5,27	53,88
1893	06.09.20 11:15:32	15,59	0,26	29,33	3,49	57,18
1894	06.09.20 11:15:33	15,59	0,24	29,32	4,33	56,34
1895	06.09.20 11:15:34	15,59	0,26	30,96	3,90	55,14
1896	06.09.20 11:15:35	15,59	0,26	-6,86	-72,50	-10,64
1897	06.09.20 11:15:36	15,59	0,29	-18,44	-16,73	54,83
1898	06.09.20 11:15:37	15,62	0,24	-64,40	0,29	25,31
1899	06.09.20 11:15:38	15,74	0,19	-65,37	0,96	23,67
1900	06.09.20 11:15:39	15,86	0,19	-17,19	26,33	46,48
1901	06.09.20 11:15:40	15,96	0,15	6,73	36,38	46,89
1902	06.09.20 11:15:41	16,05	0,13	-17,32	29,04	43,64
1903	06.09.20 11:15:42	16,11	0,15	-19,81	21,68	48,51
1904	06.09.20 11:15:43	16,17	0,17	-23,01	-40,92	26,07
1905	06.09.20 11:15:44	16,17	0,19	-22,71	-36,13	31,16
1906	06.09.20 11:15:45	16,14	0,22	-22,86	-39,73	27,41
1907	06.09.20 11:15:46	16,11	0,22	6,14	-77,30	6,56
1908	06.09.20 11:15:47	16,08	0,22	-3,19	-75,30	11,50
1909	06.09.20 11:15:48	16,08	0,22	-0,97	-79,84	9,19
1910	06.09.20 11:15:49	16,05	0,19	2,67	-75,15	12,19
1911	06.09.20 11:15:50	16,05	0,22	55,92	-27,89	-6,20
1912	06.09.20 11:15:51	16,02	0,22	54,66	-17,11	-18,22
1913	06.09.20 11:15:52	16,02	0,22	41,80	-32,37	-15,83
1914	06.09.20 11:15:53	16,08	0,13	13,98	-73,48	-2,54
1915	06.09.20 11:15:54	16,26	0,08	-64,37	-18,26	7,38
1916	06.09.20 11:15:55	16,41	0,13	-30,53	-39,44	-20,03
1917	06.09.20 11:15:56	16,50	0,10	-52,56	1,99	-35,45
1918	06.09.20 11:15:57	16,56	0,13	-46,63	-3,94	-39,43
1919	06.09.20 11:15:58	16,59	0,13	-4,55	-77,05	-8,40
1920	06.09.20 11:15:59	16,65	0,10	-24,01	20,91	45,08
1921	06.09.20 11:16:00	16,71	0,08	-16,90	-19,60	53,50
1922	06.09.20 11:16:01	16,80	0,01	-22,82	-15,32	51,86
1923	06.09.20 11:16:02	16,89	0,01	-22,49	-30,03	37,49
1924	06.09.20 11:16:03	17,01	0,00	-70,52	-3,19	16,29
