#0	Date-time:	29/07/2020 4:48:24 PM
#1	Recorder:	67H0950
#2	File type:	1
#3	Columns:	7
#4	Channels:	5
#5	Field separation:	0
#6	Decimal point:	0
#7	Date def.:	0	0
#8	Time def.:	0
#9	Channel 1:	Temperature(°C)	Temp(°C)	2	1
#10	Channel 2:	Pressure(Bar)	Press(Bar)	2	1
#11	Reconvertion:	0
#14	Channel 3:	Tilt-X(°)	Tilt-X(°)	1	1
#18	Channel 4:	Tilt-Y(°)	Tilt-Y(°)	1	1
#19	Line color:	1	2	3	4
#22	Channel 5:	Tilt-Z(°)	Tilt-Z(°)	1	1
#30	Trend Type Number:	3
#33	Limit Temp. Corr. OTCR:	1
1	29.07.20 16:23:00	23,75	0,18	23,2	28,1	38,7
2	29.07.20 16:23:01	23,37	0,32	4,3	32,2	53,6
3	29.07.20 16:23:02	23,16	0,41	5,2	15,6	69,2
4	29.07.20 16:23:03	23,02	0,41	3,1	13,0	73,9
5	29.07.20 16:23:04	22,90	0,49	23,5	-0,8	65,6
6	29.07.20 16:23:05	22,81	0,44	24,8	-0,6	64,6
7	29.07.20 16:23:06	22,76	0,41	21,8	12,8	55,3
8	29.07.20 16:23:07	22,70	0,44	21,2	18,9	49,9
9	29.07.20 16:23:08	22,67	0,44	20,7	0,4	68,9
10	29.07.20 16:23:09	22,64	0,44	34,8	-6,4	48,8
11	29.07.20 16:23:10	22,58	0,41	27,3	1,5	61,2
12	29.07.20 16:23:11	22,52	0,39	23,2	-8,8	57,9
13	29.07.20 16:23:12	22,52	0,36	24,7	-3,2	62,1
14	29.07.20 16:23:13	22,49	0,39	20,7	3,3	66,0
15	29.07.20 16:23:14	22,43	0,39	18,9	-5,3	65,8
16	29.07.20 16:23:15	22,41	0,41	24,1	6,5	59,4
17	29.07.20 16:23:16	22,38	0,39	12,4	11,0	66,6
18	29.07.20 16:23:17	22,35	0,39	10,7	22,2	57,1
19	29.07.20 16:23:18	22,32	0,39	14,2	10,6	65,2
20	29.07.20 16:23:19	22,29	0,39	14,8	10,5	64,7
21	29.07.20 16:23:20	22,26	0,39	5,9	8,0	76,1
22	29.07.20 16:23:21	22,23	0,36	15,4	0,4	74,1
23	29.07.20 16:23:22	22,20	0,36	13,7	-4,0	72,3
24	29.07.20 16:23:23	22,17	0,34	15,4	-2,8	71,8
25	29.07.20 16:23:24	22,14	0,32	16,3	-3,9	69,8
26	29.07.20 16:23:25	22,11	0,34	17,6	-3,7	68,8
27	29.07.20 16:23:26	22,11	0,34	18,9	-1,9	69,2
28	29.07.20 16:23:27	22,08	0,34	16,1	-4,9	69,0
29	29.07.20 16:23:28	22,06	0,34	5,5	8,3	76,2
30	29.07.20 16:23:29	22,03	0,34	-2,2	16,2	71,6
31	29.07.20 16:23:30	22,00	0,36	7,4	4,6	78,0
32	29.07.20 16:23:31	21,94	0,36	10,7	12,8	66,5
33	29.07.20 16:23:32	21,94	0,39	16,2	9,8	64,0
34	29.07.20 16:23:33	21,91	0,39	13,6	10,5	65,9
35	29.07.20 16:23:34	21,91	0,39	13,7	7,8	68,5
36	29.07.20 16:23:35	21,88	0,39	13,1	9,6	67,3
37	29.07.20 16:23:36	21,88	0,41	19,2	12,3	58,5
38	29.07.20 16:23:37	21,85	0,41	19,2	12,3	58,5
39	29.07.20 16:23:38	21,82	0,41	23,6	6,1	60,4
40	29.07.20 16:23:39	21,82	0,41	23,9	1,5	64,6
41	29.07.20 16:23:40	21,79	0,41	30,1	0,2	59,7
42	29.07.20 16:23:41	21,79	0,41	24,8	2,9	62,4
43	29.07.20 16:23:42	21,76	0,41	25,3	4,7	60,0
44	29.07.20 16:23:43	21,76	0,41	22,6	5,8	61,6
45	29.07.20 16:23:44	21,76	0,41	21,0	9,0	60,0
46	29.07.20 16:23:45	21,73	0,44	27,6	8,2	54,2
47	29.07.20 16:23:46	21,71	0,41	25,6	13,0	51,3
48	29.07.20 16:23:47	21,71	0,41	21,5	12,0	56,5
49	29.07.20 16:23:48	21,68	0,36	23,7	4,6	61,7
50	29.07.20 16:23:49	21,65	0,39	21,7	5,2	63,1
51	29.07.20 16:23:50	21,65	0,36	16,7	4,5	68,7
52	29.07.20 16:23:51	21,65	0,39	15,5	10,0	64,4
53	29.07.20 16:23:52	21,62	0,41	15,9	14,8	59,4
54	29.07.20 16:23:53	21,59	0,41	15,3	8,8	65,9
55	29.07.20 16:23:54	21,59	0,41	19,5	8,8	61,8
56	29.07.20 16:23:55	21,59	0,41	18,1	2,9	69,0
57	29.07.20 16:23:56	21,56	0,39	16,0	4,3	69,7
58	29.07.20 16:23:57	21,56	0,39	12,1	8,3	69,6
59	29.07.20 16:23:58	21,53	0,41	10,5	12,2	67,3
60	29.07.20 16:23:59	21,53	0,44	13,9	7,3	68,8
61	29.07.20 16:24:00	21,53	0,41	16,1	7,4	66,5
62	29.07.20 16:24:01	21,50	0,44	16,0	5,4	68,7
63	29.07.20 16:24:02	21,50	0,41	16,8	2,0	71,2
64	29.07.20 16:24:03	21,47	0,41	7,3	11,7	71,0
65	29.07.20 16:24:04	21,47	0,39	11,4	10,6	67,9
66	29.07.20 16:24:05	21,47	0,39	10,2	14,2	65,5
67	29.07.20 16:24:06	21,44	0,41	10,4	17,0	62,6
68	29.07.20 16:24:07	21,44	0,41	12,4	19,6	58,0
69	29.07.20 16:24:08	21,41	0,41	11,8	21,8	56,4
70	29.07.20 16:24:09	21,41	0,44	10,2	29,5	50,2
71	29.07.20 16:24:10	21,41	0,44	14,4	25,3	50,3
72	29.07.20 16:24:11	21,41	0,44	18,2	23,0	48,8
73	29.07.20 16:24:12	21,38	0,49	21,4	22,2	46,4
74	29.07.20 16:24:13	21,38	0,46	17,1	27,3	45,6
75	29.07.20 16:24:14	21,38	0,46	17,4	22,5	50,1
76	29.07.20 16:24:15	21,35	0,46	17,7	22,3	49,9
77	29.07.20 16:24:16	21,35	0,44	18,3	23,0	48,7
78	29.07.20 16:24:17	21,35	0,46	18,4	22,9	48,7
79	29.07.20 16:24:18	21,35	0,49	20,5	19,5	50,0
80	29.07.20 16:24:19	21,33	0,49	19,3	18,9	51,8
81	29.07.20 16:24:20	21,33	0,46	19,1	19,8	51,1
82	29.07.20 16:24:21	21,33	0,46	21,4	18,8	49,8
83	29.07.20 16:24:22	21,30	0,46	20,5	17,8	51,7
84	29.07.20 16:24:23	21,30	0,46	23,5	18,1	48,4
85	29.07.20 16:24:24	21,30	0,46	20,4	18,1	51,5
86	29.07.20 16:24:25	21,27	0,50	23,8	17,8	48,4
87	29.07.20 16:24:26	21,27	0,46	24,9	15,3	49,8
88	29.07.20 16:24:27	21,27	0,50	25,9	12,0	52,2
89	29.07.20 16:24:28	21,24	0,50	27,6	15,8	46,6
90	29.07.20 16:24:29	21,24	0,50	24,7	20,7	44,6
91	29.07.20 16:24:30	21,24	0,46	21,3	22,9	45,9
92	29.07.20 16:24:31	21,24	0,50	21,9	20,7	47,3
93	29.07.20 16:24:32	21,24	0,50	24,8	17,0	48,2
94	29.07.20 16:24:33	21,21	0,52	26,5	17,5	46,1
95	29.07.20 16:24:34	21,21	0,55	29,5	15,9	44,6
96	29.07.20 16:24:35	21,21	0,55	30,5	12,0	47,5
97	29.07.20 16:24:36	21,21	0,55	29,9	11,1	48,9
98	29.07.20 16:24:37	21,18	0,57	28,9	9,8	51,3
99	29.07.20 16:24:38	21,18	0,57	29,4	8,0	52,6
100	29.07.20 16:24:39	21,15	0,59	26,7	8,0	55,2
101	29.07.20 16:24:40	21,15	0,59	33,7	5,2	51,1
102	29.07.20 16:24:41	21,15	0,61	35,2	4,9	49,9
103	29.07.20 16:24:42	21,15	0,63	37,3	5,2	47,6
104	29.07.20 16:24:43	21,15	0,61	36,5	4,3	49,2
105	29.07.20 16:24:44	21,15	0,63	36,9	3,3	49,8
106	29.07.20 16:24:45	21,12	0,63	34,1	8,1	47,8
107	29.07.20 16:24:46	21,12	0,63	34,5	10,5	45,0
108	29.07.20 16:24:47	21,12	0,65	34,4	10,0	45,6
109	29.07.20 16:24:48	21,09	0,65	35,3	6,0	48,7
110	29.07.20 16:24:49	21,09	0,65	35,1	3,3	51,6
111	29.07.20 16:24:50	21,09	0,65	35,7	4,2	50,2
112	29.07.20 16:24:51	21,09	0,67	36,1	4,6	49,3
113	29.07.20 16:24:52	21,09	0,67	34,9	6,1	49,0
114	29.07.20 16:24:53	21,09	0,67	34,1	7,5	48,3
115	29.07.20 16:24:54	21,09	0,70	34,1	7,9	48,0
116	29.07.20 16:24:55	21,06	0,69	36,6	7,4	46,0
117	29.07.20 16:24:56	21,06	0,69	33,6	8,2	48,2
118	29.07.20 16:24:57	21,03	0,67	28,6	8,8	52,6
119	29.07.20 16:24:58	21,03	0,71	33,9	6,0	50,0
120	29.07.20 16:24:59	21,03	0,74	35,2	4,6	50,2
121	29.07.20 16:25:00	21,00	0,76	36,1	2,9	51,0
122	29.07.20 16:25:01	21,00	0,78	36,2	1,4	52,4
123	29.07.20 16:25:02	21,00	0,81	35,6	1,3	53,1
124	29.07.20 16:25:03	21,00	0,83	34,9	0,1	55,0
125	29.07.20 16:25:04	21,00	0,85	33,2	-0,5	56,3
126	29.07.20 16:25:05	21,00	0,85	32,9	-0,4	56,6
127	29.07.20 16:25:06	21,00	0,88	30,8	-1,6	57,7
128	29.07.20 16:25:07	20,97	0,90	27,8	-3,0	59,2
129	29.07.20 16:25:08	20,97	0,92	23,9	-4,6	61,5
130	29.07.20 16:25:09	20,97	0,97	20,5	-6,2	63,3
131	29.07.20 16:25:10	20,97	0,99	19,7	-6,5	63,8
132	29.07.20 16:25:11	20,97	1,01	19,6	-6,2	64,2
133	29.07.20 16:25:12	20,94	1,01	20,1	-6,1	63,8
134	29.07.20 16:25:13	20,94	1,06	20,3	-6,6	63,1
135	29.07.20 16:25:14	20,94	1,06	21,8	-6,0	62,2
136	29.07.20 16:25:15	20,94	1,08	22,5	-4,5	63,0
137	29.07.20 16:25:16	20,94	1,13	23,1	-4,2	62,7
138	29.07.20 16:25:17	20,94	1,15	23,3	-3,9	62,8
139	29.07.20 16:25:18	20,92	1,17	24,0	-3,9	62,0
140	29.07.20 16:25:19	20,89	1,17	24,5	-4,4	61,1
141	29.07.20 16:25:20	20,89	1,22	22,9	-5,8	61,3
142	29.07.20 16:25:21	20,86	1,24	21,0	-6,3	62,7
143	29.07.20 16:25:22	20,86	1,28	19,9	-6,2	64,0
144	29.07.20 16:25:23	20,83	1,30	18,7	-7,2	64,1
145	29.07.20 16:25:24	20,80	1,32	18,6	-8,2	63,2
146	29.07.20 16:25:25	20,80	1,37	19,0	-8,0	63,0
147	29.07.20 16:25:26	20,80	1,39	19,3	-7,5	63,2
148	29.07.20 16:25:27	20,74	1,43	19,2	-7,3	63,5
149	29.07.20 16:25:28	20,68	1,45	18,6	-6,6	64,8
150	29.07.20 16:25:29	20,62	1,49	18,0	-5,8	66,1
151	29.07.20 16:25:30	20,53	1,53	18,5	-5,5	66,0
152	29.07.20 16:25:31	20,48	1,57	21,3	-4,9	63,8
153	29.07.20 16:25:32	20,42	1,59	25,0	-5,3	59,7
154	29.07.20 16:25:33	20,42	1,59	28,1	-5,4	56,5
155	29.07.20 16:25:34	20,39	1,58	32,1	-4,9	53,1
156	29.07.20 16:25:35	20,30	1,53	33,9	-5,3	50,8
157	29.07.20 16:25:36	20,21	1,57	34,7	-4,5	50,8
158	29.07.20 16:25:37	20,12	1,58	37,9	0,4	51,7
159	29.07.20 16:25:38	20,01	1,59	27,7	11,6	50,7
160	29.07.20 16:25:39	19,86	1,62	32,7	9,6	47,7
161	29.07.20 16:25:40	19,77	1,64	38,0	5,0	47,0
162	29.07.20 16:25:41	19,71	1,61	36,8	2,9	50,2
163	29.07.20 16:25:42	19,68	1,60	36,3	2,1	51,7
164	29.07.20 16:25:43	19,62	1,62	37,4	0,2	52,4
165	29.07.20 16:25:44	19,59	1,64	35,4	-3,5	51,1
166	29.07.20 16:25:45	19,56	1,64	34,8	-4,2	51,0
167	29.07.20 16:25:46	19,50	1,61	33,9	-5,0	51,1
168	29.07.20 16:25:47	19,48	1,61	30,5	-9,0	50,5
169	29.07.20 16:25:48	19,45	1,58	27,0	-11,0	52,1
170	29.07.20 16:25:49	19,42	1,58	25,7	-13,8	50,5
171	29.07.20 16:25:50	19,36	1,57	23,7	-16,3	50,0
172	29.07.20 16:25:51	19,33	1,57	21,8	-19,4	48,8
173	29.07.20 16:25:52	19,33	1,57	20,9	-20,6	48,5
174	29.07.20 16:25:53	19,30	1,59	20,1	-22,1	47,8
175	29.07.20 16:25:54	19,27	1,56	20,0	-23,5	46,5
176	29.07.20 16:25:55	19,24	1,56	19,0	-24,7	46,3
177	29.07.20 16:25:56	19,24	1,54	18,2	-23,1	48,6
178	29.07.20 16:25:57	19,21	1,56	17,6	-26,5	45,9
179	29.07.20 16:25:58	19,18	1,55	16,9	-27,3	45,8
180	29.07.20 16:25:59	19,18	1,55	16,8	-28,7	44,5
181	29.07.20 16:26:00	19,18	1,58	16,6	-28,4	44,9
182	29.07.20 16:26:01	19,18	1,58	16,4	-30,1	43,5
183	29.07.20 16:26:02	19,15	1,57	16,0	-28,9	45,1
184	29.07.20 16:26:03	19,15	1,57	16,9	-27,3	45,7
185	29.07.20 16:26:04	19,15	1,55	16,3	-29,3	44,4
186	29.07.20 16:26:05	19,12	1,57	15,5	-29,2	45,3
187	29.07.20 16:26:06	19,12	1,57	15,0	-29,3	45,7
188	29.07.20 16:26:07	19,12	1,59	13,6	-30,2	46,2
189	29.07.20 16:26:08	19,09	1,61	12,3	-29,9	47,8
190	29.07.20 16:26:09	19,06	1,59	10,7	-28,9	50,3
191	29.07.20 16:26:10	19,06	1,59	9,5	-29,4	51,1
192	29.07.20 16:26:11	19,00	1,60	9,3	-29,4	51,4
193	29.07.20 16:26:12	18,94	1,62	8,9	-29,2	51,8
194	29.07.20 16:26:13	18,91	1,67	8,2	-28,9	52,9
195	29.07.20 16:26:14	18,88	1,64	8,1	-29,7	52,1
196	29.07.20 16:26:15	18,86	1,68	8,0	-31,2	50,7
197	29.07.20 16:26:16	18,80	1,70	6,2	-30,5	53,3
198	29.07.20 16:26:17	18,77	1,74	6,7	-31,9	51,4
199	29.07.20 16:26:18	18,71	1,76	6,9	-33,1	50,0
200	29.07.20 16:26:19	18,68	1,78	6,3	-32,1	51,6
201	29.07.20 16:26:20	18,59	1,84	5,9	-32,4	51,6
202	29.07.20 16:26:21	18,50	1,83	5,2	-33,6	51,3
203	29.07.20 16:26:22	18,41	1,82	4,2	-34,1	51,7
204	29.07.20 16:26:23	18,35	1,84	3,0	-34,9	52,1
205	29.07.20 16:26:24	18,20	1,85	3,3	-33,6	53,2
206	29.07.20 16:26:25	17,88	2,05	1,2	-33,0	55,8
207	29.07.20 16:26:26	17,64	2,07	3,2	-32,1	54,7
208	29.07.20 16:26:27	17,52	2,11	3,4	-33,2	53,4
209	29.07.20 16:26:28	17,40	2,16	2,7	-33,0	54,3
210	29.07.20 16:26:29	17,25	2,17	1,6	-35,2	53,2
211	29.07.20 16:26:30	17,13	2,13	2,5	-33,9	53,7
212	29.07.20 16:26:31	17,04	2,10	3,4	-33,7	52,9
213	29.07.20 16:26:32	16,95	2,16	4,6	-33,0	52,5
214	29.07.20 16:26:33	16,92	2,18	3,7	-33,8	52,5
215	29.07.20 16:26:34	16,86	2,15	4,1	-34,7	51,1
216	29.07.20 16:26:35	16,83	2,20	2,4	-35,5	52,1
217	29.07.20 16:26:36	16,74	2,26	1,9	-37,2	50,8
218	29.07.20 16:26:37	16,59	2,29	1,5	-37,4	51,1
219	29.07.20 16:26:38	16,38	2,36	2,3	-36,1	51,6
220	29.07.20 16:26:39	16,17	2,39	1,1	-38,2	50,7
221	29.07.20 16:26:40	15,95	2,46	1,2	-38,3	50,6
222	29.07.20 16:26:41	15,74	2,48	0,1	-37,9	52,0
223	29.07.20 16:26:42	15,53	2,53	-0,5	-38,4	51,1
224	29.07.20 16:26:43	15,38	2,54	-0,3	-38,3	51,4
225	29.07.20 16:26:44	15,23	2,59	0,5	-39,7	49,8
226	29.07.20 16:26:45	14,98	2,64	0,2	-40,2	49,6
227	29.07.20 16:26:46	14,83	2,69	0,6	-39,8	49,6
228	29.07.20 16:26:47	14,74	2,68	-0,8	-38,7	50,6
229	29.07.20 16:26:48	14,62	2,74	-0,8	-36,8	52,4
230	29.07.20 16:26:49	14,43	2,74	-1,6	-36,6	51,8
231	29.07.20 16:26:50	14,31	2,78	-2,2	-37,8	50,0
232	29.07.20 16:26:51	14,22	2,86	-2,0	-37,2	50,8
233	29.07.20 16:26:52	14,12	2,88	-2,2	-38,5	49,3
234	29.07.20 16:26:53	14,00	2,86	-3,3	-37,6	49,1
235	29.07.20 16:26:54	13,85	2,87	-4,2	-37,1	48,8
236	29.07.20 16:26:55	13,69	2,90	-3,6	-37,7	48,7
237	29.07.20 16:26:56	13,47	2,97	-3,2	-39,5	47,3
238	29.07.20 16:26:57	13,32	3,00	-2,6	-39,2	48,2
239	29.07.20 16:26:58	13,13	3,01	-3,2	-39,5	47,3
240	29.07.20 16:26:59	13,01	3,02	-4,4	-39,8	45,8
241	29.07.20 16:27:00	12,91	3,05	-3,9	-39,6	46,4
242	29.07.20 16:27:01	12,82	3,07	-4,5	-38,9	46,6
243	29.07.20 16:27:02	12,76	3,06	-5,3	-38,1	46,5
244	29.07.20 16:27:03	12,69	3,08	-5,1	-39,1	45,8
245	29.07.20 16:27:04	12,66	3,07	-5,2	-38,8	46,0
246	29.07.20 16:27:05	12,66	3,07	-6,1	-37,3	46,6
247	29.07.20 16:27:06	12,66	3,17	-6,3	-38,6	45,1
248	29.07.20 16:27:07	12,57	3,14	-6,4	-38,1	45,5
249	29.07.20 16:27:08	12,44	3,17	-7,3	-38,1	44,5
250	29.07.20 16:27:09	12,38	3,19	-7,7	-37,9	44,4
251	29.07.20 16:27:10	12,38	3,21	-7,6	-37,1	45,3
252	29.07.20 16:27:11	12,35	3,23	-7,8	-36,5	45,7
253	29.07.20 16:27:12	12,32	3,27	-9,5	-35,7	44,8
254	29.07.20 16:27:13	12,25	3,31	-8,3	-36,6	45,1
255	29.07.20 16:27:14	12,19	3,17	-9,7	-36,2	44,1
256	29.07.20 16:27:15	12,10	3,25	-10,6	-35,1	44,3
257	29.07.20 16:27:16	12,06	3,27	-10,3	-36,0	43,7
258	29.07.20 16:27:17	12,03	3,27	-11,1	-34,7	44,2
259	29.07.20 16:27:18	12,00	3,29	-12,0	-34,4	43,6
260	29.07.20 16:27:19	11,97	3,38	-12,3	-35,0	42,7
261	29.07.20 16:27:20	11,72	3,44	-12,6	-34,8	42,6
262	29.07.20 16:27:21	11,52	3,47	-13,3	-35,1	41,6
263	29.07.20 16:27:22	11,43	3,48	-12,9	-36,2	40,9
264	29.07.20 16:27:23	11,37	3,50	-12,8	-35,6	41,6
265	29.07.20 16:27:24	11,33	3,55	-13,1	-36,6	40,4
266	29.07.20 16:27:25	11,24	3,56	-14,1	-35,4	40,6
267	29.07.20 16:27:26	11,17	3,58	-13,0	-35,6	41,4
268	29.07.20 16:27:27	11,14	3,57	-12,0	-36,8	41,2
269	29.07.20 16:27:28	11,14	3,60	-12,3	-39,3	38,4
270	29.07.20 16:27:29	11,14	3,62	-12,8	-36,1	41,1
271	29.07.20 16:27:30	11,11	3,59	-13,1	-36,2	40,7
272	29.07.20 16:27:31	11,11	3,66	-12,7	-38,7	38,6
273	29.07.20 16:27:32	11,08	3,66	-12,8	-38,5	38,8
274	29.07.20 16:27:33	11,05	3,70	-15,5	-34,6	40,0
275	29.07.20 16:27:34	10,98	3,77	-15,5	-35,6	38,9
276	29.07.20 16:27:35	10,85	3,75	-16,0	-34,2	39,8
277	29.07.20 16:27:36	10,76	3,77	-16,0	-34,4	39,7
278	29.07.20 16:27:37	10,72	3,76	-16,3	-35,3	38,3
279	29.07.20 16:27:38	10,69	3,85	-15,7	-35,3	39,0
280	29.07.20 16:27:39	10,63	3,92	-17,2	-34,1	38,7
281	29.07.20 16:27:40	10,59	3,89	-17,5	-34,7	37,8
282	29.07.20 16:27:41	10,56	3,89	-16,7	-34,9	38,4
283	29.07.20 16:27:42	10,53	3,93	-16,2	-36,0	37,8
284	29.07.20 16:27:43	10,50	3,97	-17,0	-35,7	37,3
285	29.07.20 16:27:44	10,47	3,99	-17,4	-35,4	37,1
286	29.07.20 16:27:45	10,40	4,03	-16,7	-35,9	37,4
287	29.07.20 16:27:46	10,37	4,05	-16,5	-36,2	37,3
288	29.07.20 16:27:47	10,37	4,10	-17,1	-36,2	36,8
289	29.07.20 16:27:48	10,30	4,12	-15,7	-37,3	37,0
290	29.07.20 16:27:49	10,27	4,14	-13,9	-39,2	36,9
291	29.07.20 16:27:50	10,21	4,20	-12,2	-41,1	36,7
292	29.07.20 16:27:51	10,11	4,26	-8,8	-42,8	38,4
293	29.07.20 16:27:52	9,95	4,27	-8,9	-42,7	38,5
294	29.07.20 16:27:53	9,85	4,28	-7,8	-43,1	39,1
295	29.07.20 16:27:54	9,81	4,32	-8,2	-42,4	39,5
296	29.07.20 16:27:55	9,75	4,39	-8,1	-42,7	39,2
297	29.07.20 16:27:56	9,68	4,43	-6,8	-43,6	39,6
298	29.07.20 16:27:57	9,65	4,40	-6,7	-43,6	39,6
299	29.07.20 16:27:58	9,62	4,40	-7,8	-42,2	39,9
300	29.07.20 16:27:59	9,62	4,44	-8,0	-41,8	40,2
301	29.07.20 16:28:00	9,62	4,47	-7,8	-41,6	40,6
302	29.07.20 16:28:01	9,59	4,49	-7,7	-42,0	40,2
303	29.07.20 16:28:02	9,59	4,51	-7,7	-42,2	40,1
304	29.07.20 16:28:03	9,55	4,60	-8,5	-41,3	40,1
305	29.07.20 16:28:04	9,45	4,61	-8,9	-40,7	40,4
306	29.07.20 16:28:05	9,39	4,65	-9,6	-40,9	39,5
307	29.07.20 16:28:06	9,26	4,66	-10,1	-40,0	39,9
308	29.07.20 16:28:07	9,06	4,69	-10,0	-40,5	39,5
309	29.07.20 16:28:08	8,86	4,76	-10,0	-40,9	39,1
310	29.07.20 16:28:09	8,76	4,77	-9,6	-41,5	38,9
311	29.07.20 16:28:10	8,73	4,79	-10,5	-41,0	38,5
312	29.07.20 16:28:11	8,69	4,81	-11,5	-40,3	38,1
313	29.07.20 16:28:12	8,69	4,84	-11,5	-40,9	37,6
314	29.07.20 16:28:13	8,69	4,84	-12,0	-40,2	37,8
315	29.07.20 16:28:14	8,69	4,84	-12,6	-40,2	37,2
316	29.07.20 16:28:15	8,69	4,86	-13,2	-40,1	36,7
317	29.07.20 16:28:16	8,69	4,88	-13,0	-41,4	35,6
318	29.07.20 16:28:17	8,73	4,91	-13,2	-40,5	36,3
319	29.07.20 16:28:18	8,73	4,93	-13,1	-41,3	35,6
320	29.07.20 16:28:19	8,73	4,93	-13,2	-42,5	34,3
321	29.07.20 16:28:20	8,73	4,98	-14,1	-41,5	34,5
322	29.07.20 16:28:21	8,69	5,00	-14,2	-41,1	34,7
323	29.07.20 16:28:22	8,69	5,02	-15,4	-40,0	34,7
324	29.07.20 16:28:23	8,69	5,07	-14,9	-40,9	34,2
325	29.07.20 16:28:24	8,66	5,09	-15,4	-40,4	34,2
326	29.07.20 16:28:25	8,63	5,13	-12,6	-43,6	33,8
327	29.07.20 16:28:26	8,63	5,16	-12,1	-43,3	34,6
328	29.07.20 16:28:27	8,59	5,18	-7,2	-48,2	34,6
329	29.07.20 16:28:28	8,59	5,20	-7,8	-47,2	35,0
330	29.07.20 16:28:29	8,56	5,22	-9,0	-47,0	34,0
331	29.07.20 16:28:30	8,56	5,24	-8,9	-46,7	34,5
332	29.07.20 16:28:31	8,49	5,28	-6,7	-48,7	34,6
333	29.07.20 16:28:32	8,46	5,33	-4,9	-50,4	34,7
334	29.07.20 16:28:33	8,43	5,35	-3,9	-50,4	35,7
335	29.07.20 16:28:34	8,36	5,41	2,9	-51,7	35,4
336	29.07.20 16:28:35	8,26	5,47	9,0	-47,3	33,7
337	29.07.20 16:28:36	8,19	5,53	14,0	-42,4	33,6
338	29.07.20 16:28:37	8,09	5,57	19,0	-37,7	33,3
339	29.07.20 16:28:38	8,06	5,59	20,9	-34,8	34,3
340	29.07.20 16:28:39	8,02	5,58	26,5	-31,4	32,1
341	29.07.20 16:28:40	8,02	5,58	22,3	-30,5	37,2
342	29.07.20 16:28:41	7,95	5,60	23,8	-26,9	39,3
343	29.07.20 16:28:42	7,85	5,61	24,8	-24,0	41,3
344	29.07.20 16:28:43	7,75	5,67	25,0	-22,0	43,0
345	29.07.20 16:28:44	7,62	5,68	25,1	-20,6	44,3
346	29.07.20 16:28:45	7,48	5,72	24,4	-19,0	46,6
347	29.07.20 16:28:46	7,34	5,75	23,8	-17,8	48,4
348	29.07.20 16:28:47	7,28	5,81	23,2	-16,9	49,8
349	29.07.20 16:28:48	7,14	5,82	23,4	-16,3	50,3
350	29.07.20 16:28:49	7,07	5,81	22,8	-15,1	52,0
351	29.07.20 16:28:50	7,00	5,85	21,6	-15,2	53,2
352	29.07.20 16:28:51	6,93	5,85	21,7	-14,4	54,0
353	29.07.20 16:28:52	6,90	5,87	21,0	-13,6	55,4
354	29.07.20 16:28:53	6,90	5,87	19,8	-14,8	55,5
355	29.07.20 16:28:54	6,90	5,89	19,6	-15,2	55,2
356	29.07.20 16:28:55	6,86	5,88	19,5	-14,0	56,5
357	29.07.20 16:28:56	6,86	5,88	19,2	-14,5	56,3
358	29.07.20 16:28:57	6,86	5,88	18,8	-13,5	57,6
359	29.07.20 16:28:58	6,79	5,92	17,9	-15,2	56,9
360	29.07.20 16:28:59	6,76	5,94	17,5	-14,7	57,7
361	29.07.20 16:29:00	6,73	5,96	17,4	-14,7	57,9
362	29.07.20 16:29:01	6,73	5,94	16,8	-15,6	57,6
363	29.07.20 16:29:02	6,73	5,96	16,3	-15,5	58,2
364	29.07.20 16:29:03	6,73	5,96	16,1	-14,4	59,4
365	29.07.20 16:29:04	6,73	6,01	16,1	-14,7	59,2
366	29.07.20 16:29:05	6,73	6,01	15,5	-14,9	59,6
367	29.07.20 16:29:06	6,73	6,03	14,9	-15,7	59,4
368	29.07.20 16:29:07	6,73	6,06	15,0	-16,9	58,2
369	29.07.20 16:29:08	6,73	6,06	14,0	-16,3	59,7
370	29.07.20 16:29:09	6,76	6,08	13,0	-17,9	59,2
371	29.07.20 16:29:10	6,76	6,11	11,6	-19,0	59,4
372	29.07.20 16:29:11	6,76	6,18	10,7	-20,4	58,9
373	29.07.20 16:29:12	6,73	6,20	11,3	-18,6	60,2
374	29.07.20 16:29:13	6,66	6,24	12,2	-16,6	61,1
375	29.07.20 16:29:14	6,62	6,26	12,4	-17,0	60,6
376	29.07.20 16:29:15	6,59	6,30	12,6	-17,0	60,5
377	29.07.20 16:29:16	6,52	6,32	13,7	-16,0	60,2
378	29.07.20 16:29:17	6,52	6,34	15,0	-13,2	61,8
379	29.07.20 16:29:18	6,48	6,33	14,2	-11,9	63,9
380	29.07.20 16:29:19	6,48	6,36	15,1	-8,7	66,2
381	29.07.20 16:29:20	6,48	6,36	21,9	-14,9	53,1
382	29.07.20 16:29:21	6,52	6,39	24,3	-5,4	60,3
383	29.07.20 16:29:22	6,52	6,32	23,8	-6,3	59,9
384	29.07.20 16:29:23	6,41	6,35	5,0	2,8	82,2
385	29.07.20 16:29:24	6,34	6,39	17,7	-1,2	71,2
386	29.07.20 16:29:25	6,31	6,39	8,9	-0,8	80,3
387	29.07.20 16:29:26	6,24	6,40	6,9	-0,8	82,3
388	29.07.20 16:29:27	6,20	6,40	4,4	-3,2	82,3
389	29.07.20 16:29:28	6,17	6,40	5,6	-4,2	80,2
390	29.07.20 16:29:29	6,13	6,39	6,3	-11,9	71,8
391	29.07.20 16:29:30	6,06	6,41	-7,5	0,7	81,7
392	29.07.20 16:29:31	6,03	6,40	-6,3	4,6	79,0
393	29.07.20 16:29:32	5,99	6,45	3,2	0,1	86,7
394	29.07.20 16:29:33	5,92	6,42	4,4	-3,5	82,0
395	29.07.20 16:29:34	5,85	6,39	21,2	-2,3	66,5
396	29.07.20 16:29:35	5,82	6,38	12,4	5,5	72,1
397	29.07.20 16:29:36	5,75	6,38	-9,3	2,8	77,9
398	29.07.20 16:29:37	5,64	6,39	-19,9	9,2	60,9
399	29.07.20 16:29:38	5,61	6,38	-0,2	-0,2	89,6
400	29.07.20 16:29:39	5,57	6,38	-0,3	0,9	88,9
401	29.07.20 16:29:40	5,54	6,38	12,6	-14,0	63,4
402	29.07.20 16:29:41	5,54	6,38	5,8	3,4	80,8
403	29.07.20 16:29:42	5,50	6,40	-4,1	17,5	68,4
404	29.07.20 16:29:43	5,50	6,28	-17,9	-9,6	62,5
405	29.07.20 16:29:44	5,43	6,37	-29,9	-6,4	53,7
406	29.07.20 16:29:45	5,32	6,38	-18,0	-2,3	69,8
407	29.07.20 16:29:46	5,25	6,42	-4,5	6,8	78,7
408	29.07.20 16:29:47	5,18	6,39	-7,1	8,4	74,5
409	29.07.20 16:29:48	5,15	6,36	-9,6	11,1	69,4
410	29.07.20 16:29:49	5,11	6,38	3,5	5,9	80,7
411	29.07.20 16:29:50	5,07	6,35	1,7	-3,0	85,2
412	29.07.20 16:29:51	5,07	6,35	10,9	9,0	70,2
413	29.07.20 16:29:52	5,04	6,39	16,4	3,0	70,6
414	29.07.20 16:29:53	5,00	6,41	10,4	3,4	76,2
415	29.07.20 16:29:54	4,97	6,39	17,6	-3,6	68,8
416	29.07.20 16:29:55	4,97	6,39	-15,5	8,5	65,9
417	29.07.20 16:29:56	4,93	6,43	11,5	1,0	77,5
418	29.07.20 16:29:57	4,90	6,38	-7,7	9,1	73,2
419	29.07.20 16:29:58	4,86	6,38	-3,1	-4,5	82,4
420	29.07.20 16:29:59	4,86	6,35	18,6	-2,4	69,0
421	29.07.20 16:30:00	4,86	6,33	8,0	2,2	79,8
422	29.07.20 16:30:01	4,79	6,39	44,2	10,4	35,4
423	29.07.20 16:30:02	4,72	6,36	-5,5	2,4	82,1
424	29.07.20 16:30:03	4,61	6,37	23,2	7,6	59,2
425	29.07.20 16:30:04	4,57	6,37	5,8	0,4	83,8
426	29.07.20 16:30:05	4,54	6,39	8,4	2,1	79,5
427	29.07.20 16:30:06	4,50	6,36	5,4	14,9	69,7
428	29.07.20 16:30:07	4,46	6,38	1,9	10,6	77,6
429	29.07.20 16:30:08	4,46	6,38	3,1	9,6	77,2
430	29.07.20 16:30:09	4,43	6,40	20,7	3,8	65,5
431	29.07.20 16:30:10	4,39	6,30	-18,5	-6,6	64,8
432	29.07.20 16:30:11	4,35	6,35	2,8	2,1	85,1
433	29.07.20 16:30:12	4,28	6,34	2,2	4,1	83,7
434	29.07.20 16:30:13	4,28	6,29	-41,0	17,3	31,7
435	29.07.20 16:30:14	4,21	6,33	-27,5	-37,6	24,8
436	29.07.20 16:30:15	4,14	6,32	-19,0	5,7	65,3
437	29.07.20 16:30:16	4,06	6,32	-26,5	19,8	43,7
438	29.07.20 16:30:17	4,03	6,31	-36,7	-11,7	41,6
439	29.07.20 16:30:18	4,03	6,31	-32,9	3,4	53,7
440	29.07.20 16:30:19	3,99	6,36	-30,1	-5,1	54,8
441	29.07.20 16:30:20	3,95	6,30	-28,1	-5,8	56,1
442	29.07.20 16:30:21	3,92	6,30	-28,8	-1,5	59,6
443	29.07.20 16:30:22	3,88	6,30	-33,8	-1,2	55,0
444	29.07.20 16:30:23	3,84	6,43	-48,0	-2,5	39,5
445	29.07.20 16:30:24	3,84	6,27	-25,0	-4,1	60,8
446	29.07.20 16:30:25	3,77	6,33	-0,5	-15,3	-74,2
447	29.07.20 16:30:26	3,73	6,35	12,4	-5,4	72,2
448	29.07.20 16:30:27	3,66	6,34	6,6	2,7	80,6
449	29.07.20 16:30:28	3,66	6,37	6,2	-3,7	80,0
450	29.07.20 16:30:29	3,62	6,39	17,3	4,6	68,1
451	29.07.20 16:30:30	3,62	6,34	7,8	8,1	74,0
452	29.07.20 16:30:31	3,59	6,36	9,9	1,9	78,2
453	29.07.20 16:30:32	3,59	6,34	11,6	6,0	72,3
454	29.07.20 16:30:33	3,55	6,33	10,3	7,1	72,6
455	29.07.20 16:30:34	3,51	6,33	-2,5	1,0	86,5
456	29.07.20 16:30:35	3,51	6,30	16,6	14,6	58,8
457	29.07.20 16:30:36	3,48	6,32	2,7	-0,9	86,4
458	29.07.20 16:30:37	3,48	6,32	16,6	10,0	63,4
459	29.07.20 16:30:38	3,44	6,30	5,4	3,1	81,5
460	29.07.20 16:30:39	3,40	6,34	14,5	4,7	70,8
461	29.07.20 16:30:40	3,36	6,34	9,1	1,8	79,1
462	29.07.20 16:30:41	3,33	6,33	-12,7	-1,1	76,2
463	29.07.20 16:30:42	3,29	6,35	1,6	-12,9	75,6
464	29.07.20 16:30:43	3,25	6,35	8,3	-2,3	79,4
465	29.07.20 16:30:44	3,25	6,32	-5,3	-2,4	82,4
466	29.07.20 16:30:45	3,22	6,30	8,1	10,1	71,8
467	29.07.20 16:30:46	3,22	6,32	28,4	3,7	57,9
468	29.07.20 16:30:47	3,22	6,32	5,7	-4,3	80,0
469	29.07.20 16:30:48	3,18	6,34	1,7	10,1	78,3
470	29.07.20 16:30:49	3,14	6,38	-8,2	4,3	77,5
471	29.07.20 16:30:50	3,10	6,33	-1,5	1,7	86,8
472	29.07.20 16:30:51	3,07	6,33	-5,8	-4,9	79,3
473	29.07.20 16:30:52	3,03	6,32	9,1	5,2	75,7
474	29.07.20 16:30:53	3,03	6,35	22,7	-15,7	51,6
475	29.07.20 16:30:54	2,99	6,32	2,5	3,4	84,1
476	29.07.20 16:30:55	2,95	6,34	-5,2	-2,6	82,2
477	29.07.20 16:30:56	2,95	6,34	-12,8	4,7	72,5
478	29.07.20 16:30:57	2,92	6,34	-2,9	2,1	85,0
479	29.07.20 16:30:58	2,92	6,38	35,6	5,7	48,7
480	29.07.20 16:30:59	2,88	6,33	-2,5	5,6	81,8
481	29.07.20 16:31:00	2,84	6,35	4,9	1,8	83,3
482	29.07.20 16:31:01	2,80	6,35	-7,5	3,2	79,3
483	29.07.20 16:31:02	2,80	6,32	0,4	2,7	86,9
484	29.07.20 16:31:03	2,80	6,32	9,0	-0,3	80,8
485	29.07.20 16:31:04	2,77	6,32	-2,7	5,0	82,4
486	29.07.20 16:31:05	2,77	6,34	3,2	2,2	84,6
487	29.07.20 16:31:06	2,73	6,34	-6,3	3,4	80,2
488	29.07.20 16:31:07	2,73	6,32	-12,1	-1,6	76,3
489	29.07.20 16:31:08	2,69	6,33	-0,5	-0,3	89,2
490	29.07.20 16:31:09	2,69	6,33	-6,4	16,7	66,9
491	29.07.20 16:31:10	2,65	6,33	1,2	4,1	84,6
492	29.07.20 16:31:11	2,65	6,33	10,4	5,7	73,9
493	29.07.20 16:31:12	2,62	6,33	10,7	8,8	70,5
494	29.07.20 16:31:13	2,58	6,32	9,1	5,3	75,5
495	29.07.20 16:31:14	2,54	6,32	-25,2	21,2	43,7
496	29.07.20 16:31:15	2,54	6,34	22,2	2,2	65,6
497	29.07.20 16:31:16	2,50	6,31	33,3	3,7	53,0
498	29.07.20 16:31:17	2,47	6,36	0,0	11,8	78,1
499	29.07.20 16:31:18	2,43	6,35	20,1	7,2	62,7
500	29.07.20 16:31:19	2,39	6,33	20,3	6,7	63,1
501	29.07.20 16:31:20	2,39	6,33	-5,6	-3,2	81,2
502	29.07.20 16:31:21	2,39	6,33	-6,2	-5,3	78,5
503	29.07.20 16:31:22	2,35	6,32	5,8	13,5	70,7
504	29.07.20 16:31:23	2,35	6,30	-3,5	11,0	75,5
505	29.07.20 16:31:24	2,31	6,34	14,7	15,5	59,8
506	29.07.20 16:31:25	2,31	6,32	10,1	2,4	77,5
507	29.07.20 16:31:26	2,31	6,34	26,8	13,7	49,6
508	29.07.20 16:31:27	2,31	6,32	19,8	4,0	66,3
509	29.07.20 16:31:28	2,28	6,27	6,4	8,9	74,7
510	29.07.20 16:31:29	2,24	6,33	12,0	2,9	75,1
511	29.07.20 16:31:30	2,24	6,36	-0,7	29,5	59,8
512	29.07.20 16:31:31	2,24	6,38	9,7	1,1	79,2
513	29.07.20 16:31:32	2,20	6,40	-3,9	2,3	83,8
514	29.07.20 16:31:33	2,20	6,37	-7,2	4,3	78,5
515	29.07.20 16:31:34	2,20	6,37	-8,4	0,9	80,7
516	29.07.20 16:31:35	2,16	6,37	10,5	-4,4	75,1
517	29.07.20 16:31:36	2,16	6,39	22,7	37,2	30,1
518	29.07.20 16:31:37	2,12	6,32	6,2	5,1	78,7
519	29.07.20 16:31:38	2,12	6,41	4,5	3,0	82,6
520	29.07.20 16:31:39	2,09	6,39	-7,3	2,9	79,8
521	29.07.20 16:31:40	2,09	6,39	-0,3	7,1	82,6
522	29.07.20 16:31:41	2,09	6,39	-4,7	11,5	73,8
523	29.07.20 16:31:42	2,05	6,43	-0,6	0,1	89,3
524	29.07.20 16:31:43	2,05	6,38	15,2	2,0	72,8
525	29.07.20 16:31:44	2,01	6,38	-0,5	-0,4	89,1
526	29.07.20 16:31:45	2,01	6,38	-4,4	0,6	85,0
527	29.07.20 16:31:46	1,97	6,37	20,0	11,2	58,8
528	29.07.20 16:31:47	1,97	6,35	49,6	26,5	13,8
529	29.07.20 16:31:48	1,97	6,37	11,2	1,3	77,5
530	29.07.20 16:31:49	1,93	6,39	-4,4	5,4	80,3
531	29.07.20 16:31:50	1,93	6,39	3,3	4,1	82,6
532	29.07.20 16:31:51	1,89	6,39	-3,9	6,2	79,9
533	29.07.20 16:31:52	1,89	6,37	5,2	12,7	72,1
534	29.07.20 16:31:53	1,89	6,39	-5,7	5,9	78,4
535	29.07.20 16:31:54	1,89	6,39	-4,9	7,9	77,2
536	29.07.20 16:31:55	1,89	6,39	-0,7	15,5	73,8
537	29.07.20 16:31:56	1,89	6,41	13,0	5,4	71,6
538	29.07.20 16:31:57	1,86	6,36	-12,7	0,0	77,3
539	29.07.20 16:31:58	1,86	6,38	-5,7	7,8	76,5
540	29.07.20 16:31:59	1,86	6,41	-6,3	2,9	80,8
541	29.07.20 16:32:00	1,86	6,38	-5,0	6,1	78,8
542	29.07.20 16:32:01	1,82	6,38	-0,9	-4,0	85,1
543	29.07.20 16:32:02	1,82	6,40	7,2	7,1	75,7
544	29.07.20 16:32:03	1,82	6,38	-7,6	11,2	71,3
545	29.07.20 16:32:04	1,82	6,38	-4,8	7,0	78,1
546	29.07.20 16:32:05	1,78	6,40	0,7	4,4	84,9
547	29.07.20 16:32:06	1,78	6,38	-12,9	1,6	75,5
548	29.07.20 16:32:07	1,78	6,38	-3,3	6,3	80,4
549	29.07.20 16:32:08	1,78	6,38	-9,4	-0,6	80,0
550	29.07.20 16:32:09	1,74	6,33	0,3	4,7	85,0
551	29.07.20 16:32:10	1,74	6,40	-1,0	-4,5	84,5
552	29.07.20 16:32:11	1,74	6,40	3,9	-5,0	81,2
553	29.07.20 16:32:12	1,74	6,40	7,5	2,2	80,3
554	29.07.20 16:32:13	1,70	6,39	4,2	-0,6	85,2
555	29.07.20 16:32:14	1,70	6,37	-8,1	-1,2	80,7
556	29.07.20 16:32:15	1,70	6,37	-5,5	2,8	81,6
557	29.07.20 16:32:16	1,70	6,32	-6,6	0,3	83,2
558	29.07.20 16:32:17	1,70	6,39	11,8	4,1	74,1
559	29.07.20 16:32:18	1,70	6,39	-5,5	-5,5	79,0
560	29.07.20 16:32:19	1,66	6,39	2,7	1,6	85,7
561	29.07.20 16:32:20	1,66	6,39	5,1	0,4	84,5
562	29.07.20 16:32:21	1,66	6,39	12,3	3,1	74,6
563	29.07.20 16:32:22	1,66	6,39	-4,4	-1,5	84,1
564	29.07.20 16:32:23	1,62	6,36	17,3	3,0	69,7
565	29.07.20 16:32:24	1,62	6,38	-8,3	-2,7	79,0
566	29.07.20 16:32:25	1,62	6,36	-5,1	2,9	82,1
567	29.07.20 16:32:26	1,62	6,38	-11,7	0,0	78,3
568	29.07.20 16:32:27	1,59	6,36	-3,3	9,7	77,0
569	29.07.20 16:32:28	1,59	6,36	8,7	15,2	66,1
570	29.07.20 16:32:29	1,59	6,36	4,9	11,3	73,8
571	29.07.20 16:32:30	1,59	6,38	-1,7	16,4	71,9
572	29.07.20 16:32:31	1,55	6,37	-7,6	3,6	78,8
573	29.07.20 16:32:32	1,55	6,35	3,1	-3,6	83,3
574	29.07.20 16:32:33	1,55	6,35	-4,5	-4,9	80,6
575	29.07.20 16:32:34	1,55	6,40	6,3	-2,3	81,4
576	29.07.20 16:32:35	1,51	6,37	-7,6	7,9	74,5
577	29.07.20 16:32:36	1,51	6,35	-1,7	-3,9	84,4
578	29.07.20 16:32:37	1,51	6,35	-10,9	10,1	69,0
579	29.07.20 16:32:38	1,51	6,37	11,4	1,3	77,2
580	29.07.20 16:32:39	1,51	6,37	12,6	4,7	72,7
581	29.07.20 16:32:40	1,47	6,34	-5,5	4,7	79,9
582	29.07.20 16:32:41	1,47	6,37	-1,6	6,4	82,0
583	29.07.20 16:32:42	1,47	6,34	5,7	5,1	79,2
584	29.07.20 16:32:43	1,47	6,39	5,3	2,5	82,2
585	29.07.20 16:32:44	1,47	6,37	-5,4	5,9	78,7
586	29.07.20 16:32:45	1,47	6,37	6,1	5,4	78,6
587	29.07.20 16:32:46	1,47	6,34	-4,4	3,8	81,8
588	29.07.20 16:32:47	1,47	6,34	4,9	-0,1	85,0
589	29.07.20 16:32:48	1,43	6,34	-2,0	5,7	82,3
590	29.07.20 16:32:49	1,43	6,36	10,7	1,0	78,3
591	29.07.20 16:32:50	1,43	6,29	-12,6	6,4	71,0
592	29.07.20 16:32:51	1,43	6,34	3,1	-1,9	85,0
593	29.07.20 16:32:52	1,39	6,33	11,0	-3,6	75,4
594	29.07.20 16:32:53	1,39	6,38	3,6	8,8	77,6
595	29.07.20 16:32:54	1,39	6,36	23,2	2,4	64,4
596	29.07.20 16:32:55	1,39	6,36	7,5	5,8	76,7
597	29.07.20 16:32:56	1,39	6,36	-2,2	6,7	81,2
598	29.07.20 16:32:57	1,35	6,33	0,3	4,9	84,7
599	29.07.20 16:32:58	1,35	6,33	-6,8	0,4	82,8
600	29.07.20 16:32:59	1,35	6,35	6,5	1,3	82,2
601	29.07.20 16:33:00	1,35	6,38	9,7	10,6	69,7
602	29.07.20 16:33:01	1,35	6,33	5,2	0,1	84,7
603	29.07.20 16:33:02	1,31	6,33	4,1	1,1	84,8
604	29.07.20 16:33:03	1,31	6,35	0,1	-0,2	89,7
605	29.07.20 16:33:04	1,31	6,37	-5,9	9,8	74,3
606	29.07.20 16:33:05	1,31	6,35	7,5	9,7	72,8
607	29.07.20 16:33:06	1,31	6,35	27,8	3,0	59,2
608	29.07.20 16:33:07	1,28	6,30	0,7	10,6	78,7
609	29.07.20 16:33:08	1,28	6,35	-3,5	-3,3	83,3
610	29.07.20 16:33:09	1,28	6,35	11,6	16,5	61,9
611	29.07.20 16:33:10	1,28	6,35	2,8	28,6	58,6
612	29.07.20 16:33:11	1,28	6,32	15,3	3,5	71,2
613	29.07.20 16:33:12	1,28	6,35	-6,0	-2,0	82,0
614	29.07.20 16:33:13	1,28	6,37	-3,7	5,3	81,0
615	29.07.20 16:33:14	1,24	6,32	8,3	5,4	76,4
616	29.07.20 16:33:15	1,24	6,29	12,9	12,5	64,5
617	29.07.20 16:33:16	1,24	6,32	11,7	-0,9	77,4
618	29.07.20 16:33:17	1,24	6,34	28,0	8,3	53,6
619	29.07.20 16:33:18	1,24	6,32	23,1	12,9	54,0
620	29.07.20 16:33:19	1,24	6,34	4,6	2,9	82,5
621	29.07.20 16:33:20	1,24	6,32	-7,7	9,9	72,5
622	29.07.20 16:33:21	1,24	6,32	-3,2	7,8	79,0
623	29.07.20 16:33:22	1,20	6,31	9,7	-6,0	74,3
624	29.07.20 16:33:23	1,20	6,34	-10,0	4,4	75,6
625	29.07.20 16:33:24	1,20	6,31	-6,4	10,9	72,6
626	29.07.20 16:33:25	1,20	6,31	9,3	17,5	63,1
627	29.07.20 16:33:26	1,20	6,31	12,1	-11,8	66,1
628	29.07.20 16:33:27	1,20	6,31	3,5	-13,3	73,2
629	29.07.20 16:33:28	1,20	6,29	2,8	-6,1	81,1
630	29.07.20 16:33:29	1,20	6,31	-13,0	9,9	67,0
631	29.07.20 16:33:30	1,16	6,31	-10,7	6,9	72,4
632	29.07.20 16:33:31	1,20	6,29	6,9	1,4	81,7
633	29.07.20 16:33:32	1,16	6,31	1,9	4,4	83,6
634	29.07.20 16:33:33	1,16	6,26	15,2	-0,6	74,2
635	29.07.20 16:33:34	1,16	6,29	-13,4	1,2	75,4
636	29.07.20 16:33:35	1,16	6,33	14,3	-1,4	74,3
637	29.07.20 16:33:36	1,16	6,31	19,4	1,6	69,1
638	29.07.20 16:33:37	1,16	6,29	37,8	-8,2	44,0
639	29.07.20 16:33:38	1,12	6,30	21,5	9,2	59,3
640	29.07.20 16:33:39	1,12	6,28	-3,9	11,9	74,2
641	29.07.20 16:33:40	1,12	6,30	15,2	-1,9	72,8
642	29.07.20 16:33:41	1,12	6,30	6,6	-14,0	69,4
643	29.07.20 16:33:42	1,12	6,28	-3,3	-5,5	81,2
644	29.07.20 16:33:43	1,12	6,28	17,5	0,7	71,8
645	29.07.20 16:33:44	1,12	6,28	24,0	-6,4	59,7
646	29.07.20 16:33:45	1,08	6,30	8,7	3,9	77,5
647	29.07.20 16:33:46	1,08	6,32	-10,7	-13,3	66,0
648	29.07.20 16:33:47	1,08	6,30	17,3	25,3	47,4
649	29.07.20 16:33:48	1,08	6,32	1,1	4,5	84,4
650	29.07.20 16:33:49	1,08	6,28	-3,1	-0,4	86,5
651	29.07.20 16:33:50	1,08	6,32	11,8	5,5	72,7
652	29.07.20 16:33:51	1,08	6,30	2,6	1,1	86,3
653	29.07.20 16:33:52	1,08	6,30	0,2	-2,8	87,0
654	29.07.20 16:33:53	1,08	6,32	6,5	6,6	76,9
655	29.07.20 16:33:54	1,04	6,32	1,9	4,7	83,5
656	29.07.20 16:33:55	1,04	6,32	1,1	4,9	84,0
657	29.07.20 16:33:56	1,04	6,27	12,2	11,2	66,6
658	29.07.20 16:33:57	1,04	6,30	14,0	-4,5	71,5
659	29.07.20 16:33:58	1,04	6,32	-4,5	5,9	79,6
660	29.07.20 16:33:59	1,04	6,32	10,1	29,9	49,9
661	29.07.20 16:34:00	1,04	6,30	-7,9	9,7	72,4
662	29.07.20 16:34:01	1,04	6,34	-14,2	3,4	72,4
663	29.07.20 16:34:02	1,04	6,34	-1,3	4,7	84,0
664	29.07.20 16:34:03	1,04	6,34	1,2	-1,0	87,8
665	29.07.20 16:34:04	1,04	6,34	6,5	2,2	81,3
666	29.07.20 16:34:05	1,04	6,32	10,2	7,7	72,1
667	29.07.20 16:34:06	1,04	6,34	3,1	-3,5	83,4
668	29.07.20 16:34:07	1,00	6,32	14,9	-2,4	72,8
669	29.07.20 16:34:08	1,00	6,32	-14,7	-2,8	72,5
670	29.07.20 16:34:09	1,00	6,32	10,3	9,4	70,3
671	29.07.20 16:34:10	1,00	6,29	0,6	-21,9	67,4
672	29.07.20 16:34:11	1,00	6,36	3,5	6,5	79,9
673	29.07.20 16:34:12	1,00	6,36	12,4	13,5	64,1
674	29.07.20 16:34:13	1,00	6,32	8,9	-7,2	73,9
675	29.07.20 16:34:14	1,00	6,32	-6,0	8,3	75,7
676	29.07.20 16:34:15	1,00	6,34	3,2	10,3	76,5
677	29.07.20 16:34:16	1,00	6,34	1,8	6,1	82,1
678	29.07.20 16:34:17	1,00	6,32	-0,7	-5,7	83,6
679	29.07.20 16:34:18	0,96	6,31	-16,6	-5,5	67,9
680	29.07.20 16:34:19	0,96	6,38	-7,8	5,0	77,2
681	29.07.20 16:34:20	0,96	6,31	9,8	5,7	74,5
682	29.07.20 16:34:21	0,96	6,33	-1,0	0,0	88,9
683	29.07.20 16:34:22	0,96	6,33	-5,9	0,3	83,9
684	29.07.20 16:34:23	0,96	6,33	-12,9	-1,2	75,9
685	29.07.20 16:34:24	0,96	6,33	1,4	12,2	76,4
686	29.07.20 16:34:25	0,96	6,31	21,0	4,4	64,6
687	29.07.20 16:34:26	0,96	6,33	7,1	-1,9	81,0
688	29.07.20 16:34:27	0,96	6,29	23,0	11,6	55,4
689	29.07.20 16:34:28	0,96	6,31	25,3	2,0	62,6
690	29.07.20 16:34:29	0,96	6,33	19,6	-0,3	70,0
691	29.07.20 16:34:30	0,92	6,33	16,4	-0,7	72,9
692	29.07.20 16:34:31	0,92	6,33	9,7	-1,1	79,2
693	29.07.20 16:34:32	0,92	6,31	-2,9	7,6	79,5
694	29.07.20 16:34:33	0,92	6,31	8,5	-1,5	80,1
695	29.07.20 16:34:34	0,92	6,33	3,0	3,8	83,2
696	29.07.20 16:34:35	0,92	6,33	37,9	12,4	39,7
697	29.07.20 16:34:36	0,92	6,31	16,4	-1,7	72,0
698	29.07.20 16:34:37	0,92	6,33	-3,2	6,4	80,4
699	29.07.20 16:34:38	0,92	6,31	-8,4	0,8	80,8
700	29.07.20 16:34:39	0,92	6,31	-1,1	3,8	85,1
701	29.07.20 16:34:40	0,92	6,33	-1,7	8,9	79,4
702	29.07.20 16:34:41	0,92	6,31	1,5	17,4	71,1
703	29.07.20 16:34:42	0,92	6,31	-9,0	12,8	68,2
704	29.07.20 16:34:43	0,88	6,30	6,9	-6,2	76,9
705	29.07.20 16:34:44	0,88	6,33	-6,1	8,8	75,0
706	29.07.20 16:34:45	0,88	6,33	3,9	-0,2	85,9
707	29.07.20 16:34:46	0,88	6,33	45,2	2,9	41,9
708	29.07.20 16:34:47	0,88	6,30	14,8	19,5	55,7
709	29.07.20 16:34:48	0,88	6,30	0,2	4,5	85,3
710	29.07.20 16:34:49	0,88	6,33	0,4	8,5	81,2
711	29.07.20 16:34:50	0,88	6,33	-1,0	8,9	80,1
712	29.07.20 16:34:51	0,88	6,30	1,2	9,3	79,5
713	29.07.20 16:34:52	0,88	6,30	-0,7	22,4	66,9
714	29.07.20 16:34:53	0,88	6,33	4,3	7,7	77,9
715	29.07.20 16:34:54	0,88	6,30	0,8	6,4	82,8
716	29.07.20 16:34:55	0,88	6,33	-19,4	16,5	54,1
717	29.07.20 16:34:56	0,88	6,33	-3,5	2,0	84,5
718	29.07.20 16:34:57	0,88	6,30	-2,5	-6,6	80,9
719	29.07.20 16:34:58	0,88	6,33	-8,1	8,1	73,8
720	29.07.20 16:34:59	0,88	6,28	46,5	3,4	40,1
721	29.07.20 16:35:00	0,88	6,23	-12,5	20,7	56,8
722	29.07.20 16:35:01	0,85	6,30	-4,5	8,1	77,4
723	29.07.20 16:35:02	0,85	6,30	0,8	1,8	87,4
724	29.07.20 16:35:03	0,85	6,30	-8,0	-4,0	78,0
725	29.07.20 16:35:04	0,85	6,32	-4,2	-5,4	80,4
726	29.07.20 16:35:05	0,85	6,32	18,2	8,9	62,9
727	29.07.20 16:35:06	0,85	6,30	1,0	3,6	85,4
728	29.07.20 16:35:07	0,85	6,32	3,8	4,6	81,6
729	29.07.20 16:35:08	0,85	6,30	-8,2	0,2	81,6
730	29.07.20 16:35:09	0,85	6,32	-17,8	13,1	59,1
731	29.07.20 16:35:10	0,85	6,32	-8,4	-7,7	74,0
732	29.07.20 16:35:11	0,85	6,30	-6,5	8,0	75,5
733	29.07.20 16:35:12	0,85	6,30	-2,8	-0,1	87,1
734	29.07.20 16:35:13	0,85	6,37	3,6	-9,7	76,7
735	29.07.20 16:35:14	0,85	6,32	-9,5	2,0	78,5
736	29.07.20 16:35:15	0,85	6,32	-1,9	5,7	82,4
737	29.07.20 16:35:16	0,85	6,32	-15,6	5,5	69,0
738	29.07.20 16:35:17	0,85	6,32	7,3	-0,1	82,6
739	29.07.20 16:35:18	0,85	6,32	18,3	16,3	55,5
740	29.07.20 16:35:19	0,85	6,30	26,1	13,6	50,3
741	29.07.20 16:35:20	0,85	6,30	3,9	13,3	72,9
742	29.07.20 16:35:21	0,85	6,32	-12,6	19,8	57,6
743	29.07.20 16:35:22	0,81	6,32	0,3	8,3	81,4
744	29.07.20 16:35:23	0,81	6,34	-10,3	10,1	69,7
745	29.07.20 16:35:24	0,85	6,32	24,7	4,6	60,8
746	29.07.20 16:35:25	0,81	6,32	-10,5	13,5	66,1
747	29.07.20 16:35:26	0,81	6,32	15,0	3,9	71,1
748	29.07.20 16:35:27	0,81	6,29	4,5	10,1	75,4
749	29.07.20 16:35:28	0,81	6,32	15,8	18,8	55,4
750	29.07.20 16:35:29	0,81	6,32	13,6	19,4	57,0
751	29.07.20 16:35:30	0,81	6,32	14,2	35,3	40,4
752	29.07.20 16:35:31	0,81	6,32	10,3	54,1	25,6
753	29.07.20 16:35:32	0,81	6,34	13,3	38,1	38,6
754	29.07.20 16:35:33	0,81	6,34	19,7	42,3	28,0
755	29.07.20 16:35:34	0,81	6,32	25,4	29,5	35,1
756	29.07.20 16:35:35	0,81	6,36	39,4	17,8	32,8
757	29.07.20 16:35:36	0,81	6,32	24,6	39,3	26,0
758	29.07.20 16:35:37	0,81	6,32	39,7	23,5	26,8
759	29.07.20 16:35:38	0,81	6,32	47,9	21,4	20,7
760	29.07.20 16:35:39	0,81	6,32	43,3	19,2	27,5
761	29.07.20 16:35:40	0,81	6,29	35,9	21,3	32,8
762	29.07.20 16:35:41	0,81	6,32	49,2	20,3	20,4
763	29.07.20 16:35:42	0,81	6,32	49,3	17,7	23,0
764	29.07.20 16:35:43	0,81	6,27	37,5	20,3	32,3
765	29.07.20 16:35:44	0,81	6,27	42,3	23,2	24,5
766	29.07.20 16:35:45	0,81	6,25	44,9	19,8	25,4
767	29.07.20 16:35:46	0,81	6,25	44,6	17,4	27,9
768	29.07.20 16:35:47	0,81	6,22	32,8	23,2	33,9
769	29.07.20 16:35:48	0,81	6,22	43,9	20,1	26,0
770	29.07.20 16:35:49	0,81	6,22	43,2	17,3	29,5
771	29.07.20 16:35:50	0,81	6,22	36,2	19,3	34,4
772	29.07.20 16:35:51	0,81	6,20	33,2	19,6	37,3
773	29.07.20 16:35:52	0,81	6,22	35,1	17,8	37,0
774	29.07.20 16:35:53	0,81	6,22	35,9	17,0	37,0
775	29.07.20 16:35:54	0,81	6,22	39,7	16,3	34,0
776	29.07.20 16:35:55	0,81	6,20	30,6	19,5	39,9
777	29.07.20 16:35:56	0,81	6,18	34,1	17,6	38,4
778	29.07.20 16:35:57	0,81	6,20	41,4	16,2	32,4
779	29.07.20 16:35:58	0,81	6,20	36,3	17,6	36,1
780	29.07.20 16:35:59	0,81	6,18	28,9	19,8	41,3
781	29.07.20 16:36:00	0,77	6,13	34,1	18,7	37,2
782	29.07.20 16:36:01	0,77	6,15	39,9	15,7	34,4
783	29.07.20 16:36:02	0,77	6,13	34,0	16,0	40,0
784	29.07.20 16:36:03	0,77	6,10	37,1	14,1	38,8
785	29.07.20 16:36:04	0,77	6,10	35,1	17,7	37,1
786	29.07.20 16:36:05	0,77	6,08	37,3	16,6	36,1
787	29.07.20 16:36:06	0,77	6,06	36,0	18,6	35,4
788	29.07.20 16:36:07	0,77	6,06	36,8	17,2	36,0
789	29.07.20 16:36:08	0,77	6,03	31,5	19,3	39,2
790	29.07.20 16:36:09	0,77	5,99	33,5	20,2	36,4
791	29.07.20 16:36:10	0,77	5,96	41,9	15,5	32,6
792	29.07.20 16:36:11	0,77	5,96	39,3	18,0	32,7
793	29.07.20 16:36:12	0,77	5,96	42,5	16,9	30,6
794	29.07.20 16:36:13	0,77	5,94	49,7	15,9	24,3
795	29.07.20 16:36:14	0,77	5,94	48,8	16,4	24,8
796	29.07.20 16:36:15	0,77	5,92	47,9	14,3	27,8
797	29.07.20 16:36:16	0,77	5,92	49,9	15,2	24,8
798	29.07.20 16:36:17	0,77	5,92	51,4	19,4	19,2
799	29.07.20 16:36:18	0,77	5,94	50,9	17,0	22,1
800	29.07.20 16:36:19	0,77	5,87	38,0	17,6	34,4
801	29.07.20 16:36:20	0,77	5,85	44,7	15,8	29,5
802	29.07.20 16:36:21	0,77	5,87	53,5	17,2	19,3
803	29.07.20 16:36:22	0,77	5,85	50,3	14,5	25,2
804	29.07.20 16:36:23	0,77	5,80	41,5	16,0	32,5
805	29.07.20 16:36:24	0,77	5,78	47,6	14,7	27,7
806	29.07.20 16:36:25	0,77	5,80	53,9	16,6	19,5
807	29.07.20 16:36:26	0,77	5,78	52,7	13,6	23,7
808	29.07.20 16:36:27	0,77	5,75	42,7	15,7	31,6
809	29.07.20 16:36:28	0,77	5,71	45,2	14,8	30,0
810	29.07.20 16:36:29	0,77	5,68	53,9	13,5	22,6
811	29.07.20 16:36:30	0,77	5,68	53,7	13,4	22,9
812	29.07.20 16:36:31	0,77	5,64	51,8	12,1	26,1
813	29.07.20 16:36:32	0,77	5,61	48,0	13,3	28,8
814	29.07.20 16:36:33	0,77	5,57	42,3	16,4	31,3
815	29.07.20 16:36:34	0,77	5,54	52,9	12,8	24,4
816	29.07.20 16:36:35	0,77	5,54	53,3	13,3	23,4
817	29.07.20 16:36:36	0,77	5,50	43,6	15,9	30,5
818	29.07.20 16:36:37	0,77	5,45	39,3	17,4	33,4
819	29.07.20 16:36:38	0,77	5,40	44,6	15,7	29,7
820	29.07.20 16:36:39	0,77	5,40	50,9	13,5	25,6
821	29.07.20 16:36:40	0,77	5,36	47,8	13,6	28,6
822	29.07.20 16:36:41	0,77	5,31	46,2	13,3	30,5
823	29.07.20 16:36:42	0,77	5,29	50,3	13,1	26,6
824	29.07.20 16:36:43	0,77	5,24	46,9	13,7	29,4
825	29.07.20 16:36:44	0,77	5,19	36,0	19,1	34,9
826	29.07.20 16:36:45	0,77	5,17	49,9	13,2	26,9
827	29.07.20 16:36:46	0,77	5,12	54,1	13,1	22,9
828	29.07.20 16:36:47	0,77	5,10	47,1	14,2	28,7
829	29.07.20 16:36:48	0,77	5,03	40,2	13,7	36,1
830	29.07.20 16:36:49	0,77	4,96	48,3	11,0	30,6
831	29.07.20 16:36:50	0,77	4,98	60,2	11,1	18,6
832	29.07.20 16:36:51	0,81	4,94	58,6	8,7	22,6
833	29.07.20 16:36:52	0,81	4,89	50,3	9,5	30,2
834	29.07.20 16:36:53	0,81	4,80	51,9	8,2	29,9
835	29.07.20 16:36:54	0,81	4,78	62,0	6,3	21,7
836	29.07.20 16:36:55	0,81	4,75	61,0	10,6	18,3
837	29.07.20 16:36:56	0,81	4,73	61,8	8,0	20,2
838	29.07.20 16:36:57	0,85	4,67	55,0	8,7	26,2
839	29.07.20 16:36:58	0,85	4,60	58,5	5,9	25,6
840	29.07.20 16:36:59	0,85	4,57	65,8	4,4	19,8
841	29.07.20 16:37:00	0,85	4,53	62,9	7,1	20,0
842	29.07.20 16:37:01	0,85	4,46	61,1	4,7	24,2
843	29.07.20 16:37:02	0,85	4,43	62,6	8,2	19,2
844	29.07.20 16:37:03	0,85	4,48	61,0	18,2	10,8
845	29.07.20 16:37:04	0,85	4,48	57,3	18,6	14,1
846	29.07.20 16:37:05	0,88	4,48	52,9	22,0	15,1
847	29.07.20 16:37:06	0,88	4,48	51,0	25,5	13,4
848	29.07.20 16:37:07	0,88	4,51	50,9	24,8	14,3
849	29.07.20 16:37:08	0,92	4,51	60,8	8,4	20,8
850	29.07.20 16:37:09	0,92	4,51	72,3	1,9	15,8
851	29.07.20 16:37:10	0,92	4,51	72,7	2,6	14,7
852	29.07.20 16:37:11	0,92	4,49	72,6	2,6	14,8
853	29.07.20 16:37:12	0,92	4,49	73,9	2,8	13,2
854	29.07.20 16:37:13	0,92	4,49	75,7	1,9	12,3
855	29.07.20 16:37:14	0,92	4,46	72,2	1,8	15,9
856	29.07.20 16:37:15	0,92	4,44	68,9	2,9	18,2
857	29.07.20 16:37:16	0,92	4,44	74,4	2,1	13,5
858	29.07.20 16:37:17	0,92	4,46	75,0	2,1	12,9
859	29.07.20 16:37:18	0,92	4,44	71,2	2,4	16,4
860	29.07.20 16:37:19	0,92	4,42	67,9	2,7	19,5
861	29.07.20 16:37:20	0,92	4,39	69,0	2,9	18,1
862	29.07.20 16:37:21	0,92	4,37	70,1	4,7	15,2
863	29.07.20 16:37:22	0,92	4,35	68,9	5,5	15,6
864	29.07.20 16:37:23	0,92	4,32	64,3	5,3	20,3
865	29.07.20 16:37:24	0,92	4,30	60,0	6,9	23,1
866	29.07.20 16:37:25	0,92	4,28	60,6	10,8	18,6
867	29.07.20 16:37:26	0,92	4,21	56,3	13,7	20,0
868	29.07.20 16:37:27	0,96	4,12	52,1	13,7	24,2
869	29.07.20 16:37:28	0,96	4,00	49,2	14,2	26,6
870	29.07.20 16:37:29	1,00	3,91	49,3	14,6	26,1
871	29.07.20 16:37:30	1,00	3,84	50,4	14,7	25,0
872	29.07.20 16:37:31	1,00	3,77	48,8	13,2	27,9
873	29.07.20 16:37:32	1,00	3,68	43,8	16,4	29,8
874	29.07.20 16:37:33	1,00	3,61	43,0	15,9	31,1
875	29.07.20 16:37:34	1,04	3,52	39,9	15,0	35,1
876	29.07.20 16:37:35	1,04	3,43	37,1	14,6	38,3
877	29.07.20 16:37:36	1,04	3,36	36,0	15,9	38,0
878	29.07.20 16:37:37	1,08	3,24	40,7	14,0	35,3
879	29.07.20 16:37:38	1,12	3,15	34,9	16,3	38,8
880	29.07.20 16:37:39	1,16	3,09	37,0	13,7	39,3
881	29.07.20 16:37:40	1,20	3,00	34,7	16,0	39,3
882	29.07.20 16:37:41	1,20	2,93	34,9	15,5	39,6
883	29.07.20 16:37:42	1,24	2,82	35,7	14,3	40,0
884	29.07.20 16:37:43	1,28	2,75	38,4	11,6	40,1
885	29.07.20 16:37:44	1,31	2,66	33,3	16,5	40,2
886	29.07.20 16:37:45	1,31	2,61	38,5	13,0	38,5
887	29.07.20 16:37:46	1,35	2,57	31,5	17,3	41,2
888	29.07.20 16:37:47	1,39	2,48	33,2	15,8	41,0
889	29.07.20 16:37:48	1,43	2,44	29,5	18,5	42,0
890	29.07.20 16:37:49	1,55	2,38	35,5	15,6	38,9
891	29.07.20 16:37:50	1,66	2,28	33,6	15,7	40,8
892	29.07.20 16:37:51	1,74	2,22	30,6	16,8	42,7
893	29.07.20 16:37:52	1,86	2,14	33,5	15,0	41,4
894	29.07.20 16:37:53	1,89	2,07	31,0	18,1	41,0
895	29.07.20 16:37:54	1,93	2,00	32,8	17,7	39,5
896	29.07.20 16:37:55	1,97	1,96	33,2	18,1	38,7
897	29.07.20 16:37:56	2,01	1,92	33,7	18,0	38,4
898	29.07.20 16:37:57	2,01	1,85	35,0	14,2	40,8
899	29.07.20 16:37:58	2,01	1,82	32,5	17,6	39,9
900	29.07.20 16:37:59	2,05	1,78	30,6	16,1	43,2
901	29.07.20 16:38:00	2,09	1,79	30,3	14,2	45,5
902	29.07.20 16:38:01	2,28	1,55	31,9	13,3	44,8
903	29.07.20 16:38:02	2,50	1,50	29,6	12,5	47,9
904	29.07.20 16:38:03	2,65	1,47	32,5	12,0	45,5
905	29.07.20 16:38:04	2,77	1,46	31,2	10,9	47,9
906	29.07.20 16:38:05	2,88	1,40	35,0	6,8	48,2
907	29.07.20 16:38:06	2,95	1,41	34,4	8,5	47,1
908	29.07.20 16:38:07	3,03	1,40	31,2	9,8	49,0
909	29.07.20 16:38:08	3,10	1,36	27,7	10,3	52,1
910	29.07.20 16:38:09	3,36	1,27	28,3	13,6	48,2
911	29.07.20 16:38:10	3,70	1,30	35,0	10,6	44,4
912	29.07.20 16:38:11	4,17	1,19	31,9	11,6	46,5
913	29.07.20 16:38:12	4,43	1,19	30,3	12,6	47,1
914	29.07.20 16:38:13	4,75	1,13	29,5	12,1	48,4
915	29.07.20 16:38:14	5,22	0,92	29,3	12,6	48,1
916	29.07.20 16:38:15	5,64	0,85	33,2	12,5	44,3
917	29.07.20 16:38:16	6,03	0,87	34,6	12,3	43,1
918	29.07.20 16:38:17	6,34	0,71	29,5	12,8	47,7
919	29.07.20 16:38:18	6,59	0,64	22,1	14,0	53,8
920	29.07.20 16:38:19	6,86	0,60	27,0	13,1	49,9
921	29.07.20 16:38:20	7,14	0,58	25,8	14,1	50,1
922	29.07.20 16:38:21	7,41	0,54	30,1	9,5	50,4
923	29.07.20 16:38:22	7,58	0,54	25,3	13,5	51,2
924	29.07.20 16:38:23	7,82	0,46	29,8	11,6	48,6
925	29.07.20 16:38:24	8,02	0,51	28,6	11,9	49,4
926	29.07.20 16:38:25	8,19	0,39	18,1	12,0	59,9
927	29.07.20 16:38:26	8,39	0,41	31,0	10,8	48,2
928	29.07.20 16:38:27	8,59	0,36	30,1	12,5	47,4
929	29.07.20 16:38:28	8,76	0,34	33,4	7,9	48,8
930	29.07.20 16:38:29	8,96	0,32	20,1	14,2	55,8
931	29.07.20 16:38:30	9,16	0,32	27,4	13,7	48,9
932	29.07.20 16:38:31	9,29	0,29	27,2	12,5	50,3
933	29.07.20 16:38:32	9,49	0,27	31,1	12,1	46,8
934	29.07.20 16:38:33	9,62	0,25	37,0	9,0	44,0
935	29.07.20 16:38:34	9,68	0,25	37,3	8,5	44,2
936	29.07.20 16:38:35	9,78	0,27	39,1	7,3	43,6
937	29.07.20 16:38:36	9,85	0,27	40,5	3,3	46,2
938	29.07.20 16:38:37	9,88	0,25	39,3	4,5	46,2
939	29.07.20 16:38:38	9,98	0,22	36,7	2,5	50,7
940	29.07.20 16:38:39	10,04	0,20	42,7	-1,5	45,9
941	29.07.20 16:38:40	10,11	0,25	42,6	1,6	45,8
942	29.07.20 16:38:41	10,14	0,22	29,5	-5,0	55,5
943	29.07.20 16:38:42	10,17	0,29	30,3	-6,1	53,7
944	29.07.20 16:38:43	10,30	0,27	28,1	-5,3	56,7
945	29.07.20 16:38:44	10,34	0,20	23,9	-7,4	58,6
946	29.07.20 16:38:45	10,47	0,13	34,8	-3,3	51,9
947	29.07.20 16:38:46	10,66	0,15	29,4	-6,5	54,1
948	29.07.20 16:38:47	10,82	0,08	34,2	-3,0	52,8
949	29.07.20 16:38:48	10,88	0,08	24,7	-6,5	58,8
950	29.07.20 16:38:49	11,01	0,06	28,4	-6,7	54,9
951	29.07.20 16:38:50	11,30	0,01	34,5	2,3	53,2
952	29.07.20 16:38:51	11,46	0,00	28,9	-0,8	60,3
953	29.07.20 16:38:52	11,49	0,06	22,4	-3,0	64,5
954	29.07.20 16:38:53	11,59	0,00	25,3	-6,1	58,6
955	29.07.20 16:38:54	11,78	0,00	22,3	-5,8	61,9
956	29.07.20 16:38:55	11,97	0,00	18,2	-9,3	62,5
957	29.07.20 16:38:56	12,16	0,00	37,2	-3,4	49,4
958	29.07.20 16:38:57	12,25	0,00	37,3	-2,2	50,4
959	29.07.20 16:38:58	12,29	0,00	36,3	-1,2	52,5
960	29.07.20 16:38:59	12,29	0,00	29,8	-0,7	59,6
961	29.07.20 16:39:00	12,32	0,00	28,9	4,4	56,7
962	29.07.20 16:39:01	12,35	0,00	35,7	2,8	51,5
963	29.07.20 16:39:02	12,38	0,00	35,3	1,3	53,3
964	29.07.20 16:39:03	12,44	0,00	39,3	2,4	48,3
965	29.07.20 16:39:04	12,51	0,00	41,2	-0,1	48,7
966	29.07.20 16:39:05	12,54	0,00	40,1	1,4	48,5
967	29.07.20 16:39:06	12,69	0,00	39,2	3,5	47,3
968	29.07.20 16:39:07	12,82	0,00	38,0	3,9	48,0
969	29.07.20 16:39:08	12,91	0,00	35,9	7,5	46,6
970	29.07.20 16:39:09	12,94	0,00	39,8	8,5	41,8
971	29.07.20 16:39:10	12,94	0,00	36,1	12,3	41,6
972	29.07.20 16:39:11	13,01	0,00	35,7	3,3	51,0
973	29.07.20 16:39:12	13,07	0,00	34,2	6,4	49,4
974	29.07.20 16:39:13	13,13	0,00	37,4	7,2	45,4
975	29.07.20 16:39:14	13,16	0,00	38,6	9,4	42,0
976	29.07.20 16:39:15	13,16	0,00	35,6	7,1	47,3
977	29.07.20 16:39:16	13,19	0,00	39,4	3,5	47,1
978	29.07.20 16:39:17	13,23	0,00	41,5	4,8	43,7
979	29.07.20 16:39:18	13,23	0,00	40,1	2,1	47,9
980	29.07.20 16:39:19	13,26	0,00	36,6	6,3	47,1
981	29.07.20 16:39:20	13,32	0,00	37,3	-0,7	52,0
982	29.07.20 16:39:21	13,38	0,00	27,2	3,8	59,0
983	29.07.20 16:39:22	13,47	0,00	35,5	2,8	51,6
984	29.07.20 16:39:23	13,57	0,00	32,8	-1,6	55,6
985	29.07.20 16:39:24	13,63	0,00	27,6	-6,6	55,8
986	29.07.20 16:39:25	13,72	0,00	37,1	-4,0	48,8
987	29.07.20 16:39:26	13,75	0,00	35,4	-0,4	54,2
988	29.07.20 16:39:27	13,81	0,00	35,6	2,6	51,8
989	29.07.20 16:39:28	13,85	0,00	36,7	1,5	51,8
990	29.07.20 16:39:29	13,91	0,00	33,3	-8,6	48,1
991	29.07.20 16:39:30	13,94	0,00	33,5	-4,2	52,4
992	29.07.20 16:39:31	14,03	0,00	39,6	-0,5	49,9
993	29.07.20 16:39:32	14,15	0,00	39,5	1,3	49,1
994	29.07.20 16:39:33	14,19	0,00	30,6	0,5	58,9
995	29.07.20 16:39:34	14,22	0,00	33,7	1,0	55,3
996	29.07.20 16:39:35	14,25	0,00	30,9	-1,0	58,1
997	29.07.20 16:39:36	14,31	0,00	41,3	1,6	47,1
998	29.07.20 16:39:37	14,31	0,00	23,7	-1,8	64,5
999	29.07.20 16:39:38	14,34	0,00	16,0	-7,5	66,5
1000	29.07.20 16:39:39	14,40	0,00	40,4	1,3	48,3
1001	29.07.20 16:39:40	14,43	0,00	25,4	-12,0	52,7
1002	29.07.20 16:39:41	14,49	0,00	25,7	-11,4	52,9
1003	29.07.20 16:39:42	14,62	0,00	36,2	-2,1	51,7
1004	29.07.20 16:39:43	14,71	0,00	36,3	-3,4	50,3
1005	29.07.20 16:39:44	14,74	0,00	30,4	-5,7	53,8
1006	29.07.20 16:39:45	14,77	0,00	33,8	-1,8	54,4
1007	29.07.20 16:39:46	14,80	0,00	24,6	-16,5	48,9
1008	29.07.20 16:39:47	14,80	0,00	35,2	-5,2	49,6
1009	29.07.20 16:39:48	14,83	0,00	33,7	-7,4	48,9
1010	29.07.20 16:39:49	14,86	0,00	30,1	-10,6	49,3
1011	29.07.20 16:39:50	14,86	0,00	36,3	-7,8	45,8
1012	29.07.20 16:39:51	14,89	0,00	36,4	-7,4	46,2
1013	29.07.20 16:39:52	14,98	0,00	31,8	-17,3	41,0
1014	29.07.20 16:39:53	15,04	0,00	30,0	-5,4	54,6
1015	29.07.20 16:39:54	15,10	0,00	49,8	-4,9	35,3
1016	29.07.20 16:39:55	15,13	0,00	42,6	-9,2	38,2
1017	29.07.20 16:39:56	15,20	0,00	37,0	-3,8	49,2
1018	29.07.20 16:39:57	15,29	0,00	37,7	-4,1	48,2
1019	29.07.20 16:39:58	15,32	0,00	40,9	-15,6	33,5
1020	29.07.20 16:39:59	15,41	0,00	26,7	-15,5	47,8
1021	29.07.20 16:40:00	15,47	0,00	44,5	-11,6	33,9
1022	29.07.20 16:40:01	15,53	0,00	41,9	-13,7	34,4
1023	29.07.20 16:40:02	15,53	0,00	51,7	-30,0	8,3
1024	29.07.20 16:40:03	15,56	0,00	55,7	-22,6	11,7
1025	29.07.20 16:40:04	15,53	0,00	59,3	-21,7	9,0
1026	29.07.20 16:40:05	15,41	0,00	60,2	-24,9	4,9
1027	29.07.20 16:40:06	15,32	0,00	58,4	-24,2	7,5
1028	29.07.20 16:40:07	15,23	0,01	60,8	-21,4	7,8
1029	29.07.20 16:40:08	15,07	0,04	56,9	-25,3	7,8
1030	29.07.20 16:40:09	14,95	0,04	55,4	-16,9	17,6
1031	29.07.20 16:40:10	14,80	0,06	57,6	-16,2	16,2
1032	29.07.20 16:40:11	14,74	0,04	52,7	-21,0	16,3
1033	29.07.20 16:40:12	14,65	0,08	52,4	-25,0	12,6
1034	29.07.20 16:40:13	14,58	0,08	64,1	-10,9	14,9
1035	29.07.20 16:40:14	14,49	0,06	52,4	-25,0	12,5
1036	29.07.20 16:40:15	14,43	0,11	62,8	-20,2	7,0
1037	29.07.20 16:40:16	14,40	0,11	31,0	-35,1	23,9
1038	29.07.20 16:40:17	14,34	0,11	39,0	-27,4	23,6
1039	29.07.20 16:40:18	14,31	0,13	41,6	-28,8	19,5
1040	29.07.20 16:40:19	14,25	0,13	38,9	-28,0	23,1
1041	29.07.20 16:40:20	14,22	0,13	69,6	-10,3	10,1
1042	29.07.20 16:40:21	14,19	0,13	72,0	7,5	10,5
1043	29.07.20 16:40:22	14,15	0,13	39,4	-50,2	0,4
1044	29.07.20 16:40:23	14,09	0,15	47,2	-37,8	5,0
1045	29.07.20 16:40:24	14,06	0,15	71,8	-1,1	-17,2
1046	29.07.20 16:40:25	14,03	0,15	11,5	-32,2	-46,3
1047	29.07.20 16:40:26	14,00	0,15	-35,2	-50,1	4,7
1048	29.07.20 16:40:27	13,97	0,15	11,2	-72,2	-6,6
1049	29.07.20 16:40:28	13,94	0,15	39,6	-31,9	-18,5
1050	29.07.20 16:40:29	13,91	0,15	49,3	-30,2	-10,5
1051	29.07.20 16:40:30	13,88	0,15	78,0	-3,3	8,7
1052	29.07.20 16:40:31	13,85	0,15	44,9	-28,0	17,1
1053	29.07.20 16:40:32	13,81	0,15	-10,3	-2,1	77,7
1054	29.07.20 16:40:33	13,81	0,15	-10,5	2,3	77,1
1055	29.07.20 16:40:34	13,78	0,18	-10,1	1,4	78,6
1056	29.07.20 16:40:35	13,75	0,18	0,3	-5,2	84,5
1057	29.07.20 16:40:36	13,75	0,18	-7,4	-6,2	76,4
1058	29.07.20 16:40:37	13,72	0,15	-12,1	-4,3	73,6
1059	29.07.20 16:40:38	13,69	0,20	-10,6	-3,1	76,3
1060	29.07.20 16:40:39	13,69	0,18	-9,2	-3,1	77,7
1061	29.07.20 16:40:40	13,66	0,18	-8,4	-5,6	76,0
1062	29.07.20 16:40:41	13,63	0,18	-7,3	-7,0	75,7
1063	29.07.20 16:40:42	13,63	0,18	-6,7	-2,5	80,8
1064	29.07.20 16:40:43	13,60	0,20	-6,0	-6,3	77,7
1065	29.07.20 16:40:44	13,57	0,18	-6,6	-7,1	76,3
1066	29.07.20 16:40:45	13,57	0,20	-5,5	-6,3	78,1
1067	29.07.20 16:40:46	13,54	0,18	-16,1	-7,5	66,4
1068	29.07.20 16:40:47	13,54	0,18	-59,4	-6,0	-24,6
1069	29.07.20 16:40:48	13,54	0,18	-2,4	-2,1	-85,5
1070	29.07.20 16:40:49	13,50	0,18	-2,9	-1,2	-85,9
1071	29.07.20 16:40:50	13,50	0,18	-3,4	-1,0	-85,6
1072	29.07.20 16:40:51	13,50	0,20	-3,5	-1,7	-84,8
1073	29.07.20 16:40:52	13,50	0,20	-2,7	-1,7	-85,7
1074	29.07.20 16:40:53	13,47	0,20	-2,3	-1,6	-86,1
1075	29.07.20 16:40:54	13,47	0,20	-1,6	-1,5	-86,9
1076	29.07.20 16:40:55	13,47	0,18	-2,4	-1,1	-86,5
1077	29.07.20 16:40:56	13,44	0,20	-4,1	-1,5	-84,4
1078	29.07.20 16:40:57	13,44	0,20	-3,7	-1,6	-84,6
1079	29.07.20 16:40:58	13,44	0,20	-2,3	-1,7	-86,0
1080	29.07.20 16:40:59	13,44	0,20	-1,0	-1,0	-88,1
1081	29.07.20 16:41:00	13,44	0,20	-1,7	-1,6	-86,7
1082	29.07.20 16:41:01	13,44	0,18	-3,1	-2,5	-84,4
1083	29.07.20 16:41:02	13,44	0,20	-2,5	-1,2	-86,3
1084	29.07.20 16:41:03	13,41	0,20	-2,2	-1,1	-86,7
1085	29.07.20 16:41:04	13,41	0,20	-2,6	-1,6	-85,9
1086	29.07.20 16:41:05	13,41	0,18	-2,0	-1,8	-86,2
1087	29.07.20 16:41:06	13,41	0,20	-1,6	-2,2	-86,2
1088	29.07.20 16:41:07	13,41	0,22	-30,6	0,3	-59,0
1089	29.07.20 16:41:08	13,41	0,20	-58,6	-7,2	-24,2
1090	29.07.20 16:41:09	13,41	0,20	-60,0	-7,1	-22,9
1091	29.07.20 16:41:10	13,41	0,18	-56,1	-6,9	-27,0
1092	29.07.20 16:41:11	13,44	0,18	-59,2	-6,3	-24,5
1093	29.07.20 16:41:12	13,44	0,18	-58,6	-6,7	-24,6
1094	29.07.20 16:41:13	13,44	0,20	-58,8	-6,4	-24,8
1095	29.07.20 16:41:14	13,44	0,20	-57,6	-6,7	-25,7
1096	29.07.20 16:41:15	13,44	0,20	-56,2	-2,5	-31,3
1097	29.07.20 16:41:16	13,44	0,20	-56,8	-5,8	-27,4
1098	29.07.20 16:41:17	13,44	0,20	-56,9	-7,1	-25,9
1099	29.07.20 16:41:18	13,44	0,18	-60,5	-7,1	-22,4
1100	29.07.20 16:41:19	13,44	0,20	-61,9	-7,0	-21,1
1101	29.07.20 16:41:20	13,44	0,18	-57,0	-6,8	-26,2
1102	29.07.20 16:41:21	13,44	0,18	-57,8	-6,8	-25,4
1103	29.07.20 16:41:22	13,44	0,18	-61,4	-7,1	-21,5
1104	29.07.20 16:41:23	13,44	0,18	-59,8	-7,1	-23,1
1105	29.07.20 16:41:24	13,47	0,20	-57,4	-7,4	-25,2
1106	29.07.20 16:41:25	13,47	0,18	-76,4	-8,5	-5,1
1107	29.07.20 16:41:26	13,47	0,18	-18,2	0,3	71,6
1108	29.07.20 16:41:27	13,47	0,18	-16,6	3,0	70,4
1109	29.07.20 16:41:28	13,47	0,20	-15,1	3,7	71,3
1110	29.07.20 16:41:29	13,47	0,20	-16,5	1,7	71,8
1111	29.07.20 16:41:30	13,47	0,18	-18,5	-0,3	71,2
1112	29.07.20 16:41:31	13,47	0,18	-17,2	-0,2	72,6
1113	29.07.20 16:41:32	13,47	0,20	-16,3	0,8	72,9
1114	29.07.20 16:41:33	13,47	0,20	-16,5	2,2	71,3
1115	29.07.20 16:41:34	13,47	0,18	-17,6	1,9	70,5
1116	29.07.20 16:41:35	13,47	0,20	-16,8	2,0	71,2
1117	29.07.20 16:41:36	13,50	0,20	-16,3	-0,1	73,6
1118	29.07.20 16:41:37	13,50	0,20	-17,0	-0,5	72,5
1119	29.07.20 16:41:38	13,50	0,20	-18,4	0,9	70,7
1120	29.07.20 16:41:39	13,50	0,18	-17,1	1,5	71,3
1121	29.07.20 16:41:40	13,50	0,20	-15,4	1,4	73,2
1122	29.07.20 16:41:41	13,50	0,20	-16,8	1,5	71,8
1123	29.07.20 16:41:42	13,50	0,20	-18,2	1,0	70,9
1124	29.07.20 16:41:43	13,50	0,18	-17,8	0,0	72,2
1125	29.07.20 16:41:44	13,50	0,18	-16,3	0,4	73,3
1126	29.07.20 16:41:45	13,54	0,20	-16,2	1,3	72,4
1127	29.07.20 16:41:46	13,54	0,20	-17,2	2,0	70,8
1128	29.07.20 16:41:47	13,54	0,18	-17,5	2,0	70,4
1129	29.07.20 16:41:48	13,54	0,18	-17,0	0,4	72,6
1130	29.07.20 16:41:49	13,54	0,18	-16,3	-0,3	73,4
1131	29.07.20 16:41:50	13,54	0,18	-17,4	1,0	71,6
1132	29.07.20 16:41:51	13,57	0,18	-15,2	2,3	72,5
1133	29.07.20 16:41:52	13,57	0,20	-13,1	1,8	75,1
1134	29.07.20 16:41:53	13,57	0,18	-14,5	1,3	74,2
1135	29.07.20 16:41:54	13,57	0,18	-15,4	1,1	73,5
1136	29.07.20 16:41:55	13,57	0,18	-13,1	0,9	76,0
1137	29.07.20 16:41:56	13,60	0,20	-13,1	1,5	75,4
1138	29.07.20 16:41:57	13,60	0,18	-14,9	2,2	72,9
1139	29.07.20 16:41:58	13,60	0,18	-15,2	1,5	73,3
1140	29.07.20 16:41:59	13,60	0,18	-13,3	0,9	75,8
1141	29.07.20 16:42:00	13,63	0,15	-13,4	1,2	75,4
1142	29.07.20 16:42:01	13,63	0,18	-14,6	1,4	74,0
1143	29.07.20 16:42:02	13,63	0,15	-14,6	0,6	74,8
1144	29.07.20 16:42:03	13,63	0,18	-13,9	1,2	74,9
1145	29.07.20 16:42:04	13,63	0,18	-13,7	2,3	74,0
1146	29.07.20 16:42:05	13,66	0,20	-14,5	1,3	74,1
1147	29.07.20 16:42:06	13,66	0,20	-14,6	0,4	75,0
1148	29.07.20 16:42:07	13,66	0,18	-14,0	0,8	75,1
1149	29.07.20 16:42:08	13,66	0,20	-13,5	1,6	75,0
1150	29.07.20 16:42:09	13,66	0,20	-14,2	2,2	73,6
1151	29.07.20 16:42:10	13,69	0,20	-14,6	1,7	73,7
1152	29.07.20 16:42:11	13,69	0,20	-14,7	0,7	74,5
1153	29.07.20 16:42:12	13,69	0,20	-13,4	0,3	76,3
1154	29.07.20 16:42:13	13,69	0,18	-13,2	1,6	75,2
1155	29.07.20 16:42:14	13,69	0,20	-15,1	2,3	72,6
1156	29.07.20 16:42:15	13,69	0,20	-15,0	1,4	73,6
1157	29.07.20 16:42:16	13,72	0,20	-13,4	0,8	75,8
1158	29.07.20 16:42:17	13,72	0,20	-13,2	1,1	75,7
1159	29.07.20 16:42:18	13,72	0,20	-14,5	1,3	74,2
1160	29.07.20 16:42:19	13,72	0,20	-15,1	1,6	73,3
1161	29.07.20 16:42:20	13,72	0,20	-14,2	1,7	74,1
1162	29.07.20 16:42:21	13,75	0,20	-13,3	1,3	75,4
1163	29.07.20 16:42:22	13,75	0,18	-13,2	0,7	76,1
1164	29.07.20 16:42:23	13,75	0,20	-14,1	1,6	74,3
1165	29.07.20 16:42:24	13,75	0,18	-15,6	2,7	71,8
1166	29.07.20 16:42:25	13,75	0,18	-14,9	1,8	73,3
1167	29.07.20 16:42:26	13,78	0,18	-12,0	0,1	78,0
1168	29.07.20 16:42:27	13,78	0,18	-12,4	0,9	76,6
1169	29.07.20 16:42:28	13,78	0,18	-16,2	2,8	71,0
1170	29.07.20 16:42:29	13,78	0,18	-16,3	1,7	72,0
1171	29.07.20 16:42:30	13,81	0,18	-12,9	0,8	76,3
1172	29.07.20 16:42:31	13,81	0,18	-11,7	0,6	77,7
1173	29.07.20 16:42:32	13,81	0,18	-14,6	2,0	73,4
1174	29.07.20 16:42:33	13,81	0,20	-15,5	2,8	71,7
1175	29.07.20 16:42:34	13,81	0,18	-13,4	2,8	73,7
1176	29.07.20 16:42:35	13,81	0,18	-13,0	1,6	75,4
1177	29.07.20 16:42:36	13,81	0,18	-14,2	0,5	75,3
1178	29.07.20 16:42:37	13,85	0,18	-15,3	0,4	74,3
1179	29.07.20 16:42:38	13,85	0,18	-13,9	1,6	74,5
1180	29.07.20 16:42:39	13,88	0,20	-12,7	2,5	74,7
1181	29.07.20 16:42:40	13,88	0,18	-14,3	1,5	74,1
1182	29.07.20 16:42:41	13,88	0,18	-14,6	1,7	73,7
1183	29.07.20 16:42:42	13,88	0,20	-10,8	2,5	76,7
1184	29.07.20 16:42:43	13,88	0,20	-6,9	3,0	80,1
1185	29.07.20 16:42:44	13,91	0,20	-9,0	2,3	78,7
1186	29.07.20 16:42:45	13,91	0,20	-55,6	-10,8	-23,6
1187	29.07.20 16:42:46	13,91	0,18	-56,4	-6,5	-27,1
1188	29.07.20 16:42:47	13,94	0,20	-57,9	-5,9	-26,1
1189	29.07.20 16:42:48	13,94	0,20	-60,2	-6,9	-22,9
1190	29.07.20 16:42:49	13,97	0,18	-62,5	-6,3	-21,3
1191	29.07.20 16:42:50	13,97	0,18	-56,7	-6,3	-27,0
1192	29.07.20 16:42:51	14,00	0,18	-57,0	-5,8	-27,2
1193	29.07.20 16:42:52	14,00	0,18	-61,5	-5,1	-23,3
1194	29.07.20 16:42:53	14,03	0,18	-55,1	-6,1	-28,8
1195	29.07.20 16:42:54	14,03	0,18	-58,3	-5,7	-25,9
1196	29.07.20 16:42:55	14,06	0,18	-57,3	-5,6	-27,1
1197	29.07.20 16:42:56	14,06	0,18	-59,4	-6,2	-24,3
1198	29.07.20 16:42:57	14,06	0,18	-57,6	-6,8	-25,6
1199	29.07.20 16:42:58	14,09	0,20	-56,8	-6,8	-26,4
1200	29.07.20 16:42:59	14,09	0,20	-59,4	-8,4	-22,2
1201	29.07.20 16:43:00	14,12	0,18	-54,5	-5,7	-29,8
1202	29.07.20 16:43:01	14,12	0,18	-59,3	-6,2	-24,5
1203	29.07.20 16:43:02	14,15	0,18	-58,7	-5,4	-25,9
1204	29.07.20 16:43:03	14,15	0,18	-59,6	-6,5	-23,9
1205	29.07.20 16:43:04	14,19	0,18	-58,8	-5,7	-25,5
1206	29.07.20 16:43:05	14,19	0,18	-58,5	-6,9	-24,5
1207	29.07.20 16:43:06	14,19	0,18	-57,7	-7,0	-25,3
1208	29.07.20 16:43:07	14,22	0,18	-58,7	-6,6	-24,6
1209	29.07.20 16:43:08	14,22	0,18	-58,8	-5,9	-25,3
1210	29.07.20 16:43:09	14,25	0,18	-59,1	-6,0	-24,9
1211	29.07.20 16:43:10	14,25	0,18	-57,6	-7,4	-25,0
1212	29.07.20 16:43:11	14,25	0,15	-58,0	-6,4	-25,5
1213	29.07.20 16:43:12	14,28	0,18	-56,9	-8,3	-24,9
1214	29.07.20 16:43:13	14,28	0,15	-54,0	-7,7	-28,4
1215	29.07.20 16:43:14	14,31	0,18	-57,4	-6,1	-26,5
1216	29.07.20 16:43:15	14,31	0,18	-60,7	-7,1	-22,2
1217	29.07.20 16:43:16	14,34	0,18	-59,3	-6,0	-24,7
1218	29.07.20 16:43:17	14,37	0,18	-57,7	-6,2	-26,0
1219	29.07.20 16:43:18	14,40	0,18	-56,4	-6,0	-27,6
1220	29.07.20 16:43:19	14,43	0,18	-57,3	-6,0	-26,7
1221	29.07.20 16:43:20	14,46	0,15	-59,5	-5,6	-24,8
1222	29.07.20 16:43:21	14,46	0,15	-54,2	-7,7	-28,1
1223	29.07.20 16:43:22	14,46	0,15	-50,6	19,0	-20,4
1224	29.07.20 16:43:23	14,49	0,15	-46,3	16,7	-27,0
1225	29.07.20 16:43:24	14,49	0,15	-44,9	17,8	-27,2
1226	29.07.20 16:43:25	14,52	0,15	-44,9	17,7	-27,4
1227	29.07.20 16:43:26	14,52	0,15	-46,5	16,8	-26,7
1228	29.07.20 16:43:27	14,52	0,15	-47,6	16,4	-26,0
1229	29.07.20 16:43:28	14,52	0,15	-47,0	16,6	-26,4
1230	29.07.20 16:43:29	14,52	0,15	-45,0	17,6	-27,4
1231	29.07.20 16:43:30	14,52	0,15	-43,6	17,7	-28,7
1232	29.07.20 16:43:31	14,52	0,18	-48,2	15,2	-26,6
1233	29.07.20 16:43:32	14,55	0,18	-52,0	14,2	-23,8
1234	29.07.20 16:43:33	14,58	0,18	-45,7	17,6	-26,7
1235	29.07.20 16:43:34	14,58	0,18	-41,3	19,9	-28,8
1236	29.07.20 16:43:35	14,62	0,18	-45,6	17,2	-27,2
1237	29.07.20 16:43:36	14,62	0,18	-51,4	14,6	-24,0
1238	29.07.20 16:43:37	14,65	0,15	-50,1	15,4	-24,4
1239	29.07.20 16:43:38	14,65	0,18	-47,3	17,8	-24,9
1240	29.07.20 16:43:39	14,65	0,18	-47,6	17,8	-24,6
1241	29.07.20 16:43:40	14,65	0,15	-48,5	17,1	-24,4
1242	29.07.20 16:43:41	14,65	0,18	-45,8	17,3	-26,9
1243	29.07.20 16:43:42	14,65	0,18	-48,5	15,5	-26,0
1244	29.07.20 16:43:43	14,65	0,18	-52,2	14,0	-23,8
1245	29.07.20 16:43:44	14,68	0,18	-50,5	15,6	-23,9
1246	29.07.20 16:43:45	14,71	0,15	-45,7	18,4	-25,9
1247	29.07.20 16:43:46	14,71	0,15	-44,9	18,9	-26,1
1248	29.07.20 16:43:47	14,74	0,18	-50,0	15,8	-24,1
1249	29.07.20 16:43:48	14,74	0,15	-51,9	14,4	-23,7
1250	29.07.20 16:43:49	14,77	0,18	-46,4	15,9	-27,7
1251	29.07.20 16:43:50	14,77	0,18	-47,0	16,4	-26,6
1252	29.07.20 16:43:51	14,77	0,18	-48,9	11,6	-29,5
1253	29.07.20 16:43:52	14,77	0,18	-25,7	53,6	-10,7
1254	29.07.20 16:43:53	14,77	0,15	-21,3	55,9	-12,7
1255	29.07.20 16:43:54	14,80	0,18	-21,9	54,8	-13,3
1256	29.07.20 16:43:55	14,80	0,18	-27,1	50,8	-12,1
1257	29.07.20 16:43:56	14,80	0,18	-26,1	51,6	-12,2
1258	29.07.20 16:43:57	14,80	0,18	-22,6	55,6	-11,8
1259	29.07.20 16:43:58	14,83	0,15	-21,5	56,4	-12,1
1260	29.07.20 16:43:59	14,83	0,18	-24,0	53,5	-12,5
1261	29.07.20 16:44:00	14,83	0,15	-26,1	51,9	-11,9
1262	29.07.20 16:44:01	14,86	0,18	-23,4	53,8	-12,7
1263	29.07.20 16:44:02	14,86	0,18	-22,4	54,3	-13,3
1264	29.07.20 16:44:03	14,86	0,15	-24,8	52,6	-12,6
1265	29.07.20 16:44:04	14,86	0,18	-25,9	52,9	-11,3
1266	29.07.20 16:44:05	14,86	0,18	-22,6	55,2	-12,2
1267	29.07.20 16:44:06	14,89	0,15	-21,3	55,3	-13,4
1268	29.07.20 16:44:07	14,89	0,18	-25,2	52,4	-12,4
1269	29.07.20 16:44:08	14,89	0,15	-26,1	52,1	-11,8
1270	29.07.20 16:44:09	14,92	0,15	-23,1	54,1	-12,8
1271	29.07.20 16:44:10	14,92	0,15	-22,9	53,8	-13,3
1272	29.07.20 16:44:11	14,95	0,15	-24,6	53,5	-11,9
1273	29.07.20 16:44:12	14,95	0,15	-24,7	49,2	-16,0
1274	29.07.20 16:44:13	14,98	0,18	-25,3	30,4	-34,3
1275	29.07.20 16:44:14	14,98	0,15	-28,2	37,3	24,6
1276	29.07.20 16:44:15	14,98	0,15	-28,2	38,3	23,5
1277	29.07.20 16:44:16	14,98	0,15	-26,9	41,1	22,0
1278	29.07.20 16:44:17	14,98	0,15	-26,8	39,6	23,5
1279	29.07.20 16:44:18	15,01	0,18	-25,2	31,2	33,6
1280	29.07.20 16:44:19	15,01	0,18	34,1	8,9	47,0
1281	29.07.20 16:44:20	15,04	0,15	24,2	10,3	55,5
1282	29.07.20 16:44:21	15,07	0,15	24,6	9,8	55,7
1283	29.07.20 16:44:22	15,07	0,18	27,3	10,5	52,2
1284	29.07.20 16:44:23	15,07	0,18	24,5	10,2	55,3
1285	29.07.20 16:44:24	15,07	0,18	23,2	9,4	57,4
1286	29.07.20 16:44:25	15,10	0,18	28,2	9,6	52,2
1287	29.07.20 16:44:26	15,10	0,15	28,6	10,5	50,9
1288	29.07.20 16:44:27	15,10	0,15	22,1	10,1	57,9
1289	29.07.20 16:44:28	15,10	0,18	21,4	9,2	59,4
1290	29.07.20 16:44:29	15,10	0,18	27,8	9,1	53,1
1291	29.07.20 16:44:30	15,13	0,18	31,5	9,6	48,9
1292	29.07.20 16:44:31	15,13	0,18	25,3	10,3	54,4
1293	29.07.20 16:44:32	15,13	0,15	19,9	9,6	60,5
1294	29.07.20 16:44:33	15,13	0,15	23,5	9,4	57,0
1295	29.07.20 16:44:34	15,13	0,18	31,0	9,4	49,6
1296	29.07.20 16:44:35	15,13	0,15	29,2	9,9	50,9
1297	29.07.20 16:44:36	15,17	0,18	21,7	9,7	58,6
1298	29.07.20 16:44:37	15,17	0,18	21,2	8,8	60,0
1299	29.07.20 16:44:38	15,17	0,15	29,3	9,1	51,6
1300	29.07.20 16:44:39	15,17	0,18	29,9	9,9	50,2
1301	29.07.20 16:44:40	15,17	0,15	23,0	9,2	57,8
1302	29.07.20 16:44:41	15,20	0,15	22,8	8,7	58,6
1303	29.07.20 16:44:42	15,20	0,18	27,6	9,6	52,8
1304	29.07.20 16:44:43	15,20	0,18	27,8	10,1	52,2
1305	29.07.20 16:44:44	15,20	0,18	24,4	9,0	56,5
1306	29.07.20 16:44:45	15,20	0,18	25,2	9,6	55,2
1307	29.07.20 16:44:46	15,20	0,15	26,1	9,8	54,1
1308	29.07.20 16:44:47	15,23	0,20	25,1	9,1	55,8
1309	29.07.20 16:44:48	15,23	0,18	25,3	9,2	55,5
1310	29.07.20 16:44:49	15,23	0,18	27,2	8,9	54,0
1311	29.07.20 16:44:50	15,23	0,20	26,9	9,3	53,8
1312	29.07.20 16:44:51	15,23	0,20	24,4	9,9	55,7
1313	29.07.20 16:44:52	15,23	0,18	23,9	10,0	56,1
1314	29.07.20 16:44:53	15,26	0,18	26,8	8,7	54,5
1315	29.07.20 16:44:54	15,26	0,18	27,4	8,9	53,6
1316	29.07.20 16:44:55	15,26	0,18	24,7	9,6	55,8
1317	29.07.20 16:44:56	15,26	0,18	25,1	9,4	55,5
1318	29.07.20 16:44:57	15,29	0,20	27,0	9,2	53,8
1319	29.07.20 16:44:58	15,29	0,18	26,5	9,9	53,6
1320	29.07.20 16:44:59	15,29	0,18	22,9	9,3	57,8
1321	29.07.20 16:45:00	15,29	0,20	25,1	8,6	56,3
1322	29.07.20 16:45:01	15,29	0,18	30,1	9,0	50,8
1323	29.07.20 16:45:02	15,29	0,18	26,3	9,4	54,3
1324	29.07.20 16:45:03	15,29	0,20	21,9	9,3	58,7
1325	29.07.20 16:45:04	15,32	0,18	25,2	9,0	55,9
1326	29.07.20 16:45:05	15,32	0,18	29,4	9,7	50,9
1327	29.07.20 16:45:06	15,32	0,15	26,4	9,5	54,2
1328	29.07.20 16:45:07	15,32	0,18	23,4	8,0	58,6
1329	29.07.20 16:45:08	15,32	0,18	25,3	8,7	56,0
1330	29.07.20 16:45:09	15,35	0,18	27,8	9,6	52,6
1331	29.07.20 16:45:10	15,35	0,18	26,7	9,7	53,6
1332	29.07.20 16:45:11	15,35	0,18	24,4	9,2	56,4
1333	29.07.20 16:45:12	15,35	0,18	25,2	9,4	55,4
1334	29.07.20 16:45:13	15,35	0,18	26,7	9,3	54,0
1335	29.07.20 16:45:14	15,38	0,18	26,0	9,1	55,0
1336	29.07.20 16:45:15	15,38	0,18	25,8	8,2	56,0
1337	29.07.20 16:45:16	15,38	0,18	26,2	8,4	55,4
1338	29.07.20 16:45:17	15,38	0,18	25,8	9,5	54,6
1339	29.07.20 16:45:18	15,41	0,18	26,1	10,2	53,7
1340	29.07.20 16:45:19	15,41	0,18	25,3	8,9	55,8
1341	29.07.20 16:45:20	15,41	0,18	25,1	8,3	56,6
1342	29.07.20 16:45:21	15,41	0,18	27,0	9,3	53,7
1343	29.07.20 16:45:22	15,41	0,18	26,8	9,5	53,7
1344	29.07.20 16:45:23	15,44	0,20	24,6	9,2	56,3
1345	29.07.20 16:45:24	15,44	0,18	24,7	9,4	56,0
1346	29.07.20 16:45:25	15,44	0,18	27,7	9,1	53,2
1347	29.07.20 16:45:26	15,44	0,20	27,0	8,9	54,1
1348	29.07.20 16:45:27	15,47	0,18	23,7	8,2	58,2
1349	29.07.20 16:45:28	15,47	0,18	25,4	8,7	55,9
1350	29.07.20 16:45:29	15,47	0,18	28,5	10,4	51,1
1351	29.07.20 16:45:30	15,47	0,20	25,9	10,4	53,7
1352	29.07.20 16:45:31	15,47	0,18	23,1	9,0	58,0
1353	29.07.20 16:45:32	15,50	0,20	25,8	8,7	55,6
1354	29.07.20 16:45:33	15,50	0,18	28,2	9,1	52,7
1355	29.07.20 16:45:34	15,50	0,18	26,2	8,2	55,6
1356	29.07.20 16:45:35	15,50	0,18	24,8	8,4	56,8
1357	29.07.20 16:45:36	15,53	0,18	26,1	9,4	54,5
1358	29.07.20 16:45:37	15,53	0,18	27,0	9,9	53,1
1359	29.07.20 16:45:38	15,53	0,18	24,9	9,3	55,7
1360	29.07.20 16:45:39	15,53	0,20	24,4	8,7	56,8
1361	29.07.20 16:45:40	15,56	0,18	27,1	8,2	54,7
1362	29.07.20 16:45:41	15,56	0,18	28,3	7,9	53,8
1363	29.07.20 16:45:42	15,56	0,20	25,5	9,8	54,7
1364	29.07.20 16:45:43	15,56	0,18	23,5	10,3	56,1
1365	29.07.20 16:45:44	15,59	0,20	25,4	8,9	55,7
1366	29.07.20 16:45:45	15,59	0,18	27,6	8,4	54,0
1367	29.07.20 16:45:46	15,59	0,18	27,6	8,5	53,9
1368	29.07.20 16:45:47	15,59	0,18	25,4	9,3	55,3
1369	29.07.20 16:45:48	15,62	0,18	24,4	8,9	56,7
1370	29.07.20 16:45:49	15,62	0,18	25,6	7,8	56,6
1371	29.07.20 16:45:50	15,62	0,18	27,9	9,1	53,0
1372	29.07.20 16:45:51	15,62	0,15	26,6	9,9	53,4
1373	29.07.20 16:45:52	15,65	0,18	24,6	8,6	56,8
1374	29.07.20 16:45:53	15,65	0,18	25,5	7,6	56,9
1375	29.07.20 16:45:54	15,65	0,18	27,4	9,1	53,5
1376	29.07.20 16:45:55	15,65	0,15	26,2	10,4	53,4
1377	29.07.20 16:45:56	15,65	0,18	24,5	9,4	56,0
1378	29.07.20 16:45:57	15,68	0,18	25,9	7,5	56,5
1379	29.07.20 16:45:58	15,68	0,20	28,0	7,4	54,6
1380	29.07.20 16:45:59	15,68	0,18	26,8	8,8	54,4
1381	29.07.20 16:46:00	15,68	0,20	24,3	10,0	55,7
1382	29.07.20 16:46:01	15,71	0,20	25,5	9,9	54,6
1383	29.07.20 16:46:02	15,71	0,18	26,7	8,3	55,0
1384	29.07.20 16:46:03	15,71	0,20	27,0	6,8	56,2
1385	29.07.20 16:46:04	15,71	0,20	26,6	8,5	54,9
1386	29.07.20 16:46:05	15,74	0,18	25,2	10,6	54,2
1387	29.07.20 16:46:06	15,74	0,18	25,1	9,8	55,1
1388	29.07.20 16:46:07	15,74	0,18	26,5	8,3	55,1
1389	29.07.20 16:46:08	15,74	0,20	26,7	8,1	55,2
1390	29.07.20 16:46:09	15,77	0,20	25,9	8,6	55,5
1391	29.07.20 16:46:10	15,77	0,18	25,3	8,8	55,9
1392	29.07.20 16:46:11	15,77	0,18	27,1	8,4	54,5
1393	29.07.20 16:46:12	15,77	0,18	26,9	9,1	54,0
1394	29.07.20 16:46:13	15,77	0,20	24,4	9,9	55,7
1395	29.07.20 16:46:14	15,80	0,18	24,5	8,9	56,6
1396	29.07.20 16:46:15	15,80	0,18	28,4	7,7	53,9
1397	29.07.20 16:46:16	15,80	0,18	28,3	8,2	53,5
1398	29.07.20 16:46:17	15,80	0,18	23,7	9,3	56,9
1399	29.07.20 16:46:18	15,80	0,18	23,7	9,2	57,2
1400	29.07.20 16:46:19	15,83	0,18	28,4	9,1	52,5
1401	29.07.20 16:46:20	15,83	0,18	27,9	8,2	53,9
1402	29.07.20 16:46:21	15,83	0,20	24,8	8,0	57,2
1403	29.07.20 16:46:22	15,83	0,18	25,0	8,3	56,8
1404	29.07.20 16:46:23	15,86	0,18	27,1	9,4	53,5
1405	29.07.20 16:46:24	15,86	0,18	26,2	9,6	54,1
1406	29.07.20 16:46:25	15,86	0,18	25,7	8,8	55,5
1407	29.07.20 16:46:26	15,86	0,18	25,5	8,7	55,7
1408	29.07.20 16:46:27	15,89	0,20	26,4	8,2	55,4
1409	29.07.20 16:46:28	15,89	0,20	27,5	8,9	53,6
1410	29.07.20 16:46:29	15,89	0,20	25,5	9,0	55,5
1411	29.07.20 16:46:30	15,89	0,20	23,9	9,1	57,0
1412	29.07.20 16:46:31	15,92	0,20	27,0	8,7	54,4
1413	29.07.20 16:46:32	15,92	0,20	28,2	7,7	54,1
1414	29.07.20 16:46:33	15,92	0,20	25,6	8,6	55,8
1415	29.07.20 16:46:34	15,92	0,18	24,8	10,3	54,9
1416	29.07.20 16:46:35	15,95	0,18	26,4	10,0	53,6
1417	29.07.20 16:46:36	15,95	0,20	25,8	8,5	55,7
1418	29.07.20 16:46:37	15,95	0,18	24,9	7,5	57,6
1419	29.07.20 16:46:38	15,95	0,18	27,8	8,0	54,1
1420	29.07.20 16:46:39	15,99	0,20	28,4	9,8	51,8
1421	29.07.20 16:46:40	15,99	0,18	24,1	10,3	55,6
1422	29.07.20 16:46:41	15,99	0,18	23,3	9,0	57,7
1423	29.07.20 16:46:42	16,02	0,18	26,8	7,7	55,5
1424	29.07.20 16:46:43	16,02	0,20	28,9	8,3	52,7
1425	29.07.20 16:46:44	16,02	0,20	27,8	8,7	53,5
1426	29.07.20 16:46:45	16,02	0,18	23,6	8,8	57,6
1427	29.07.20 16:46:46	16,02	0,20	23,6	9,8	56,6
1428	29.07.20 16:46:47	16,05	0,18	27,8	9,6	52,6
1429	29.07.20 16:46:48	16,05	0,18	28,0	8,8	53,1
1430	29.07.20 16:46:49	16,05	0,18	24,3	8,2	57,5
1431	29.07.20 16:46:50	16,08	0,18	25,7	7,4	56,9
1432	29.07.20 16:46:51	16,08	0,15	28,5	8,7	52,8
1433	29.07.20 16:46:52	16,08	0,18	25,6	9,6	54,7
1434	29.07.20 16:46:53	16,08	0,18	23,6	9,0	57,4
1435	29.07.20 16:46:54	16,08	0,18	27,2	8,5	54,3
1436	29.07.20 16:46:55	16,11	0,18	28,3	8,5	53,2
1437	29.07.20 16:46:56	16,11	0,18	25,0	9,4	55,6
1438	29.07.20 16:46:57	16,11	0,18	24,3	9,3	56,3
1439	29.07.20 16:46:58	16,11	0,18	26,4	8,3	55,3
1440	29.07.20 16:46:59	16,14	0,20	27,9	8,3	53,7
1441	29.07.20 16:47:00	16,14	0,20	26,2	8,5	55,3
1442	29.07.20 16:47:01	16,14	0,20	25,2	8,7	56,1
1443	29.07.20 16:47:02	16,14	0,20	25,4	9,9	54,6
1444	29.07.20 16:47:03	16,17	0,20	26,5	9,3	54,2
1445	29.07.20 16:47:04	16,17	0,20	27,1	8,6	54,3
1446	29.07.20 16:47:05	16,17	0,18	25,8	7,7	56,6
1447	29.07.20 16:47:06	16,17	0,20	25,1	8,3	56,6
1448	29.07.20 16:47:07	16,20	0,20	26,9	9,4	53,7
1449	29.07.20 16:47:08	16,20	0,18	27,3	10,3	52,5
1450	29.07.20 16:47:09	16,20	0,18	24,6	9,9	55,5
1451	29.07.20 16:47:10	16,20	0,18	24,3	7,6	58,0
1452	29.07.20 16:47:11	16,23	0,20	28,3	7,7	54,0
1453	29.07.20 16:47:12	16,23	0,18	28,2	9,0	52,8
1454	29.07.20 16:47:13	16,23	0,20	24,1	9,5	56,4
1455	29.07.20 16:47:14	16,26	0,20	24,0	9,2	56,7
1456	29.07.20 16:47:15	16,26	0,18	27,7	9,0	53,3
1457	29.07.20 16:47:16	16,26	0,18	29,0	7,4	53,5
1458	29.07.20 16:47:17	16,26	0,18	26,0	7,4	56,7
1459	29.07.20 16:47:18	16,26	0,18	26,0	16,0	48,0
1460	29.07.20 16:47:19	16,29	0,20	48,0	24,2	-17,8
1461	29.07.20 16:47:20	16,29	0,15	-55,7	-26,9	7,5
1462	29.07.20 16:47:21	16,32	0,15	-42,6	32,6	14,8
1463	29.07.20 16:47:22	16,41	0,01	-41,8	28,5	19,7
1464	29.07.20 16:47:23	16,53	0,04	3,6	55,3	31,0
1465	29.07.20 16:47:24	16,59	0,08	-56,1	10,2	23,7
1466	29.07.20 16:47:25	16,65	0,41	-49,2	8,6	32,2
1467	29.07.20 16:47:26	16,77	0,41	-31,2	24,7	34,1
1468	29.07.20 16:47:27	16,89	0,46	-19,2	41,9	28,8
1469	29.07.20 16:47:28	16,89	0,49	-44,3	21,6	24,2
1470	29.07.20 16:47:29	16,89	0,49	15,8	3,4	70,8
1471	29.07.20 16:47:30	16,89	0,52	25,1	-10,6	54,3
1472	29.07.20 16:47:31	16,89	0,52	-23,1	10,0	56,9
1473	29.07.20 16:47:32	16,89	0,52	8,5	-50,5	31,1
1474	29.07.20 16:47:33	16,89	0,52	13,5	-11,5	65,1
1475	29.07.20 16:47:34	16,92	0,46	-7,5	7,2	75,2
1476	29.07.20 16:47:35	17,01	0,46	-21,0	-1,6	67,4
1477	29.07.20 16:47:36	17,07	0,41	-12,1	19,4	-58,5
1478	29.07.20 16:47:37	17,19	0,39	9,7	28,0	-52,2
1479	29.07.20 16:47:38	17,31	0,29	16,5	-52,2	-21,2
1480	29.07.20 16:47:39	17,46	0,27	1,0	-68,8	20,2
1481	29.07.20 16:47:40	17,67	0,29	0,9	-60,2	28,9
1482	29.07.20 16:47:41	17,85	0,32	2,6	-56,6	30,7
1483	29.07.20 16:47:42	18,02	0,29	-55,7	14,3	-20,1
