#0	Date-time:	29/07/2020 3:14:56 PM
#1	Recorder:	66H0950
#2	File type:	1
#3	Columns:	7
#4	Channels:	5
#5	Field separation:	0
#6	Decimal point:	0
#7	Date def.:	0	0
#8	Time def.:	0
#9	Channel 1:	Temperature(°C)	Temp(°C)	2	1
#10	Channel 2:	Pressure(Bar)	Press(Bar)	2	1
#11	Reconvertion:	0
#14	Channel 3:	Tilt-X(°)	Tilt-X(°)	1	1
#18	Channel 4:	Tilt-Y(°)	Tilt-Y(°)	1	1
#19	Line color:	1	2	3	4
#22	Channel 5:	Tilt-Z(°)	Tilt-Z(°)	1	1
#30	Trend Type Number:	3
#33	Limit Temp. Corr. OTCR:	1
1	29.07.20 14:42:00	22,43	0,39	-14,7	2,5	72,8
2	29.07.20 14:42:01	22,43	0,39	-19,5	1,9	68,6
3	29.07.20 14:42:02	22,43	0,39	-18,6	1,8	69,6
4	29.07.20 14:42:03	22,43	0,41	-17,0	2,2	70,7
5	29.07.20 14:42:04	22,43	0,39	-16,1	2,3	71,7
6	29.07.20 14:42:05	22,41	0,41	-18,5	2,2	69,2
7	29.07.20 14:42:06	22,41	0,41	-20,6	2,7	66,7
8	29.07.20 14:42:07	22,41	0,41	-15,4	3,2	71,4
9	29.07.20 14:42:08	22,41	0,39	-13,9	3,8	72,2
10	29.07.20 14:42:09	22,41	0,41	-18,6	3,0	68,4
11	29.07.20 14:42:10	22,41	0,41	-23,1	3,1	63,8
12	29.07.20 14:42:11	22,41	0,39	-13,6	3,4	73,1
13	29.07.20 14:42:12	22,41	0,41	-14,3	2,1	73,6
14	29.07.20 14:42:13	22,41	0,41	-22,9	2,4	64,7
15	29.07.20 14:42:14	22,41	0,41	-16,4	1,7	71,9
16	29.07.20 14:42:15	22,38	0,36	-11,9	1,7	76,5
17	29.07.20 14:42:16	22,38	0,39	-20,7	2,3	67,0
18	29.07.20 14:42:17	22,38	0,36	-18,1	1,2	70,7
19	29.07.20 14:42:18	22,38	0,36	-13,2	1,6	75,2
20	29.07.20 14:42:19	22,38	0,39	-20,4	2,0	67,6
21	29.07.20 14:42:20	22,38	0,36	-16,4	1,8	71,8
22	29.07.20 14:42:21	22,38	0,39	-15,6	2,1	72,3
23	29.07.20 14:42:22	22,35	0,39	-19,5	2,0	68,5
24	29.07.20 14:42:23	22,35	0,39	-15,8	2,6	71,5
25	29.07.20 14:42:24	22,35	0,36	-13,7	3,3	73,0
26	29.07.20 14:42:25	22,35	0,39	-20,3	1,8	67,9
27	29.07.20 14:42:26	22,35	0,36	-19,2	2,2	68,7
28	29.07.20 14:42:27	22,35	0,39	-12,6	3,1	74,3
29	29.07.20 14:42:28	22,35	0,39	-18,1	1,8	70,1
30	29.07.20 14:42:29	22,35	0,36	-18,8	2,1	69,0
31	29.07.20 14:42:30	22,32	0,36	-17,2	2,2	70,6
32	29.07.20 14:42:31	22,32	0,39	-14,2	2,0	73,7
33	29.07.20 14:42:32	22,32	0,39	-16,9	1,5	71,6
34	29.07.20 14:42:33	22,32	0,39	-20,7	0,8	68,5
35	29.07.20 14:42:34	22,32	0,39	-16,5	1,7	71,8
36	29.07.20 14:42:35	22,32	0,39	-14,3	1,7	73,9
37	29.07.20 14:42:36	22,32	0,36	-17,0	1,8	71,2
38	29.07.20 14:42:37	22,32	0,39	-19,0	2,1	68,9
39	29.07.20 14:42:38	22,29	0,36	-18,8	1,7	69,5
40	29.07.20 14:42:39	22,29	0,39	-12,8	1,4	75,8
41	29.07.20 14:42:40	22,29	0,39	-18,0	1,6	70,4
42	29.07.20 14:42:41	22,29	0,39	-20,8	1,4	67,9
43	29.07.20 14:42:42	22,29	0,39	-14,5	1,8	73,7
44	29.07.20 14:42:43	22,29	0,39	-16,5	2,9	70,5
45	29.07.20 14:42:44	22,29	0,39	-17,8	1,4	70,7
46	29.07.20 14:42:45	22,29	0,39	-16,1	2,1	71,8
47	29.07.20 14:42:46	22,29	0,39	-18,2	3,4	68,4
48	29.07.20 14:42:47	22,29	0,39	-16,5	2,1	71,4
49	29.07.20 14:42:48	22,29	0,39	-15,3	1,8	72,8
50	29.07.20 14:42:49	22,26	0,36	-20,1	2,2	67,7
51	29.07.20 14:42:50	22,26	0,39	-14,8	2,6	72,6
52	29.07.20 14:42:51	22,26	0,39	-15,6	2,9	71,4
53	29.07.20 14:42:52	22,26	0,39	-19,1	2,4	68,5
54	29.07.20 14:42:53	22,26	0,39	-16,2	3,2	70,6
55	29.07.20 14:42:54	22,26	0,39	-16,6	2,5	71,0
56	29.07.20 14:42:55	22,26	0,39	-17,3	2,1	70,6
57	29.07.20 14:42:56	22,26	0,41	-17,1	2,9	70,0
58	29.07.20 14:42:57	22,26	0,39	-18,3	1,3	70,4
59	29.07.20 14:42:58	22,26	0,41	-14,8	2,4	72,8
60	29.07.20 14:42:59	22,26	0,41	-16,6	2,8	70,5
61	29.07.20 14:43:00	22,23	0,39	-20,1	1,4	68,5
62	29.07.20 14:43:01	22,23	0,39	-14,0	2,2	73,7
63	29.07.20 14:43:02	22,23	0,39	-15,1	2,7	72,2
64	29.07.20 14:43:03	22,23	0,39	-22,6	1,8	65,6
65	29.07.20 14:43:04	22,23	0,39	-16,5	2,1	71,5
66	29.07.20 14:43:05	22,23	0,39	-10,7	2,7	76,7
67	29.07.20 14:43:06	22,23	0,41	-20,4	2,5	67,0
68	29.07.20 14:43:07	22,23	0,39	-18,7	2,0	69,3
69	29.07.20 14:43:08	22,23	0,39	-15,8	2,1	72,0
70	29.07.20 14:43:09	22,23	0,39	-15,9	2,6	71,5
71	29.07.20 14:43:10	22,23	0,39	-16,4	2,1	71,4
72	29.07.20 14:43:11	22,23	0,39	-20,3	1,5	68,3
73	29.07.20 14:43:12	22,23	0,39	-15,9	3,3	70,8
74	29.07.20 14:43:13	22,23	0,39	-14,3	1,5	74,2
75	29.07.20 14:43:14	22,20	0,39	-19,1	1,4	69,5
76	29.07.20 14:43:15	22,20	0,41	-16,2	3,2	70,7
77	29.07.20 14:43:16	22,20	0,39	-16,4	2,7	70,9
78	29.07.20 14:43:17	22,20	0,39	-16,2	1,7	72,1
79	29.07.20 14:43:18	22,20	0,41	-20,1	1,8	68,1
80	29.07.20 14:43:19	22,20	0,39	-16,0	2,4	71,6
81	29.07.20 14:43:20	22,20	0,39	-12,8	2,3	74,8
82	29.07.20 14:43:21	22,20	0,39	-19,8	1,9	68,3
83	29.07.20 14:43:22	22,20	0,39	-19,0	1,5	69,4
84	29.07.20 14:43:23	22,20	0,39	-14,8	1,4	73,8
85	29.07.20 14:43:24	22,20	0,39	-16,0	1,4	72,6
86	29.07.20 14:43:25	22,20	0,39	-19,2	1,9	68,9
87	29.07.20 14:43:26	22,20	0,41	-19,2	2,4	68,4
88	29.07.20 14:43:27	22,20	0,39	-14,4	1,7	73,9
89	29.07.20 14:43:28	22,20	0,39	-13,8	2,1	74,1
90	29.07.20 14:43:29	22,17	0,39	-21,9	1,1	66,9
91	29.07.20 14:43:30	22,17	0,36	-15,5	2,9	71,6
92	29.07.20 14:43:31	22,17	0,36	-13,5	2,2	74,3
93	29.07.20 14:43:32	22,17	0,39	-20,1	2,3	67,6
94	29.07.20 14:43:33	22,17	0,36	-18,7	3,9	67,4
95	29.07.20 14:43:34	22,17	0,36	-14,0	3,7	72,3
96	29.07.20 14:43:35	22,17	0,36	-14,4	3,7	71,9
97	29.07.20 14:43:36	22,17	0,39	-18,9	4,2	67,0
98	29.07.20 14:43:37	22,17	0,36	-17,7	3,1	69,2
99	29.07.20 14:43:38	22,17	0,36	-15,6	1,5	72,9
100	29.07.20 14:43:39	22,17	0,36	-16,6	2,1	71,2
101	29.07.20 14:43:40	22,17	0,39	-18,2	2,3	69,5
102	29.07.20 14:43:41	22,17	0,39	-18,4	0,5	71,2
103	29.07.20 14:43:42	22,17	0,36	-16,7	0,9	72,4
104	29.07.20 14:43:43	22,17	0,36	-15,5	1,8	72,7
105	29.07.20 14:43:44	22,17	0,36	-16,8	1,2	72,1
106	29.07.20 14:43:45	22,17	0,36	-19,7	1,3	69,0
107	29.07.20 14:43:46	22,17	0,36	-16,2	2,5	71,3
108	29.07.20 14:43:47	22,17	0,36	-16,6	2,3	71,1
109	29.07.20 14:43:48	22,17	0,39	-16,1	2,3	71,6
110	29.07.20 14:43:49	22,17	0,36	-18,8	3,1	68,1
111	29.07.20 14:43:50	22,14	0,39	-19,1	2,5	68,4
112	29.07.20 14:43:51	22,14	0,36	-11,6	3,5	74,9
113	29.07.20 14:43:52	22,14	0,36	-15,4	2,8	71,7
114	29.07.20 14:43:53	22,14	0,39	-22,2	3,5	64,3
115	29.07.20 14:43:54	22,14	0,39	-16,3	3,1	70,6
116	29.07.20 14:43:55	22,14	0,39	-11,9	2,3	75,8
117	29.07.20 14:43:56	22,14	0,39	-18,9	1,4	69,8
118	29.07.20 14:43:57	22,14	0,36	-20,7	1,9	67,4
119	29.07.20 14:43:58	22,14	0,36	-13,9	1,7	74,4
120	29.07.20 14:43:59	22,14	0,39	-17,0	0,7	72,3
121	29.07.20 14:44:00	22,14	0,39	-19,7	0,7	69,6
122	29.07.20 14:44:01	22,14	0,39	-13,6	1,0	75,4
123	29.07.20 14:44:02	22,14	0,36	-18,8	1,3	69,8
124	29.07.20 14:44:03	22,14	0,36	-16,8	2,0	71,2
125	29.07.20 14:44:04	22,14	0,36	-16,6	1,0	72,4
126	29.07.20 14:44:05	22,14	0,39	-16,4	2,8	70,8
127	29.07.20 14:44:06	22,14	0,36	-17,0	2,5	70,5
128	29.07.20 14:44:07	22,14	0,39	-17,5	1,1	71,3
129	29.07.20 14:44:08	22,14	0,36	-15,7	3,2	71,1
130	29.07.20 14:44:09	22,14	0,39	-18,1	2,6	69,3
131	29.07.20 14:44:10	22,14	0,36	-18,5	1,5	70,0
132	29.07.20 14:44:11	22,11	0,36	-13,4	3,7	72,9
133	29.07.20 14:44:12	22,11	0,39	-17,3	2,6	70,1
134	29.07.20 14:44:13	22,11	0,39	-19,3	2,8	67,9
135	29.07.20 14:44:14	22,11	0,36	-14,1	3,5	72,4
136	29.07.20 14:44:15	22,11	0,36	-17,8	1,3	70,9
137	29.07.20 14:44:16	22,11	0,39	-16,7	2,7	70,6
138	29.07.20 14:44:17	22,11	0,36	-18,4	2,6	69,1
139	29.07.20 14:44:18	22,11	0,39	-16,4	1,3	72,3
140	29.07.20 14:44:19	22,11	0,39	-16,1	2,3	71,6
141	29.07.20 14:44:20	22,11	0,39	-16,7	1,0	72,3
142	29.07.20 14:44:21	22,11	0,39	-17,5	1,5	71,0
143	29.07.20 14:44:22	22,11	0,39	-17,7	2,1	70,2
144	29.07.20 14:44:23	22,11	0,39	-17,2	1,0	71,7
145	29.07.20 14:44:24	22,11	0,39	-16,6	1,5	71,9
146	29.07.20 14:44:25	22,11	0,39	-18,1	0,5	71,3
147	29.07.20 14:44:26	22,11	0,39	-15,0	2,2	72,8
148	29.07.20 14:44:27	22,11	0,39	-18,5	2,0	69,5
149	29.07.20 14:44:28	22,11	0,39	-17,7	0,9	71,4
150	29.07.20 14:44:29	22,11	0,36	-11,5	2,7	75,8
151	29.07.20 14:44:30	22,11	0,39	-20,9	3,0	66,1
152	29.07.20 14:44:31	22,11	0,41	-17,6	2,6	69,9
153	29.07.20 14:44:32	22,11	0,36	-15,7	2,9	71,4
154	29.07.20 14:44:33	22,11	0,36	-16,6	3,4	70,0
155	29.07.20 14:44:34	22,08	0,36	-15,8	3,8	70,4
156	29.07.20 14:44:35	22,08	0,39	-16,4	2,5	71,1
157	29.07.20 14:44:36	22,08	0,39	-19,3	2,6	68,1
158	29.07.20 14:44:37	22,08	0,39	-14,8	3,0	72,2
159	29.07.20 14:44:38	22,08	0,36	-13,3	1,9	74,8
160	29.07.20 14:44:39	22,08	0,36	-21,9	2,0	66,1
161	29.07.20 14:44:40	22,08	0,39	-17,2	1,8	71,0
162	29.07.20 14:44:41	22,08	0,39	-12,0	2,0	75,9
163	29.07.20 14:44:42	22,08	0,36	-18,2	1,4	70,4
164	29.07.20 14:44:43	22,08	0,39	-19,9	0,9	69,1
165	29.07.20 14:44:44	22,08	0,39	-16,4	1,9	71,7
166	29.07.20 14:44:45	22,08	0,39	-15,6	2,3	72,1
167	29.07.20 14:44:46	22,08	0,39	-14,1	1,9	74,0
168	29.07.20 14:44:47	22,08	0,39	-22,3	1,7	66,0
169	29.07.20 14:44:48	22,08	0,39	-16,9	3,3	69,7
170	29.07.20 14:44:49	22,08	0,36	-9,7	3,9	76,4
171	29.07.20 14:44:50	22,08	0,36	-19,3	1,7	69,0
172	29.07.20 14:44:51	22,08	0,36	-20,9	2,3	66,9
173	29.07.20 14:44:52	22,08	0,39	-12,9	2,9	74,2
174	29.07.20 14:44:53	22,08	0,39	-15,9	1,8	72,2
175	29.07.20 14:44:54	22,08	0,39	-17,7	1,6	70,6
176	29.07.20 14:44:55	22,08	0,39	-17,4	2,6	70,0
177	29.07.20 14:44:56	22,06	0,36	-18,6	2,1	69,3
178	29.07.20 14:44:57	22,06	0,39	-14,0	2,9	73,1
179	29.07.20 14:44:58	22,06	0,39	-13,8	3,2	73,0
180	29.07.20 14:44:59	22,06	0,36	-21,9	2,0	66,1
181	29.07.20 14:45:00	22,06	0,39	-16,7	2,9	70,4
182	29.07.20 14:45:01	22,06	0,36	-12,9	3,0	74,0
183	29.07.20 14:45:02	22,06	0,39	-17,9	2,4	69,7
184	29.07.20 14:45:03	22,06	0,39	-17,9	3,0	69,0
185	29.07.20 14:45:04	22,06	0,39	-13,6	3,0	73,4
186	29.07.20 14:45:05	22,06	0,36	-17,6	2,1	70,3
187	29.07.20 14:45:06	22,06	0,39	-16,5	2,2	71,3
188	29.07.20 14:45:07	22,06	0,39	-14,9	2,4	72,7
189	29.07.20 14:45:08	22,06	0,36	-18,7	1,1	70,2
190	29.07.20 14:45:09	22,06	0,39	-18,4	0,7	71,0
191	29.07.20 14:45:10	22,06	0,39	-13,9	2,3	73,8
192	29.07.20 14:45:11	22,06	0,39	-15,8	1,5	72,7
193	29.07.20 14:45:12	22,06	0,39	-19,7	2,4	67,9
194	29.07.20 14:45:13	22,06	0,39	-17,7	2,0	70,2
195	29.07.20 14:45:14	22,06	0,39	-12,9	1,1	76,0
196	29.07.20 14:45:15	22,06	0,39	-19,1	2,7	68,2
197	29.07.20 14:45:16	22,06	0,39	-18,0	2,5	69,5
198	29.07.20 14:45:17	22,06	0,39	-13,9	2,4	73,6
199	29.07.20 14:45:18	22,06	0,39	-16,3	3,3	70,3
200	29.07.20 14:45:19	22,06	0,39	-19,2	2,5	68,3
201	29.07.20 14:45:20	22,06	0,39	-15,8	2,9	71,2
202	29.07.20 14:45:21	22,06	0,39	-13,1	3,6	73,2
203	29.07.20 14:45:22	22,06	0,39	-19,4	2,5	68,1
204	29.07.20 14:45:23	22,06	0,36	-19,2	2,8	68,0
205	29.07.20 14:45:24	22,06	0,39	-13,1	2,9	74,1
206	29.07.20 14:45:25	22,06	0,39	-15,6	2,8	71,5
207	29.07.20 14:45:26	22,03	0,39	-20,4	1,3	68,3
208	29.07.20 14:45:27	22,03	0,39	-13,9	2,1	74,0
209	29.07.20 14:45:28	22,03	0,39	-16,0	2,4	71,6
210	29.07.20 14:45:29	22,03	0,39	-20,0	1,1	68,9
211	29.07.20 14:45:30	22,03	0,39	-14,4	1,9	73,7
212	29.07.20 14:45:31	22,03	0,39	-16,1	2,1	71,8
213	29.07.20 14:45:32	22,03	0,39	-17,0	3,3	69,7
214	29.07.20 14:45:33	22,03	0,39	-16,1	1,7	72,3
215	29.07.20 14:45:34	22,03	0,39	-18,4	1,9	69,7
216	29.07.20 14:45:35	22,03	0,39	-15,3	2,8	71,9
217	29.07.20 14:45:36	22,03	0,39	-14,9	3,0	72,1
218	29.07.20 14:45:37	22,03	0,39	-19,6	2,7	67,7
219	29.07.20 14:45:38	22,03	0,39	-16,6	2,8	70,6
220	29.07.20 14:45:39	22,03	0,41	-15,0	3,6	71,4
221	29.07.20 14:45:40	22,03	0,39	-14,9	3,6	71,5
222	29.07.20 14:45:41	22,03	0,39	-19,5	2,5	68,0
223	29.07.20 14:45:42	22,03	0,39	-16,2	2,7	71,2
224	29.07.20 14:45:43	22,03	0,39	-16,5	2,5	71,0
225	29.07.20 14:45:44	22,03	0,39	-16,7	2,2	71,1
226	29.07.20 14:45:45	22,03	0,39	-15,3	1,7	73,0
227	29.07.20 14:45:46	22,03	0,36	-20,6	1,9	67,4
228	29.07.20 14:45:47	22,03	0,39	-15,8	2,1	72,1
229	29.07.20 14:45:48	22,03	0,39	-13,1	1,6	75,3
230	29.07.20 14:45:49	22,03	0,39	-19,3	1,2	69,5
231	29.07.20 14:45:50	22,00	0,39	-19,6	0,9	69,5
232	29.07.20 14:45:51	22,00	0,36	-12,8	1,5	75,7
233	29.07.20 14:45:52	22,00	0,39	-16,3	1,9	71,8
234	29.07.20 14:45:53	22,00	0,39	-19,6	1,8	68,6
235	29.07.20 14:45:54	22,00	0,39	-14,7	2,2	73,1
236	29.07.20 14:45:55	22,00	0,39	-15,1	2,7	72,2
237	29.07.20 14:45:56	22,00	0,39	-19,2	3,5	67,3
238	29.07.20 14:45:57	22,00	0,41	-15,5	2,5	72,0
239	29.07.20 14:45:58	22,00	0,39	-17,7	3,1	69,3
240	29.07.20 14:45:59	22,00	0,39	-14,5	3,3	72,2
241	29.07.20 14:46:00	22,00	0,39	-18,0	2,1	70,0
242	29.07.20 14:46:01	22,00	0,39	-19,1	2,4	68,5
243	29.07.20 14:46:02	22,00	0,41	-12,4	2,8	74,8
244	29.07.20 14:46:03	22,00	0,39	-18,4	1,5	70,1
245	29.07.20 14:46:04	22,00	0,39	-17,7	2,1	70,2
246	29.07.20 14:46:05	22,00	0,39	-15,8	1,4	72,8
247	29.07.20 14:46:06	22,00	0,39	-17,7	1,5	70,7
248	29.07.20 14:46:07	22,00	0,39	-17,4	1,7	70,9
249	29.07.20 14:46:08	22,00	0,39	-14,4	1,9	73,7
250	29.07.20 14:46:09	22,00	0,39	-16,7	1,9	71,4
251	29.07.20 14:46:10	22,00	0,39	-21,9	0,0	68,1
252	29.07.20 14:46:11	22,00	0,39	-13,2	1,8	75,1
253	29.07.20 14:46:12	22,00	0,39	-15,1	1,7	73,2
254	29.07.20 14:46:13	22,00	0,39	-20,6	0,7	68,7
255	29.07.20 14:46:14	22,00	0,39	-15,4	3,0	71,6
256	29.07.20 14:46:15	22,00	0,39	-14,7	1,1	74,2
257	29.07.20 14:46:16	22,00	0,39	-17,1	1,8	71,0
258	29.07.20 14:46:17	22,00	0,39	-19,3	2,7	68,0
259	29.07.20 14:46:18	22,00	0,39	-14,7	3,1	72,3
260	29.07.20 14:46:19	22,00	0,41	-16,2	2,7	71,1
261	29.07.20 14:46:20	22,00	0,41	-18,0	4,6	67,4
262	29.07.20 14:46:21	21,97	0,39	-16,3	2,4	71,4
263	29.07.20 14:46:22	21,97	0,39	-18,6	2,5	68,9
264	29.07.20 14:46:23	21,97	0,39	-15,0	3,0	71,9
265	29.07.20 14:46:24	21,97	0,41	-17,4	2,0	70,6
266	29.07.20 14:46:25	21,97	0,39	-16,9	2,7	70,4
267	29.07.20 14:46:26	21,97	0,41	-18,9	3,2	67,9
268	29.07.20 14:46:27	21,97	0,39	-15,5	5,6	68,9
269	29.07.20 14:46:28	21,97	0,39	-13,1	6,7	70,2
270	29.07.20 14:46:29	21,97	0,39	-18,2	7,5	64,3
271	29.07.20 14:46:30	21,97	0,39	-17,5	8,6	64,0
272	29.07.20 14:46:31	21,97	0,39	-13,4	9,8	66,8
273	29.07.20 14:46:32	21,97	0,39	-13,2	9,0	67,8
274	29.07.20 14:46:33	21,97	0,39	-18,9	9,0	62,1
275	29.07.20 14:46:34	21,97	0,39	-16,2	9,3	64,4
276	29.07.20 14:46:35	21,97	0,39	-11,6	8,0	70,4
277	29.07.20 14:46:36	21,97	0,39	-16,9	9,9	63,2
278	29.07.20 14:46:37	21,97	0,39	-16,9	9,0	64,1
279	29.07.20 14:46:38	21,97	0,39	-11,9	7,6	70,5
280	29.07.20 14:46:39	21,97	0,39	-16,1	8,0	65,9
281	29.07.20 14:46:40	21,97	0,39	-17,4	8,5	64,1
282	29.07.20 14:46:41	21,97	0,41	-12,4	8,3	69,4
283	29.07.20 14:46:42	21,97	0,39	-14,4	7,4	68,2
284	29.07.20 14:46:43	21,97	0,41	-17,3	7,2	65,5
285	29.07.20 14:46:44	21,97	0,39	-15,3	8,8	66,0
286	29.07.20 14:46:45	21,97	0,39	-13,8	8,6	67,6
287	29.07.20 14:46:46	21,97	0,39	-15,3	6,4	68,2
288	29.07.20 14:46:47	21,97	0,39	-15,7	6,1	68,3
289	29.07.20 14:46:48	21,97	0,39	-14,6	8,0	67,4
290	29.07.20 14:46:49	21,97	0,39	-14,2	10,6	65,1
291	29.07.20 14:46:50	21,97	0,39	-15,3	8,6	66,1
292	29.07.20 14:46:51	21,94	0,36	-15,9	5,8	68,3
293	29.07.20 14:46:52	21,97	0,39	-15,3	5,0	69,8
294	29.07.20 14:46:53	21,94	0,39	-14,9	5,5	69,6
295	29.07.20 14:46:54	21,94	0,39	-15,0	4,1	70,9
296	29.07.20 14:46:55	21,94	0,36	-16,6	1,3	72,2
297	29.07.20 14:46:56	21,94	0,36	-16,2	-0,9	72,9
298	29.07.20 14:46:57	21,94	0,36	-16,9	-0,6	72,5
299	29.07.20 14:46:58	21,94	0,39	-16,1	-0,6	73,3
300	29.07.20 14:46:59	21,94	0,39	-15,8	0,5	73,8
301	29.07.20 14:47:00	21,94	0,39	-16,5	4,1	69,4
302	29.07.20 14:47:01	21,94	0,36	-15,9	6,1	68,0
303	29.07.20 14:47:02	21,94	0,39	-14,8	6,8	68,4
304	29.07.20 14:47:03	21,94	0,36	-14,4	8,5	67,1
305	29.07.20 14:47:04	21,94	0,39	-15,3	9,6	65,1
306	29.07.20 14:47:05	21,94	0,39	-14,7	10,4	64,9
307	29.07.20 14:47:06	21,94	0,36	-14,6	9,5	65,9
308	29.07.20 14:47:07	21,94	0,36	-15,6	7,9	66,5
309	29.07.20 14:47:08	21,94	0,36	-16,0	6,4	67,6
310	29.07.20 14:47:09	21,94	0,36	-15,1	5,0	69,9
311	29.07.20 14:47:10	21,94	0,39	-15,5	5,0	69,6
312	29.07.20 14:47:11	21,94	0,39	-15,1	4,6	70,3
313	29.07.20 14:47:12	21,94	0,39	-15,0	5,6	69,3
314	29.07.20 14:47:13	21,94	0,39	-16,2	4,8	69,0
315	29.07.20 14:47:14	21,94	0,36	-15,8	4,6	69,6
316	29.07.20 14:47:15	21,94	0,36	-15,7	6,0	68,3
317	29.07.20 14:47:16	21,94	0,39	-14,4	8,4	67,2
318	29.07.20 14:47:17	21,94	0,39	-14,3	9,2	66,5
319	29.07.20 14:47:18	21,94	0,39	-15,2	9,6	65,2
320	29.07.20 14:47:19	21,94	0,39	-16,0	6,3	67,7
321	29.07.20 14:47:20	21,94	0,36	-15,6	3,0	71,4
322	29.07.20 14:47:21	21,94	0,36	-15,1	2,1	72,8
323	29.07.20 14:47:22	21,94	0,36	-15,2	3,1	71,6
324	29.07.20 14:47:23	21,94	0,36	-15,7	3,4	70,9
325	29.07.20 14:47:24	21,94	0,39	-16,1	2,1	71,8
326	29.07.20 14:47:25	21,94	0,39	-16,2	1,1	72,6
327	29.07.20 14:47:26	21,94	0,36	-16,7	-0,1	73,2
328	29.07.20 14:47:27	21,94	0,39	-16,0	-1,9	72,1
329	29.07.20 14:47:28	21,94	0,36	-15,2	-2,9	71,9
330	29.07.20 14:47:29	21,94	0,39	-15,2	-2,8	72,0
331	29.07.20 14:47:30	21,94	0,39	-15,6	-2,5	71,9
332	29.07.20 14:47:31	21,91	0,36	-16,3	-1,6	72,1
333	29.07.20 14:47:32	21,91	0,39	-17,0	-0,7	72,3
334	29.07.20 14:47:33	21,91	0,36	-17,0	1,2	71,8
335	29.07.20 14:47:34	21,91	0,36	-16,4	3,3	70,4
336	29.07.20 14:47:35	21,91	0,39	-15,9	4,8	69,3
337	29.07.20 14:47:36	21,91	0,39	-15,9	5,8	68,3
338	29.07.20 14:47:37	21,91	0,39	-15,6	4,2	70,1
339	29.07.20 14:47:38	21,91	0,36	-16,1	1,0	72,9
340	29.07.20 14:47:39	21,91	0,39	-16,3	-1,8	71,9
341	29.07.20 14:47:40	21,91	0,39	-15,8	-4,5	69,7
342	29.07.20 14:47:41	21,91	0,36	-15,5	-5,8	68,7
343	29.07.20 14:47:42	21,91	0,39	-16,2	-4,5	69,3
344	29.07.20 14:47:43	21,91	0,39	-16,3	-3,3	70,4
345	29.07.20 14:47:44	21,91	0,36	-17,2	-1,9	70,9
346	29.07.20 14:47:45	21,91	0,39	-16,6	0,2	73,1
347	29.07.20 14:47:46	21,91	0,39	-16,6	1,6	71,9
348	29.07.20 14:47:47	21,91	0,36	-16,6	2,9	70,5
349	29.07.20 14:47:48	21,91	0,39	-16,3	2,9	70,7
350	29.07.20 14:47:49	21,91	0,36	-16,0	3,2	70,9
351	29.07.20 14:47:50	21,91	0,39	-15,7	4,6	69,7
352	29.07.20 14:47:51	21,91	0,39	-16,1	5,3	68,6
353	29.07.20 14:47:52	21,91	0,36	-16,3	5,7	68,0
354	29.07.20 14:47:53	21,91	0,39	-16,7	4,8	68,6
355	29.07.20 14:47:54	21,91	0,36	-16,7	3,6	69,7
356	29.07.20 14:47:55	21,91	0,36	-16,4	3,3	70,3
357	29.07.20 14:47:56	21,91	0,39	-16,1	3,3	70,7
358	29.07.20 14:47:57	21,91	0,39	-16,1	2,7	71,2
359	29.07.20 14:47:58	21,91	0,39	-16,5	1,6	71,9
360	29.07.20 14:47:59	21,91	0,36	-17,0	-0,2	72,8
361	29.07.20 14:48:00	21,88	0,39	-16,6	-1,3	72,0
362	29.07.20 14:48:01	21,88	0,36	-16,8	-0,6	72,7
363	29.07.20 14:48:02	21,88	0,39	-17,3	-0,2	72,6
364	29.07.20 14:48:03	21,88	0,39	-17,4	0,2	72,4
365	29.07.20 14:48:04	21,88	0,39	-17,0	0,6	72,5
366	29.07.20 14:48:05	21,88	0,36	-17,2	0,2	72,6
367	29.07.20 14:48:06	21,88	0,39	-17,1	-0,9	72,0
368	29.07.20 14:48:07	21,88	0,39	-16,3	-1,1	72,6
369	29.07.20 14:48:08	21,88	0,36	-16,1	-0,6	73,3
370	29.07.20 14:48:09	21,88	0,36	-16,2	1,2	72,6
371	29.07.20 14:48:10	21,88	0,39	-17,6	1,8	70,6
372	29.07.20 14:48:11	21,88	0,39	-18,6	1,3	70,1
373	29.07.20 14:48:12	21,88	0,39	-18,0	2,3	69,7
374	29.07.20 14:48:13	21,88	0,39	-17,3	3,7	69,1
375	29.07.20 14:48:14	21,88	0,39	-17,0	4,0	69,0
376	29.07.20 14:48:15	21,88	0,39	-17,1	3,9	69,1
377	29.07.20 14:48:16	21,88	0,39	-16,6	3,2	70,2
378	29.07.20 14:48:17	21,88	0,39	-17,4	1,7	70,8
379	29.07.20 14:48:18	21,88	0,39	-17,8	0,6	71,6
380	29.07.20 14:48:19	21,88	0,36	-17,0	0,6	72,3
381	29.07.20 14:48:20	21,88	0,39	-16,5	2,2	71,4
382	29.07.20 14:48:21	21,88	0,39	-16,7	3,0	70,3
383	29.07.20 14:48:22	21,88	0,39	-21,0	17,3	51,6
384	29.07.20 14:48:23	21,88	0,39	-22,5	16,8	50,6
385	29.07.20 14:48:24	21,88	0,39	4,0	-2,3	83,7
386	29.07.20 14:48:25	21,88	0,36	13,8	-12,1	64,2
387	29.07.20 14:48:26	21,88	0,39	14,9	-5,3	69,9
388	29.07.20 14:48:27	21,88	0,39	34,0	-26,6	29,4
389	29.07.20 14:48:28	21,88	0,36	70,1	8,2	11,7
390	29.07.20 14:48:29	21,88	0,39	65,4	6,3	18,3
391	29.07.20 14:48:30	21,88	0,39	69,5	3,9	16,6
392	29.07.20 14:48:31	21,88	0,39	62,1	10,6	17,3
393	29.07.20 14:48:32	21,88	0,41	85,2	4,6	0,2
394	29.07.20 14:48:33	21,85	0,39	71,6	-8,7	9,8
395	29.07.20 14:48:34	21,88	0,39	53,9	31,9	4,2
396	29.07.20 14:48:35	21,85	0,41	64,3	20,3	5,4
397	29.07.20 14:48:36	21,85	0,39	65,3	22,6	2,1
398	29.07.20 14:48:37	21,85	0,36	70,0	18,2	1,8
399	29.07.20 14:48:38	21,85	0,39	49,6	30,7	-9,7
400	29.07.20 14:48:39	21,85	0,39	34,0	51,5	-4,5
401	29.07.20 14:48:40	21,85	0,39	18,3	54,1	-17,6
402	29.07.20 14:48:41	21,85	0,41	13,0	69,8	7,2
403	29.07.20 14:48:42	21,85	0,39	3,1	83,5	-3,4
404	29.07.20 14:48:43	21,85	0,41	-0,9	87,1	-2,0
405	29.07.20 14:48:44	21,85	0,39	0,6	88,1	1,3
406	29.07.20 14:48:45	21,85	0,39	-1,6	72,5	-15,9
407	29.07.20 14:48:46	21,85	0,39	-3,3	74,5	-12,2
408	29.07.20 14:48:47	21,85	0,39	-4,9	75,6	-9,5
409	29.07.20 14:48:48	21,85	0,39	-8,3	65,9	-15,8
410	29.07.20 14:48:49	21,85	0,39	-9,9	71,5	-8,7
411	29.07.20 14:48:50	21,85	0,39	-9,1	66,2	-14,7
412	29.07.20 14:48:51	21,85	0,41	-6,8	58,5	-24,6
413	29.07.20 14:48:52	21,85	0,39	-10,3	59,0	-20,6
414	29.07.20 14:48:53	21,85	0,39	9,0	76,0	5,0
415	29.07.20 14:48:54	21,85	0,39	47,4	38,7	3,9
416	29.07.20 14:48:55	21,85	0,41	2,9	-0,1	-87,0
417	29.07.20 14:48:56	21,85	0,41	6,3	-2,0	-81,8
418	29.07.20 14:48:57	21,85	0,39	0,8	0,5	-88,7
419	29.07.20 14:48:58	21,85	0,39	6,7	5,5	-77,8
420	29.07.20 14:48:59	21,85	0,41	2,3	-0,8	-86,9
421	29.07.20 14:49:00	21,85	0,39	3,3	-2,7	-84,0
422	29.07.20 14:49:01	21,85	0,41	3,7	-2,0	-84,4
423	29.07.20 14:49:02	21,85	0,41	2,0	0,0	-88,0
424	29.07.20 14:49:03	21,85	0,41	4,1	1,3	-84,6
425	29.07.20 14:49:04	21,82	0,41	3,2	0,3	-86,5
426	29.07.20 14:49:05	21,82	0,41	0,5	-2,0	-87,5
427	29.07.20 14:49:06	21,82	0,39	2,2	-2,2	-85,6
428	29.07.20 14:49:07	21,82	0,39	2,7	-1,8	-85,5
429	29.07.20 14:49:08	21,82	0,41	1,6	0,8	-87,6
430	29.07.20 14:49:09	21,82	0,39	17,4	1,4	-71,2
431	29.07.20 14:49:10	21,85	0,39	57,7	9,4	-22,9
432	29.07.20 14:49:11	21,82	0,46	56,9	-13,8	19,3
433	29.07.20 14:49:12	21,73	0,46	13,7	-2,5	73,8
434	29.07.20 14:49:13	21,65	0,46	24,3	54,8	10,8
435	29.07.20 14:49:14	21,59	0,46	12,5	65,2	-12,3
436	29.07.20 14:49:15	21,53	0,51	14,7	55,6	19,6
437	29.07.20 14:49:16	21,50	0,58	40,1	11,0	38,9
438	29.07.20 14:49:17	21,47	0,57	24,1	12,5	53,4
439	29.07.20 14:49:18	21,44	0,59	36,0	1,0	52,9
440	29.07.20 14:49:19	21,44	0,64	42,1	-4,2	43,7
441	29.07.20 14:49:20	21,41	0,64	26,2	14,0	49,9
442	29.07.20 14:49:21	21,38	0,61	19,1	5,0	65,9
443	29.07.20 14:49:22	21,35	0,65	44,4	0,1	45,4
444	29.07.20 14:49:23	21,33	0,67	50,1	0,7	39,2
445	29.07.20 14:49:24	21,33	0,70	52,4	3,9	33,7
446	29.07.20 14:49:25	21,30	0,67	37,4	5,4	47,2
447	29.07.20 14:49:26	21,30	0,70	33,9	5,3	50,8
448	29.07.20 14:49:27	21,30	0,67	28,5	9,0	52,5
449	29.07.20 14:49:28	21,27	0,65	27,4	6,2	56,5
450	29.07.20 14:49:29	21,27	0,69	38,6	10,8	40,6
451	29.07.20 14:49:30	21,24	0,74	37,3	9,9	42,8
452	29.07.20 14:49:31	21,21	0,73	30,7	13,7	45,6
453	29.07.20 14:49:32	21,21	0,76	33,7	10,5	45,8
454	29.07.20 14:49:33	21,21	0,80	47,8	4,3	37,9
455	29.07.20 14:49:34	21,18	0,80	52,5	2,2	35,3
456	29.07.20 14:49:35	21,18	0,80	49,4	2,6	38,0
457	29.07.20 14:49:36	21,18	0,82	49,9	4,5	35,6
458	29.07.20 14:49:37	21,18	0,82	53,6	1,7	34,8
459	29.07.20 14:49:38	21,15	0,84	45,9	1,7	42,4
460	29.07.20 14:49:39	21,15	0,87	59,3	-0,4	30,2
461	29.07.20 14:49:40	21,15	0,89	63,1	-1,0	25,9
462	29.07.20 14:49:41	21,15	0,89	55,7	1,2	33,2
463	29.07.20 14:49:42	21,15	0,91	53,4	3,2	33,5
464	29.07.20 14:49:43	21,12	0,91	60,0	2,8	27,2
465	29.07.20 14:49:44	21,12	0,93	67,4	1,0	21,6
466	29.07.20 14:49:45	21,09	0,96	63,6	2,5	23,9
467	29.07.20 14:49:46	21,09	0,98	65,0	2,8	22,2
468	29.07.20 14:49:47	21,09	1,00	64,8	5,1	20,1
469	29.07.20 14:49:48	21,06	1,00	60,2	8,7	21,1
470	29.07.20 14:49:49	21,06	1,00	58,2	9,5	22,3
471	29.07.20 14:49:50	21,06	1,05	59,1	13,1	17,8
472	29.07.20 14:49:51	21,06	1,05	61,1	15,7	13,2
473	29.07.20 14:49:52	21,03	1,07	61,1	16,8	12,1
474	29.07.20 14:49:53	21,00	1,11	63,1	13,2	13,7
475	29.07.20 14:49:54	20,97	1,11	63,9	11,2	14,8
476	29.07.20 14:49:55	20,97	1,13	63,9	12,6	13,5
477	29.07.20 14:49:56	20,94	1,13	60,6	18,9	10,5
478	29.07.20 14:49:57	20,94	1,20	62,1	20,2	7,7
479	29.07.20 14:49:58	20,94	1,24	62,6	16,8	10,6
480	29.07.20 14:49:59	20,92	1,27	61,6	13,7	14,7
481	29.07.20 14:50:00	20,92	1,27	61,6	13,7	14,8
482	29.07.20 14:50:01	20,89	1,29	66,9	13,9	9,2
483	29.07.20 14:50:02	20,86	1,31	70,2	13,8	6,0
484	29.07.20 14:50:03	20,83	1,35	65,0	13,6	11,4
485	29.07.20 14:50:04	20,83	1,40	62,9	13,0	14,1
486	29.07.20 14:50:05	20,80	1,37	68,7	11,9	9,4
487	29.07.20 14:50:06	20,77	1,41	72,4	10,2	7,4
488	29.07.20 14:50:07	20,71	1,45	72,3	8,3	9,4
489	29.07.20 14:50:08	20,68	1,50	71,2	7,8	11,0
490	29.07.20 14:50:09	20,65	1,50	71,3	7,3	11,4
491	29.07.20 14:50:10	20,59	1,51	72,6	5,9	11,5
492	29.07.20 14:50:11	20,48	1,57	75,2	4,4	10,4
493	29.07.20 14:50:12	20,36	1,61	77,0	3,5	9,5
494	29.07.20 14:50:13	20,30	1,65	74,6	3,6	11,8
495	29.07.20 14:50:14	20,24	1,66	72,3	4,4	13,3
496	29.07.20 14:50:15	20,09	1,72	71,2	5,4	13,4
497	29.07.20 14:50:16	19,98	1,75	75,1	5,5	9,5
498	29.07.20 14:50:17	19,89	1,79	75,3	5,4	9,2
499	29.07.20 14:50:18	19,86	1,83	70,4	5,6	14,0
500	29.07.20 14:50:19	19,80	1,85	71,0	4,9	14,1
501	29.07.20 14:50:20	19,68	1,89	73,8	4,4	11,8
502	29.07.20 14:50:21	19,62	1,90	71,4	3,7	14,9
503	29.07.20 14:50:22	19,59	1,92	72,6	2,6	14,8
504	29.07.20 14:50:23	19,53	1,96	75,3	1,7	13,0
505	29.07.20 14:50:24	19,45	1,98	72,4	1,6	16,0
506	29.07.20 14:50:25	19,42	2,00	69,8	0,6	19,6
507	29.07.20 14:50:26	19,39	2,00	73,6	-0,8	15,6
508	29.07.20 14:50:27	19,36	2,06	74,6	-0,9	14,5
509	29.07.20 14:50:28	19,33	2,08	67,5	-1,3	21,2
510	29.07.20 14:50:29	19,27	2,08	63,2	-1,8	25,0
511	29.07.20 14:50:30	19,21	2,12	67,4	-4,2	18,4
512	29.07.20 14:50:31	19,18	2,14	71,9	-2,8	15,3
513	29.07.20 14:50:32	19,15	2,13	67,4	-1,2	21,4
514	29.07.20 14:50:33	19,03	2,17	63,9	0,0	26,0
515	29.07.20 14:50:34	18,86	2,24	67,7	1,9	20,4
516	29.07.20 14:50:35	18,74	2,26	72,4	2,4	15,3
517	29.07.20 14:50:36	18,65	2,27	65,6	4,6	19,9
518	29.07.20 14:50:37	18,62	2,29	63,7	4,4	21,9
519	29.07.20 14:50:38	18,59	2,29	67,2	5,1	17,6
520	29.07.20 14:50:39	18,59	2,31	66,9	5,0	18,1
521	29.07.20 14:50:40	18,56	2,35	63,3	5,8	20,9
522	29.07.20 14:50:41	18,53	2,37	63,2	5,8	21,0
523	29.07.20 14:50:42	18,47	2,41	65,3	6,6	18,1
524	29.07.20 14:50:43	18,32	2,42	65,3	6,8	17,9
525	29.07.20 14:50:44	18,20	2,41	64,6	6,3	19,1
526	29.07.20 14:50:45	18,14	2,43	63,4	6,8	19,8
527	29.07.20 14:50:46	18,05	2,47	62,0	6,2	21,8
528	29.07.20 14:50:47	17,85	2,47	62,7	3,1	24,1
529	29.07.20 14:50:48	17,70	2,47	62,1	4,5	23,4
530	29.07.20 14:50:49	17,58	2,46	61,4	10,6	18,0
531	29.07.20 14:50:50	17,49	2,52	60,3	10,1	19,6
532	29.07.20 14:50:51	17,43	2,49	61,2	4,8	24,0
533	29.07.20 14:50:52	17,40	2,47	62,3	4,1	23,5
534	29.07.20 14:50:53	17,40	2,47	60,4	7,3	22,3
535	29.07.20 14:50:54	17,37	2,46	60,2	7,6	22,2
536	29.07.20 14:50:55	17,34	2,48	63,5	2,8	23,7
537	29.07.20 14:50:56	17,34	2,44	44,8	2,7	42,5
538	29.07.20 14:50:57	17,28	2,27	48,8	5,3	35,9
539	29.07.20 14:50:58	16,74	2,61	56,8	7,5	25,7
540	29.07.20 14:50:59	16,32	2,64	59,4	7,1	23,5
541	29.07.20 14:51:00	16,11	2,61	60,2	3,2	26,7
542	29.07.20 14:51:01	15,99	2,62	60,6	3,6	25,8
543	29.07.20 14:51:02	15,89	2,59	57,2	12,0	20,8
544	29.07.20 14:51:03	15,83	2,66	58,4	11,3	20,3
545	29.07.20 14:51:04	15,77	2,51	59,1	6,1	24,8
546	29.07.20 14:51:05	15,62	2,59	55,1	12,0	23,0
547	29.07.20 14:51:06	15,50	2,64	58,8	12,3	18,9
548	29.07.20 14:51:07	15,41	2,66	57,2	10,7	22,0
549	29.07.20 14:51:08	15,35	2,67	55,7	6,8	27,5
550	29.07.20 14:51:09	15,32	2,67	56,2	10,4	23,4
551	29.07.20 14:51:10	15,29	2,69	58,9	12,1	19,1
552	29.07.20 14:51:11	15,26	2,69	56,5	10,8	22,7
553	29.07.20 14:51:12	15,20	2,66	59,7	7,0	23,3
554	29.07.20 14:51:13	15,17	2,66	67,6	1,0	21,4
555	29.07.20 14:51:14	15,13	2,63	62,0	-1,7	26,3
556	29.07.20 14:51:15	15,10	2,63	51,5	-4,0	34,5
557	29.07.20 14:51:16	15,07	2,58	39,2	4,3	46,5
558	29.07.20 14:51:17	15,04	2,53	41,9	6,2	41,9
559	29.07.20 14:51:18	14,89	2,49	52,9	3,0	34,1
560	29.07.20 14:51:19	14,62	2,60	53,5	2,0	34,5
561	29.07.20 14:51:20	14,43	2,60	50,5	-0,1	39,5
562	29.07.20 14:51:21	14,34	2,59	44,3	3,4	42,4
563	29.07.20 14:51:22	14,31	2,59	39,7	5,8	44,5
564	29.07.20 14:51:23	14,25	2,58	42,7	5,4	41,9
565	29.07.20 14:51:24	14,22	2,58	53,5	2,2	34,3
566	29.07.20 14:51:25	14,15	2,57	52,0	1,4	36,6
567	29.07.20 14:51:26	14,09	2,57	33,2	9,6	47,2
568	29.07.20 14:51:27	14,00	2,54	28,3	12,2	49,5
569	29.07.20 14:51:28	13,78	2,54	29,1	12,3	48,6
570	29.07.20 14:51:29	13,44	2,57	28,0	12,5	49,4
571	29.07.20 14:51:30	13,19	2,52	25,2	15,3	49,4
572	29.07.20 14:51:31	13,04	2,55	28,9	15,2	45,9
573	29.07.20 14:51:32	12,91	2,52	24,4	16,0	49,7
574	29.07.20 14:51:33	12,88	2,47	28,0	10,1	51,9
575	29.07.20 14:51:34	12,85	2,46	28,7	11,6	49,7
576	29.07.20 14:51:35	12,85	2,44	30,7	6,8	52,6
577	29.07.20 14:51:36	12,82	2,44	29,2	8,2	52,6
578	29.07.20 14:51:37	12,82	2,44	27,3	15,5	47,2
579	29.07.20 14:51:38	12,79	2,43	33,2	14,9	41,8
580	29.07.20 14:51:39	12,79	2,41	41,2	12,9	35,9
581	29.07.20 14:51:40	12,82	2,41	38,0	6,5	45,5
582	29.07.20 14:51:41	12,79	2,41	46,7	3,8	39,5
583	29.07.20 14:51:42	12,76	2,38	45,1	1,3	43,5
584	29.07.20 14:51:43	12,69	2,38	41,8	1,5	46,7
585	29.07.20 14:51:44	12,69	2,33	40,4	-1,3	48,2
586	29.07.20 14:51:45	12,66	2,33	34,2	-6,1	49,7
587	29.07.20 14:51:46	12,69	2,28	29,1	-10,4	50,5
588	29.07.20 14:51:47	12,69	2,33	26,9	-13,3	49,8
589	29.07.20 14:51:48	12,82	2,25	28,2	-13,6	48,2
590	29.07.20 14:51:49	12,94	2,22	36,5	-9,8	43,7
591	29.07.20 14:51:50	13,10	2,16	37,7	-10,9	41,4
592	29.07.20 14:51:51	13,19	2,15	39,3	-12,7	38,0
593	29.07.20 14:51:52	13,26	2,15	40,8	-12,7	36,5
594	29.07.20 14:51:53	13,35	2,09	39,1	-15,5	35,4
595	29.07.20 14:51:54	13,50	2,06	37,6	-16,8	35,6
596	29.07.20 14:51:55	13,60	2,05	38,0	-18,0	33,9
597	29.07.20 14:51:56	13,69	2,03	36,6	-19,1	34,3
598	29.07.20 14:51:57	13,78	2,02	39,6	-13,5	36,8
599	29.07.20 14:51:58	13,88	2,01	40,7	-11,4	37,9
600	29.07.20 14:51:59	13,97	1,99	41,4	-13,8	34,8
601	29.07.20 14:52:00	14,06	1,98	41,1	-13,9	35,0
602	29.07.20 14:52:01	14,12	1,99	38,9	-15,3	35,8
603	29.07.20 14:52:02	14,19	1,99	38,3	-14,8	36,9
604	29.07.20 14:52:03	14,22	2,00	39,5	-15,4	35,2
605	29.07.20 14:52:04	14,25	2,00	40,4	-13,9	35,7
606	29.07.20 14:52:05	14,25	2,00	39,0	-15,1	35,9
607	29.07.20 14:52:06	14,25	2,00	37,9	-15,9	36,2
608	29.07.20 14:52:07	14,19	2,04	39,4	-14,4	36,2
609	29.07.20 14:52:08	14,09	2,08	40,4	-14,9	34,7
610	29.07.20 14:52:09	14,00	2,09	39,1	-15,5	35,4
611	29.07.20 14:52:10	13,85	2,17	39,7	-14,5	35,8
612	29.07.20 14:52:11	13,69	2,18	38,1	-15,8	36,1
613	29.07.20 14:52:12	13,50	2,25	38,5	-16,2	35,3
614	29.07.20 14:52:13	13,35	2,23	38,5	-16,6	34,9
615	29.07.20 14:52:14	13,16	2,31	38,7	-16,5	34,8
616	29.07.20 14:52:15	13,01	2,39	39,8	-16,6	33,7
617	29.07.20 14:52:16	12,85	2,42	37,7	-18,0	34,2
618	29.07.20 14:52:17	12,69	2,40	37,1	-17,8	35,2
619	29.07.20 14:52:18	12,57	2,46	37,7	-17,6	34,7
620	29.07.20 14:52:19	12,44	2,44	38,7	-18,4	32,9
621	29.07.20 14:52:20	12,35	2,46	40,1	-17,9	32,0
622	29.07.20 14:52:21	12,25	2,49	37,7	-19,6	32,6
623	29.07.20 14:52:22	12,13	2,50	37,9	-18,7	33,4
624	29.07.20 14:52:23	12,03	2,57	38,0	-18,8	33,2
625	29.07.20 14:52:24	11,94	2,56	38,5	-19,7	31,7
626	29.07.20 14:52:25	11,84	2,55	38,1	-20,3	31,6
627	29.07.20 14:52:26	11,72	2,58	40,1	-20,0	29,8
628	29.07.20 14:52:27	11,62	2,62	38,5	-20,1	31,4
629	29.07.20 14:52:28	11,56	2,54	36,7	-20,0	33,2
630	29.07.20 14:52:29	11,49	2,60	36,0	-20,6	33,4
631	29.07.20 14:52:30	11,43	2,64	36,6	-21,1	32,3
632	29.07.20 14:52:31	11,33	2,66	36,6	-21,3	32,2
633	29.07.20 14:52:32	11,30	2,68	37,4	-20,9	31,7
634	29.07.20 14:52:33	11,24	2,67	38,4	-21,2	30,3
635	29.07.20 14:52:34	11,17	2,71	35,5	-22,1	32,4
636	29.07.20 14:52:35	11,11	2,70	35,8	-21,5	32,7
637	29.07.20 14:52:36	11,08	2,70	34,5	-22,2	33,3
638	29.07.20 14:52:37	10,95	2,73	33,8	-21,8	34,5
639	29.07.20 14:52:38	10,82	2,79	33,5	-21,9	34,6
640	29.07.20 14:52:39	10,72	2,85	34,5	-22,5	33,0
641	29.07.20 14:52:40	10,66	2,82	35,9	-23,2	30,9
642	29.07.20 14:52:41	10,56	2,86	35,0	-23,6	31,4
643	29.07.20 14:52:42	10,53	2,88	34,6	-23,7	31,7
644	29.07.20 14:52:43	10,50	2,87	32,2	-24,2	33,6
645	29.07.20 14:52:44	10,43	2,87	30,0	-24,0	35,9
646	29.07.20 14:52:45	10,37	2,88	25,9	-25,9	38,3
647	29.07.20 14:52:46	10,34	2,90	31,2	-23,8	35,0
648	29.07.20 14:52:47	10,34	2,93	34,1	-23,5	32,5
649	29.07.20 14:52:48	10,30	2,95	35,1	-23,7	31,2
650	29.07.20 14:52:49	10,24	2,99	35,4	-24,1	30,5
651	29.07.20 14:52:50	10,17	3,00	30,9	-25,9	33,2
652	29.07.20 14:52:51	10,11	3,00	25,1	-25,7	39,2
653	29.07.20 14:52:52	10,08	3,02	24,9	-25,7	39,4
654	29.07.20 14:52:53	10,04	3,06	24,7	-25,1	40,2
655	29.07.20 14:52:54	10,01	3,08	23,2	-25,8	41,0
656	29.07.20 14:52:55	9,95	3,10	25,4	-25,3	39,3
657	29.07.20 14:52:56	9,88	3,14	29,6	-24,3	36,1
658	29.07.20 14:52:57	9,88	3,16	26,0	-24,2	39,7
659	29.07.20 14:52:58	9,78	3,17	21,9	-24,3	43,8
660	29.07.20 14:52:59	9,68	3,21	21,3	-23,7	45,0
661	29.07.20 14:53:00	9,59	3,22	23,5	-23,8	42,6
662	29.07.20 14:53:01	9,52	3,29	16,8	-25,4	47,8
663	29.07.20 14:53:02	9,45	3,30	19,5	-24,9	45,6
664	29.07.20 14:53:03	9,42	3,30	16,4	-24,1	49,4
665	29.07.20 14:53:04	9,42	3,30	13,9	-25,3	50,7
666	29.07.20 14:53:05	9,36	3,34	13,2	-25,1	51,7
667	29.07.20 14:53:06	9,29	3,29	8,9	-24,3	56,7
668	29.07.20 14:53:07	9,19	3,39	11,1	-23,3	55,6
669	29.07.20 14:53:08	8,99	3,47	16,6	-22,5	50,9
670	29.07.20 14:53:09	8,86	3,50	22,4	-23,1	44,5
671	29.07.20 14:53:10	8,79	3,52	18,6	-22,0	49,3
672	29.07.20 14:53:11	8,76	3,51	12,6	-21,1	56,3
673	29.07.20 14:53:12	8,76	3,51	12,0	-21,6	56,5
674	29.07.20 14:53:13	8,69	3,58	14,7	-21,0	54,3
675	29.07.20 14:53:14	8,59	3,61	19,4	-20,8	49,8
676	29.07.20 14:53:15	8,53	3,65	29,1	-18,5	42,3
677	29.07.20 14:53:16	8,49	3,65	27,1	-20,2	42,6
678	29.07.20 14:53:17	8,49	3,63	23,2	-19,6	47,2
679	29.07.20 14:53:18	8,49	3,70	19,2	-18,8	52,0
680	29.07.20 14:53:19	8,49	3,67	15,9	-18,9	55,2
681	29.07.20 14:53:20	8,49	3,72	17,1	-18,5	54,4
682	29.07.20 14:53:21	8,39	3,78	21,7	-18,5	49,8
683	29.07.20 14:53:22	8,22	3,81	29,1	-18,8	42,1
684	29.07.20 14:53:23	8,12	3,82	29,4	-18,5	42,1
685	29.07.20 14:53:24	8,09	3,84	27,7	-18,9	43,4
686	29.07.20 14:53:25	8,09	3,84	23,7	-18,6	47,7
687	29.07.20 14:53:26	8,06	3,86	22,5	-17,4	50,1
688	29.07.20 14:53:27	8,09	3,86	25,3	-17,5	47,1
689	29.07.20 14:53:28	8,09	3,91	29,2	-17,5	43,3
690	29.07.20 14:53:29	8,06	3,91	32,7	-18,1	39,2
691	29.07.20 14:53:30	8,06	3,93	33,6	-18,9	37,6
692	29.07.20 14:53:31	8,06	3,95	32,5	-18,9	38,6
693	29.07.20 14:53:32	8,06	3,95	29,3	-17,8	42,9
694	29.07.20 14:53:33	8,06	4,00	29,4	-17,6	43,0
695	29.07.20 14:53:34	7,99	4,04	27,8	-18,0	44,2
696	29.07.20 14:53:35	7,95	4,06	28,7	-17,6	43,6
697	29.07.20 14:53:36	7,92	4,08	30,0	-17,3	42,7
698	29.07.20 14:53:37	7,89	4,10	32,1	-17,5	40,4
699	29.07.20 14:53:38	7,89	4,12	31,7	-17,2	41,1
700	29.07.20 14:53:39	7,85	4,14	31,3	-17,0	41,7
701	29.07.20 14:53:40	7,82	4,16	32,1	-17,3	40,6
702	29.07.20 14:53:41	7,79	4,21	30,8	-17,9	41,3
703	29.07.20 14:53:42	7,79	4,21	28,5	-17,0	44,5
704	29.07.20 14:53:43	7,75	4,23	26,7	-16,9	46,4
705	29.07.20 14:53:44	7,75	4,27	30,1	-16,4	43,5
706	29.07.20 14:53:45	7,68	4,29	31,8	-16,6	41,6
707	29.07.20 14:53:46	7,68	4,31	32,0	-17,2	40,8
708	29.07.20 14:53:47	7,65	4,33	29,9	-17,9	42,2
709	29.07.20 14:53:48	7,65	4,38	28,7	-18,1	43,2
710	29.07.20 14:53:49	7,62	4,40	21,5	-19,4	49,0
711	29.07.20 14:53:50	7,62	4,40	15,4	-22,3	52,3
712	29.07.20 14:53:51	7,62	4,42	16,7	-24,9	48,4
713	29.07.20 14:53:52	7,62	4,47	20,3	-27,9	41,8
714	29.07.20 14:53:53	7,51	4,48	29,6	-24,1	36,3
715	29.07.20 14:53:54	7,41	4,54	27,9	-26,6	35,4
716	29.07.20 14:53:55	7,34	4,63	30,0	-26,7	33,3
717	29.07.20 14:53:56	7,24	4,71	25,5	-26,8	37,7
718	29.07.20 14:53:57	7,04	4,76	22,3	-26,5	41,2
719	29.07.20 14:53:58	6,90	4,79	22,5	-25,7	41,8
720	29.07.20 14:53:59	6,83	4,83	21,9	-25,2	43,0
721	29.07.20 14:54:00	6,76	4,85	25,1	-25,1	39,7
722	29.07.20 14:54:01	6,69	4,91	27,6	-25,1	37,3
723	29.07.20 14:54:02	6,62	4,93	31,0	-23,4	35,7
724	29.07.20 14:54:03	6,52	4,94	27,8	-23,3	38,9
725	29.07.20 14:54:04	6,45	4,96	23,3	-23,0	43,6
726	29.07.20 14:54:05	6,41	4,95	23,5	-23,4	43,1
727	29.07.20 14:54:06	6,41	5,00	24,1	-22,3	43,6
728	29.07.20 14:54:07	6,38	5,02	24,5	-22,2	43,3
729	29.07.20 14:54:08	6,34	5,04	23,0	-22,6	44,5
730	29.07.20 14:54:09	6,27	5,05	25,5	-20,5	44,0
731	29.07.20 14:54:10	6,24	5,10	23,2	-20,6	46,1
732	29.07.20 14:54:11	6,17	5,09	25,5	-20,8	43,7
733	29.07.20 14:54:12	6,13	5,11	22,3	-19,2	48,4
734	29.07.20 14:54:13	6,13	5,11	19,5	-18,5	52,0
735	29.07.20 14:54:14	6,13	5,13	15,6	-19,3	55,1
736	29.07.20 14:54:15	6,13	5,13	15,5	-19,2	55,3
737	29.07.20 14:54:16	6,06	5,20	18,9	-19,0	52,0
738	29.07.20 14:54:17	5,96	5,23	17,3	-18,8	53,8
739	29.07.20 14:54:18	5,89	5,22	22,5	-19,1	48,5
740	29.07.20 14:54:19	5,82	5,26	23,0	-18,9	48,1
741	29.07.20 14:54:20	5,82	5,29	19,8	-17,8	52,4
742	29.07.20 14:54:21	5,75	5,33	17,0	-17,6	55,4
743	29.07.20 14:54:22	5,68	5,37	15,4	-18,2	56,4
744	29.07.20 14:54:23	5,61	5,41	15,3	-18,2	56,5
745	29.07.20 14:54:24	5,50	5,42	19,1	-18,7	52,2
746	29.07.20 14:54:25	5,47	5,44	20,8	-17,6	51,6
747	29.07.20 14:54:26	5,43	5,46	24,4	-18,7	46,9
748	29.07.20 14:54:27	5,43	5,48	24,9	-17,7	47,4
749	29.07.20 14:54:28	5,43	5,50	21,2	-18,8	49,9
750	29.07.20 14:54:29	5,43	5,53	19,0	-20,9	50,2
751	29.07.20 14:54:30	5,39	5,55	16,5	-23,5	50,0
752	29.07.20 14:54:31	5,39	5,57	26,0	-24,0	40,0
753	29.07.20 14:54:32	5,39	5,62	25,8	-25,9	38,3
754	29.07.20 14:54:33	5,29	5,68	27,8	-22,2	40,0
755	29.07.20 14:54:34	5,25	5,72	23,0	-31,2	35,8
756	29.07.20 14:54:35	5,22	5,74	25,4	-32,0	32,5
757	29.07.20 14:54:36	5,11	5,73	27,0	-21,8	41,2
758	29.07.20 14:54:37	5,00	5,76	30,3	-18,0	41,7
759	29.07.20 14:54:38	4,97	5,76	30,8	-17,2	42,0
760	29.07.20 14:54:39	4,93	5,78	33,4	-15,4	41,1
761	29.07.20 14:54:40	4,90	5,80	35,0	-13,7	41,3
762	29.07.20 14:54:41	4,82	5,84	32,8	-15,9	41,3
763	29.07.20 14:54:42	4,82	5,81	34,8	-16,3	38,9
764	29.07.20 14:54:43	4,75	5,85	37,3	-15,0	37,7
765	29.07.20 14:54:44	4,68	5,87	38,9	-15,5	35,6
766	29.07.20 14:54:45	4,64	5,86	39,8	-16,0	34,2
767	29.07.20 14:54:46	4,61	5,88	34,2	-19,2	36,7
768	29.07.20 14:54:47	4,61	5,88	34,7	-18,6	36,7
769	29.07.20 14:54:48	4,57	5,88	33,0	-20,7	36,4
770	29.07.20 14:54:49	4,54	5,92	33,4	-21,8	34,9
771	29.07.20 14:54:50	4,50	5,94	35,7	-19,8	34,5
772	29.07.20 14:54:51	4,46	5,96	34,6	-19,0	36,4
773	29.07.20 14:54:52	4,43	5,96	34,4	-21,5	34,1
774	29.07.20 14:54:53	4,39	6,00	42,8	-21,9	25,2
775	29.07.20 14:54:54	4,39	6,02	41,6	-23,1	25,2
776	29.07.20 14:54:55	4,35	6,00	38,5	-20,5	31,0
777	29.07.20 14:54:56	4,35	6,02	38,9	-21,0	30,1
778	29.07.20 14:54:57	4,35	6,04	41,0	-23,3	25,6
779	29.07.20 14:54:58	4,39	6,07	39,6	-22,6	27,8
780	29.07.20 14:54:59	4,39	6,07	38,6	-21,1	30,3
781	29.07.20 14:55:00	4,39	6,09	40,7	-24,1	25,2
782	29.07.20 14:55:01	4,43	6,10	44,2	-24,6	21,1
783	29.07.20 14:55:02	4,43	6,12	41,4	-22,5	26,1
784	29.07.20 14:55:03	4,43	6,14	38,2	-21,1	30,7
785	29.07.20 14:55:04	4,39	6,14	37,3	-21,7	31,0
786	29.07.20 14:55:05	4,39	6,16	38,2	-21,7	30,0
787	29.07.20 14:55:06	4,43	6,19	38,5	-23,1	28,4
788	29.07.20 14:55:07	4,43	6,24	39,0	-24,6	26,4
789	29.07.20 14:55:08	4,43	6,24	38,0	-23,0	29,1
790	29.07.20 14:55:09	4,43	6,24	36,7	-22,2	31,2
791	29.07.20 14:55:10	4,43	6,28	38,3	-23,0	28,7
792	29.07.20 14:55:11	4,39	6,30	38,7	-23,8	27,6
793	29.07.20 14:55:12	4,35	6,37	36,9	-24,1	28,9
794	29.07.20 14:55:13	4,28	6,41	39,4	-24,6	26,0
795	29.07.20 14:55:14	4,25	6,43	48,2	-18,9	22,9
796	29.07.20 14:55:15	4,25	6,45	40,0	-22,9	27,1
797	29.07.20 14:55:16	4,25	6,48	37,5	-21,8	30,8
798	29.07.20 14:55:17	4,25	6,50	38,5	-24,7	26,8
799	29.07.20 14:55:18	4,25	6,55	48,3	-20,4	21,2
800	29.07.20 14:55:19	4,25	6,59	48,1	-17,3	24,6
801	29.07.20 14:55:20	4,21	6,63	37,6	-20,7	31,8
802	29.07.20 14:55:21	4,17	6,63	37,7	-23,1	29,2
803	29.07.20 14:55:22	4,17	6,65	39,9	-25,5	24,6
804	29.07.20 14:55:23	4,17	6,68	47,1	-19,3	23,6
805	29.07.20 14:55:24	4,17	6,75	41,4	-23,4	25,2
806	29.07.20 14:55:25	4,14	6,77	41,1	-23,0	25,9
807	29.07.20 14:55:26	4,14	6,77	38,0	-22,7	29,3
808	29.07.20 14:55:27	4,10	6,81	38,6	-23,6	27,9
809	29.07.20 14:55:28	4,10	6,83	42,6	-26,2	21,2
810	29.07.20 14:55:29	4,10	6,88	46,6	-23,9	19,5
811	29.07.20 14:55:30	4,06	6,88	40,3	-22,7	27,0
812	29.07.20 14:55:31	4,06	6,90	37,0	-23,5	29,6
813	29.07.20 14:55:32	4,06	6,95	42,0	-24,5	23,5
814	29.07.20 14:55:33	4,06	6,97	45,4	-25,1	19,4
815	29.07.20 14:55:34	4,06	6,99	44,2	-25,2	20,6
816	29.07.20 14:55:35	4,06	7,04	41,6	-23,4	25,0
817	29.07.20 14:55:36	4,06	7,06	43,2	-23,8	23,0
818	29.07.20 14:55:37	4,06	7,08	47,3	-23,3	19,3
819	29.07.20 14:55:38	4,06	7,11	46,5	-23,6	19,8
820	29.07.20 14:55:39	4,06	7,11	46,6	-20,6	22,8
821	29.07.20 14:55:40	4,06	7,13	47,8	-19,3	22,8
822	29.07.20 14:55:41	4,06	7,13	47,1	-17,4	25,5
823	29.07.20 14:55:42	4,06	7,15	46,0	-17,4	26,6
824	29.07.20 14:55:43	4,03	7,17	25,3	-29,5	35,2
825	29.07.20 14:55:44	4,03	7,17	7,1	-22,4	60,6
826	29.07.20 14:55:45	3,99	7,19	5,1	-23,5	61,3
827	29.07.20 14:55:46	3,95	7,21	-0,2	-20,1	69,6
828	29.07.20 14:55:47	3,95	7,24	-3,2	-13,6	73,2
829	29.07.20 14:55:48	3,88	7,25	0,4	-15,0	74,6
830	29.07.20 14:55:49	3,81	7,29	6,8	-14,7	68,5
831	29.07.20 14:55:50	3,73	7,28	-4,5	-9,9	75,6
832	29.07.20 14:55:51	3,66	7,28	-1,6	-10,7	77,8
833	29.07.20 14:55:52	3,59	7,27	0,1	-12,2	77,7
834	29.07.20 14:55:53	3,55	7,26	1,2	-12,0	76,9
835	29.07.20 14:55:54	3,51	7,28	0,4	-9,5	80,1
836	29.07.20 14:55:55	3,48	7,26	-0,8	-10,2	79,0
837	29.07.20 14:55:56	3,48	7,26	-0,7	-11,9	77,5
838	29.07.20 14:55:57	3,44	7,28	-0,6	-12,2	77,2
839	29.07.20 14:55:58	3,44	7,25	-1,4	-11,6	77,1
840	29.07.20 14:55:59	3,44	7,25	1,5	-10,3	78,2
841	29.07.20 14:56:00	3,44	7,23	-4,7	-12,2	73,1
842	29.07.20 14:56:01	3,40	7,25	2,4	-6,6	81,0
843	29.07.20 14:56:02	3,40	7,25	0,5	-7,7	81,8
844	29.07.20 14:56:03	3,36	7,24	-5,1	-9,4	75,5
845	29.07.20 14:56:04	3,33	7,24	0,1	-6,9	83,0
846	29.07.20 14:56:05	3,29	7,24	2,1	-9,7	78,2
847	29.07.20 14:56:06	3,29	7,24	0,7	-8,6	80,6
848	29.07.20 14:56:07	3,25	7,26	0,7	-10,8	78,5
849	29.07.20 14:56:08	3,25	7,26	1,7	-7,3	80,9
850	29.07.20 14:56:09	3,22	7,25	1,3	-8,0	80,7
851	29.07.20 14:56:10	3,22	7,25	-0,2	-8,4	81,4
852	29.07.20 14:56:11	3,18	7,25	2,3	-6,4	81,3
853	29.07.20 14:56:12	3,14	7,22	1,7	-9,3	79,0
854	29.07.20 14:56:13	3,14	7,24	1,0	-9,1	79,8
855	29.07.20 14:56:14	3,10	7,24	2,8	-8,3	78,8
856	29.07.20 14:56:15	3,10	7,24	1,9	-7,5	80,6
857	29.07.20 14:56:16	3,07	7,24	1,6	-8,4	80,0
858	29.07.20 14:56:17	3,07	7,21	0,3	-7,5	82,1
859	29.07.20 14:56:18	3,03	7,23	2,0	-5,4	82,5
860	29.07.20 14:56:19	3,03	7,26	2,2	-6,7	81,2
861	29.07.20 14:56:20	2,99	7,23	-0,6	-7,0	82,4
862	29.07.20 14:56:21	2,99	7,23	1,2	-7,4	81,3
863	29.07.20 14:56:22	2,99	7,20	-0,3	-7,8	81,9
864	29.07.20 14:56:23	2,95	7,20	2,6	-6,6	80,7
865	29.07.20 14:56:24	2,95	7,20	4,8	-3,5	81,7
866	29.07.20 14:56:25	2,92	7,20	-1,3	-5,2	83,5
867	29.07.20 14:56:26	2,92	7,20	0,4	-6,9	82,7
868	29.07.20 14:56:27	2,92	7,22	0,3	-8,1	81,6
869	29.07.20 14:56:28	2,88	7,22	0,8	-6,6	82,6
870	29.07.20 14:56:29	2,88	7,19	2,7	-6,5	80,7
871	29.07.20 14:56:30	2,84	7,19	0,4	-5,2	84,4
872	29.07.20 14:56:31	2,84	7,17	2,8	-6,8	80,4
873	29.07.20 14:56:32	2,80	7,18	2,0	-8,4	79,5
874	29.07.20 14:56:33	2,80	7,18	3,2	-4,2	82,6
875	29.07.20 14:56:34	2,80	7,18	-1,0	-5,2	83,7
876	29.07.20 14:56:35	2,77	7,18	2,8	-7,9	79,3
877	29.07.20 14:56:36	2,77	7,13	1,7	-5,9	82,4
878	29.07.20 14:56:37	2,73	7,15	-0,7	-7,9	81,4
879	29.07.20 14:56:38	2,73	7,18	0,6	-7,5	81,9
880	29.07.20 14:56:39	2,73	7,15	1,5	-6,9	81,6
881	29.07.20 14:56:40	2,69	7,15	3,3	-6,4	80,4
882	29.07.20 14:56:41	2,69	7,15	1,5	-5,4	83,1
883	29.07.20 14:56:42	2,69	7,15	-2,0	-6,6	81,3
884	29.07.20 14:56:43	2,65	7,15	3,1	-9,5	77,4
885	29.07.20 14:56:44	2,65	7,15	2,8	-6,8	80,3
886	29.07.20 14:56:45	2,65	7,17	2,0	-6,9	81,0
887	29.07.20 14:56:46	2,62	7,14	0,9	-5,6	83,5
888	29.07.20 14:56:47	2,62	7,14	-3,6	-6,5	79,9
889	29.07.20 14:56:48	2,62	7,14	2,1	-7,8	80,2
890	29.07.20 14:56:49	2,62	7,12	1,8	-7,8	80,5
891	29.07.20 14:56:50	2,62	7,14	9,6	-5,2	75,3
892	29.07.20 14:56:51	2,58	7,16	-9,0	-10,1	70,9
893	29.07.20 14:56:52	2,58	7,14	6,3	-6,5	77,2
894	29.07.20 14:56:53	2,54	7,11	-4,4	-16,8	68,8
895	29.07.20 14:56:54	2,54	7,16	5,7	8,7	75,6
896	29.07.20 14:56:55	2,54	7,13	8,3	-15,3	66,4
897	29.07.20 14:56:56	2,50	7,11	17,2	-1,8	71,0
898	29.07.20 14:56:57	2,50	7,11	-7,9	5,0	77,1
899	29.07.20 14:56:58	2,50	7,08	-1,1	-2,3	86,6
900	29.07.20 14:56:59	2,47	7,10	5,1	5,1	79,8
901	29.07.20 14:57:00	2,47	7,08	4,7	3,0	82,3
902	29.07.20 14:57:01	2,47	7,08	3,0	-1,8	85,2
903	29.07.20 14:57:02	2,47	7,10	-11,3	-6,9	71,8
904	29.07.20 14:57:03	2,43	7,07	8,5	-0,3	81,2
905	29.07.20 14:57:04	2,43	7,07	10,9	-6,7	72,5
906	29.07.20 14:57:05	2,43	7,05	-0,7	-7,0	82,2
907	29.07.20 14:57:06	2,39	7,07	-4,9	2,7	82,4
908	29.07.20 14:57:07	2,39	7,05	12,5	4,9	72,7
909	29.07.20 14:57:08	2,39	7,07	-6,3	-6,8	76,8
910	29.07.20 14:57:09	2,35	7,07	17,8	-14,4	57,8
911	29.07.20 14:57:10	2,35	7,02	19,4	-16,4	54,2
912	29.07.20 14:57:11	2,31	7,04	9,5	3,9	76,7
913	29.07.20 14:57:12	2,31	7,06	2,5	6,4	81,1
914	29.07.20 14:57:13	2,28	7,08	-10,0	1,9	78,1
915	29.07.20 14:57:14	2,28	7,08	-3,6	0,5	85,9
916	29.07.20 14:57:15	2,28	7,06	0,8	10,4	78,9
917	29.07.20 14:57:16	2,28	7,06	14,8	7,9	67,3
918	29.07.20 14:57:17	2,24	7,05	7,9	12,6	69,4
919	29.07.20 14:57:18	2,24	7,05	6,4	7,1	76,6
920	29.07.20 14:57:19	2,20	7,05	2,8	3,4	83,8
921	29.07.20 14:57:20	2,20	7,05	-2,5	1,7	85,8
922	29.07.20 14:57:21	2,20	7,05	-1,4	8,0	80,6
923	29.07.20 14:57:22	2,16	7,07	8,3	7,1	74,7
924	29.07.20 14:57:23	2,16	7,07	11,9	1,8	76,3
925	29.07.20 14:57:24	2,16	7,05	-10,2	4,3	75,5
926	29.07.20 14:57:25	2,12	7,04	-12,7	10,1	67,2
927	29.07.20 14:57:26	2,12	7,04	-0,3	-6,7	83,0
928	29.07.20 14:57:27	2,12	7,02	1,3	0,1	88,6
929	29.07.20 14:57:28	2,12	7,04	-4,8	-0,1	85,1
930	29.07.20 14:57:29	2,09	7,04	3,2	4,9	81,9
931	29.07.20 14:57:30	2,09	7,01	-20,3	-7,8	61,9
932	29.07.20 14:57:31	2,09	7,04	-11,1	-1,6	77,2
933	29.07.20 14:57:32	2,05	7,03	-9,8	5,9	74,3
934	29.07.20 14:57:33	2,05	7,03	-3,2	3,6	83,2
935	29.07.20 14:57:34	2,05	7,03	3,9	-3,3	82,9
936	29.07.20 14:57:35	2,05	7,06	10,5	-0,1	79,4
937	29.07.20 14:57:36	2,01	7,05	-9,1	2,2	78,7
938	29.07.20 14:57:37	2,01	7,03	-18,7	2,3	69,0
939	29.07.20 14:57:38	1,97	7,05	-10,0	1,8	78,2
940	29.07.20 14:57:39	1,97	7,05	13,1	9,2	67,7
941	29.07.20 14:57:40	1,97	7,03	7,4	10,0	72,6
942	29.07.20 14:57:41	1,93	7,02	-1,2	9,2	79,6
943	29.07.20 14:57:42	1,93	7,02	14,8	5,3	69,9
944	29.07.20 14:57:43	1,93	7,07	4,7	-6,9	78,4
945	29.07.20 14:57:44	1,89	7,02	-3,9	-9,0	77,2
946	29.07.20 14:57:45	1,86	7,01	-6,3	-2,2	81,5
947	29.07.20 14:57:46	1,86	7,01	-0,6	8,0	81,4
948	29.07.20 14:57:47	1,86	7,04	-5,7	1,7	82,6
949	29.07.20 14:57:48	1,86	7,06	-0,6	16,9	72,4
950	29.07.20 14:57:49	1,86	7,04	2,1	0,2	87,8
951	29.07.20 14:57:50	1,82	7,01	6,9	17,4	65,7
952	29.07.20 14:57:51	1,82	7,01	-9,6	4,6	75,8
953	29.07.20 14:57:52	1,82	6,99	0,0	-0,9	89,1
954	29.07.20 14:57:53	1,78	7,01	8,4	15,8	65,8
955	29.07.20 14:57:54	1,78	6,98	-1,7	3,2	85,1
956	29.07.20 14:57:55	1,78	7,01	-5,7	13,7	70,6
957	29.07.20 14:57:56	1,74	7,02	13,8	20,5	55,7
958	29.07.20 14:57:57	1,74	7,02	14,0	31,4	44,6
959	29.07.20 14:57:58	1,74	6,98	0,4	19,8	69,9
960	29.07.20 14:57:59	1,70	6,97	-10,5	7,5	72,0
961	29.07.20 14:58:00	1,70	7,00	1,9	5,3	82,8
962	29.07.20 14:58:01	1,70	7,00	-0,1	9,3	80,6
963	29.07.20 14:58:02	1,66	6,99	-2,0	12,4	75,6
964	29.07.20 14:58:03	1,66	6,99	-5,4	11,2	73,5
965	29.07.20 14:58:04	1,66	7,02	-2,7	5,7	81,6
966	29.07.20 14:58:05	1,66	6,99	1,4	13,5	75,1
967	29.07.20 14:58:06	1,66	7,02	-0,7	10,6	78,7
968	29.07.20 14:58:07	1,62	7,01	4,4	8,1	77,5
969	29.07.20 14:58:08	1,62	6,99	-0,6	22,5	66,9
970	29.07.20 14:58:09	1,62	7,01	0,9	11,2	77,8
971	29.07.20 14:58:10	1,62	7,01	2,4	23,0	64,6
972	29.07.20 14:58:11	1,59	6,98	9,6	13,3	67,1
973	29.07.20 14:58:12	1,59	6,98	5,4	21,5	63,1
974	29.07.20 14:58:13	1,59	6,98	5,0	18,2	66,8
975	29.07.20 14:58:14	1,55	6,98	5,9	22,2	61,9
976	29.07.20 14:58:15	1,55	6,98	6,4	38,2	45,4
977	29.07.20 14:58:16	1,55	6,98	9,6	7,2	73,2
978	29.07.20 14:58:17	1,55	6,98	11,8	14,8	63,4
979	29.07.20 14:58:18	1,55	6,98	1,8	25,7	62,5
980	29.07.20 14:58:19	1,55	6,98	9,7	21,5	58,8
981	29.07.20 14:58:20	1,55	6,98	2,0	9,1	78,8
982	29.07.20 14:58:21	1,51	6,98	-5,3	18,6	66,0
983	29.07.20 14:58:22	1,51	6,98	3,5	12,3	74,2
984	29.07.20 14:58:23	1,51	6,95	24,9	0,3	64,7
985	29.07.20 14:58:24	1,47	6,97	11,3	20,8	57,9
986	29.07.20 14:58:25	1,47	6,95	11,1	13,1	65,8
987	29.07.20 14:58:26	1,47	6,95	3,5	19,4	67,0
988	29.07.20 14:58:27	1,47	6,97	-2,5	14,0	73,5
989	29.07.20 14:58:28	1,47	6,97	-4,9	17,3	67,8
990	29.07.20 14:58:29	1,43	6,97	-4,5	17,1	68,3
991	29.07.20 14:58:30	1,43	6,97	2,9	20,9	66,1
992	29.07.20 14:58:31	1,43	6,97	8,8	32,0	49,2
993	29.07.20 14:58:32	1,43	6,94	16,1	18,8	55,1
994	29.07.20 14:58:33	1,43	6,94	13,3	14,7	62,0
995	29.07.20 14:58:34	1,39	6,99	3,4	13,3	73,3
996	29.07.20 14:58:35	1,39	6,94	5,2	24,5	60,3
997	29.07.20 14:58:36	1,35	6,94	15,1	10,1	64,7
998	29.07.20 14:58:37	1,35	6,96	8,7	24,7	56,6
999	29.07.20 14:58:38	1,35	6,98	5,5	24,8	59,6
1000	29.07.20 14:58:39	1,35	6,96	9,0	16,3	64,6
1001	29.07.20 14:58:40	1,31	6,93	12,0	40,6	37,4
1002	29.07.20 14:58:41	1,31	6,93	4,0	27,1	58,8
1003	29.07.20 14:58:42	1,31	6,95	7,1	6,8	76,1
1004	29.07.20 14:58:43	1,31	6,93	6,4	16,3	67,3
1005	29.07.20 14:58:44	1,31	6,95	4,9	16,0	69,1
1006	29.07.20 14:58:45	1,28	6,95	1,2	27,5	61,3
1007	29.07.20 14:58:46	1,28	6,93	-1,2	12,2	76,6
1008	29.07.20 14:58:47	1,28	6,93	2,9	26,1	60,9
1009	29.07.20 14:58:48	1,28	6,95	3,4	19,1	67,5
1010	29.07.20 14:58:49	1,28	6,90	-0,8	13,2	76,0
1011	29.07.20 14:58:50	1,28	6,90	11,4	26,7	51,9
1012	29.07.20 14:58:51	1,28	6,88	20,0	24,8	45,2
1013	29.07.20 14:58:52	1,28	6,88	-2,8	-23,5	63,6
1014	29.07.20 14:58:53	1,24	6,88	44,0	-11,2	34,8
1015	29.07.20 14:58:54	1,24	6,95	0,6	30,5	58,9
1016	29.07.20 14:58:55	1,24	6,90	0,5	4,5	85,0
1017	29.07.20 14:58:56	1,24	6,95	10,0	5,9	74,1
1018	29.07.20 14:58:57	1,24	6,92	-3,1	19,0	68,0
1019	29.07.20 14:58:58	1,24	6,90	8,2	8,9	72,9
1020	29.07.20 14:58:59	1,24	6,92	8,7	16,4	64,9
1021	29.07.20 14:59:00	1,24	6,90	2,6	10,2	77,2
1022	29.07.20 14:59:01	1,20	6,90	-5,5	-5,7	78,8
1023	29.07.20 14:59:02	1,20	6,92	29,1	-7,4	53,4
1024	29.07.20 14:59:03	1,20	6,87	14,8	9,8	65,4
1025	29.07.20 14:59:04	1,20	6,87	3,1	5,9	81,1
1026	29.07.20 14:59:05	1,20	6,90	-0,4	24,2	65,5
1027	29.07.20 14:59:06	1,20	6,90	3,6	14,9	71,5
1028	29.07.20 14:59:07	1,20	6,90	17,6	-31,3	41,1
1029	29.07.20 14:59:08	1,20	6,92	12,8	20,2	56,9
1030	29.07.20 14:59:09	1,20	6,87	1,8	26,9	61,3
1031	29.07.20 14:59:10	1,20	6,87	14,8	19,5	55,7
1032	29.07.20 14:59:11	1,16	6,87	6,0	6,3	77,7
1033	29.07.20 14:59:12	1,16	6,87	5,1	24,5	60,5
1034	29.07.20 14:59:13	1,16	6,87	23,0	12,7	54,3
1035	29.07.20 14:59:14	1,16	6,89	-2,8	21,5	65,7
1036	29.07.20 14:59:15	1,16	6,89	-2,5	31,7	55,8
1037	29.07.20 14:59:16	1,16	6,87	13,6	4,6	71,8
1038	29.07.20 14:59:17	1,16	6,89	-1,7	3,1	85,2
1039	29.07.20 14:59:18	1,16	6,87	5,7	31,8	52,6
1040	29.07.20 14:59:19	1,16	6,89	-3,6	9,5	76,9
1041	29.07.20 14:59:20	1,16	6,87	6,9	7,1	75,9
1042	29.07.20 14:59:21	1,16	6,84	2,6	7,0	80,4
1043	29.07.20 14:59:22	1,12	6,86	18,1	15,3	56,6
1044	29.07.20 14:59:23	1,12	6,86	3,1	-1,3	85,6
1045	29.07.20 14:59:24	1,12	6,86	0,7	-0,4	88,8
1046	29.07.20 14:59:25	1,12	6,86	6,3	-14,5	69,2
1047	29.07.20 14:59:26	1,08	6,84	3,9	-2,3	83,8
1048	29.07.20 14:59:27	1,08	6,86	-31,5	-4,2	54,3
1049	29.07.20 14:59:28	1,08	6,86	8,6	10,5	70,9
1050	29.07.20 14:59:29	1,08	6,88	5,6	-6,9	77,5
1051	29.07.20 14:59:30	1,08	6,86	6,2	2,1	81,7
1052	29.07.20 14:59:31	1,08	6,86	-1,8	19,7	68,5
1053	29.07.20 14:59:32	1,08	6,86	-1,3	2,6	86,2
1054	29.07.20 14:59:33	1,08	6,84	6,1	0,7	83,2
1055	29.07.20 14:59:34	1,08	6,86	-3,8	-8,8	77,4
1056	29.07.20 14:59:35	1,08	6,84	7,3	-10,7	72,0
1057	29.07.20 14:59:36	1,04	6,86	-4,5	3,5	81,9
1058	29.07.20 14:59:37	1,04	6,86	-8,4	6,1	75,5
1059	29.07.20 14:59:38	1,04	6,83	-18,0	-8,0	64,0
1060	29.07.20 14:59:39	1,04	6,83	7,3	-10,2	72,5
1061	29.07.20 14:59:40	1,04	6,86	-6,9	-2,8	80,3
1062	29.07.20 14:59:41	1,04	6,83	-5,3	-3,6	81,2
1063	29.07.20 14:59:42	1,04	6,83	8,3	-6,3	75,3
1064	29.07.20 14:59:43	1,04	6,81	10,0	2,5	77,5
1065	29.07.20 14:59:44	1,04	6,81	-2,7	-3,4	83,9
1066	29.07.20 14:59:45	1,04	6,76	-7,8	-11,0	71,2
1067	29.07.20 14:59:46	1,00	6,83	-10,7	-0,2	79,0
1068	29.07.20 14:59:47	1,00	6,83	1,8	-3,4	84,8
1069	29.07.20 14:59:48	1,00	6,83	-9,7	0,4	79,9
1070	29.07.20 14:59:49	1,00	6,83	4,2	-2,6	83,2
1071	29.07.20 14:59:50	1,00	6,85	8,6	1,8	79,6
1072	29.07.20 14:59:51	1,00	6,83	-1,7	-1,0	87,3
1073	29.07.20 14:59:52	1,00	6,85	11,9	3,7	74,4
1074	29.07.20 14:59:53	1,00	6,83	3,1	7,6	79,3
1075	29.07.20 14:59:54	0,96	6,82	2,1	2,4	85,6
1076	29.07.20 14:59:55	0,96	6,82	-9,1	3,1	77,8
1077	29.07.20 14:59:56	0,96	6,82	10,6	7,8	71,6
1078	29.07.20 14:59:57	0,96	6,82	20,7	0,6	68,8
1079	29.07.20 14:59:58	0,96	6,80	-7,1	6,2	76,7
1080	29.07.20 14:59:59	0,96	6,80	-1,3	1,8	86,9
1081	29.07.20 15:00:00	0,92	6,82	6,3	6,8	76,9
1082	29.07.20 15:00:01	0,92	6,80	11,3	3,7	75,0
1083	29.07.20 15:00:02	0,92	6,80	7,6	0,2	82,2
1084	29.07.20 15:00:03	0,92	6,75	16,2	-2,4	71,4
1085	29.07.20 15:00:04	0,92	6,82	-0,2	12,4	77,4
1086	29.07.20 15:00:05	0,92	6,82	7,8	5,8	76,4
1087	29.07.20 15:00:06	0,92	6,82	0,4	0,7	88,9
1088	29.07.20 15:00:07	0,92	6,80	-25,0	5,7	59,3
1089	29.07.20 15:00:08	0,92	6,80	-1,3	-3,8	84,9
1090	29.07.20 15:00:09	0,92	6,87	11,8	5,8	72,4
1091	29.07.20 15:00:10	0,92	6,80	-1,3	9,2	79,5
1092	29.07.20 15:00:11	0,92	6,80	-7,2	-13,5	69,2
1093	29.07.20 15:00:12	0,92	6,80	11,4	-21,8	56,8
1094	29.07.20 15:00:13	0,92	6,77	24,1	-0,3	65,6
1095	29.07.20 15:00:14	0,92	6,77	6,7	8,6	74,7
1096	29.07.20 15:00:15	0,88	6,79	-5,0	1,3	83,7
1097	29.07.20 15:00:16	0,88	6,77	-16,1	5,2	68,7
1098	29.07.20 15:00:17	0,88	6,77	14,7	-0,7	74,6
1099	29.07.20 15:00:18	0,88	6,93	1,1	2,4	86,5
1100	29.07.20 15:00:19	0,88	6,79	17,5	-0,5	72,0
1101	29.07.20 15:00:20	0,88	6,79	-7,0	-5,3	77,8
1102	29.07.20 15:00:21	0,88	6,79	-4,6	-1,9	83,5
1103	29.07.20 15:00:22	0,88	6,79	3,6	1,9	84,5
1104	29.07.20 15:00:23	0,88	6,79	2,0	1,5	86,5
1105	29.07.20 15:00:24	0,88	6,79	-4,3	-3,6	82,1
1106	29.07.20 15:00:25	0,85	6,79	7,6	9,2	73,2
1107	29.07.20 15:00:26	0,85	6,79	2,8	3,5	83,7
1108	29.07.20 15:00:27	0,85	6,74	6,1	-5,8	78,1
1109	29.07.20 15:00:28	0,85	6,79	1,6	3,8	84,6
1110	29.07.20 15:00:29	0,85	6,76	3,7	-2,3	84,0
1111	29.07.20 15:00:30	0,85	6,79	-7,2	7,0	75,8
1112	29.07.20 15:00:31	0,85	6,76	0,9	-2,6	86,5
1113	29.07.20 15:00:32	0,85	6,79	-6,7	4,9	78,4
1114	29.07.20 15:00:33	0,85	6,76	-2,5	-4,0	83,5
1115	29.07.20 15:00:34	0,85	6,76	7,2	-6,3	76,5
1116	29.07.20 15:00:35	0,85	6,76	-13,7	7,9	68,4
1117	29.07.20 15:00:36	0,85	6,74	0,0	6,6	83,4
1118	29.07.20 15:00:37	0,81	6,76	6,8	-11,7	71,6
1119	29.07.20 15:00:38	0,81	6,78	6,4	10,5	73,0
1120	29.07.20 15:00:39	0,81	6,92	13,0	-8,6	68,4
1121	29.07.20 15:00:40	0,81	6,71	-2,6	-2,0	85,4
1122	29.07.20 15:00:41	0,81	6,74	26,4	0,7	62,9
1123	29.07.20 15:00:42	0,81	6,74	9,3	-10,4	70,3
1124	29.07.20 15:00:43	0,81	6,90	-0,1	12,5	77,4
1125	29.07.20 15:00:44	0,77	6,80	-12,7	9,0	68,3
1126	29.07.20 15:00:45	0,77	6,73	-1,6	-14,3	74,1
1127	29.07.20 15:00:46	0,77	6,76	8,1	2,9	79,0
1128	29.07.20 15:00:47	0,77	6,71	6,7	13,2	70,2
1129	29.07.20 15:00:48	0,77	6,73	-11,4	0,5	78,1
1130	29.07.20 15:00:49	0,77	6,76	4,3	-10,0	75,7
1131	29.07.20 15:00:50	0,77	6,76	12,7	7,3	70,0
1132	29.07.20 15:00:51	0,77	6,76	1,3	-4,0	84,7
1133	29.07.20 15:00:52	0,77	6,78	-1,2	5,2	83,6
1134	29.07.20 15:00:53	0,77	6,76	17,5	-10,9	61,6
1135	29.07.20 15:00:54	0,77	6,73	5,5	7,1	77,4
1136	29.07.20 15:00:55	0,77	6,76	-2,0	14,6	73,4
1137	29.07.20 15:00:56	0,73	6,75	-1,6	10,1	78,2
1138	29.07.20 15:00:57	0,77	6,78	-8,9	12,8	68,3
1139	29.07.20 15:00:58	0,77	6,76	16,9	10,7	62,4
1140	29.07.20 15:00:59	0,73	6,75	12,6	-6,4	71,0
1141	29.07.20 15:01:00	0,73	6,73	3,2	-2,2	84,6
1142	29.07.20 15:01:01	0,73	6,75	-3,6	5,1	81,3
1143	29.07.20 15:01:02	0,73	6,75	-10,0	-0,1	79,9
1144	29.07.20 15:01:03	0,73	6,77	3,6	-13,9	72,5
1145	29.07.20 15:01:04	0,73	6,77	1,2	-11,0	77,8
1146	29.07.20 15:01:05	0,73	6,77	-0,4	-8,1	81,5
1147	29.07.20 15:01:06	0,73	6,80	11,5	-4,9	73,7
1148	29.07.20 15:01:07	0,73	6,77	-0,5	5,1	84,3
1149	29.07.20 15:01:08	0,73	6,75	2,9	17,7	69,4
1150	29.07.20 15:01:09	0,73	6,77	-14,7	7,2	68,0
1151	29.07.20 15:01:10	0,73	6,75	3,4	4,9	81,7
1152	29.07.20 15:01:11	0,73	6,75	7,2	9,6	73,2
1153	29.07.20 15:01:12	0,73	6,75	2,9	-5,3	81,8
1154	29.07.20 15:01:13	0,69	6,72	-9,9	-14,0	66,1
1155	29.07.20 15:01:14	0,69	6,75	-8,5	1,3	80,3
1156	29.07.20 15:01:15	0,69	6,70	8,6	2,0	79,4
1157	29.07.20 15:01:16	0,69	6,75	-7,8	-12,2	70,1
1158	29.07.20 15:01:17	0,69	6,75	-4,2	-5,0	80,8
1159	29.07.20 15:01:18	0,69	6,75	-3,5	-5,6	80,9
1160	29.07.20 15:01:19	0,69	6,75	4,2	-3,9	81,8
1161	29.07.20 15:01:20	0,69	6,75	-4,7	-0,7	84,7
1162	29.07.20 15:01:21	0,69	6,75	3,0	15,2	71,8
1163	29.07.20 15:01:22	0,69	6,77	-6,7	12,1	71,3
1164	29.07.20 15:01:23	0,69	6,77	-1,4	4,8	83,8
1165	29.07.20 15:01:24	0,69	6,79	3,4	0,6	86,0
1166	29.07.20 15:01:25	0,69	6,77	-7,8	4,2	78,0
1167	29.07.20 15:01:26	0,69	6,77	1,2	-6,1	82,7
1168	29.07.20 15:01:27	0,69	6,77	-1,0	-19,4	69,6
1169	29.07.20 15:01:28	0,69	6,77	-5,1	1,1	83,8
1170	29.07.20 15:01:29	0,69	6,77	-2,6	-6,2	81,3
1171	29.07.20 15:01:30	0,69	6,77	1,3	6,7	82,0
1172	29.07.20 15:01:31	0,69	6,79	-2,3	0,6	87,1
1173	29.07.20 15:01:32	0,65	6,79	-5,2	6,1	78,7
1174	29.07.20 15:01:33	0,65	6,79	2,3	5,0	82,7
1175	29.07.20 15:01:34	0,65	6,79	8,6	27,3	54,1
1176	29.07.20 15:01:35	0,65	6,81	3,1	22,6	64,3
1177	29.07.20 15:01:36	0,65	6,79	5,1	20,0	64,9
1178	29.07.20 15:01:37	0,65	6,81	5,9	29,4	54,7
1179	29.07.20 15:01:38	0,65	6,79	7,3	21,8	60,9
1180	29.07.20 15:01:39	0,65	6,79	2,9	21,4	65,7
1181	29.07.20 15:01:40	0,65	6,79	-2,2	16,1	71,8
1182	29.07.20 15:01:41	0,65	6,79	8,6	27,1	54,3
1183	29.07.20 15:01:42	0,65	6,79	7,5	36,3	46,2
1184	29.07.20 15:01:43	0,65	6,79	6,9	48,6	34,5
1185	29.07.20 15:01:44	0,65	6,79	9,6	58,5	21,9
1186	29.07.20 15:01:45	0,65	6,79	7,1	65,6	17,3
1187	29.07.20 15:01:46	0,65	6,81	10,8	27,0	52,2
1188	29.07.20 15:01:47	0,65	6,81	1,5	21,6	66,9
1189	29.07.20 15:01:48	0,65	6,81	-1,1	24,2	64,7
1190	29.07.20 15:01:49	0,65	6,81	7,3	47,6	35,1
1191	29.07.20 15:01:50	0,65	6,79	10,8	45,6	33,6
1192	29.07.20 15:01:51	0,65	6,79	14,5	54,7	20,9
1193	29.07.20 15:01:52	0,65	6,81	11,8	64,5	13,7
1194	29.07.20 15:01:53	0,65	6,81	17,2	59,8	13,0
1195	29.07.20 15:01:54	0,65	6,79	28,5	48,8	12,8
1196	29.07.20 15:01:55	0,65	6,79	40,9	30,6	18,5
1197	29.07.20 15:01:56	0,65	6,77	46,5	26,7	16,8
1198	29.07.20 15:01:57	0,65	6,79	49,1	27,3	13,6
1199	29.07.20 15:01:58	0,65	6,77	49,5	28,8	11,7
1200	29.07.20 15:01:59	0,65	6,77	54,0	27,9	8,1
1201	29.07.20 15:02:00	0,65	6,74	47,0	30,1	12,9
1202	29.07.20 15:02:01	0,65	6,74	44,1	29,9	16,1
1203	29.07.20 15:02:02	0,65	6,72	46,5	28,2	15,3
1204	29.07.20 15:02:03	0,65	6,72	47,7	30,6	11,7
1205	29.07.20 15:02:04	0,65	6,70	43,0	33,8	13,2
1206	29.07.20 15:02:05	0,65	6,70	38,4	36,6	15,0
1207	29.07.20 15:02:06	0,65	6,70	49,2	30,6	10,2
1208	29.07.20 15:02:07	0,65	6,70	49,1	31,6	9,3
1209	29.07.20 15:02:08	0,61	6,64	34,7	41,7	13,6
1210	29.07.20 15:02:09	0,61	6,64	39,8	36,2	14,0
1211	29.07.20 15:02:10	0,61	6,67	54,6	26,5	8,8
1212	29.07.20 15:02:11	0,61	6,69	49,6	28,5	12,0
1213	29.07.20 15:02:12	0,61	6,62	37,7	36,6	15,7
1214	29.07.20 15:02:13	0,61	6,62	37,8	36,2	16,0
1215	29.07.20 15:02:14	0,61	6,64	42,7	33,4	13,9
1216	29.07.20 15:02:15	0,61	6,64	44,2	32,9	12,9
1217	29.07.20 15:02:16	0,61	6,62	40,9	34,7	14,3
1218	29.07.20 15:02:17	0,61	6,62	44,3	31,6	14,1
1219	29.07.20 15:02:18	0,61	6,67	52,4	29,2	8,4
1220	29.07.20 15:02:19	0,61	6,62	48,1	29,9	12,0
1221	29.07.20 15:02:20	0,61	6,62	46,7	32,3	11,0
1222	29.07.20 15:02:21	0,61	6,64	52,0	31,3	6,7
1223	29.07.20 15:02:22	0,61	6,64	51,6	31,2	7,2
1224	29.07.20 15:02:23	0,61	6,62	45,4	33,9	10,7
1225	29.07.20 15:02:24	0,61	6,62	44,3	34,5	11,3
1226	29.07.20 15:02:25	0,61	6,64	48,9	33,0	8,1
1227	29.07.20 15:02:26	0,61	6,62	50,7	32,4	7,0
1228	29.07.20 15:02:27	0,61	6,62	45,5	34,5	10,0
1229	29.07.20 15:02:28	0,61	6,62	48,1	33,0	8,9
1230	29.07.20 15:02:29	0,61	6,62	51,3	32,3	6,4
1231	29.07.20 15:02:30	0,61	6,57	49,2	32,5	8,4
1232	29.07.20 15:02:31	0,61	6,57	47,1	34,8	8,1
1233	29.07.20 15:02:32	0,61	6,55	52,8	31,8	5,5
1234	29.07.20 15:02:33	0,61	6,53	47,5	36,4	6,1
1235	29.07.20 15:02:34	0,61	6,48	48,2	35,0	6,8
1236	29.07.20 15:02:35	0,61	6,48	51,1	33,1	5,8
1237	29.07.20 15:02:36	0,61	6,46	49,6	33,1	7,3
1238	29.07.20 15:02:37	0,61	6,44	46,4	33,6	10,0
1239	29.07.20 15:02:38	0,61	6,41	49,2	33,6	7,2
1240	29.07.20 15:02:39	0,61	6,41	48,6	35,1	6,3
1241	29.07.20 15:02:40	0,61	6,37	46,4	37,8	5,8
1242	29.07.20 15:02:41	0,61	6,32	44,4	38,6	7,0
1243	29.07.20 15:02:42	0,61	6,27	41,1	39,7	9,2
1244	29.07.20 15:02:43	0,61	6,23	42,6	37,6	9,7
1245	29.07.20 15:02:44	0,61	6,23	46,8	33,2	10,0
1246	29.07.20 15:02:45	0,61	6,20	42,1	38,0	9,9
1247	29.07.20 15:02:46	0,61	6,13	38,6	38,9	12,6
1248	29.07.20 15:02:47	0,57	6,06	39,3	38,0	12,7
1249	29.07.20 15:02:48	0,57	6,03	40,8	36,7	12,5
1250	29.07.20 15:02:49	0,57	5,99	37,9	37,3	14,8
1251	29.07.20 15:02:50	0,57	5,92	37,1	35,2	17,8
1252	29.07.20 15:02:51	0,57	5,87	37,9	32,8	19,3
1253	29.07.20 15:02:52	0,57	5,82	39,9	29,6	20,6
1254	29.07.20 15:02:53	0,57	5,75	40,9	26,0	23,1
1255	29.07.20 15:02:54	0,57	5,71	42,9	21,2	25,9
1256	29.07.20 15:02:55	0,57	5,64	45,1	16,2	28,7
1257	29.07.20 15:02:56	0,57	5,62	45,9	12,5	31,6
1258	29.07.20 15:02:57	0,57	5,57	46,0	9,4	34,6
1259	29.07.20 15:02:58	0,57	5,50	41,9	6,2	41,9
1260	29.07.20 15:02:59	0,57	5,43	44,9	1,5	43,6
1261	29.07.20 15:03:00	0,57	5,38	48,5	-5,6	35,8
1262	29.07.20 15:03:01	0,57	5,36	42,8	-2,2	45,0
1263	29.07.20 15:03:02	0,57	5,34	41,9	-4,8	43,3
1264	29.07.20 15:03:03	0,57	5,27	40,0	-7,0	43,0
1265	29.07.20 15:03:04	0,57	5,17	35,8	-7,2	47,0
1266	29.07.20 15:03:05	0,57	5,15	42,9	-12,0	35,2
1267	29.07.20 15:03:06	0,57	5,13	43,6	-11,3	35,1
1268	29.07.20 15:03:07	0,57	5,08	42,2	-14,1	33,8
1269	29.07.20 15:03:08	0,57	5,01	40,0	-17,3	32,7
1270	29.07.20 15:03:09	0,57	4,99	41,4	-19,1	29,5
1271	29.07.20 15:03:10	0,57	4,99	44,7	-16,3	29,0
1272	29.07.20 15:03:11	0,57	5,01	42,7	-18,1	29,2
1273	29.07.20 15:03:12	0,57	4,99	35,2	-20,5	34,3
1274	29.07.20 15:03:13	0,57	4,92	33,2	-17,9	38,9
1275	29.07.20 15:03:14	0,57	4,96	46,7	-14,9	28,4
1276	29.07.20 15:03:15	0,57	5,01	45,6	-11,0	33,4
1277	29.07.20 15:03:16	0,57	4,99	40,1	-2,7	47,2
1278	29.07.20 15:03:17	0,57	4,96	38,5	-1,3	50,2
1279	29.07.20 15:03:18	0,57	4,99	55,4	-1,2	33,4
1280	29.07.20 15:03:19	0,57	5,01	59,3	2,0	28,7
1281	29.07.20 15:03:20	0,57	5,01	52,7	4,8	32,5
1282	29.07.20 15:03:21	0,57	4,96	48,5	4,6	36,9
1283	29.07.20 15:03:22	0,57	4,92	57,8	0,7	31,4
1284	29.07.20 15:03:23	0,57	4,94	61,1	0,3	28,6
1285	29.07.20 15:03:24	0,57	4,96	56,3	-0,9	32,8
1286	29.07.20 15:03:25	0,57	4,96	50,8	-4,2	35,0
1287	29.07.20 15:03:26	0,57	4,96	44,0	-7,3	38,7
1288	29.07.20 15:03:27	0,57	4,94	40,5	-11,9	37,6
1289	29.07.20 15:03:28	0,57	4,96	43,1	-15,7	31,2
1290	29.07.20 15:03:29	0,57	4,99	42,7	-16,8	30,5
1291	29.07.20 15:03:30	0,57	5,01	38,9	-16,1	34,9
1292	29.07.20 15:03:31	0,57	4,99	36,2	-18,3	35,5
1293	29.07.20 15:03:32	0,57	5,01	41,9	-19,8	28,3
1294	29.07.20 15:03:33	0,57	5,06	41,5	-19,3	29,1
1295	29.07.20 15:03:34	0,57	5,06	35,4	-19,3	35,4
1296	29.07.20 15:03:35	0,57	5,06	32,4	-22,7	35,0
1297	29.07.20 15:03:36	0,57	5,08	38,0	-23,1	28,9
1298	29.07.20 15:03:37	0,57	5,08	35,8	-23,4	30,8
1299	29.07.20 15:03:38	0,57	5,03	33,9	-23,0	33,0
1300	29.07.20 15:03:39	0,57	5,01	33,7	-22,2	34,1
1301	29.07.20 15:03:40	0,57	4,96	34,9	-21,1	34,0
1302	29.07.20 15:03:41	0,57	4,96	39,1	-19,1	31,8
1303	29.07.20 15:03:42	0,57	4,92	38,3	-18,1	33,6
1304	29.07.20 15:03:43	0,57	4,85	37,5	-17,1	35,4
1305	29.07.20 15:03:44	0,57	4,80	41,0	-13,9	35,1
1306	29.07.20 15:03:45	0,57	4,78	43,8	-11,7	34,5
1307	29.07.20 15:03:46	0,57	4,71	40,9	-6,9	42,2
1308	29.07.20 15:03:47	0,57	4,66	37,2	-11,8	40,9
1309	29.07.20 15:03:48	0,57	4,57	36,8	-12,1	41,1
1310	29.07.20 15:03:49	0,57	4,52	40,4	-10,9	38,7
1311	29.07.20 15:03:50	0,57	4,45	42,3	-10,6	37,1
1312	29.07.20 15:03:51	0,57	4,40	42,1	-9,9	38,0
1313	29.07.20 15:03:52	0,57	4,36	41,3	-11,9	36,8
1314	29.07.20 15:03:53	0,57	4,29	38,8	-13,2	38,0
1315	29.07.20 15:03:54	0,57	4,22	38,1	-13,8	38,2
1316	29.07.20 15:03:55	0,57	4,15	37,3	-16,6	36,1
1317	29.07.20 15:03:56	0,61	4,08	34,4	-19,3	36,3
1318	29.07.20 15:03:57	0,61	4,01	34,2	-18,8	37,0
1319	29.07.20 15:03:58	0,61	3,96	37,2	-16,8	35,9
1320	29.07.20 15:03:59	0,61	3,92	38,1	-14,1	37,9
1321	29.07.20 15:04:00	0,61	3,87	37,4	-14,9	37,7
1322	29.07.20 15:04:01	0,61	3,82	37,1	-14,7	38,2
1323	29.07.20 15:04:02	0,61	3,78	36,2	-15,2	38,6
1324	29.07.20 15:04:03	0,61	3,73	37,0	-15,4	37,6
1325	29.07.20 15:04:04	0,61	3,66	34,8	-16,8	38,4
1326	29.07.20 15:04:05	0,61	3,61	34,7	-17,4	37,9
1327	29.07.20 15:04:06	0,65	3,57	33,3	-19,7	37,1
1328	29.07.20 15:04:07	0,65	3,50	26,2	-22,8	41,0
1329	29.07.20 15:04:08	0,65	3,43	31,6	-20,7	37,7
1330	29.07.20 15:04:09	0,69	3,41	32,7	-19,9	37,4
1331	29.07.20 15:04:10	0,69	3,34	32,9	-19,0	38,1
1332	29.07.20 15:04:11	0,69	3,27	32,7	-19,5	37,8
1333	29.07.20 15:04:12	0,69	3,25	31,9	-20,7	37,4
1334	29.07.20 15:04:13	0,73	3,23	30,6	-21,3	38,0
1335	29.07.20 15:04:14	0,73	3,18	30,2	-23,8	36,0
1336	29.07.20 15:04:15	0,73	3,13	29,7	-25,5	34,8
1337	29.07.20 15:04:16	0,81	3,05	26,7	-25,8	37,5
1338	29.07.20 15:04:17	0,88	2,99	28,2	-31,8	30,1
1339	29.07.20 15:04:18	1,00	2,95	29,1	-30,5	30,3
1340	29.07.20 15:04:19	1,04	2,94	30,0	-30,3	29,7
1341	29.07.20 15:04:20	1,12	2,87	27,3	-32,0	30,7
1342	29.07.20 15:04:21	1,16	2,83	25,4	-32,3	32,2
1343	29.07.20 15:04:22	1,24	2,82	29,3	-29,7	31,0
1344	29.07.20 15:04:23	1,24	2,79	30,4	-28,8	30,8
1345	29.07.20 15:04:24	1,28	2,77	26,8	-31,9	31,3
1346	29.07.20 15:04:25	1,35	2,74	26,7	-30,8	32,5
1347	29.07.20 15:04:26	1,39	2,69	28,0	-28,9	33,2
1348	29.07.20 15:04:27	1,47	2,68	29,0	-26,9	34,1
1349	29.07.20 15:04:28	1,47	2,66	29,6	-26,3	34,1
1350	29.07.20 15:04:29	1,51	2,61	28,1	-28,4	33,5
1351	29.07.20 15:04:30	1,55	2,57	27,5	-31,7	30,9
1352	29.07.20 15:04:31	1,62	2,56	28,5	-33,4	28,1
1353	29.07.20 15:04:32	1,62	2,56	29,4	-33,6	27,0
1354	29.07.20 15:04:33	1,70	2,49	28,8	-34,2	27,1
1355	29.07.20 15:04:34	1,74	2,50	30,5	-33,1	26,4
1356	29.07.20 15:04:35	1,82	2,44	29,7	-35,2	25,1
1357	29.07.20 15:04:36	1,89	2,44	28,9	-36,9	24,2
1358	29.07.20 15:04:37	1,97	2,41	30,7	-35,1	24,3
1359	29.07.20 15:04:38	2,05	2,41	31,8	-32,8	25,4
1360	29.07.20 15:04:39	2,12	2,38	30,8	-32,8	26,4
1361	29.07.20 15:04:40	2,20	2,36	31,0	-32,3	26,7
1362	29.07.20 15:04:41	2,28	2,32	40,9	-11,5	37,5
1363	29.07.20 15:04:42	2,31	2,33	49,7	-20,3	20,1
1364	29.07.20 15:04:43	2,35	2,31	52,9	-18,3	18,9
1365	29.07.20 15:04:44	2,43	2,31	60,9	-17,5	11,5
1366	29.07.20 15:04:45	2,43	2,29	65,3	-15,1	9,5
1367	29.07.20 15:04:46	2,43	2,29	53,7	-16,6	19,7
1368	29.07.20 15:04:47	2,47	2,27	54,5	-20,2	15,4
1369	29.07.20 15:04:48	2,47	2,22	60,2	-20,4	9,4
1370	29.07.20 15:04:49	2,50	2,25	63,8	-15,2	11,0
1371	29.07.20 15:04:50	2,54	2,23	66,3	-18,6	5,2
1372	29.07.20 15:04:51	2,58	2,21	53,0	-20,0	17,0
1373	29.07.20 15:04:52	2,62	2,17	54,6	-20,6	14,8
1374	29.07.20 15:04:53	2,62	2,15	66,2	-17,3	6,5
1375	29.07.20 15:04:54	2,69	2,13	59,9	-13,3	16,8
1376	29.07.20 15:04:55	2,73	2,14	61,7	-20,2	8,1
1377	29.07.20 15:04:56	2,77	2,09	59,5	-19,3	11,2
1378	29.07.20 15:04:57	2,77	2,09	58,9	-16,7	14,5
1379	29.07.20 15:04:58	2,80	2,07	58,1	-19,0	12,9
1380	29.07.20 15:04:59	2,84	2,05	55,9	-17,5	16,5
1381	29.07.20 15:05:00	2,84	2,03	64,7	-18,3	7,0
1382	29.07.20 15:05:01	2,92	1,99	54,8	-12,6	22,6
1383	29.07.20 15:05:02	2,92	1,99	64,6	-19,4	6,1
1384	29.07.20 15:05:03	2,95	2,00	56,5	-17,3	16,2
1385	29.07.20 15:05:04	2,99	1,95	56,0	-20,8	13,3
1386	29.07.20 15:05:05	3,03	1,96	53,8	-16,9	19,3
1387	29.07.20 15:05:06	3,07	1,94	62,7	-20,0	7,3
1388	29.07.20 15:05:07	3,10	1,92	55,6	-19,6	14,7
1389	29.07.20 15:05:08	3,10	1,87	60,6	-19,6	9,8
1390	29.07.20 15:05:09	3,14	1,88	61,0	-18,5	10,5
1391	29.07.20 15:05:10	3,18	1,86	62,4	-17,3	10,3
1392	29.07.20 15:05:11	3,18	1,83	62,7	-15,1	12,2
1393	29.07.20 15:05:12	3,22	1,81	61,2	-17,4	11,4
1394	29.07.20 15:05:13	3,25	1,77	61,0	-16,9	12,1
1395	29.07.20 15:05:14	3,29	1,73	63,8	-15,9	10,3
1396	29.07.20 15:05:15	3,36	1,76	58,4	-14,6	17,0
1397	29.07.20 15:05:16	3,44	1,72	59,0	-17,7	13,3
1398	29.07.20 15:05:17	3,48	1,58	61,8	-14,7	13,5
1399	29.07.20 15:05:18	3,62	1,58	66,9	-11,9	11,2
1400	29.07.20 15:05:19	3,77	1,52	67,5	-13,0	9,5
1401	29.07.20 15:05:20	3,95	1,54	68,3	-12,5	9,2
1402	29.07.20 15:05:21	4,06	1,53	60,2	-13,4	16,4
1403	29.07.20 15:05:22	4,25	1,52	52,3	-15,7	22,0
1404	29.07.20 15:05:23	4,39	1,42	61,2	-12,7	16,2
1405	29.07.20 15:05:24	4,64	1,36	69,8	-6,6	13,6
1406	29.07.20 15:05:25	4,93	1,34	69,6	-10,5	9,9
1407	29.07.20 15:05:26	5,11	1,29	61,1	-14,4	14,5
1408	29.07.20 15:05:27	5,25	1,18	59,0	-12,1	18,9
1409	29.07.20 15:05:28	5,39	1,27	64,6	-12,6	12,8
1410	29.07.20 15:05:29	5,61	1,15	61,1	-11,3	17,5
1411	29.07.20 15:05:30	5,82	1,06	59,2	-11,3	19,6
1412	29.07.20 15:05:31	5,99	0,93	62,8	-10,4	16,8
1413	29.07.20 15:05:32	6,20	0,93	74,4	-6,7	8,9
1414	29.07.20 15:05:33	6,38	0,93	69,9	-9,5	10,6
1415	29.07.20 15:05:34	6,48	0,87	56,1	-15,0	18,9
1416	29.07.20 15:05:35	6,59	0,93	58,2	-9,8	22,0
1417	29.07.20 15:05:36	6,79	0,81	67,0	-7,4	15,7
1418	29.07.20 15:05:37	7,04	0,78	73,0	-3,7	13,3
1419	29.07.20 15:05:38	7,28	0,72	77,6	-4,6	7,9
1420	29.07.20 15:05:39	7,45	0,71	81,8	-7,6	0,6
1421	29.07.20 15:05:40	7,55	0,60	62,5	-10,6	16,9
1422	29.07.20 15:05:41	7,72	0,62	66,9	-13,4	9,7
1423	29.07.20 15:05:42	7,95	0,53	63,3	-8,5	18,2
1424	29.07.20 15:05:43	8,22	0,51	62,5	-10,7	16,8
1425	29.07.20 15:05:44	8,39	0,50	66,2	-10,5	13,3
1426	29.07.20 15:05:45	8,56	0,39	74,6	-6,6	8,9
1427	29.07.20 15:05:46	8,76	0,34	75,1	-3,6	11,4
1428	29.07.20 15:05:47	8,93	0,32	69,2	-5,4	15,4
1429	29.07.20 15:05:48	9,19	0,27	60,0	-8,4	21,6
1430	29.07.20 15:05:49	9,39	0,22	64,9	-5,0	20,0
1431	29.07.20 15:05:50	9,52	0,22	78,0	-1,4	10,7
1432	29.07.20 15:05:51	9,62	0,20	80,1	-0,3	9,6
1433	29.07.20 15:05:52	9,68	0,18	68,4	-5,2	16,4
1434	29.07.20 15:05:53	9,68	0,15	53,5	-15,8	20,7
1435	29.07.20 15:05:54	9,78	0,18	48,5	-14,1	27,4
1436	29.07.20 15:05:55	10,01	0,04	54,2	-10,1	25,7
1437	29.07.20 15:05:56	10,21	0,04	59,0	-11,4	19,6
1438	29.07.20 15:05:57	10,37	0,00	59,8	-12,1	18,1
1439	29.07.20 15:05:58	10,50	0,00	57,6	-15,7	16,7
1440	29.07.20 15:05:59	10,63	0,00	42,8	-9,1	38,1
1441	29.07.20 15:06:00	10,72	0,00	42,8	-9,3	37,9
1442	29.07.20 15:06:01	10,79	0,00	46,5	-8,2	35,3
1443	29.07.20 15:06:02	10,92	0,00	47,2	-15,1	27,7
1444	29.07.20 15:06:03	11,11	0,00	30,7	-19,5	39,7
1445	29.07.20 15:06:04	11,21	0,00	15,3	3,1	71,6
1446	29.07.20 15:06:05	11,33	0,00	29,5	-1,2	59,3
1447	29.07.20 15:06:06	11,52	0,00	34,8	2,4	52,8
1448	29.07.20 15:06:07	11,65	0,00	50,9	8,9	30,2
1449	29.07.20 15:06:08	11,75	0,00	32,8	-10,3	46,9
1450	29.07.20 15:06:09	11,87	0,00	32,0	-21,4	36,6
1451	29.07.20 15:06:10	12,03	0,00	55,4	-23,9	10,8
1452	29.07.20 15:06:11	12,13	0,00	51,7	-31,2	7,0
1453	29.07.20 15:06:12	12,10	0,00	56,0	-23,7	-10,3
1454	29.07.20 15:06:13	11,94	0,00	80,3	-9,0	-0,7
1455	29.07.20 15:06:14	11,78	0,00	59,9	-25,9	-4,1
1456	29.07.20 15:06:15	11,68	0,00	72,3	-17,3	0,4
1457	29.07.20 15:06:16	11,62	0,00	58,2	-25,1	6,7
1458	29.07.20 15:06:17	11,62	0,00	54,7	-26,6	8,7
1459	29.07.20 15:06:18	11,49	0,06	59,0	-22,1	8,8
1460	29.07.20 15:06:19	11,30	0,11	65,7	-8,1	16,2
1461	29.07.20 15:06:20	11,14	0,11	50,9	-23,9	15,2
1462	29.07.20 15:06:21	11,01	0,15	50,9	-37,8	-1,3
1463	29.07.20 15:06:22	10,88	0,15	32,3	-51,9	5,7
1464	29.07.20 15:06:23	10,79	0,18	29,2	-48,1	12,8
1465	29.07.20 15:06:24	10,72	0,20	76,7	-4,1	9,2
1466	29.07.20 15:06:25	10,59	0,20	64,6	-11,5	13,9
1467	29.07.20 15:06:26	10,53	0,22	41,2	-40,7	8,1
1468	29.07.20 15:06:27	10,43	0,22	53,2	-25,2	11,6
1469	29.07.20 15:06:28	10,34	0,25	65,8	16,4	7,8
1470	29.07.20 15:06:29	10,27	0,27	76,2	8,4	5,5
1471	29.07.20 15:06:30	10,21	0,22	80,2	-6,5	3,2
1472	29.07.20 15:06:31	10,14	0,27	76,6	-9,7	3,7
1473	29.07.20 15:06:32	10,08	0,29	78,9	-5,3	5,8
1474	29.07.20 15:06:33	10,01	0,29	37,0	1,9	51,2
1475	29.07.20 15:06:34	9,98	0,29	-17,8	12,6	59,6
1476	29.07.20 15:06:35	9,91	0,32	-13,6	5,6	70,7
1477	29.07.20 15:06:36	9,88	0,29	-14,2	5,5	70,3
1478	29.07.20 15:06:37	9,81	0,32	-6,9	1,3	81,7
1479	29.07.20 15:06:38	9,78	0,29	-0,7	-4,3	85,0
1480	29.07.20 15:06:39	9,75	0,29	-6,9	-2,3	80,9
1481	29.07.20 15:06:40	9,75	0,29	-6,9	-1,2	81,9
1482	29.07.20 15:06:41	9,68	0,32	-6,4	-3,0	80,6
1483	29.07.20 15:06:42	9,65	0,32	-5,7	-1,8	82,5
1484	29.07.20 15:06:43	9,62	0,34	-4,6	-4,3	81,1
1485	29.07.20 15:06:44	9,59	0,34	-3,1	-2,0	84,9
1486	29.07.20 15:06:45	9,55	0,32	-3,3	-3,2	83,5
1487	29.07.20 15:06:46	9,52	0,32	-4,1	-3,2	82,7
1488	29.07.20 15:06:47	9,49	0,32	-2,2	-4,3	83,5
1489	29.07.20 15:06:48	9,42	0,34	-13,0	-2,4	74,6
1490	29.07.20 15:06:49	9,42	0,36	-59,3	-11,9	-18,8
1491	29.07.20 15:06:50	9,39	0,34	0,3	-5,5	-84,2
1492	29.07.20 15:06:51	9,36	0,34	0,0	-5,3	-84,7
1493	29.07.20 15:06:52	9,32	0,34	-1,5	-4,5	-84,0
1494	29.07.20 15:06:53	9,29	0,34	-1,7	-3,9	-84,4
1495	29.07.20 15:06:54	9,26	0,36	-3,2	-3,8	-83,0
1496	29.07.20 15:06:55	9,26	0,36	-4,5	-4,4	-81,0
1497	29.07.20 15:06:56	9,22	0,36	-3,7	-3,9	-82,5
1498	29.07.20 15:06:57	9,19	0,36	-3,5	-2,8	-83,6
1499	29.07.20 15:06:58	9,16	0,36	-3,8	-3,1	-83,1
1500	29.07.20 15:06:59	9,12	0,39	-4,1	-4,1	-81,8
1501	29.07.20 15:07:00	9,09	0,36	-4,4	-4,0	-81,6
1502	29.07.20 15:07:01	9,06	0,36	-3,4	-3,7	-82,9
1503	29.07.20 15:07:02	9,02	0,36	-3,2	-3,6	-83,3
1504	29.07.20 15:07:03	9,02	0,36	-3,8	-3,1	-83,1
1505	29.07.20 15:07:04	8,99	0,36	-4,0	-4,0	-82,0
1506	29.07.20 15:07:05	8,96	0,36	-3,8	-5,2	-81,0
1507	29.07.20 15:07:06	8,96	0,36	-3,1	-4,3	-82,6
1508	29.07.20 15:07:07	8,93	0,39	-3,0	-2,8	-84,2
1509	29.07.20 15:07:08	8,93	0,36	-4,0	-3,1	-82,9
1510	29.07.20 15:07:09	8,89	0,39	-4,2	-4,4	-81,4
1511	29.07.20 15:07:10	8,89	0,39	-3,4	-5,0	-81,6
1512	29.07.20 15:07:11	8,86	0,36	-2,1	-5,1	-82,8
1513	29.07.20 15:07:12	8,83	0,36	-1,3	-4,8	-84,0
1514	29.07.20 15:07:13	8,83	0,36	-0,6	-4,5	-84,9
1515	29.07.20 15:07:14	8,79	0,36	-0,4	-4,6	-85,0
1516	29.07.20 15:07:15	8,79	0,36	-0,6	-5,6	-83,8
1517	29.07.20 15:07:16	8,76	0,36	-0,3	-6,3	-83,3
1518	29.07.20 15:07:17	8,76	0,36	0,3	-6,0	-83,7
1519	29.07.20 15:07:18	8,76	0,36	1,6	-5,8	-82,6
1520	29.07.20 15:07:19	8,73	0,39	1,9	-6,1	-82,0
1521	29.07.20 15:07:20	8,73	0,39	0,3	-6,0	-83,6
1522	29.07.20 15:07:21	8,73	0,39	-1,4	-5,1	-83,6
1523	29.07.20 15:07:22	8,69	0,39	-1,5	-4,5	-84,0
1524	29.07.20 15:07:23	8,69	0,36	-0,8	-5,1	-84,1
1525	29.07.20 15:07:24	8,69	0,39	-0,4	-5,4	-84,2
1526	29.07.20 15:07:25	8,69	0,39	-1,8	-4,9	-83,3
1527	29.07.20 15:07:26	8,66	0,39	-2,7	-4,8	-82,5
1528	29.07.20 15:07:27	8,66	0,41	-2,4	-4,7	-82,9
1529	29.07.20 15:07:28	8,63	0,36	-1,5	-4,2	-84,3
1530	29.07.20 15:07:29	8,63	0,36	-0,7	-5,1	-84,2
1531	29.07.20 15:07:30	8,63	0,36	-0,1	-6,7	-83,2
1532	29.07.20 15:07:31	8,63	0,39	-0,2	-6,2	-83,6
1533	29.07.20 15:07:32	8,63	0,36	-1,9	-4,8	-83,3
1534	29.07.20 15:07:33	8,59	0,36	-3,0	-4,3	-82,7
1535	29.07.20 15:07:34	8,59	0,39	-2,1	-5,0	-82,9
1536	29.07.20 15:07:35	8,59	0,39	-0,8	-5,4	-83,8
1537	29.07.20 15:07:36	8,59	0,36	-0,2	-5,3	-84,4
1538	29.07.20 15:07:37	8,59	0,36	0,2	-5,9	-83,9
1539	29.07.20 15:07:38	8,56	0,36	-1,2	-5,8	-83,0
1540	29.07.20 15:07:39	8,56	0,39	-2,0	-5,0	-83,0
1541	29.07.20 15:07:40	8,56	0,36	-2,5	-4,3	-83,2
1542	29.07.20 15:07:41	8,56	0,36	-2,3	-4,2	-83,5
1543	29.07.20 15:07:42	8,56	0,36	-0,9	-5,5	-83,5
1544	29.07.20 15:07:43	8,56	0,36	-0,5	-6,1	-83,4
1545	29.07.20 15:07:44	8,56	0,36	-0,4	-5,9	-83,7
1546	29.07.20 15:07:45	8,53	0,39	-1,2	-4,9	-83,9
1547	29.07.20 15:07:46	8,53	0,36	-2,1	-4,4	-83,6
1548	29.07.20 15:07:47	8,53	0,36	-2,0	-4,1	-83,9
1549	29.07.20 15:07:48	8,53	0,36	-1,9	-4,6	-83,5
1550	29.07.20 15:07:49	8,53	0,39	-1,6	-6,0	-82,4
1551	29.07.20 15:07:50	8,53	0,36	-1,0	-5,9	-83,1
1552	29.07.20 15:07:51	8,56	0,36	-1,0	-4,6	-84,4
1553	29.07.20 15:07:52	8,56	0,36	-1,3	-3,5	-85,2
1554	29.07.20 15:07:53	8,56	0,36	-2,5	-4,1	-83,5
1555	29.07.20 15:07:54	8,56	0,36	-2,0	-5,3	-82,7
1556	29.07.20 15:07:55	8,56	0,36	-1,5	-6,6	-81,9
1557	29.07.20 15:07:56	8,56	0,36	-1,1	-5,5	-83,4
1558	29.07.20 15:07:57	8,56	0,34	-1,0	-3,8	-85,2
1559	29.07.20 15:07:58	8,56	0,36	-1,0	-3,8	-85,2
1560	29.07.20 15:07:59	8,56	0,36	-1,9	-5,2	-82,9
1561	29.07.20 15:08:00	8,59	0,36	-1,9	-6,5	-81,6
1562	29.07.20 15:08:01	8,59	0,36	-1,5	-5,2	-83,3
1563	29.07.20 15:08:02	8,59	0,36	-1,4	-3,9	-84,8
1564	29.07.20 15:08:03	8,59	0,36	-1,1	-4,5	-84,4
1565	29.07.20 15:08:04	8,59	0,36	-1,3	-5,7	-83,0
1566	29.07.20 15:08:05	8,59	0,36	-1,5	-5,5	-82,9
1567	29.07.20 15:08:06	8,59	0,36	-1,6	-4,6	-83,8
1568	29.07.20 15:08:07	8,59	0,34	-1,1	-4,9	-84,0
1569	29.07.20 15:08:08	8,63	0,36	-0,2	-5,6	-84,2
1570	29.07.20 15:08:09	8,63	0,36	-0,5	-5,1	-84,4
1571	29.07.20 15:08:10	8,63	0,36	-1,9	-4,6	-83,5
1572	29.07.20 15:08:11	8,63	0,36	-2,8	-4,7	-82,6
1573	29.07.20 15:08:12	8,63	0,36	-1,6	-5,2	-83,2
1574	29.07.20 15:08:13	8,63	0,34	0,1	-5,4	-84,5
1575	29.07.20 15:08:14	8,66	0,36	-0,5	-4,9	-84,5
1576	29.07.20 15:08:15	8,66	0,36	-2,0	-4,5	-83,6
1577	29.07.20 15:08:16	8,66	0,36	-2,2	-4,8	-83,0
1578	29.07.20 15:08:17	8,69	0,36	-1,1	-5,3	-83,6
1579	29.07.20 15:08:18	8,69	0,36	-0,4	-5,4	-84,2
1580	29.07.20 15:08:19	8,69	0,39	-0,7	-4,7	-84,6
1581	29.07.20 15:08:20	8,69	0,39	-1,8	-5,1	-83,2
1582	29.07.20 15:08:21	8,69	0,36	-2,5	-4,8	-82,7
1583	29.07.20 15:08:22	8,69	0,36	-1,2	-4,9	-83,8
1584	29.07.20 15:08:23	8,69	0,36	0,2	-5,5	-84,4
1585	29.07.20 15:08:24	8,73	0,36	0,1	-5,7	-84,2
1586	29.07.20 15:08:25	8,73	0,36	-1,0	-5,2	-83,9
1587	29.07.20 15:08:26	8,73	0,36	-1,4	-5,0	-83,5
1588	29.07.20 15:08:27	8,73	0,36	-2,2	-5,3	-82,5
1589	29.07.20 15:08:28	8,76	0,36	-2,4	-4,3	-83,3
1590	29.07.20 15:08:29	8,76	0,34	-2,0	-3,5	-84,5
1591	29.07.20 15:08:30	8,76	0,36	-1,3	-4,5	-84,1
1592	29.07.20 15:08:31	8,76	0,36	-1,7	-6,0	-82,3
1593	29.07.20 15:08:32	8,79	0,36	-1,8	-5,4	-82,8
1594	29.07.20 15:08:33	8,79	0,34	-2,1	-3,7	-84,2
1595	29.07.20 15:08:34	8,79	0,36	-2,2	-3,8	-84,0
1596	29.07.20 15:08:35	8,83	0,34	-3,1	-4,8	-82,2
1597	29.07.20 15:08:36	8,83	0,36	-2,8	-4,6	-82,6
1598	29.07.20 15:08:37	8,83	0,36	-2,0	-4,4	-83,6
1599	29.07.20 15:08:38	8,86	0,36	-2,0	-5,6	-82,4
1600	29.07.20 15:08:39	8,86	0,36	-2,7	-5,3	-82,0
1601	29.07.20 15:08:40	8,86	0,34	-2,6	-3,2	-84,2
1602	29.07.20 15:08:41	8,89	0,34	-1,8	-3,5	-84,8
1603	29.07.20 15:08:42	8,89	0,36	-2,2	-6,1	-81,7
1604	29.07.20 15:08:43	8,89	0,36	-2,8	-6,1	-81,0
1605	29.07.20 15:08:44	8,93	0,36	-2,8	-3,7	-83,5
1606	29.07.20 15:08:45	8,93	0,36	-2,2	-2,9	-84,9
1607	29.07.20 15:08:46	8,93	0,36	-1,3	-4,5	-84,2
1608	29.07.20 15:08:47	8,96	0,36	10,8	-40,2	-39,0
1609	29.07.20 15:08:48	8,96	0,34	20,4	-23,4	-46,2
1610	29.07.20 15:08:49	8,99	0,34	17,4	-11,7	-61,0
1611	29.07.20 15:08:50	9,02	0,34	24,0	-9,5	-56,6
1612	29.07.20 15:08:51	9,06	0,32	23,8	-20,7	-45,5
1613	29.07.20 15:08:52	9,09	0,34	19,1	-31,4	-39,5
1614	29.07.20 15:08:53	9,16	0,32	10,7	-41,3	-38,0
1615	29.07.20 15:08:54	9,19	0,32	-21,4	-49,1	-19,5
1616	29.07.20 15:08:55	9,22	0,32	-1,4	-19,9	68,7
1617	29.07.20 15:08:56	9,22	0,32	-17,9	1,7	70,4
1618	29.07.20 15:08:57	9,26	0,29	-16,7	1,7	71,6
1619	29.07.20 15:08:58	9,29	0,29	-15,2	2,3	72,6
1620	29.07.20 15:08:59	9,32	0,29	-15,6	4,2	70,3
1621	29.07.20 15:09:00	9,36	0,29	-16,0	4,4	69,6
1622	29.07.20 15:09:01	9,39	0,29	-16,9	1,6	71,5
1623	29.07.20 15:09:02	9,42	0,29	-17,8	-0,4	71,8
1624	29.07.20 15:09:03	9,42	0,32	-17,2	1,3	71,5
1625	29.07.20 15:09:04	9,45	0,32	-16,1	3,7	70,2
1626	29.07.20 15:09:05	9,49	0,32	-15,5	3,8	70,7
1627	29.07.20 15:09:06	9,49	0,29	-15,5	3,1	71,4
1628	29.07.20 15:09:07	9,52	0,29	-17,1	2,0	70,9
1629	29.07.20 15:09:08	9,52	0,29	-17,6	1,4	71,0
1630	29.07.20 15:09:09	9,55	0,32	-16,2	1,9	71,9
1631	29.07.20 15:09:10	9,55	0,29	-15,5	3,1	71,4
1632	29.07.20 15:09:11	9,59	0,32	-15,8	3,9	70,3
1633	29.07.20 15:09:12	9,62	0,32	-16,5	2,8	70,7
1634	29.07.20 15:09:13	9,62	0,32	-17,1	1,4	71,5
1635	29.07.20 15:09:14	9,62	0,32	-15,6	2,1	72,2
1636	29.07.20 15:09:15	9,62	0,32	-15,1	3,0	71,9
1637	29.07.20 15:09:16	9,62	0,34	-17,3	3,0	69,7
1638	29.07.20 15:09:17	9,62	0,32	-17,4	2,4	70,1
1639	29.07.20 15:09:18	9,65	0,32	-15,3	2,2	72,4
1640	29.07.20 15:09:19	9,65	0,32	-14,4	3,4	72,2
1641	29.07.20 15:09:20	9,68	0,32	-16,5	3,0	70,6
1642	29.07.20 15:09:21	9,68	0,32	-18,0	1,9	70,1
1643	29.07.20 15:09:22	9,72	0,34	-16,0	1,8	72,3
1644	29.07.20 15:09:23	9,72	0,32	-15,5	2,7	71,8
1645	29.07.20 15:09:24	9,75	0,29	-16,8	3,8	69,4
1646	29.07.20 15:09:25	9,75	0,32	-16,4	2,8	70,8
1647	29.07.20 15:09:26	9,75	0,29	-15,3	1,2	73,5
1648	29.07.20 15:09:27	9,78	0,34	-16,0	2,3	71,7
1649	29.07.20 15:09:28	9,78	0,32	-16,7	4,3	69,0
1650	29.07.20 15:09:29	9,78	0,36	-15,7	3,4	71,0
1651	29.07.20 15:09:30	9,81	0,34	-16,4	1,8	71,8
1652	29.07.20 15:09:31	9,81	0,34	-16,5	1,0	72,5
1653	29.07.20 15:09:32	9,85	0,32	-16,9	2,4	70,7
1654	29.07.20 15:09:33	9,85	0,32	-16,4	4,0	69,6
1655	29.07.20 15:09:34	9,88	0,32	-14,6	2,8	72,6
1656	29.07.20 15:09:35	9,88	0,34	-14,6	2,8	72,6
1657	29.07.20 15:09:36	9,91	0,34	-16,9	3,7	69,4
1658	29.07.20 15:09:37	9,91	0,32	-18,4	1,5	70,1
1659	29.07.20 15:09:38	9,95	0,32	-16,8	0,0	73,2
1660	29.07.20 15:09:39	9,95	0,32	-14,1	3,1	72,8
1661	29.07.20 15:09:40	9,95	0,32	-14,5	6,1	69,4
1662	29.07.20 15:09:41	9,98	0,32	-17,3	3,2	69,5
1663	29.07.20 15:09:42	9,98	0,32	-16,7	1,1	72,1
1664	29.07.20 15:09:43	9,98	0,32	-15,5	0,2	74,3
1665	29.07.20 15:09:44	10,01	0,34	-16,2	2,6	71,2
1666	29.07.20 15:09:45	10,01	0,34	-15,7	5,7	68,6
1667	29.07.20 15:09:46	10,01	0,34	-14,1	4,5	71,3
1668	29.07.20 15:09:47	10,04	0,34	-13,9	2,5	73,6
1669	29.07.20 15:09:48	10,04	0,34	-17,0	1,3	71,7
1670	29.07.20 15:09:49	10,04	0,34	-18,5	1,8	69,6
1671	29.07.20 15:09:50	10,08	0,34	-16,6	2,7	70,7
1672	29.07.20 15:09:51	10,08	0,34	-14,4	2,6	73,0
1673	29.07.20 15:09:52	10,11	0,34	-16,1	3,0	70,9
1674	29.07.20 15:09:53	10,11	0,34	-15,9	3,9	70,2
1675	29.07.20 15:09:54	10,11	0,32	-15,0	3,4	71,6
1676	29.07.20 15:09:55	10,14	0,34	-15,8	2,9	71,3
1677	29.07.20 15:09:56	10,17	0,34	-16,9	1,9	71,3
1678	29.07.20 15:09:57	10,17	0,32	-16,9	2,2	70,8
1679	29.07.20 15:09:58	10,21	0,32	-15,1	3,6	71,3
1680	29.07.20 15:09:59	10,21	0,32	-14,8	3,0	72,2
1681	29.07.20 15:10:00	10,24	0,34	-15,1	1,3	73,7
1682	29.07.20 15:10:01	10,24	0,34	-5,5	-63,9	-20,6
1683	29.07.20 15:10:02	10,27	0,34	-30,1	-41,8	18,1
1684	29.07.20 15:10:03	10,27	0,34	-22,9	-46,4	20,7
1685	29.07.20 15:10:04	10,30	0,34	-21,2	-44,1	24,8
1686	29.07.20 15:10:05	10,34	0,32	-5,9	-48,7	35,4
1687	29.07.20 15:10:06	10,37	0,32	0,3	-75,6	14,1
1688	29.07.20 15:10:07	10,40	0,32	5,2	-69,0	15,8
1689	29.07.20 15:10:08	10,43	0,32	1,7	-69,6	18,8
1690	29.07.20 15:10:09	10,43	0,32	1,7	-63,6	24,7
1691	29.07.20 15:10:10	10,47	0,34	-4,8	-74,5	10,7
1692	29.07.20 15:10:11	10,47	0,34	-5,9	-65,6	18,5
1693	29.07.20 15:10:12	10,50	0,34	-2,5	-64,6	22,9
1694	29.07.20 15:10:13	10,50	0,32	10,6	-63,7	15,6
1695	29.07.20 15:10:14	10,50	0,32	-21,0	-59,3	9,8
1696	29.07.20 15:10:15	10,53	0,34	-65,5	2,3	22,2
1697	29.07.20 15:10:16	10,53	0,34	-49,4	1,9	38,6
1698	29.07.20 15:10:17	10,56	0,32	-40,4	1,8	47,8
1699	29.07.20 15:10:18	10,56	0,32	-33,8	-7,4	48,8
1700	29.07.20 15:10:19	10,56	0,34	-31,3	-12,7	46,0
1701	29.07.20 15:10:20	10,59	0,34	-30,6	-13,3	46,1
1702	29.07.20 15:10:21	10,59	0,34	-42,7	4,4	42,9
1703	29.07.20 15:10:22	10,59	0,34	-32,7	-16,5	40,7
1704	29.07.20 15:10:23	10,59	0,32	-34,5	-21,3	34,2
1705	29.07.20 15:10:24	10,63	0,32	-53,5	11,9	24,7
1706	29.07.20 15:10:25	10,63	0,32	-12,9	-1,9	75,2
1707	29.07.20 15:10:26	10,66	0,32	-7,2	-51,3	31,5
1708	29.07.20 15:10:27	10,66	0,32	-3,3	-31,1	55,5
1709	29.07.20 15:10:28	10,66	0,32	17,4	-40,3	32,3
1710	29.07.20 15:10:29	10,69	0,34	11,5	-62,0	16,5
1711	29.07.20 15:10:30	10,72	0,34	26,6	-48,5	14,9
1712	29.07.20 15:10:31	10,72	0,34	23,2	-49,0	17,8
1713	29.07.20 15:10:32	10,72	0,32	27,0	-51,6	11,4
1714	29.07.20 15:10:33	10,76	0,34	26,9	-51,8	11,3
1715	29.07.20 15:10:34	10,79	0,34	37,7	-43,9	8,4
1716	29.07.20 15:10:35	10,79	0,32	25,3	-49,6	15,1
1717	29.07.20 15:10:36	10,82	0,32	28,1	-46,9	15,0
1718	29.07.20 15:10:37	10,82	0,32	43,6	-39,3	7,1
1719	29.07.20 15:10:38	10,85	0,32	37,2	-36,9	15,9
1720	29.07.20 15:10:39	10,85	0,34	38,1	-41,0	10,9
1721	29.07.20 15:10:40	10,88	0,34	39,8	-39,4	10,8
1722	29.07.20 15:10:41	10,88	0,32	39,8	-38,8	11,3
1723	29.07.20 15:10:42	10,88	0,34	40,5	-39,6	9,9
1724	29.07.20 15:10:43	10,92	0,34	38,4	-44,8	6,8
1725	29.07.20 15:10:44	10,92	0,34	18,8	-67,3	3,9
1726	29.07.20 15:10:45	10,95	0,34	6,2	-74,8	-9,0
1727	29.07.20 15:10:46	10,98	0,34	25,0	-42,5	-22,4
1728	29.07.20 15:10:47	10,98	0,34	30,5	-51,7	-7,8
1729	29.07.20 15:10:48	11,01	0,34	20,3	-58,7	-11,0
1730	29.07.20 15:10:49	11,05	0,34	7,3	-76,8	-5,9
1731	29.07.20 15:10:50	11,08	0,32	10,7	-67,1	-12,2
1732	29.07.20 15:10:51	11,08	0,32	11,3	-62,5	-16,2
1733	29.07.20 15:10:52	11,11	0,32	-19,0	-47,0	23,9
1734	29.07.20 15:10:53	11,14	0,32	-16,5	41,5	32,0
1735	29.07.20 15:10:54	11,14	0,29	-17,0	31,3	41,6
1736	29.07.20 15:10:55	11,17	0,32	-16,2	22,6	51,2
1737	29.07.20 15:10:56	11,21	0,32	-16,4	22,4	51,2
1738	29.07.20 15:10:57	11,21	0,32	-17,8	24,2	48,0
1739	29.07.20 15:10:58	11,24	0,32	-18,1	23,8	48,1
1740	29.07.20 15:10:59	11,24	0,32	-17,0	20,8	52,2
1741	29.07.20 15:11:00	11,24	0,32	-16,4	21,3	52,4
1742	29.07.20 15:11:01	11,27	0,32	-17,8	24,2	48,0
1743	29.07.20 15:11:02	11,30	0,32	-19,2	24,5	46,4
1744	29.07.20 15:11:03	11,33	0,32	-16,8	21,5	51,7
1745	29.07.20 15:11:04	11,33	0,29	-15,6	19,9	54,5
1746	29.07.20 15:11:05	11,37	0,29	-17,3	24,1	48,7
1747	29.07.20 15:11:06	11,37	0,29	-19,2	26,1	44,7
1748	29.07.20 15:11:07	11,40	0,32	-15,6	24,3	50,2
1749	29.07.20 15:11:08	11,40	0,34	-14,5	21,1	54,4
1750	29.07.20 15:11:09	11,40	0,34	-16,6	23,0	50,3
1751	29.07.20 15:11:10	11,43	0,32	-17,0	27,5	45,4
1752	29.07.20 15:11:11	11,43	0,32	-14,7	26,4	48,9
1753	29.07.20 15:11:12	11,43	0,34	-13,3	23,7	53,0
1754	29.07.20 15:11:13	11,43	0,34	-14,3	25,2	50,5
1755	29.07.20 15:11:14	11,46	0,32	-15,5	27,3	47,2
1756	29.07.20 15:11:15	11,49	0,32	-15,5	25,5	49,0
1757	29.07.20 15:11:16	11,52	0,32	-15,2	22,9	51,9
1758	29.07.20 15:11:17	11,56	0,29	-14,4	25,7	49,9
1759	29.07.20 15:11:18	11,56	0,29	-14,4	27,5	48,1
1760	29.07.20 15:11:19	11,59	0,32	-14,2	25,4	50,4
1761	29.07.20 15:11:20	11,59	0,32	-14,5	25,8	49,7
1762	29.07.20 15:11:21	11,59	0,29	-4,9	42,8	42,3
1763	29.07.20 15:11:22	11,62	0,34	-5,6	41,3	43,1
1764	29.07.20 15:11:23	11,62	0,32	-5,3	40,7	44,0
1765	29.07.20 15:11:24	11,62	0,34	-3,8	42,1	44,1
1766	29.07.20 15:11:25	11,65	0,34	-4,4	42,3	43,3
1767	29.07.20 15:11:26	11,65	0,34	4,7	30,7	54,7
1768	29.07.20 15:11:27	11,68	0,32	34,8	-6,2	49,0
1769	29.07.20 15:11:28	11,72	0,32	18,7	20,6	50,7
1770	29.07.20 15:11:29	11,75	0,32	33,4	-2,2	54,4
1771	29.07.20 15:11:30	11,75	0,32	31,8	-2,7	55,6
1772	29.07.20 15:11:31	11,78	0,32	32,4	-3,7	53,8
1773	29.07.20 15:11:32	11,78	0,32	33,8	-3,1	53,1
1774	29.07.20 15:11:33	11,78	0,32	33,6	-2,3	54,2
1775	29.07.20 15:11:34	11,78	0,32	32,4	-2,3	55,3
1776	29.07.20 15:11:35	11,78	0,32	32,1	-1,8	56,1
1777	29.07.20 15:11:36	11,81	0,32	33,6	-1,6	54,8
1778	29.07.20 15:11:37	11,81	0,32	33,3	-3,8	52,9
1779	29.07.20 15:11:38	11,81	0,32	32,4	-4,7	52,9
1780	29.07.20 15:11:39	11,84	0,34	32,7	-3,1	54,2
1781	29.07.20 15:11:40	11,84	0,34	33,2	-0,9	55,9
1782	29.07.20 15:11:41	11,87	0,34	33,4	-1,0	55,6
1783	29.07.20 15:11:42	11,91	0,34	32,6	-3,7	53,7
1784	29.07.20 15:11:43	11,91	0,32	32,5	-3,8	53,7
1785	29.07.20 15:11:44	11,91	0,32	33,8	-1,8	54,5
1786	29.07.20 15:11:45	11,94	0,32	33,2	-1,4	55,4
1787	29.07.20 15:11:46	11,94	0,34	32,0	-3,5	54,5
1788	29.07.20 15:11:47	11,94	0,32	32,5	-3,7	53,7
1789	29.07.20 15:11:48	11,94	0,32	33,7	-2,0	54,3
1790	29.07.20 15:11:49	11,97	0,34	33,9	-2,2	53,9
1791	29.07.20 15:11:50	12,00	0,32	32,8	-2,0	55,2
1792	29.07.20 15:11:51	12,00	0,32	31,8	-2,5	55,6
1793	29.07.20 15:11:52	12,00	0,34	32,1	-3,8	54,1
1794	29.07.20 15:11:53	12,03	0,32	33,1	-3,2	53,7
1795	29.07.20 15:11:54	12,06	0,34	34,1	-2,1	53,9
1796	29.07.20 15:11:55	12,06	0,34	33,3	-1,6	55,1
1797	29.07.20 15:11:56	12,06	0,34	31,9	-2,2	56,0
1798	29.07.20 15:11:57	12,10	0,34	32,3	-2,5	55,2
1799	29.07.20 15:11:58	12,10	0,36	33,5	-3,3	53,2
1800	29.07.20 15:11:59	12,10	0,34	33,5	-3,4	53,0
1801	29.07.20 15:12:00	12,13	0,34	32,3	-2,5	55,2
1802	29.07.20 15:12:01	12,13	0,34	32,4	-2,1	55,5
1803	29.07.20 15:12:02	12,16	0,32	33,1	-2,5	54,4
1804	29.07.20 15:12:03	12,16	0,34	33,1	-2,6	54,3
1805	29.07.20 15:12:04	12,19	0,32	33,2	-2,1	54,7
1806	29.07.20 15:12:05	12,19	0,34	33,1	-2,2	54,7
1807	29.07.20 15:12:06	12,22	0,34	31,9	-3,0	55,1
1808	29.07.20 15:12:07	12,22	0,32	32,0	-4,3	53,7
1809	29.07.20 15:12:08	12,22	0,34	33,9	-3,0	53,2
1810	29.07.20 15:12:09	12,25	0,32	34,7	-0,8	54,5
1811	29.07.20 15:12:10	12,25	0,32	32,4	-1,0	56,6
1812	29.07.20 15:12:11	12,25	0,32	29,7	-3,4	56,9
1813	29.07.20 15:12:12	12,29	0,34	33,2	-3,8	53,0
1814	29.07.20 15:12:13	12,29	0,34	37,1	-2,3	50,6
1815	29.07.20 15:12:14	12,32	0,32	32,7	-2,1	55,3
1816	29.07.20 15:12:15	12,32	0,34	29,3	-2,0	58,7
1817	29.07.20 15:12:16	12,32	0,34	33,3	-2,2	54,5
1818	29.07.20 15:12:17	12,35	0,32	35,3	-2,3	52,4
1819	29.07.20 15:12:18	12,35	0,34	32,4	-2,9	54,6
1820	29.07.20 15:12:19	12,38	0,34	31,9	-3,8	54,3
1821	29.07.20 15:12:20	12,38	0,32	33,4	-3,9	52,8
1822	29.07.20 15:12:21	12,41	0,32	32,5	-2,6	54,9
1823	29.07.20 15:12:22	12,41	0,32	32,7	-0,8	56,5
1824	29.07.20 15:12:23	12,41	0,32	34,2	-1,4	54,5
1825	29.07.20 15:12:24	12,44	0,34	32,8	-3,5	53,7
1826	29.07.20 15:12:25	12,47	0,34	31,6	-3,5	54,9
1827	29.07.20 15:12:26	12,47	0,32	33,4	-2,4	54,2
1828	29.07.20 15:12:27	12,51	0,34	33,7	-2,6	53,6
1829	29.07.20 15:12:28	12,51	0,34	32,0	-2,5	55,5
1830	29.07.20 15:12:29	12,54	0,34	32,7	-2,4	54,9
1831	29.07.20 15:12:30	12,54	0,34	34,1	-2,8	53,2
1832	29.07.20 15:12:31	12,57	0,34	32,0	-3,4	54,6
1833	29.07.20 15:12:32	12,57	0,32	31,6	-2,5	55,9
1834	29.07.20 15:12:33	12,57	0,34	35,2	-2,1	52,7
1835	29.07.20 15:12:34	12,60	0,34	33,8	-2,6	53,6
1836	29.07.20 15:12:35	12,60	0,32	30,5	-2,8	56,7
1837	29.07.20 15:12:36	12,63	0,34	31,8	-2,2	56,0
1838	29.07.20 15:12:37	12,63	0,34	35,5	-2,6	51,9
1839	29.07.20 15:12:38	12,66	0,34	34,9	-2,4	52,8
1840	29.07.20 15:12:39	12,66	0,34	30,6	-2,3	57,2
1841	29.07.20 15:12:40	12,66	0,32	30,5	-2,9	56,6
1842	29.07.20 15:12:41	12,69	0,32	34,9	-3,0	52,0
1843	29.07.20 15:12:42	12,69	0,34	35,2	-2,9	51,9
1844	29.07.20 15:12:43	12,73	0,32	31,5	-2,8	55,6
1845	29.07.20 15:12:44	12,73	0,32	30,5	-2,4	57,1
1846	29.07.20 15:12:45	12,76	0,34	33,9	-1,8	54,4
1847	29.07.20 15:12:46	12,76	0,34	35,5	-1,4	53,1
1848	29.07.20 15:12:47	12,76	0,34	32,2	-3,9	53,9
1849	29.07.20 15:12:48	12,79	0,32	30,3	-4,3	55,4
1850	29.07.20 15:12:49	12,79	0,32	33,1	-3,1	53,8
1851	29.07.20 15:12:50	12,82	0,34	35,2	-2,4	52,4
1852	29.07.20 15:12:51	12,82	0,34	32,4	-2,0	55,6
1853	29.07.20 15:12:52	12,82	0,34	31,2	-1,4	57,4
1854	29.07.20 15:12:53	12,85	0,32	33,5	-2,8	53,7
1855	29.07.20 15:12:54	12,85	0,32	34,1	-3,9	52,0
1856	29.07.20 15:12:55	12,88	0,32	32,4	-3,4	54,2
1857	29.07.20 15:12:56	12,88	0,32	31,8	-2,3	55,9
1858	29.07.20 15:12:57	12,88	0,32	33,3	-1,6	55,2
1859	29.07.20 15:12:58	12,91	0,32	33,4	-3,4	53,1
1860	29.07.20 15:12:59	12,91	0,32	32,3	-3,5	54,3
1861	29.07.20 15:13:00	12,94	0,32	32,9	-2,2	54,9
1862	29.07.20 15:13:01	12,94	0,32	33,8	-1,7	54,5
1863	29.07.20 15:13:02	12,98	0,36	32,4	-3,7	53,9
1864	29.07.20 15:13:03	13,01	0,34	31,3	-3,6	55,1
1865	29.07.20 15:13:04	13,01	0,34	33,7	-1,9	54,3
1866	29.07.20 15:13:05	13,01	0,36	35,0	-1,0	54,0
1867	29.07.20 15:13:06	13,04	0,34	32,2	-2,6	55,2
1868	29.07.20 15:13:07	13,07	0,32	30,9	-4,0	55,1
1869	29.07.20 15:13:08	13,07	0,32	33,0	-3,7	53,4
1870	29.07.20 15:13:09	13,07	0,32	33,4	-2,8	53,9
1871	29.07.20 15:13:10	13,10	0,32	33,9	-2,4	53,6
1872	29.07.20 15:13:11	13,10	0,34	33,5	-2,2	54,2
1873	29.07.20 15:13:12	13,10	0,32	31,4	-2,5	56,1
1874	29.07.20 15:13:13	13,13	0,32	31,3	-3,0	55,6
1875	29.07.20 15:13:14	13,13	0,32	35,1	-2,4	52,6
1876	29.07.20 15:13:15	13,16	0,32	34,7	-1,5	53,8
1877	29.07.20 15:13:16	13,16	0,32	30,7	-2,9	56,3
1878	29.07.20 15:13:17	13,19	0,34	31,0	-4,7	54,3
1879	29.07.20 15:13:18	13,19	0,34	34,5	-4,2	51,3
1880	29.07.20 15:13:19	13,23	0,32	34,9	-1,8	53,3
1881	29.07.20 15:13:20	13,23	0,34	31,8	-0,4	57,8
1882	29.07.20 15:13:21	13,26	0,34	30,7	-1,6	57,7
1883	29.07.20 15:13:22	13,26	0,32	33,3	-3,3	53,4
1884	29.07.20 15:13:23	13,26	0,34	35,5	-4,2	50,3
1885	29.07.20 15:13:24	13,29	0,34	32,8	-4,4	52,8
1886	29.07.20 15:13:25	13,29	0,34	30,8	-1,6	57,6
1887	29.07.20 15:13:26	13,32	0,32	32,6	-0,1	57,3
1888	29.07.20 15:13:27	13,32	0,34	34,8	-1,4	53,8
1889	29.07.20 15:13:28	13,35	0,34	33,7	-3,7	52,6
1890	29.07.20 15:13:29	13,35	0,32	30,9	-4,9	54,2
1891	29.07.20 15:13:30	13,38	0,32	32,0	-4,1	54,0
1892	29.07.20 15:13:31	13,38	0,32	35,2	-0,9	53,8
1893	29.07.20 15:13:32	13,38	0,32	33,7	-1,0	55,3
1894	29.07.20 15:13:33	13,38	0,32	30,7	-3,1	56,2
1895	29.07.20 15:13:34	13,41	0,34	32,1	-3,6	54,3
1896	29.07.20 15:13:35	13,41	0,34	34,0	-2,6	53,4
1897	29.07.20 15:13:36	13,44	0,34	33,9	-3,1	53,0
1898	29.07.20 15:13:37	13,44	0,34	33,1	-3,0	53,9
1899	29.07.20 15:13:38	13,44	0,34	36,8	-5,0	48,2
1900	29.07.20 15:13:39	13,47	0,34	-75,3	-6,1	8,6
1901	29.07.20 15:13:40	13,50	0,25	-80,7	-7,9	1,4
1902	29.07.20 15:13:41	13,63	0,27	9,0	30,1	50,9
1903	29.07.20 15:13:42	13,69	0,32	-55,7	-0,9	33,4
1904	29.07.20 15:13:43	13,91	0,32	-28,5	34,1	27,3
1905	29.07.20 15:13:44	14,12	0,36	1,4	48,1	40,6
1906	29.07.20 15:13:45	14,22	0,36	-10,3	52,0	27,7
1907	29.07.20 15:13:46	14,31	0,39	-15,9	-71,4	-2,7
1908	29.07.20 15:13:47	14,37	0,44	23,3	-48,3	18,4
1909	29.07.20 15:13:48	14,43	0,41	38,5	-39,6	11,9
1910	29.07.20 15:13:49	14,49	0,41	-31,4	-8,3	-50,3
1911	29.07.20 15:13:50	14,55	0,39	-24,9	27,0	-38,1
1912	29.07.20 15:13:51	14,71	0,27	-42,1	18,7	-29,2
1913	29.07.20 15:13:52	14,89	0,20	-25,3	-28,2	-36,5
1914	29.07.20 15:13:53	15,10	0,20	-48,5	2,7	-38,7
1915	29.07.20 15:13:54	15,38	0,15	-60,5	-0,6	-29,0
1916	29.07.20 15:13:55	15,68	0,15	-40,1	11,7	-38,2
1917	29.07.20 15:13:56	15,95	0,13	-27,7	22,4	-40,0
1918	29.07.20 15:13:57	16,20	0,13	-25,3	26,9	-37,8
1919	29.07.20 15:13:58	16,38	0,11	-25,0	44,2	-20,8
1920	29.07.20 15:13:59	16,59	0,11	-52,7	-23,0	-14,2
1921	29.07.20 15:14:00	16,80	0,00	-84,9	-1,3	3,7
