#0	Date-time:	29/08/2020 11:49:49 AM
#1	Recorder:	4H1034
#2	File type:	1
#3	Columns:	7
#4	Channels:	5
#5	Field separation:	0
#6	Decimal point:	0
#7	Date def.:	0	0
#8	Time def.:	0
#9	Channel 1:	Temperature(°C)	Temp(°C)	2	1
#10	Channel 2:	Pressure(Bar)	Press(Bar)	2	1
#11	Reconvertion:	0
#14	Channel 3:	Tilt-X(°)	Tilt-X(°)	2	1
#18	Channel 4:	Tilt-Y(°)	Tilt-Y(°)	2	1
#19	Line color:	1	2	3	4
#22	Channel 5:	Tilt-Z(°)	Tilt-Z(°)	2	1
#30	Trend Type Number:	3
#33	Limit Temp. Corr. OTCR:	1
1	29.08.20 11:18:00	24,61	0,00	-8,33	-0,92	80,76
2	29.08.20 11:18:01	24,58	0,00	-6,35	-2,69	80,96
3	29.08.20 11:18:02	24,58	0,00	-5,83	-2,66	81,51
4	29.08.20 11:18:03	24,55	0,00	-7,98	0,47	81,55
5	29.08.20 11:18:04	24,52	0,00	-9,62	0,67	79,71
6	29.08.20 11:18:05	24,49	0,00	-8,38	-3,76	77,86
7	29.08.20 11:18:06	24,46	0,00	-6,66	-4,83	78,50
8	29.08.20 11:18:07	24,46	0,00	-5,92	-0,54	83,54
9	29.08.20 11:18:08	24,43	0,00	-6,63	1,96	81,41
10	29.08.20 11:18:09	24,40	0,00	-8,80	-0,81	80,39
11	29.08.20 11:18:10	24,37	0,00	-9,03	-3,81	77,17
12	29.08.20 11:18:11	24,37	0,00	-7,54	-3,78	78,69
13	29.08.20 11:18:12	24,34	0,00	-6,60	-1,20	82,20
14	29.08.20 11:18:13	24,32	0,00	-5,81	1,08	83,11
15	29.08.20 11:18:14	24,32	0,00	-7,54	-0,51	81,95
16	29.08.20 11:18:15	24,29	0,00	-10,99	-3,78	75,23
17	29.08.20 11:18:16	24,26	0,00	-9,65	-3,66	76,69
18	29.08.20 11:18:17	24,23	0,00	-5,19	0,64	84,16
19	29.08.20 11:18:18	24,23	0,00	-3,61	0,84	85,55
20	29.08.20 11:18:19	24,20	0,00	-6,86	-3,48	79,67
21	29.08.20 11:18:20	24,17	0,00	-9,80	-3,90	76,30
22	29.08.20 11:18:21	24,17	0,00	-10,79	-1,56	77,66
23	29.08.20 11:18:22	24,14	0,00	-7,80	0,80	81,40
24	29.08.20 11:18:23	24,11	0,00	-5,72	0,48	83,80
25	29.08.20 11:18:24	24,11	0,00	-5,80	-3,61	80,60
26	29.08.20 11:18:25	24,08	0,00	-6,84	-5,49	77,68
27	29.08.20 11:18:26	24,05	0,00	-9,27	-2,73	77,99
28	29.08.20 11:18:27	24,05	0,00	-10,88	0,43	78,69
29	29.08.20 11:18:28	24,03	0,00	-10,31	0,80	78,90
30	29.08.20 11:18:29	24,03	0,00	-10,10	-1,70	78,20
31	29.08.20 11:18:30	24,00	0,00	-10,56	-3,02	76,41
32	29.08.20 11:18:31	23,97	0,00	-13,56	-2,47	73,97
33	29.08.20 11:18:32	23,97	0,00	-13,59	-0,29	76,12
34	29.08.20 11:18:33	23,94	0,00	-13,41	-0,09	76,50
35	29.08.20 11:18:34	23,94	0,00	-14,54	-0,99	74,47
36	29.08.20 11:18:35	23,91	0,00	-15,39	-2,68	71,93
37	29.08.20 11:18:36	23,91	0,00	-12,82	-1,33	75,85
38	29.08.20 11:18:37	23,88	0,00	-10,06	0,20	79,73
39	29.08.20 11:18:38	23,88	0,00	-12,99	-2,59	74,42
40	29.08.20 11:18:39	23,85	0,00	-13,35	-1,75	74,90
41	29.08.20 11:18:40	23,82	0,00	-14,13	-0,35	75,51
42	29.08.20 11:18:41	23,82	0,00	-14,68	-1,94	73,39
43	29.08.20 11:18:42	23,79	0,00	-11,71	-0,83	77,47
44	29.08.20 11:18:43	23,79	0,00	-10,73	-1,22	78,04
45	29.08.20 11:18:44	23,76	0,00	-13,11	-4,58	72,31
46	29.08.20 11:18:45	23,76	0,00	-13,91	-0,09	76,00
47	29.08.20 11:18:46	23,74	0,00	-12,77	2,31	74,92
48	29.08.20 11:18:47	23,74	0,00	-10,44	-3,06	76,50
49	29.08.20 11:18:48	23,71	0,00	-12,03	-6,25	71,72
50	29.08.20 11:18:49	23,71	0,00	-14,08	-0,09	75,83
51	29.08.20 11:18:50	23,68	0,00	-10,97	3,24	75,79
52	29.08.20 11:18:51	23,68	0,00	-9,81	-3,91	76,28
53	29.08.20 11:18:52	23,65	0,00	-9,82	-5,82	74,36
54	29.08.20 11:18:53	23,65	0,00	-10,21	-0,06	79,73
55	29.08.20 11:18:54	23,62	0,00	-13,16	0,94	75,90
56	29.08.20 11:18:55	23,59	0,00	-13,82	-6,78	69,40
57	29.08.20 11:18:56	23,59	0,00	-10,87	-2,75	76,38
58	29.08.20 11:18:57	23,59	0,00	-6,77	3,20	80,02
59	29.08.20 11:18:58	23,56	0,00	-7,60	-4,91	77,49
60	29.08.20 11:18:59	23,56	0,00	-10,49	-8,51	70,99
61	29.08.20 11:19:00	23,53	0,00	-9,93	2,50	77,57
62	29.08.20 11:19:01	23,53	0,00	-6,48	1,31	82,22
63	29.08.20 11:19:02	23,50	0,00	-5,80	-6,64	77,56
64	29.08.20 11:19:03	23,50	0,00	-9,14	-5,25	75,62
65	29.08.20 11:19:04	23,47	0,00	-7,08	-0,32	82,60
66	29.08.20 11:19:05	23,47	0,00	-7,77	1,01	81,22
67	29.08.20 11:19:06	23,45	0,00	-8,06	-3,54	78,40
68	29.08.20 11:19:07	23,45	0,00	-11,24	-2,81	75,94
69	29.08.20 11:19:08	23,45	0,00	-59,11	-1,83	-29,06
70	29.08.20 11:19:09	23,45	0,00	-60,06	-1,97	-27,96
71	29.08.20 11:19:10	23,42	0,00	-55,21	-1,32	-33,47
72	29.08.20 11:19:11	23,42	0,00	-57,30	-1,25	-31,45
73	29.08.20 11:19:12	23,42	0,00	-62,00	-0,06	-27,94
74	29.08.20 11:19:13	23,39	0,00	-53,51	-2,32	-34,17
75	29.08.20 11:19:14	23,36	0,00	-52,32	-2,51	-35,16
76	29.08.20 11:19:15	23,36	0,00	-58,70	0,84	-30,46
77	29.08.20 11:19:16	23,36	0,00	-59,17	0,13	-30,70
78	29.08.20 11:19:17	23,33	0,00	-58,30	-0,89	-30,81
79	29.08.20 11:19:18	23,33	0,00	-59,24	-0,46	-30,30
80	29.08.20 11:19:19	23,30	0,00	-59,62	-0,63	-29,75
81	29.08.20 11:19:20	23,30	0,00	-58,82	-0,70	-30,49
82	29.08.20 11:19:21	23,30	0,00	-59,15	-0,32	-30,53
83	29.08.20 11:19:22	23,27	0,00	-59,22	-0,42	-30,36
84	29.08.20 11:19:23	23,27	0,00	-59,28	0,37	-30,35
85	29.08.20 11:19:24	23,24	0,00	-58,87	-0,03	-31,10
86	29.08.20 11:19:25	23,24	0,00	-59,76	-0,28	-29,96
87	29.08.20 11:19:26	23,24	0,00	-60,03	0,03	-29,94
88	29.08.20 11:19:27	23,21	0,00	-58,85	-0,32	-30,83
89	29.08.20 11:19:28	23,21	0,00	-59,49	-0,22	-30,29
90	29.08.20 11:19:29	23,18	0,00	-59,45	-0,91	-29,64
91	29.08.20 11:19:30	23,18	0,00	-56,15	0,84	-33,00
92	29.08.20 11:19:31	23,15	0,00	-58,44	-0,64	-30,92
93	29.08.20 11:19:32	23,15	0,00	-59,63	-0,91	-29,46
94	29.08.20 11:19:33	23,13	0,00	-58,76	0,16	-31,08
95	29.08.20 11:19:34	23,13	0,00	-63,30	1,96	-24,74
96	29.08.20 11:19:35	23,13	0,00	-58,12	-0,97	-30,91
97	29.08.20 11:19:36	23,10	0,00	-55,56	0,64	-33,79
98	29.08.20 11:19:37	23,10	0,00	-51,87	-4,80	-33,33
99	29.08.20 11:19:38	23,07	0,00	-49,29	-8,79	-31,92
100	29.08.20 11:19:39	23,07	0,00	-56,78	-0,30	-32,91
101	29.08.20 11:19:40	23,07	0,00	-60,05	-0,13	-29,82
102	29.08.20 11:19:41	23,04	0,00	-56,48	-1,52	-32,00
103	29.08.20 11:19:42	23,04	0,00	-54,03	-5,40	-30,57
104	29.08.20 11:19:43	23,01	0,00	-55,18	-0,34	-34,47
105	29.08.20 11:19:44	23,01	0,00	-61,24	1,78	-26,98
106	29.08.20 11:19:45	23,01	0,00	-60,65	-2,40	-26,95
107	29.08.20 11:19:46	22,98	0,00	-61,13	0,87	-28,00
108	29.08.20 11:19:47	22,98	0,00	-58,08	-0,63	-31,29
109	29.08.20 11:19:48	22,98	0,00	-48,34	-4,95	-36,71
110	29.08.20 11:19:49	22,98	0,00	-63,32	4,54	-22,14
111	29.08.20 11:19:50	22,95	0,00	-56,27	-0,90	-32,83
112	29.08.20 11:19:51	22,95	0,00	-69,59	4,23	-16,17
113	29.08.20 11:19:52	22,95	0,00	-17,53	-66,98	-5,48
114	29.08.20 11:19:53	22,95	0,00	-18,02	-46,60	-25,38
115	29.08.20 11:19:54	22,92	0,00	-62,00	-1,10	-26,90
116	29.08.20 11:19:55	22,92	0,00	-56,90	-4,36	-28,74
117	29.08.20 11:19:56	22,92	0,00	-61,45	-0,45	-28,10
118	29.08.20 11:19:57	22,89	0,00	-62,72	-2,01	-25,28
119	29.08.20 11:19:58	22,89	0,00	-64,76	2,29	-22,95
120	29.08.20 11:19:59	22,89	0,00	-63,34	2,90	-23,76
121	29.08.20 11:20:00	22,86	0,00	-60,97	-1,42	-27,61
122	29.08.20 11:20:01	22,84	0,00	-62,97	4,68	-22,35
123	29.08.20 11:20:02	22,84	0,00	-14,35	39,94	-35,71
124	29.08.20 11:20:03	22,84	0,00	-19,26	13,16	-57,57
125	29.08.20 11:20:04	22,84	0,00	-0,10	-86,64	3,25
126	29.08.20 11:20:05	22,81	0,00	-0,94	-88,67	-0,39
127	29.08.20 11:20:06	22,81	0,00	0,19	-81,98	-7,83
128	29.08.20 11:20:07	22,81	0,00	0,00	-88,28	-1,72
129	29.08.20 11:20:08	22,78	0,00	-7,51	0,00	-82,49
130	29.08.20 11:20:09	22,78	0,00	-7,29	-51,91	-30,80
131	29.08.20 11:20:10	22,78	0,00	-1,72	-87,51	-0,78
132	29.08.20 11:20:11	22,75	0,00	-0,63	-83,91	-5,46
133	29.08.20 11:20:12	22,75	0,00	-1,40	-75,98	-12,62
134	29.08.20 11:20:13	22,72	0,00	-1,05	-82,33	-6,62
135	29.08.20 11:20:14	22,72	0,00	0,00	-89,85	0,15
136	29.08.20 11:20:15	22,72	0,00	-1,32	-81,02	-7,66
137	29.08.20 11:20:16	22,69	0,00	-3,15	-75,36	-11,49
138	29.08.20 11:20:17	22,69	0,00	-0,96	-85,12	-3,92
139	29.08.20 11:20:18	22,69	0,00	-0,10	-87,87	-2,03
140	29.08.20 11:20:19	22,69	0,00	0,16	-80,55	-9,29
141	29.08.20 11:20:20	22,66	0,00	-1,78	-77,64	-10,58
142	29.08.20 11:20:21	22,66	0,00	-1,79	-85,47	-2,73
143	29.08.20 11:20:22	22,66	0,00	0,20	-87,26	-2,54
144	29.08.20 11:20:23	22,63	0,00	-1,87	-76,09	-12,05
145	29.08.20 11:20:24	22,63	0,00	-1,24	-82,35	-6,41
146	29.08.20 11:20:25	22,63	0,00	1,69	-85,99	-2,32
147	29.08.20 11:20:26	22,63	0,00	-0,63	-81,98	-7,39
148	29.08.20 11:20:27	22,60	0,00	-1,26	-79,35	-9,38
149	29.08.20 11:20:28	22,60	0,00	0,06	-85,30	-4,64
150	29.08.20 11:20:29	22,60	0,00	-0,44	-84,77	-4,79
151	29.08.20 11:20:30	22,57	0,00	-1,09	-78,98	-9,93
152	29.08.20 11:20:31	22,57	0,00	-0,82	-84,66	-4,52
153	29.08.20 11:20:32	22,57	0,00	-0,10	-85,40	-4,50
154	29.08.20 11:20:33	22,54	0,00	0,06	-78,30	-11,64
155	29.08.20 11:20:34	22,54	0,00	-0,52	-84,07	-5,41
156	29.08.20 11:20:35	22,54	0,00	-2,58	-84,13	-3,28
157	29.08.20 11:20:36	22,54	0,00	-1,01	-81,71	-7,28
158	29.08.20 11:20:37	22,52	0,00	3,56	-79,68	-6,76
159	29.08.20 11:20:38	22,52	0,00	0,18	-82,29	-7,54
160	29.08.20 11:20:39	22,52	0,00	-3,60	-79,53	-6,87
161	29.08.20 11:20:40	22,49	0,00	-0,40	-85,46	-4,14
162	29.08.20 11:20:41	22,49	0,00	-1,07	-83,85	-5,07
163	29.08.20 11:20:42	22,49	0,00	0,90	-78,77	-10,33
164	29.08.20 11:20:43	22,49	0,00	0,00	-82,99	-7,01
165	29.08.20 11:20:44	22,49	0,00	-0,80	-86,99	-2,21
166	29.08.20 11:20:45	22,46	0,00	-1,40	-80,47	-8,13
167	29.08.20 11:20:46	22,46	0,00	-2,23	-78,63	-9,13
168	29.08.20 11:20:47	22,46	0,00	-2,36	-84,07	-3,56
169	29.08.20 11:20:48	22,46	0,00	-1,59	-84,60	-3,81
170	29.08.20 11:20:49	22,43	0,00	-3,82	-75,79	-10,39
171	29.08.20 11:20:50	22,43	0,00	-8,74	-77,76	-3,51
172	29.08.20 11:20:51	22,43	0,00	-10,74	-74,36	-4,91
173	29.08.20 11:20:52	22,43	0,00	-6,62	-78,36	-5,03
174	29.08.20 11:20:53	22,40	0,00	-3,63	-79,35	-7,02
175	29.08.20 11:20:54	22,40	0,00	-5,87	-77,78	-6,35
176	29.08.20 11:20:55	22,40	0,00	2,68	-75,44	11,88
177	29.08.20 11:20:56	22,40	0,00	42,14	27,52	-20,33
178	29.08.20 11:20:57	22,37	0,00	28,00	-1,81	60,20
179	29.08.20 11:20:58	22,37	0,00	-9,62	1,49	78,89
180	29.08.20 11:20:59	22,40	0,00	-11,14	4,35	74,50
181	29.08.20 11:21:00	22,40	0,00	-9,74	3,99	76,27
182	29.08.20 11:21:01	22,40	0,00	-7,20	-2,97	79,83
183	29.08.20 11:21:02	22,40	0,00	-23,80	2,22	63,98
184	29.08.20 11:21:03	22,37	0,00	-13,41	3,14	73,45
185	29.08.20 11:21:04	22,37	0,00	-12,35	3,76	73,89
186	29.08.20 11:21:05	22,37	0,00	-40,55	-2,71	46,74
187	29.08.20 11:21:06	22,34	0,00	-12,94	0,98	76,08
188	29.08.20 11:21:07	22,34	0,00	-8,52	1,76	79,72
189	29.08.20 11:21:08	22,34	0,00	-10,97	2,78	76,26
190	29.08.20 11:21:09	22,31	0,00	-11,00	4,67	74,32
191	29.08.20 11:21:10	22,31	0,00	-7,91	3,86	78,23
192	29.08.20 11:21:11	22,31	0,00	-9,97	1,21	78,82
193	29.08.20 11:21:12	22,31	0,00	-8,30	7,09	74,61
194	29.08.20 11:21:13	22,31	0,00	-7,98	5,80	76,23
195	29.08.20 11:21:14	22,28	0,00	-8,50	7,10	74,40
196	29.08.20 11:21:15	22,28	0,00	-8,39	6,43	75,18
197	29.08.20 11:21:16	22,28	0,00	-8,99	2,34	78,67
198	29.08.20 11:21:17	22,28	0,00	-11,05	-3,33	75,62
199	29.08.20 11:21:18	22,25	0,00	-8,64	-0,42	80,94
200	29.08.20 11:21:19	22,25	0,00	-4,44	-1,04	84,52
201	29.08.20 11:21:20	22,25	0,00	-7,43	7,69	74,88
202	29.08.20 11:21:21	22,25	0,00	-7,95	3,34	78,70
203	29.08.20 11:21:22	22,25	0,00	-6,96	2,60	80,44
204	29.08.20 11:21:23	22,22	0,00	-7,04	2,78	80,18
205	29.08.20 11:21:24	22,22	0,00	-7,99	2,73	79,28
206	29.08.20 11:21:25	22,22	0,00	48,84	38,17	-2,99
207	29.08.20 11:21:26	22,22	0,00	71,98	-14,83	3,19
208	29.08.20 11:21:27	22,20	0,00	60,14	-27,54	2,32
209	29.08.20 11:21:28	22,20	0,00	60,29	-29,22	0,49
210	29.08.20 11:21:29	22,20	0,00	84,33	-1,81	3,86
211	29.08.20 11:21:30	22,20	0,00	75,64	6,01	8,35
212	29.08.20 11:21:31	22,20	0,00	80,83	-0,23	8,94
213	29.08.20 11:21:32	22,17	0,00	70,61	10,40	8,99
214	29.08.20 11:21:33	22,17	0,00	78,16	3,59	8,25
215	29.08.20 11:21:34	22,17	0,00	69,20	1,79	19,01
216	29.08.20 11:21:35	22,17	0,00	62,29	1,48	26,23
217	29.08.20 11:21:36	22,14	0,00	61,01	-2,45	26,54
218	29.08.20 11:21:37	22,14	0,00	61,93	-2,03	26,04
219	29.08.20 11:21:38	22,14	0,00	64,78	-2,30	22,92
220	29.08.20 11:21:39	22,14	0,00	69,27	0,19	20,54
221	29.08.20 11:21:40	22,14	0,00	72,14	0,51	17,35
222	29.08.20 11:21:41	22,11	0,00	72,01	0,56	17,43
223	29.08.20 11:21:42	22,11	0,00	82,25	-0,05	7,70
224	29.08.20 11:21:43	22,11	0,00	81,63	-1,36	7,01
225	29.08.20 11:21:44	22,11	0,00	62,56	8,96	18,48
226	29.08.20 11:21:45	22,08	0,00	58,28	13,62	18,11
227	29.08.20 11:21:46	22,08	0,00	55,29	16,05	18,66
228	29.08.20 11:21:47	22,08	0,00	54,55	17,38	18,08
229	29.08.20 11:21:48	22,08	0,00	60,44	12,30	17,26
230	29.08.20 11:21:49	22,08	0,00	68,13	7,84	14,03
231	29.08.20 11:21:50	22,05	0,00	69,97	15,44	4,59
232	29.08.20 11:21:51	22,05	0,00	60,37	14,34	15,29
233	29.08.20 11:21:52	22,05	0,00	82,84	-0,37	6,78
234	29.08.20 11:21:53	22,05	0,00	75,12	7,68	7,20
235	29.08.20 11:21:54	22,05	0,00	55,61	26,35	8,05
236	29.08.20 11:21:55	22,02	0,00	54,51	28,03	7,46
237	29.08.20 11:21:56	22,02	0,00	57,08	28,68	4,24
238	29.08.20 11:21:57	22,02	0,00	54,64	25,25	10,11
239	29.08.20 11:21:58	22,02	0,00	67,18	12,57	10,26
240	29.08.20 11:21:59	22,02	0,00	54,15	-3,19	32,66
241	29.08.20 11:22:00	22,02	0,00	36,57	-12,70	40,73
242	29.08.20 11:22:01	21,99	0,00	52,22	3,42	34,36
243	29.08.20 11:22:02	21,99	0,00	62,21	8,20	19,58
244	29.08.20 11:22:03	21,99	0,00	74,66	10,27	5,08
245	29.08.20 11:22:04	21,99	0,00	74,92	15,08	0,00
246	29.08.20 11:22:05	21,99	0,00	53,80	22,69	13,52
247	29.08.20 11:22:06	21,96	0,00	73,49	-6,08	10,43
248	29.08.20 11:22:07	21,96	0,00	56,54	-10,78	22,68
249	29.08.20 11:22:08	21,96	0,00	54,17	-15,53	20,30
250	29.08.20 11:22:09	21,96	0,00	54,86	-15,76	19,38
251	29.08.20 11:22:10	21,96	0,00	56,62	-14,35	19,03
252	29.08.20 11:22:11	21,96	0,00	58,07	-12,39	19,54
253	29.08.20 11:22:12	21,93	0,00	57,26	-12,15	20,59
254	29.08.20 11:22:13	21,93	0,00	56,79	-12,57	20,64
255	29.08.20 11:22:14	21,93	0,00	56,17	-13,10	20,72
256	29.08.20 11:22:15	21,93	0,00	56,43	-12,38	21,18
257	29.08.20 11:22:16	21,93	0,00	57,61	-13,09	19,29
258	29.08.20 11:22:17	21,90	0,00	56,40	-14,56	19,04
259	29.08.20 11:22:18	21,90	0,00	53,68	-16,09	20,23
260	29.08.20 11:22:19	21,90	0,00	55,66	-14,27	20,07
261	29.08.20 11:22:20	21,90	0,00	68,92	7,09	13,99
262	29.08.20 11:22:21	21,90	0,00	45,39	32,28	12,33
263	29.08.20 11:22:22	21,90	0,00	61,01	21,07	7,92
264	29.08.20 11:22:23	21,87	0,00	36,72	36,13	17,15
265	29.08.20 11:22:24	21,87	0,00	38,19	36,50	15,31
266	29.08.20 11:22:25	21,87	0,00	31,51	38,47	20,02
267	29.08.20 11:22:26	21,87	0,00	26,36	55,35	8,29
268	29.08.20 11:22:27	21,87	0,00	34,79	48,46	6,75
269	29.08.20 11:22:28	21,85	0,00	34,28	49,42	6,29
270	29.08.20 11:22:29	21,85	0,00	44,57	41,62	3,81
271	29.08.20 11:22:30	21,85	0,00	55,46	29,48	5,07
272	29.08.20 11:22:31	21,85	0,00	53,85	29,97	6,18
273	29.08.20 11:22:32	21,85	0,00	54,40	29,30	6,30
274	29.08.20 11:22:33	21,82	0,00	54,62	30,51	4,87
275	29.08.20 11:22:34	21,82	0,00	53,39	31,48	5,14
276	29.08.20 11:22:35	21,82	0,00	54,15	29,80	6,05
277	29.08.20 11:22:36	21,82	0,00	54,77	29,87	5,35
278	29.08.20 11:22:37	21,82	0,00	54,78	29,50	5,72
279	29.08.20 11:22:38	21,82	0,00	54,31	30,16	5,53
280	29.08.20 11:22:39	21,79	0,00	54,16	29,77	6,07
281	29.08.20 11:22:40	21,79	0,00	54,86	27,92	7,21
282	29.08.20 11:22:41	21,79	0,00	53,86	29,61	6,54
283	29.08.20 11:22:42	21,79	0,00	57,99	25,59	6,42
284	29.08.20 11:22:43	21,79	0,00	58,32	24,38	7,30
285	29.08.20 11:22:44	21,79	0,00	56,35	26,12	7,53
286	29.08.20 11:22:45	21,76	0,00	56,70	26,13	7,17
287	29.08.20 11:22:46	21,76	0,00	57,31	27,47	5,23
288	29.08.20 11:22:47	21,76	0,00	24,48	30,54	-34,97
289	29.08.20 11:22:48	21,76	0,00	12,65	22,83	-54,52
290	29.08.20 11:22:49	21,76	0,00	8,39	11,66	-69,94
291	29.08.20 11:22:50	21,73	0,00	56,38	23,35	10,27
292	29.08.20 11:22:51	21,44	0,00	71,79	12,01	6,20
293	29.08.20 11:22:52	20,59	0,22	57,56	2,64	29,80
294	29.08.20 11:22:53	20,03	0,24	35,01	4,23	50,76
295	29.08.20 11:22:54	19,68	0,19	22,58	13,88	53,54
296	29.08.20 11:22:55	19,44	0,17	38,47	-8,61	42,92
297	29.08.20 11:22:56	19,24	0,17	31,51	-1,46	57,03
298	29.08.20 11:22:57	19,09	0,24	26,11	-25,04	38,85
299	29.08.20 11:22:58	18,94	0,24	18,56	14,39	57,05
300	29.08.20 11:22:59	18,82	0,26	32,01	-13,07	44,92
301	29.08.20 11:23:00	18,71	0,26	14,22	10,91	64,87
302	29.08.20 11:23:01	18,68	0,24	23,15	11,27	55,59
303	29.08.20 11:23:02	18,59	0,22	18,72	12,57	58,71
304	29.08.20 11:23:03	18,53	0,19	18,56	24,35	47,09
305	29.08.20 11:23:04	18,50	0,26	49,18	10,10	30,73
306	29.08.20 11:23:05	18,50	0,29	42,78	5,41	41,81
307	29.08.20 11:23:06	18,41	0,33	32,47	6,17	51,36
308	29.08.20 11:23:07	18,35	0,33	32,53	5,72	51,76
309	29.08.20 11:23:08	18,35	0,31	22,68	12,62	54,70
310	29.08.20 11:23:09	18,32	0,29	30,35	11,52	48,13
311	29.08.20 11:23:10	18,26	0,26	17,15	13,83	59,02
312	29.08.20 11:23:11	18,20	0,31	44,91	2,33	42,76
313	29.08.20 11:23:12	18,11	0,38	64,08	0,17	25,75
314	29.08.20 11:23:13	18,08	0,38	54,77	-0,38	34,85
315	29.08.20 11:23:14	18,02	0,36	30,68	5,29	54,04
316	29.08.20 11:23:15	18,02	0,31	29,32	19,50	41,18
317	29.08.20 11:23:16	17,96	0,38	57,40	-8,04	24,56
318	29.08.20 11:23:17	17,90	0,43	58,74	3,32	27,94
319	29.08.20 11:23:18	17,87	0,43	66,13	-1,79	22,08
320	29.08.20 11:23:19	17,81	0,43	43,27	-3,95	42,78
321	29.08.20 11:23:20	17,81	0,43	36,18	-1,81	52,01
322	29.08.20 11:23:21	17,81	0,43	42,87	-6,21	40,93
323	29.08.20 11:23:22	17,79	0,43	49,01	2,14	38,85
324	29.08.20 11:23:23	17,76	0,47	53,48	8,04	28,48
325	29.08.20 11:23:24	17,73	0,51	54,77	12,87	22,36
326	29.08.20 11:23:25	17,73	0,49	43,28	3,16	43,56
327	29.08.20 11:23:26	17,73	0,40	24,81	9,56	55,63
328	29.08.20 11:23:27	17,64	0,38	36,24	8,44	45,32
329	29.08.20 11:23:28	17,58	0,45	47,12	11,65	31,24
330	29.08.20 11:23:29	17,55	0,47	51,01	8,89	30,10
331	29.08.20 11:23:30	17,55	0,45	50,00	3,52	36,48
332	29.08.20 11:23:31	17,58	0,45	53,49	3,45	33,06
333	29.08.20 11:23:32	17,58	0,47	53,64	0,80	35,56
334	29.08.20 11:23:33	17,58	0,45	42,18	4,59	43,23
335	29.08.20 11:23:34	17,61	0,43	30,47	17,00	42,54
336	29.08.20 11:23:35	17,55	0,43	44,64	11,71	33,65
337	29.08.20 11:23:36	17,49	0,43	51,98	6,43	31,59
338	29.08.20 11:23:37	17,49	0,43	56,34	-2,44	31,22
339	29.08.20 11:23:38	17,49	0,43	58,12	-2,58	29,30
340	29.08.20 11:23:39	17,49	0,43	55,11	2,52	32,37
341	29.08.20 11:23:40	17,46	0,46	67,43	1,14	21,43
342	29.08.20 11:23:41	17,46	0,46	60,64	-1,46	27,89
343	29.08.20 11:23:42	17,40	0,43	46,28	-3,58	40,14
344	29.08.20 11:23:43	17,40	0,46	45,67	10,24	34,09
345	29.08.20 11:23:44	17,40	0,46	55,69	10,50	23,81
346	29.08.20 11:23:45	17,40	0,48	58,32	4,74	26,94
347	29.08.20 11:23:46	17,43	0,46	56,46	1,52	32,02
348	29.08.20 11:23:47	17,43	0,43	54,35	-2,47	33,17
349	29.08.20 11:23:48	17,43	0,43	48,37	-1,74	39,89
350	29.08.20 11:23:49	17,43	0,43	49,99	3,87	36,13
351	29.08.20 11:23:50	17,43	0,43	59,10	1,64	29,27
352	29.08.20 11:23:51	17,43	0,43	62,28	2,59	25,12
353	29.08.20 11:23:52	17,43	0,43	63,08	-0,78	26,14
354	29.08.20 11:23:53	17,40	0,43	49,08	-0,79	40,14
355	29.08.20 11:23:54	17,40	0,43	48,72	1,70	39,58
356	29.08.20 11:23:55	17,40	0,43	43,61	6,62	39,77
357	29.08.20 11:23:56	17,40	0,43	51,69	3,95	34,36
358	29.08.20 11:23:57	17,40	0,46	62,99	2,06	24,95
359	29.08.20 11:23:58	17,40	0,46	57,98	-1,89	30,13
360	29.08.20 11:23:59	17,40	0,43	52,87	0,76	36,36
361	29.08.20 11:24:00	17,40	0,46	57,98	1,49	30,53
362	29.08.20 11:24:01	17,40	0,46	61,17	0,82	28,01
363	29.08.20 11:24:02	17,37	0,45	60,40	1,28	28,32
364	29.08.20 11:24:03	17,37	0,48	67,59	-1,86	20,55
365	29.08.20 11:24:04	17,34	0,48	61,45	-1,50	27,06
366	29.08.20 11:24:05	17,34	0,48	59,14	-2,55	28,31
367	29.08.20 11:24:06	17,31	0,50	51,29	4,72	33,99
368	29.08.20 11:24:07	17,31	0,50	51,10	4,83	34,07
369	29.08.20 11:24:08	17,31	0,52	50,04	6,27	33,69
370	29.08.20 11:24:09	17,31	0,50	49,68	6,89	33,43
371	29.08.20 11:24:10	17,31	0,52	47,65	6,27	36,09
372	29.08.20 11:24:11	17,31	0,52	50,28	6,19	33,53
373	29.08.20 11:24:12	17,31	0,54	55,47	7,54	27,00
374	29.08.20 11:24:13	17,31	0,56	61,52	7,24	21,24
375	29.08.20 11:24:14	17,31	0,56	63,84	5,87	20,30
376	29.08.20 11:24:15	17,31	0,54	61,69	1,63	26,68
377	29.08.20 11:24:16	17,31	0,50	54,18	4,79	31,03
378	29.08.20 11:24:17	17,28	0,52	53,55	6,78	29,67
379	29.08.20 11:24:18	17,28	0,54	55,36	6,98	27,65
380	29.08.20 11:24:19	17,28	0,54	54,83	7,81	27,36
381	29.08.20 11:24:20	17,28	0,52	51,91	12,77	25,32
382	29.08.20 11:24:21	17,28	0,56	56,56	9,15	24,30
383	29.08.20 11:24:22	17,28	0,54	56,11	6,78	27,11
384	29.08.20 11:24:23	17,28	0,56	54,56	7,47	27,97
385	29.08.20 11:24:24	17,28	0,56	52,95	6,05	31,00
386	29.08.20 11:24:25	17,25	0,54	52,76	5,71	31,53
387	29.08.20 11:24:26	17,25	0,56	52,15	10,05	27,80
388	29.08.20 11:24:27	17,25	0,56	53,93	8,19	27,87
389	29.08.20 11:24:28	17,25	0,58	52,69	6,74	30,57
390	29.08.20 11:24:29	17,25	0,58	53,55	1,24	35,21
391	29.08.20 11:24:30	17,25	0,58	53,88	0,42	35,70
392	29.08.20 11:24:31	17,25	0,58	50,75	9,10	30,16
393	29.08.20 11:24:32	17,25	0,61	50,69	12,16	27,15
394	29.08.20 11:24:33	17,25	0,61	50,14	8,96	30,89
395	29.08.20 11:24:34	17,22	0,65	46,88	9,13	33,99
396	29.08.20 11:24:35	17,22	0,65	42,45	11,84	35,71
397	29.08.20 11:24:36	17,22	0,65	46,60	9,44	33,95
398	29.08.20 11:24:37	17,22	0,69	46,75	13,44	29,80
399	29.08.20 11:24:38	17,22	0,72	50,39	11,97	27,63
400	29.08.20 11:24:39	17,19	0,72	45,72	7,68	36,60
401	29.08.20 11:24:40	17,19	0,72	45,55	10,39	34,07
402	29.08.20 11:24:41	17,19	0,76	49,04	13,40	27,55
403	29.08.20 11:24:42	17,19	0,76	48,20	8,86	32,94
404	29.08.20 11:24:43	17,19	0,76	38,24	7,67	44,09
405	29.08.20 11:24:44	17,19	0,72	24,95	14,28	50,77
406	29.08.20 11:24:45	17,19	0,72	23,61	14,92	51,47
407	29.08.20 11:24:46	17,13	0,69	22,96	15,42	51,62
408	29.08.20 11:24:47	17,04	0,75	24,61	17,21	48,18
409	29.08.20 11:24:48	16,98	0,74	35,28	12,43	42,29
410	29.08.20 11:24:49	16,95	0,81	41,90	10,59	37,51
411	29.08.20 11:24:50	16,92	0,81	42,86	9,67	37,47
412	29.08.20 11:24:51	16,92	0,81	43,84	10,71	35,45
413	29.08.20 11:24:52	16,92	0,83	43,68	14,25	32,07
414	29.08.20 11:24:53	16,92	0,85	45,26	10,62	34,12
415	29.08.20 11:24:54	16,89	0,87	43,78	11,08	35,14
416	29.08.20 11:24:55	16,89	0,90	45,20	13,59	31,21
417	29.08.20 11:24:56	16,89	0,92	46,31	15,60	28,09
418	29.08.20 11:24:57	16,89	0,92	42,85	11,51	35,63
419	29.08.20 11:24:58	16,89	0,94	42,31	12,35	35,34
420	29.08.20 11:24:59	16,89	0,96	46,57	17,78	25,65
421	29.08.20 11:25:00	16,89	1,01	49,89	16,18	23,93
422	29.08.20 11:25:01	16,86	1,03	47,17	13,28	29,54
423	29.08.20 11:25:02	16,86	1,03	45,08	12,42	32,50
424	29.08.20 11:25:03	16,86	1,03	43,88	10,30	35,82
425	29.08.20 11:25:04	16,86	1,05	45,46	14,19	30,35
426	29.08.20 11:25:05	16,86	1,08	50,28	8,96	30,76
427	29.08.20 11:25:06	16,86	1,08	46,36	7,93	35,71
428	29.08.20 11:25:07	16,83	1,07	44,52	7,33	38,15
429	29.08.20 11:25:08	16,83	1,10	47,57	7,03	35,40
430	29.08.20 11:25:09	16,80	1,09	47,41	5,39	37,20
431	29.08.20 11:25:10	16,74	1,11	47,28	3,79	38,93
432	29.08.20 11:25:11	16,74	1,11	48,69	4,32	36,99
433	29.08.20 11:25:12	16,71	1,13	49,47	5,72	34,81
434	29.08.20 11:25:13	16,65	1,15	49,63	4,33	36,04
435	29.08.20 11:25:14	16,62	1,19	50,84	2,37	36,79
436	29.08.20 11:25:15	16,59	1,17	51,46	2,47	36,07
437	29.08.20 11:25:16	16,56	1,19	49,36	4,71	35,93
438	29.08.20 11:25:17	16,50	1,20	50,70	5,27	34,04
439	29.08.20 11:25:18	16,47	1,20	51,41	3,29	35,31
440	29.08.20 11:25:19	16,47	1,23	53,33	0,68	35,99
441	29.08.20 11:25:20	16,44	1,25	51,98	3,92	34,10
442	29.08.20 11:25:21	16,41	1,24	53,63	4,77	31,60
443	29.08.20 11:25:22	16,38	1,26	53,72	2,88	33,41
444	29.08.20 11:25:23	16,38	1,26	52,73	0,57	36,70
445	29.08.20 11:25:24	16,38	1,26	56,17	1,45	32,38
446	29.08.20 11:25:25	16,38	1,29	58,90	1,78	29,32
447	29.08.20 11:25:26	16,35	1,31	55,63	1,72	32,65
448	29.08.20 11:25:27	16,35	1,28	49,11	0,06	40,83
449	29.08.20 11:25:28	16,35	1,26	46,96	-0,51	42,53
450	29.08.20 11:25:29	16,32	1,26	49,16	1,37	39,47
451	29.08.20 11:25:30	16,26	1,21	33,87	5,08	51,05
452	29.08.20 11:25:31	16,26	1,16	17,25	9,42	63,33
453	29.08.20 11:25:32	16,20	1,20	37,93	6,22	45,86
454	29.08.20 11:25:33	16,17	1,22	40,75	6,12	43,13
455	29.08.20 11:25:34	16,14	1,22	42,20	6,36	41,44
456	29.08.20 11:25:35	16,14	1,19	34,43	8,04	47,52
457	29.08.20 11:25:36	16,14	1,17	28,36	10,99	50,65
458	29.08.20 11:25:37	16,14	1,19	26,50	13,27	50,23
459	29.08.20 11:25:38	16,11	1,17	33,42	12,00	44,58
460	29.08.20 11:25:39	16,11	1,17	37,69	9,48	42,83
461	29.08.20 11:25:40	16,11	1,19	35,85	11,33	42,82
462	29.08.20 11:25:41	16,11	1,17	36,03	8,94	45,03
463	29.08.20 11:25:42	16,08	1,14	35,88	6,21	47,91
464	29.08.20 11:25:43	16,08	1,14	38,79	4,70	46,50
465	29.08.20 11:25:44	16,05	1,14	41,85	4,62	43,52
466	29.08.20 11:25:45	16,05	1,16	34,21	-3,43	52,36
467	29.08.20 11:25:46	16,05	1,16	28,71	-4,87	56,42
468	29.08.20 11:25:47	16,05	1,14	26,84	-6,79	56,37
469	29.08.20 11:25:48	15,99	1,13	25,33	-7,40	57,27
470	29.08.20 11:25:49	15,96	1,13	22,58	-9,49	57,93
471	29.08.20 11:25:50	15,93	1,13	21,11	-12,20	56,69
472	29.08.20 11:25:51	15,89	1,15	21,43	-14,22	54,35
473	29.08.20 11:25:52	15,86	1,17	23,58	-13,12	53,30
474	29.08.20 11:25:53	15,86	1,17	21,79	-12,57	55,64
475	29.08.20 11:25:54	15,86	1,15	19,99	-13,54	56,47
476	29.08.20 11:25:55	15,83	1,17	18,74	-13,55	57,71
477	29.08.20 11:25:56	15,83	1,14	17,54	-13,64	58,82
478	29.08.20 11:25:57	15,80	1,14	19,02	-16,61	54,37
479	29.08.20 11:25:58	15,80	1,16	20,27	-17,86	51,86
480	29.08.20 11:25:59	15,80	1,14	21,03	-16,18	52,79
481	29.08.20 11:26:00	15,80	1,19	18,44	-15,61	55,95
482	29.08.20 11:26:01	15,77	1,18	18,59	-15,10	56,31
483	29.08.20 11:26:02	15,77	1,18	17,50	-13,54	58,97
484	29.08.20 11:26:03	15,77	1,18	16,84	-14,12	59,04
485	29.08.20 11:26:04	15,74	1,20	19,23	-16,44	54,33
486	29.08.20 11:26:05	15,74	1,20	20,63	-16,90	52,47
487	29.08.20 11:26:06	15,74	1,23	21,13	-15,47	53,40
488	29.08.20 11:26:07	15,74	1,25	19,60	-13,67	56,72
489	29.08.20 11:26:08	15,71	1,25	19,76	-12,32	57,92
490	29.08.20 11:26:09	15,68	1,24	19,28	-11,93	58,79
491	29.08.20 11:26:10	15,68	1,27	18,35	-12,68	58,97
492	29.08.20 11:26:11	15,65	1,29	20,67	-14,65	54,68
493	29.08.20 11:26:12	15,62	1,28	19,27	-13,81	56,92
494	29.08.20 11:26:13	15,62	1,31	19,72	-14,59	55,69
495	29.08.20 11:26:14	15,59	1,31	18,47	-16,14	55,39
496	29.08.20 11:26:15	15,56	1,33	21,04	-13,12	55,84
497	29.08.20 11:26:16	15,56	1,35	18,08	-15,99	55,93
498	29.08.20 11:26:17	15,53	1,37	17,90	-13,26	58,84
499	29.08.20 11:26:18	15,53	1,37	15,52	-12,78	61,70
500	29.08.20 11:26:19	15,50	1,39	17,06	-13,58	59,36
501	29.08.20 11:26:20	15,47	1,41	19,01	-13,47	57,51
502	29.08.20 11:26:21	15,44	1,43	18,65	-11,85	59,51
503	29.08.20 11:26:22	15,38	1,47	22,83	-8,97	58,20
504	29.08.20 11:26:23	15,26	1,48	25,34	-4,10	60,56
505	29.08.20 11:26:24	15,14	1,52	27,49	-2,81	59,69
506	29.08.20 11:26:25	15,01	1,53	22,50	-6,74	60,76
507	29.08.20 11:26:26	14,92	1,57	17,22	-10,22	62,56
508	29.08.20 11:26:27	14,77	1,60	18,00	-11,17	60,82
509	29.08.20 11:26:28	14,59	1,65	26,86	-7,02	56,12
510	29.08.20 11:26:29	14,49	1,69	40,51	3,20	46,29
511	29.08.20 11:26:30	14,43	1,70	41,41	6,44	42,15
512	29.08.20 11:26:31	14,43	1,70	34,28	3,44	52,28
513	29.08.20 11:26:32	14,40	1,75	25,52	-3,57	60,91
514	29.08.20 11:26:33	14,06	1,85	18,53	-7,65	63,82
515	29.08.20 11:26:34	13,63	1,81	18,91	-7,35	63,73
516	29.08.20 11:26:35	13,29	1,97	31,81	0,36	57,83
517	29.08.20 11:26:36	12,95	1,96	44,35	10,60	35,05
518	29.08.20 11:26:37	12,79	2,01	49,95	13,80	26,25
519	29.08.20 11:26:38	12,79	2,03	64,56	17,65	-7,79
520	29.08.20 11:26:39	12,76	2,03	49,45	22,77	17,78
521	29.08.20 11:26:40	12,60	1,99	14,68	-12,97	62,35
522	29.08.20 11:26:41	12,32	2,11	14,20	-11,74	64,06
523	29.08.20 11:26:42	11,72	2,26	19,86	-10,44	59,70
524	29.08.20 11:26:43	11,27	2,26	27,86	-6,72	55,42
525	29.08.20 11:26:44	11,05	2,31	32,85	-2,62	54,53
526	29.08.20 11:26:45	10,95	2,32	35,31	-1,19	53,49
527	29.08.20 11:26:46	10,89	2,31	32,95	-0,47	56,58
528	29.08.20 11:26:47	10,89	2,34	25,40	-2,32	62,28
529	29.08.20 11:26:48	10,86	2,36	23,66	-0,66	65,68
530	29.08.20 11:26:49	10,37	2,50	27,00	1,79	61,21
531	29.08.20 11:26:50	9,89	2,52	34,23	6,36	49,41
532	29.08.20 11:26:51	9,59	2,58	38,23	8,62	43,15
533	29.08.20 11:26:52	9,49	2,57	38,11	8,81	43,08
534	29.08.20 11:26:53	9,36	2,58	36,59	11,01	42,41
535	29.08.20 11:26:54	9,33	2,63	38,09	12,29	39,62
536	29.08.20 11:26:55	9,20	2,64	38,78	14,28	36,93
537	29.08.20 11:26:56	9,00	2,69	40,32	15,87	33,81
538	29.08.20 11:26:57	8,83	2,74	50,35	22,37	17,27
539	29.08.20 11:26:58	8,77	2,73	52,38	16,25	-21,37
540	29.08.20 11:26:59	8,70	2,73	38,26	14,97	36,78
541	29.08.20 11:27:00	8,70	2,70	34,17	4,18	51,65
542	29.08.20 11:27:01	8,63	2,74	43,45	11,56	34,99
543	29.08.20 11:27:02	8,57	2,76	44,94	15,85	29,20
544	29.08.20 11:27:03	8,47	2,80	60,37	24,14	5,50
545	29.08.20 11:27:04	8,40	2,79	51,95	19,29	-18,76
546	29.08.20 11:27:05	8,37	2,83	35,42	3,32	51,26
547	29.08.20 11:27:06	8,27	2,82	36,16	7,94	45,90
548	29.08.20 11:27:07	8,13	2,90	50,32	14,83	24,86
549	29.08.20 11:27:08	8,00	2,91	56,26	16,20	-17,55
550	29.08.20 11:27:09	7,96	2,91	45,64	24,42	19,94
551	29.08.20 11:27:10	7,90	2,88	32,01	3,80	54,19
552	29.08.20 11:27:11	7,86	2,92	35,43	9,01	45,56
553	29.08.20 11:27:12	7,73	2,98	41,17	13,63	35,19
554	29.08.20 11:27:13	7,69	3,00	48,11	17,41	24,47
555	29.08.20 11:27:14	7,73	3,00	58,07	21,10	-10,83
556	29.08.20 11:27:15	7,73	3,00	55,62	31,96	-2,42
557	29.08.20 11:27:16	7,73	3,05	33,55	6,04	50,41
558	29.08.20 11:27:17	7,66	3,04	41,44	14,27	34,29
559	29.08.20 11:27:18	7,59	3,06	46,17	18,85	24,98
560	29.08.20 11:27:19	7,49	3,09	55,20	21,50	13,29
561	29.08.20 11:27:20	7,49	3,12	46,59	16,09	-27,32
562	29.08.20 11:27:21	7,49	3,12	40,51	20,22	29,27
563	29.08.20 11:27:22	7,42	3,13	40,27	13,03	36,71
564	29.08.20 11:27:23	7,35	3,17	50,74	17,60	21,67
565	29.08.20 11:27:24	7,39	3,20	57,81	22,03	-10,17
566	29.08.20 11:27:25	7,42	3,20	54,93	32,98	-2,08
567	29.08.20 11:27:26	7,35	3,22	32,15	8,99	48,86
568	29.08.20 11:27:27	7,29	3,23	42,20	18,59	29,21
569	29.08.20 11:27:28	7,25	3,23	61,96	24,93	-3,11
570	29.08.20 11:27:29	7,25	3,28	56,38	30,11	-3,51
571	29.08.20 11:27:30	7,22	3,32	33,47	9,82	46,71
572	29.08.20 11:27:31	7,15	3,29	43,34	18,14	28,52
573	29.08.20 11:27:32	7,08	3,35	56,75	21,53	-11,72
574	29.08.20 11:27:33	7,01	3,37	53,87	32,16	3,97
575	29.08.20 11:27:34	6,94	3,36	32,22	9,10	48,68
576	29.08.20 11:27:35	6,84	3,44	42,85	17,16	29,99
577	29.08.20 11:27:36	6,77	3,44	48,99	22,63	18,38
578	29.08.20 11:27:37	6,77	3,46	50,27	20,61	-19,12
579	29.08.20 11:27:38	6,77	3,46	38,28	18,81	32,92
580	29.08.20 11:27:39	6,67	3,50	35,46	14,78	39,76
581	29.08.20 11:27:40	6,56	3,56	41,23	17,59	31,18
582	29.08.20 11:27:41	6,53	3,55	44,80	20,90	24,29
583	29.08.20 11:27:42	6,53	3,55	57,05	24,79	-8,16
584	29.08.20 11:27:43	6,46	3,57	50,89	28,12	10,99
585	29.08.20 11:27:44	6,39	3,61	33,37	10,12	46,52
586	29.08.20 11:27:45	6,32	3,65	37,63	15,15	37,22
587	29.08.20 11:27:46	6,22	3,66	31,12	8,33	50,55
588	29.08.20 11:27:47	6,11	3,67	23,86	0,98	65,16
589	29.08.20 11:27:48	6,01	3,71	14,35	-8,15	67,49
590	29.08.20 11:27:49	5,90	3,74	11,85	-14,83	63,32
591	29.08.20 11:27:50	5,80	3,78	13,13	-16,53	60,34
592	29.08.20 11:27:51	5,73	3,82	13,16	-19,17	57,67
593	29.08.20 11:27:52	5,69	3,82	16,86	-18,83	54,31
594	29.08.20 11:27:53	5,69	3,86	25,04	-15,53	49,43
595	29.08.20 11:27:54	5,69	3,86	29,56	-13,88	46,56
596	29.08.20 11:27:55	5,73	3,82	25,16	-2,47	62,37
597	29.08.20 11:27:56	5,76	3,82	26,95	-4,50	58,55
598	29.08.20 11:27:57	5,76	3,82	27,58	-3,26	59,16
599	29.08.20 11:27:58	5,80	3,83	27,20	-2,50	60,30
600	29.08.20 11:27:59	5,80	3,83	28,99	-2,07	58,94
601	29.08.20 11:28:00	5,80	3,80	23,65	-5,27	61,08
602	29.08.20 11:28:01	5,76	3,85	23,06	-3,72	63,21
603	29.08.20 11:28:02	5,62	3,88	23,92	-4,55	61,53
604	29.08.20 11:28:03	5,41	3,93	29,32	-5,62	55,06
605	29.08.20 11:28:04	5,34	3,94	29,66	-5,72	54,62
606	29.08.20 11:28:05	5,30	3,94	25,88	-5,64	58,49
607	29.08.20 11:28:06	5,23	3,95	26,06	-5,87	58,08
608	29.08.20 11:28:07	5,09	3,96	35,18	-6,58	48,24
609	29.08.20 11:28:08	5,05	3,98	37,09	-6,28	46,63
610	29.08.20 11:28:09	5,09	3,99	33,56	-5,21	51,24
611	29.08.20 11:28:10	5,09	3,99	32,16	-5,77	52,07
612	29.08.20 11:28:11	5,13	4,01	38,01	-5,59	46,39
613	29.08.20 11:28:12	5,16	3,99	41,36	-6,79	41,85
614	29.08.20 11:28:13	5,20	4,04	43,31	-6,73	39,96
615	29.08.20 11:28:14	5,20	4,04	44,45	-5,89	39,66
616	29.08.20 11:28:15	5,23	4,05	46,30	-6,95	36,75
617	29.08.20 11:28:16	5,23	4,07	49,50	-6,79	33,71
618	29.08.20 11:28:17	5,23	4,07	47,39	-6,13	36,47
619	29.08.20 11:28:18	5,23	4,09	47,37	-6,95	35,67
620	29.08.20 11:28:19	5,23	4,12	49,17	-7,57	33,26
621	29.08.20 11:28:20	5,23	4,14	49,85	-7,98	32,17
622	29.08.20 11:28:21	5,27	4,17	50,31	-8,44	31,24
623	29.08.20 11:28:22	5,27	4,17	50,15	-8,27	31,58
624	29.08.20 11:28:23	5,27	4,19	48,36	-7,64	34,00
625	29.08.20 11:28:24	5,27	4,21	46,58	-5,98	37,44
626	29.08.20 11:28:25	5,30	4,22	45,32	-5,36	39,31
627	29.08.20 11:28:26	5,30	4,26	45,71	-6,54	37,75
628	29.08.20 11:28:27	5,30	4,31	44,95	-5,99	39,07
629	29.08.20 11:28:28	5,34	4,33	42,74	-6,28	40,98
630	29.08.20 11:28:29	5,34	4,33	44,38	-6,62	39,00
631	29.08.20 11:28:30	5,37	4,38	46,74	-7,25	36,01
632	29.08.20 11:28:31	5,37	4,38	43,93	-4,82	41,25
633	29.08.20 11:28:32	5,41	4,41	40,34	-5,25	44,41
634	29.08.20 11:28:33	5,45	4,44	44,33	-6,69	38,98
635	29.08.20 11:28:34	5,45	4,46	48,17	-7,11	34,73
636	29.08.20 11:28:35	5,41	4,55	43,74	-4,41	41,86
637	29.08.20 11:28:36	5,20	4,57	43,41	-6,51	40,08
638	29.08.20 11:28:37	5,13	4,59	48,96	-8,58	32,46
639	29.08.20 11:28:38	5,09	4,63	48,04	-7,44	34,52
640	29.08.20 11:28:39	5,09	4,66	45,59	-7,17	37,24
641	29.08.20 11:28:40	5,09	4,70	48,90	-9,08	32,03
642	29.08.20 11:28:41	5,05	4,72	47,94	-6,44	35,62
643	29.08.20 11:28:42	5,02	4,76	40,80	-7,26	41,93
644	29.08.20 11:28:43	5,02	4,76	46,89	-8,30	34,81
645	29.08.20 11:28:44	5,02	4,83	49,43	-9,07	31,49
646	29.08.20 11:28:45	5,02	4,86	48,07	-9,13	32,80
647	29.08.20 11:28:46	5,02	4,88	45,78	-7,83	36,38
648	29.08.20 11:28:47	5,02	4,90	45,29	-7,71	37,00
649	29.08.20 11:28:48	5,02	4,93	44,45	-7,19	38,36
650	29.08.20 11:28:49	5,02	4,97	45,55	-8,90	35,54
651	29.08.20 11:28:50	5,02	5,02	49,01	-8,45	32,53
652	29.08.20 11:28:51	5,02	5,02	46,49	-7,44	36,07
653	29.08.20 11:28:52	5,02	5,04	47,75	-8,03	34,23
654	29.08.20 11:28:53	5,02	5,11	55,25	-8,28	26,47
655	29.08.20 11:28:54	5,05	5,12	52,59	-6,71	30,69
656	29.08.20 11:28:55	5,05	5,14	48,63	-8,97	32,40
657	29.08.20 11:28:56	5,02	5,18	50,20	-9,25	30,55
658	29.08.20 11:28:57	5,02	5,20	54,61	-8,33	27,06
659	29.08.20 11:28:58	5,02	5,25	51,64	-7,93	30,43
660	29.08.20 11:28:59	4,98	5,22	25,68	-8,72	55,60
661	29.08.20 11:29:00	4,95	5,29	15,17	-27,33	47,49
662	29.08.20 11:29:01	4,91	5,29	-2,17	-15,75	72,09
663	29.08.20 11:29:02	4,80	5,32	-4,39	-6,40	79,21
664	29.08.20 11:29:03	4,66	5,31	-16,71	-4,33	68,96
665	29.08.20 11:29:04	4,59	5,30	15,64	-18,93	55,43
666	29.08.20 11:29:05	4,52	5,31	4,17	-20,14	65,70
667	29.08.20 11:29:06	4,44	5,33	-7,09	-8,95	73,96
668	29.08.20 11:29:07	4,37	5,32	-8,96	-5,82	75,22
669	29.08.20 11:29:08	4,30	5,32	3,82	-10,23	75,96
670	29.08.20 11:29:09	4,26	5,31	-11,32	-10,03	68,65
671	29.08.20 11:29:10	4,23	5,33	-2,64	-2,80	84,56
672	29.08.20 11:29:11	4,23	5,31	-7,60	-11,84	70,56
673	29.08.20 11:29:12	4,23	5,31	-5,09	-7,83	77,09
674	29.08.20 11:29:13	4,19	5,30	-2,03	-6,60	81,36
675	29.08.20 11:29:14	4,19	5,30	-4,20	-4,90	80,90
676	29.08.20 11:29:15	4,19	5,30	-7,53	-3,52	78,96
677	29.08.20 11:29:16	4,19	5,30	-5,85	-8,73	75,42
678	29.08.20 11:29:17	4,19	5,30	-7,45	-5,53	77,01
679	29.08.20 11:29:18	4,19	5,30	-2,22	-4,29	83,50
680	29.08.20 11:29:19	4,19	5,30	-2,33	-8,78	78,89
681	29.08.20 11:29:20	4,19	5,26	-10,44	-12,14	67,42
682	29.08.20 11:29:21	4,12	5,30	-15,83	-23,56	50,62
683	29.08.20 11:29:22	4,05	5,29	-6,87	-4,02	79,11
684	29.08.20 11:29:23	3,97	5,26	3,43	-8,16	78,41
685	29.08.20 11:29:24	3,97	5,28	9,16	-8,02	72,82
686	29.08.20 11:29:25	3,90	5,32	0,09	-0,52	89,39
687	29.08.20 11:29:26	3,75	5,33	-8,84	-10,49	70,68
688	29.08.20 11:29:27	3,68	5,32	-0,39	-3,59	86,01
689	29.08.20 11:29:28	3,64	5,30	0,53	-3,21	86,26
690	29.08.20 11:29:29	3,64	5,30	0,76	-25,11	64,13
691	29.08.20 11:29:30	3,57	5,29	7,97	-2,35	79,68
692	29.08.20 11:29:31	3,50	5,26	13,67	-11,53	64,80
693	29.08.20 11:29:32	3,50	5,28	2,90	-13,50	73,60
694	29.08.20 11:29:33	3,46	5,28	-0,72	-6,02	83,25
695	29.08.20 11:29:34	3,42	5,32	-4,06	-4,64	81,30
696	29.08.20 11:29:35	3,39	5,29	12,49	2,63	74,88
697	29.08.20 11:29:36	3,39	5,29	14,22	12,35	63,43
698	29.08.20 11:29:37	3,35	5,26	-4,75	6,76	78,49
699	29.08.20 11:29:38	3,31	5,28	10,82	-0,65	78,53
700	29.08.20 11:29:39	3,27	5,28	3,27	2,83	83,90
701	29.08.20 11:29:40	3,24	5,25	-19,56	-8,48	61,96
702	29.08.20 11:29:41	3,20	5,30	-0,22	0,59	89,19
703	29.08.20 11:29:42	3,20	5,27	16,97	-6,30	66,72
704	29.08.20 11:29:43	3,20	5,27	-9,69	-7,07	73,24
705	29.08.20 11:29:44	3,20	5,25	-7,00	-8,16	74,84
706	29.08.20 11:29:45	3,16	5,29	-6,55	-8,07	75,38
707	29.08.20 11:29:46	3,13	5,29	-6,63	-4,99	78,38
708	29.08.20 11:29:47	3,09	5,31	1,98	-6,43	81,59
709	29.08.20 11:29:48	3,09	5,28	-2,90	-12,18	74,92
710	29.08.20 11:29:49	3,09	5,26	-16,51	-8,63	64,87
711	29.08.20 11:29:50	3,01	5,28	4,40	-5,98	79,62
712	29.08.20 11:29:51	2,98	5,27	-8,48	-8,36	73,16
713	29.08.20 11:29:52	2,98	5,30	-5,13	-7,08	77,79
714	29.08.20 11:29:53	2,94	5,25	-6,04	-6,97	76,99
715	29.08.20 11:29:54	2,94	5,25	-3,84	-6,34	79,82
716	29.08.20 11:29:55	2,98	5,25	-9,84	-10,57	69,60
717	29.08.20 11:29:56	2,98	5,23	-9,24	-9,47	71,29
718	29.08.20 11:29:57	2,98	5,23	25,46	-0,41	64,13
719	29.08.20 11:29:58	2,98	5,23	3,02	-15,84	71,14
720	29.08.20 11:29:59	2,94	5,25	-10,69	-6,25	73,05
721	29.08.20 11:30:00	2,90	5,24	-5,01	-12,98	72,01
722	29.08.20 11:30:01	2,90	5,26	-5,11	-10,37	74,52
723	29.08.20 11:30:02	2,90	5,26	-4,10	-16,58	69,33
724	29.08.20 11:30:03	2,90	5,22	3,16	-12,88	73,96
725	29.08.20 11:30:04	2,87	5,21	-4,25	-12,28	73,47
726	29.08.20 11:30:05	2,87	5,24	-8,09	-6,81	75,09
727	29.08.20 11:30:06	2,87	5,21	-6,73	-9,57	73,71
728	29.08.20 11:30:07	2,90	5,22	-9,16	-7,70	73,14
729	29.08.20 11:30:08	2,90	5,22	-4,32	-10,65	75,03
730	29.08.20 11:30:09	2,90	5,20	-5,78	-16,40	67,82
731	29.08.20 11:30:10	2,87	5,21	2,70	-10,22	77,08
732	29.08.20 11:30:11	2,79	5,21	-8,50	-8,76	72,74
733	29.08.20 11:30:12	2,75	5,20	-2,48	-9,93	77,59
734	29.08.20 11:30:13	2,75	5,20	-5,19	-11,57	73,23
735	29.08.20 11:30:14	2,75	5,18	-2,60	-18,63	68,77
736	29.08.20 11:30:15	2,75	5,18	1,82	-20,17	68,02
737	29.08.20 11:30:16	2,75	5,18	5,72	-5,71	78,57
738	29.08.20 11:30:17	2,72	5,15	-0,60	-3,18	86,22
739	29.08.20 11:30:18	2,72	5,18	-9,57	-7,59	72,84
740	29.08.20 11:30:19	2,72	5,20	-0,16	-12,78	77,06
741	29.08.20 11:30:20	2,68	5,17	-4,75	1,04	84,21
742	29.08.20 11:30:21	2,68	5,17	-7,15	-14,59	68,25
743	29.08.20 11:30:22	2,64	5,19	-9,48	-12,67	67,84
744	29.08.20 11:30:23	2,64	5,17	4,99	3,55	81,46
745	29.08.20 11:30:24	2,60	5,19	1,99	-11,42	76,59
746	29.08.20 11:30:25	2,56	5,21	-6,01	-6,24	77,75
747	29.08.20 11:30:26	2,53	5,20	-6,24	-12,08	71,68
748	29.08.20 11:30:27	2,53	5,18	-6,72	-7,96	75,32
749	29.08.20 11:30:28	2,53	5,18	-1,29	-5,66	83,04
750	29.08.20 11:30:29	2,53	5,18	-23,84	2,30	63,85
751	29.08.20 11:30:30	2,49	5,18	-18,04	-8,71	63,25
752	29.08.20 11:30:31	2,45	5,19	-6,61	-8,74	74,64
753	29.08.20 11:30:32	2,41	5,19	-13,01	-5,26	71,73
754	29.08.20 11:30:33	2,38	5,16	13,65	-5,47	70,87
755	29.08.20 11:30:34	2,38	5,16	10,99	-3,88	75,14
756	29.08.20 11:30:35	2,38	5,16	18,67	-13,93	57,40
757	29.08.20 11:30:36	2,38	5,16	-0,75	-2,96	86,29
758	29.08.20 11:30:37	2,34	5,16	1,57	-11,34	77,08
759	29.08.20 11:30:38	2,34	5,18	-10,36	-12,99	66,65
760	29.08.20 11:30:39	2,34	5,04	6,85	-15,79	67,36
761	29.08.20 11:30:40	2,22	5,06	-26,17	-4,72	59,11
762	29.08.20 11:30:41	2,19	5,17	6,86	5,20	77,94
763	29.08.20 11:30:42	2,15	5,16	-14,85	-8,17	66,99
764	29.08.20 11:30:43	2,11	5,16	-0,57	8,11	81,31
765	29.08.20 11:30:44	2,11	5,16	-9,87	-22,40	57,73
766	29.08.20 11:30:45	2,07	5,13	0,29	-9,45	80,26
767	29.08.20 11:30:46	2,03	5,15	-10,72	-9,71	69,57
768	29.08.20 11:30:47	2,03	5,15	4,97	-31,96	53,08
769	29.08.20 11:30:48	2,03	5,13	28,26	-48,05	13,69
770	29.08.20 11:30:49	2,03	4,97	30,35	12,45	47,20
771	29.08.20 11:30:50	2,00	5,12	-2,52	4,63	82,85
772	29.08.20 11:30:51	2,00	5,15	8,35	-34,44	47,20
773	29.08.20 11:30:52	2,00	5,15	-9,53	-20,36	60,12
774	29.08.20 11:30:53	2,00	5,12	21,50	1,64	66,86
775	29.08.20 11:30:54	2,00	5,10	21,25	-3,84	64,91
776	29.08.20 11:30:55	1,96	5,07	-10,62	9,50	69,88
777	29.08.20 11:30:56	1,96	5,07	8,37	-1,14	80,50
778	29.08.20 11:30:57	1,96	5,07	-1,32	-7,92	80,76
779	29.08.20 11:30:58	1,92	5,09	-7,37	-2,08	80,55
780	29.08.20 11:30:59	1,92	5,09	-3,16	-7,64	79,20
781	29.08.20 11:31:00	1,92	5,09	-5,29	6,78	77,93
782	29.08.20 11:31:01	1,92	5,09	15,94	-6,20	67,87
783	29.08.20 11:31:02	1,92	5,05	-11,20	-9,27	69,53
784	29.08.20 11:31:03	1,92	5,07	-2,18	-6,90	80,92
785	29.08.20 11:31:04	1,88	5,04	8,84	-24,23	56,93
786	29.08.20 11:31:05	1,88	5,07	-2,82	-14,21	72,96
787	29.08.20 11:31:06	1,88	5,07	15,93	-5,68	68,39
788	29.08.20 11:31:07	1,84	5,06	13,46	-1,17	75,37
789	29.08.20 11:31:08	1,84	5,04	14,53	2,86	72,61
790	29.08.20 11:31:09	1,84	5,04	3,86	-29,15	56,99
791	29.08.20 11:31:10	1,81	5,03	8,32	-19,89	61,78
792	29.08.20 11:31:11	1,77	5,01	3,15	-1,51	85,34
793	29.08.20 11:31:12	1,77	5,03	10,28	-18,61	61,12
794	29.08.20 11:31:13	1,77	5,03	16,66	-13,73	59,61
795	29.08.20 11:31:14	1,77	5,03	15,48	-21,95	52,57
796	29.08.20 11:31:15	1,73	5,00	2,62	-10,46	76,92
797	29.08.20 11:31:16	1,73	5,03	1,86	-8,58	79,55
798	29.08.20 11:31:17	1,73	5,00	1,96	-8,75	79,29
799	29.08.20 11:31:18	1,73	5,05	8,13	-7,10	74,77
800	29.08.20 11:31:19	1,73	5,03	2,46	-7,88	79,66
801	29.08.20 11:31:20	1,73	5,05	5,40	-4,14	80,46
802	29.08.20 11:31:21	1,69	5,05	-9,66	-5,04	75,30
803	29.08.20 11:31:22	1,65	5,04	-0,45	-3,56	85,99
804	29.08.20 11:31:23	1,65	5,04	-6,14	-19,64	64,22
805	29.08.20 11:31:24	1,65	5,02	-10,78	-14,51	64,71
806	29.08.20 11:31:25	1,65	5,02	8,66	-2,08	79,26
807	29.08.20 11:31:26	1,65	5,02	10,82	-7,01	72,17
808	29.08.20 11:31:27	1,65	5,04	-5,64	-2,22	82,14
809	29.08.20 11:31:28	1,65	5,02	-0,54	-11,59	77,87
810	29.08.20 11:31:29	1,61	5,04	-13,55	-1,48	74,97
811	29.08.20 11:31:30	1,61	5,04	3,69	-17,12	69,19
812	29.08.20 11:31:31	1,61	5,01	10,51	-4,85	74,63
813	29.08.20 11:31:32	1,61	5,01	-1,31	-18,39	70,29
814	29.08.20 11:31:33	1,61	5,01	-4,57	-0,88	84,55
815	29.08.20 11:31:34	1,61	5,01	7,76	-4,59	77,65
816	29.08.20 11:31:35	1,61	5,01	1,82	-1,19	87,00
817	29.08.20 11:31:36	1,61	5,01	-5,39	-27,71	56,91
818	29.08.20 11:31:37	1,57	5,03	0,25	-23,17	66,58
819	29.08.20 11:31:38	1,57	5,03	-2,52	0,75	86,73
820	29.08.20 11:31:39	1,57	5,01	-4,71	-1,73	83,56
821	29.08.20 11:31:40	1,54	5,01	2,77	-1,39	85,84
822	29.08.20 11:31:41	1,54	5,03	3,58	-8,59	77,84
823	29.08.20 11:31:42	1,54	4,96	-8,63	-10,25	71,11
824	29.08.20 11:31:43	1,54	5,01	-3,14	-10,23	76,63
825	29.08.20 11:31:44	1,54	5,03	6,02	-6,89	77,09
826	29.08.20 11:31:45	1,54	5,01	-2,12	-10,18	77,70
827	29.08.20 11:31:46	1,50	5,00	12,73	-19,23	58,04
828	29.08.20 11:31:47	1,50	5,00	13,05	-29,52	47,43
829	29.08.20 11:31:48	1,50	5,00	5,93	-33,98	50,09
830	29.08.20 11:31:49	1,50	5,03	22,01	-36,52	31,48
831	29.08.20 11:31:50	1,50	5,00	14,69	-27,55	47,76
832	29.08.20 11:31:51	1,50	5,03	34,24	-17,17	38,59
833	29.08.20 11:31:52	1,46	5,00	-0,61	-1,35	88,04
834	29.08.20 11:31:53	1,46	5,00	21,84	-14,21	53,95
835	29.08.20 11:31:54	1,42	5,02	16,69	-1,81	71,50
836	29.08.20 11:31:55	1,42	5,02	5,04	-3,84	81,12
837	29.08.20 11:31:56	1,42	4,97	85,78	-3,94	0,28
838	29.08.20 11:31:57	1,42	5,02	17,75	2,55	69,70
839	29.08.20 11:31:58	1,38	5,08	-0,56	-11,68	77,77
840	29.08.20 11:31:59	1,38	5,01	13,21	-10,75	66,04
841	29.08.20 11:32:00	1,38	5,01	16,31	-19,11	54,59
842	29.08.20 11:32:01	1,38	4,94	-6,26	-14,62	69,13
843	29.08.20 11:32:02	1,38	4,94	11,93	-1,48	76,59
844	29.08.20 11:32:03	1,34	4,99	-0,12	-15,67	74,21
845	29.08.20 11:32:04	1,34	4,99	3,47	-16,22	70,31
846	29.08.20 11:32:05	1,34	4,96	-2,33	-14,75	72,92
847	29.08.20 11:32:06	1,34	4,99	8,32	4,42	77,27
848	29.08.20 11:32:07	1,34	4,99	10,78	1,34	77,88
849	29.08.20 11:32:08	1,34	4,99	12,08	1,35	76,57
850	29.08.20 11:32:09	1,34	5,01	3,74	-9,59	76,67
851	29.08.20 11:32:10	1,34	4,99	14,32	-6,39	69,29
852	29.08.20 11:32:11	1,30	4,98	3,56	-6,20	80,25
853	29.08.20 11:32:12	1,30	5,03	6,63	-12,44	70,93
854	29.08.20 11:32:13	1,30	4,98	4,38	-15,64	69,98
855	29.08.20 11:32:14	1,30	4,98	-0,44	3,01	86,55
856	29.08.20 11:32:15	1,30	4,98	4,42	16,13	69,45
857	29.08.20 11:32:16	1,27	4,95	20,08	-11,29	58,63
858	29.08.20 11:32:17	1,27	5,05	15,49	-13,26	61,26
859	29.08.20 11:32:18	1,27	4,98	-0,29	-2,86	86,84
860	29.08.20 11:32:19	1,27	4,98	-0,28	-6,19	83,53
861	29.08.20 11:32:20	1,27	4,98	17,31	-5,41	67,28
862	29.08.20 11:32:21	1,27	4,98	-2,15	-0,33	87,52
863	29.08.20 11:32:22	1,27	4,95	3,07	-16,86	70,07
864	29.08.20 11:32:23	1,23	5,00	3,33	-13,65	73,03
865	29.08.20 11:32:24	1,23	5,00	-12,34	-21,23	56,43
866	29.08.20 11:32:25	1,23	5,02	8,85	1,60	79,56
867	29.08.20 11:32:26	1,23	5,02	-6,82	-3,86	79,32
868	29.08.20 11:32:27	1,23	5,02	-5,80	-1,33	82,87
869	29.08.20 11:32:28	1,23	5,02	-1,16	-3,80	85,04
870	29.08.20 11:32:29	1,23	5,04	1,43	-9,89	78,68
871	29.08.20 11:32:30	1,23	5,02	9,89	-2,07	78,04
872	29.08.20 11:32:31	1,23	5,04	20,86	-7,37	61,77
873	29.08.20 11:32:32	1,23	5,04	-5,37	-8,53	76,10
874	29.08.20 11:32:33	1,23	5,04	0,27	-19,04	70,69
875	29.08.20 11:32:34	1,19	5,02	6,47	-15,63	67,90
876	29.08.20 11:32:35	1,19	4,97	-6,89	-6,18	76,93
877	29.08.20 11:32:36	1,19	5,06	-1,35	5,32	83,33
878	29.08.20 11:32:37	1,19	5,04	11,28	-4,78	73,94
879	29.08.20 11:32:38	1,15	5,06	0,14	-1,64	88,22
880	29.08.20 11:32:39	1,15	5,03	2,68	1,68	85,64
881	29.08.20 11:32:40	1,15	5,03	7,10	-8,56	74,35
882	29.08.20 11:32:41	1,15	5,03	3,50	-4,78	81,72
883	29.08.20 11:32:42	1,15	5,03	7,76	0,86	81,38
884	29.08.20 11:32:43	1,15	5,01	9,40	16,09	64,51
885	29.08.20 11:32:44	1,15	5,01	11,10	13,00	65,91
886	29.08.20 11:32:45	1,15	5,01	14,46	16,33	59,21
887	29.08.20 11:32:46	1,15	4,97	33,69	29,20	27,11
888	29.08.20 11:32:47	1,11	4,96	21,43	15,89	52,69
889	29.08.20 11:32:48	1,11	4,98	42,15	18,86	28,99
890	29.08.20 11:32:49	1,11	4,92	-5,88	-22,60	61,53
891	29.08.20 11:32:50	1,07	4,98	8,54	-8,55	72,91
892	29.08.20 11:32:51	1,07	5,00	18,00	-7,04	64,96
893	29.08.20 11:32:52	1,07	4,98	-2,53	-3,54	83,93
894	29.08.20 11:32:53	1,07	4,98	12,10	-2,40	75,50
895	29.08.20 11:32:54	1,07	5,00	-19,50	-0,64	69,86
896	29.08.20 11:32:55	1,07	5,00	-9,27	-9,87	70,86
897	29.08.20 11:32:56	1,07	5,00	-7,69	-3,82	78,49
898	29.08.20 11:32:57	1,03	5,00	-3,69	-5,31	81,00
899	29.08.20 11:32:58	1,07	5,00	0,81	-4,76	84,44
900	29.08.20 11:32:59	1,03	5,00	-9,50	-9,83	70,67
901	29.08.20 11:33:00	1,07	5,03	-18,46	-7,33	64,20
902	29.08.20 11:33:01	1,07	5,03	19,34	-8,64	62,02
903	29.08.20 11:33:02	1,03	5,02	-22,07	-3,02	64,91
904	29.08.20 11:33:03	1,03	5,02	-16,80	-6,91	66,29
905	29.08.20 11:33:04	1,03	5,00	-14,10	-7,39	68,52
906	29.08.20 11:33:05	1,03	5,02	23,22	11,94	54,84
907	29.08.20 11:33:06	1,03	5,00	22,41	3,97	63,62
908	29.08.20 11:33:07	1,03	5,05	14,86	4,56	70,58
909	29.08.20 11:33:08	1,03	5,05	-6,83	14,62	68,54
910	29.08.20 11:33:09	1,03	5,05	-0,85	-2,06	87,09
911	29.08.20 11:33:10	1,03	5,02	-2,38	0,97	86,66
912	29.08.20 11:33:11	1,03	5,05	14,28	-2,63	73,09
913	29.08.20 11:33:12	1,03	5,05	21,74	-10,48	57,79
914	29.08.20 11:33:13	1,03	5,07	18,59	-3,12	68,29
915	29.08.20 11:33:14	1,03	5,07	3,41	11,84	74,75
916	29.08.20 11:33:15	0,99	5,09	21,88	-6,14	61,98
917	29.08.20 11:33:16	0,99	5,06	24,63	-7,16	58,22
918	29.08.20 11:33:17	0,99	5,09	15,79	2,59	71,62
919	29.08.20 11:33:18	0,99	5,09	4,49	20,98	64,53
920	29.08.20 11:33:19	0,99	5,11	29,95	-4,37	55,68
921	29.08.20 11:33:20	0,99	5,09	28,22	-1,70	60,08
922	29.08.20 11:33:21	0,99	5,11	30,70	-2,14	57,16
923	29.08.20 11:33:22	0,99	5,11	35,09	-1,80	53,11
924	29.08.20 11:33:23	0,99	5,11	34,45	-1,06	54,49
925	29.08.20 11:33:24	0,99	5,11	31,41	2,78	55,81
926	29.08.20 11:33:25	0,99	5,11	34,05	1,09	54,86
927	29.08.20 11:33:26	0,99	5,11	34,80	1,80	53,40
928	29.08.20 11:33:27	0,99	5,11	33,67	2,93	53,40
929	29.08.20 11:33:28	0,99	5,13	36,85	1,01	52,14
930	29.08.20 11:33:29	0,99	5,16	39,92	1,46	48,63
931	29.08.20 11:33:30	0,99	5,11	29,50	8,11	52,39
932	29.08.20 11:33:31	0,99	5,09	29,42	5,60	54,98
933	29.08.20 11:33:32	0,99	5,11	35,59	3,81	50,61
934	29.08.20 11:33:33	0,99	5,11	34,48	5,25	50,28
935	29.08.20 11:33:34	0,99	5,11	33,13	5,89	50,98
936	29.08.20 11:33:35	0,99	5,11	35,63	5,47	48,90
937	29.08.20 11:33:36	0,99	5,11	31,17	9,41	49,42
938	29.08.20 11:33:37	0,99	5,09	28,83	10,07	51,11
939	29.08.20 11:33:38	0,99	5,06	32,72	6,71	50,57
940	29.08.20 11:33:39	0,99	5,06	33,47	7,46	49,07
941	29.08.20 11:33:40	0,99	5,06	32,90	8,50	48,60
942	29.08.20 11:33:41	0,99	5,04	31,99	9,44	48,57
943	29.08.20 11:33:42	0,99	5,04	32,55	10,28	47,17
944	29.08.20 11:33:43	0,99	5,02	25,62	9,35	55,04
945	29.08.20 11:33:44	0,99	5,02	25,37	14,59	50,04
946	29.08.20 11:33:45	0,99	5,02	34,76	8,70	46,54
947	29.08.20 11:33:46	0,99	5,00	33,97	10,58	45,46
948	29.08.20 11:33:47	0,99	5,00	33,03	11,11	45,87
949	29.08.20 11:33:48	0,99	4,97	30,34	13,74	45,92
950	29.08.20 11:33:49	0,99	4,95	30,63	12,55	46,82
951	29.08.20 11:33:50	0,99	4,93	30,58	13,63	45,79
952	29.08.20 11:33:51	0,99	4,90	32,74	11,53	45,73
953	29.08.20 11:33:52	0,99	4,90	33,88	11,71	44,41
954	29.08.20 11:33:53	0,99	4,88	33,59	12,09	44,31
955	29.08.20 11:33:54	0,99	4,86	28,00	18,16	43,84
956	29.08.20 11:33:55	0,99	4,83	29,09	14,51	46,40
957	29.08.20 11:33:56	0,99	4,81	31,55	12,72	45,73
958	29.08.20 11:33:57	0,99	4,79	32,96	12,16	44,88
959	29.08.20 11:33:58	0,99	4,76	31,63	12,35	46,02
960	29.08.20 11:33:59	0,99	4,72	32,70	11,56	45,74
961	29.08.20 11:34:00	0,99	4,72	35,21	10,55	44,24
962	29.08.20 11:34:01	0,99	4,67	33,49	11,09	45,43
963	29.08.20 11:34:02	0,99	4,63	28,52	13,44	48,04
964	29.08.20 11:34:03	0,99	4,60	37,04	8,44	44,51
965	29.08.20 11:34:04	0,99	4,60	33,14	12,06	44,80
966	29.08.20 11:34:05	0,95	4,55	28,48	15,02	46,50
967	29.08.20 11:34:06	0,95	4,51	28,38	14,17	47,44
968	29.08.20 11:34:07	0,95	4,46	32,78	10,31	46,91
969	29.08.20 11:34:08	0,95	4,46	32,87	11,10	46,03
970	29.08.20 11:34:09	0,91	4,43	39,67	6,54	43,79
971	29.08.20 11:34:10	0,91	4,39	39,17	6,23	44,60
972	29.08.20 11:34:11	0,91	4,34	36,57	6,98	46,46
973	29.08.20 11:34:12	0,91	4,27	38,65	5,21	46,15
974	29.08.20 11:34:13	0,91	4,27	41,36	4,63	44,01
975	29.08.20 11:34:14	0,91	4,25	37,06	8,31	44,62
976	29.08.20 11:34:15	0,91	4,20	41,54	5,57	42,90
977	29.08.20 11:34:16	0,91	4,18	42,44	6,01	41,55
978	29.08.20 11:34:17	0,91	4,13	33,51	10,68	45,82
979	29.08.20 11:34:18	0,91	4,04	25,28	13,02	51,70
980	29.08.20 11:34:19	0,91	4,02	39,56	5,22	45,22
981	29.08.20 11:34:20	0,91	4,02	34,49	9,98	45,53
982	29.08.20 11:34:21	0,91	3,99	30,92	13,73	45,35
983	29.08.20 11:34:22	0,91	3,90	25,10	12,73	52,16
984	29.08.20 11:34:23	0,91	3,88	37,13	5,32	47,55
985	29.08.20 11:34:24	0,91	3,83	38,09	6,97	44,94
986	29.08.20 11:34:25	0,91	3,79	36,02	6,96	47,02
987	29.08.20 11:34:26	0,91	3,76	36,84	5,92	47,24
988	29.08.20 11:34:27	0,91	3,69	33,07	5,99	50,95
989	29.08.20 11:34:28	0,91	3,65	27,67	9,67	52,65
990	29.08.20 11:34:29	0,91	3,58	26,82	9,89	53,29
991	29.08.20 11:34:30	0,91	3,55	39,11	-2,40	48,49
992	29.08.20 11:34:31	0,95	3,60	33,87	6,82	49,31
993	29.08.20 11:34:32	0,99	3,63	36,73	8,66	44,61
994	29.08.20 11:34:33	1,03	3,66	37,23	13,65	39,11
995	29.08.20 11:34:34	1,03	3,64	40,18	16,96	32,86
996	29.08.20 11:34:35	1,03	3,66	36,37	26,17	27,46
997	29.08.20 11:34:36	1,03	3,68	44,73	23,26	22,01
998	29.08.20 11:34:37	1,07	3,64	41,45	26,82	21,73
999	29.08.20 11:34:38	1,07	3,66	39,82	26,14	24,04
1000	29.08.20 11:34:39	1,07	3,66	45,42	25,35	19,23
1001	29.08.20 11:34:40	1,07	3,69	50,79	22,13	17,08
1002	29.08.20 11:34:41	1,07	3,66	49,25	20,52	20,23
1003	29.08.20 11:34:42	1,07	3,62	47,77	20,57	21,66
1004	29.08.20 11:34:43	1,07	3,59	50,69	19,97	19,34
1005	29.08.20 11:34:44	1,07	3,59	52,52	17,63	19,84
1006	29.08.20 11:34:45	1,07	3,57	52,44	15,29	22,27
1007	29.08.20 11:34:46	1,07	3,57	53,35	15,51	21,15
1008	29.08.20 11:34:47	1,07	3,57	56,46	13,98	19,57
1009	29.08.20 11:34:48	1,07	3,57	56,50	10,70	22,80
1010	29.08.20 11:34:49	1,07	3,52	51,00	9,32	29,69
1011	29.08.20 11:34:50	1,07	3,48	49,62	9,55	30,83
1012	29.08.20 11:34:51	1,07	3,43	46,87	8,98	34,15
1013	29.08.20 11:34:52	1,07	3,39	41,49	8,07	40,44
1014	29.08.20 11:34:53	1,11	3,30	37,66	7,60	44,74
1015	29.08.20 11:34:54	1,15	3,21	36,78	8,18	45,04
1016	29.08.20 11:34:55	1,23	3,08	33,69	8,25	48,06
1017	29.08.20 11:34:56	1,27	3,01	34,80	8,24	46,96
1018	29.08.20 11:34:57	1,34	2,93	31,92	10,18	47,90
1019	29.08.20 11:34:58	1,38	2,84	31,90	11,15	46,95
1020	29.08.20 11:34:59	1,42	2,78	30,34	11,40	48,27
1021	29.08.20 11:35:00	1,46	2,69	32,07	11,74	46,19
1022	29.08.20 11:35:01	1,54	2,63	33,85	9,60	46,55
1023	29.08.20 11:35:02	1,57	2,54	33,08	9,03	47,88
1024	29.08.20 11:35:03	1,61	2,45	34,67	7,71	47,62
1025	29.08.20 11:35:04	1,61	2,40	41,78	0,34	47,88
1026	29.08.20 11:35:05	1,65	2,36	35,22	7,76	47,03
1027	29.08.20 11:35:06	1,65	2,27	33,96	6,27	49,77
1028	29.08.20 11:35:07	1,65	2,20	35,36	3,95	50,69
1029	29.08.20 11:35:08	1,65	2,15	30,35	0,57	59,08
1030	29.08.20 11:35:09	1,65	2,13	28,12	5,52	56,36
1031	29.08.20 11:35:10	1,69	2,07	28,08	6,67	55,25
1032	29.08.20 11:35:11	1,73	2,02	30,32	5,24	54,43
1033	29.08.20 11:35:12	1,77	1,96	28,87	6,77	54,36
1034	29.08.20 11:35:13	1,81	1,89	29,26	5,04	55,70
1035	29.08.20 11:35:14	1,84	1,83	31,17	3,89	54,93
1036	29.08.20 11:35:15	1,88	1,76	27,30	1,96	60,74
1037	29.08.20 11:35:16	1,92	1,70	27,24	3,82	58,94
1038	29.08.20 11:35:17	2,00	1,64	26,29	3,59	60,13
1039	29.08.20 11:35:18	2,03	1,57	24,81	5,76	59,43
1040	29.08.20 11:35:19	2,15	1,49	36,43	0,03	53,55
1041	29.08.20 11:35:20	2,22	1,45	27,96	6,62	55,41
1042	29.08.20 11:35:21	2,30	1,39	34,10	4,40	51,50
1043	29.08.20 11:35:22	2,41	1,31	32,68	3,46	53,85
1044	29.08.20 11:35:23	2,53	1,23	37,04	2,48	50,48
1045	29.08.20 11:35:24	2,60	1,19	33,94	6,22	49,84
1046	29.08.20 11:35:25	2,68	1,13	29,70	6,28	54,02
1047	29.08.20 11:35:26	2,98	1,00	32,51	1,99	55,51
1048	29.08.20 11:35:27	3,31	0,94	34,24	1,38	54,37
1049	29.08.20 11:35:28	4,26	0,74	33,62	1,09	55,29
1050	29.08.20 11:35:29	5,30	0,64	30,57	-2,55	56,87
1051	29.08.20 11:35:30	5,80	0,55	32,39	-6,19	51,42
1052	29.08.20 11:35:31	6,08	0,48	31,60	-12,55	45,85
1053	29.08.20 11:35:32	6,18	0,49	30,29	-16,96	42,75
1054	29.08.20 11:35:33	6,25	0,50	28,33	-15,91	45,76
1055	29.08.20 11:35:34	6,29	0,48	26,85	-14,91	48,25
1056	29.08.20 11:35:35	6,32	0,43	27,54	-15,59	46,87
1057	29.08.20 11:35:36	6,36	0,38	26,83	-15,34	47,83
1058	29.08.20 11:35:37	6,39	0,29	24,42	-15,85	49,73
1059	29.08.20 11:35:38	6,77	0,31	22,68	-17,07	50,25
1060	29.08.20 11:35:39	7,08	0,29	26,11	-14,89	49,00
1061	29.08.20 11:35:40	7,56	0,15	25,86	-14,39	49,75
1062	29.08.20 11:35:41	7,90	0,13	25,22	-11,34	53,44
1063	29.08.20 11:35:42	8,27	0,00	23,39	-6,92	59,69
1064	29.08.20 11:35:43	8,57	0,00	21,56	-6,60	61,84
1065	29.08.20 11:35:44	8,83	0,00	20,57	-5,45	63,98
1066	29.08.20 11:35:45	9,07	0,00	19,97	-6,80	63,23
1067	29.08.20 11:35:46	9,30	0,00	21,76	-7,57	60,67
1068	29.08.20 11:35:47	9,46	0,00	21,91	-10,59	57,50
1069	29.08.20 11:35:48	9,62	0,00	20,41	-11,00	58,59
1070	29.08.20 11:35:49	9,76	0,00	19,47	-11,07	59,46
1071	29.08.20 11:35:50	9,89	0,00	15,96	-9,19	64,85
1072	29.08.20 11:35:51	10,02	0,00	19,59	-11,88	58,53
1073	29.08.20 11:35:52	10,08	0,00	27,14	-14,51	48,35
1074	29.08.20 11:35:53	10,15	0,00	22,42	-1,29	66,29
1075	29.08.20 11:35:54	10,24	0,00	21,29	4,22	64,49
1076	29.08.20 11:35:55	10,28	0,00	18,32	9,73	61,95
1077	29.08.20 11:35:56	10,28	0,00	20,07	2,99	66,94
1078	29.08.20 11:35:57	10,24	0,00	11,78	-0,47	77,75
1079	29.08.20 11:35:58	10,21	0,00	22,04	-2,97	64,99
1080	29.08.20 11:35:59	10,21	0,00	15,75	4,78	69,47
1081	29.08.20 11:36:00	10,24	0,00	18,72	-1,10	70,19
1082	29.08.20 11:36:01	10,28	0,00	21,78	-2,81	65,41
1083	29.08.20 11:36:02	10,34	0,00	20,65	-1,69	67,66
1084	29.08.20 11:36:03	10,34	0,00	36,69	-4,24	49,07
1085	29.08.20 11:36:04	10,34	0,00	26,45	-0,03	63,52
1086	29.08.20 11:36:05	10,34	0,00	24,77	-3,67	61,56
1087	29.08.20 11:36:06	10,37	0,00	22,23	-10,93	56,84
1088	29.08.20 11:36:07	10,41	0,00	24,61	-9,56	55,83
1089	29.08.20 11:36:08	10,60	0,00	22,21	-2,00	65,79
1090	29.08.20 11:36:09	10,76	0,00	21,73	-5,26	63,00
1091	29.08.20 11:36:10	10,76	0,00	14,80	4,31	70,90
1092	29.08.20 11:36:11	10,79	0,00	18,75	-3,66	67,58
1093	29.08.20 11:36:12	10,82	0,00	11,99	-5,63	72,38
1094	29.08.20 11:36:13	10,89	0,00	15,62	-5,91	68,47
1095	29.08.20 11:36:14	11,05	0,00	14,77	-2,83	72,41
1096	29.08.20 11:36:15	11,18	0,00	11,01	-1,26	77,73
1097	29.08.20 11:36:16	11,27	0,00	22,66	-5,57	61,77
1098	29.08.20 11:36:17	11,31	0,00	12,99	-3,88	73,13
1099	29.08.20 11:36:18	11,37	0,00	11,60	-4,85	73,55
1100	29.08.20 11:36:19	11,46	0,00	11,46	-3,09	75,45
1101	29.08.20 11:36:20	11,53	0,00	7,76	1,52	80,72
1102	29.08.20 11:36:21	11,62	0,00	9,60	-1,57	78,83
1103	29.08.20 11:36:22	11,69	0,00	9,16	0,83	80,02
1104	29.08.20 11:36:23	11,75	0,00	5,58	0,68	83,74
1105	29.08.20 11:36:24	11,81	0,00	7,40	-0,68	81,92
1106	29.08.20 11:36:25	11,88	0,00	13,48	-1,20	75,32
1107	29.08.20 11:36:26	11,91	0,00	7,66	4,28	78,07
1108	29.08.20 11:36:27	11,94	0,00	6,17	5,25	78,57
1109	29.08.20 11:36:28	11,97	0,00	8,87	1,34	79,79
1110	29.08.20 11:36:29	12,04	0,00	6,97	4,30	78,73
1111	29.08.20 11:36:30	12,07	0,00	21,94	-0,73	67,33
1112	29.08.20 11:36:31	12,10	0,00	17,39	-3,07	69,54
1113	29.08.20 11:36:32	12,10	0,00	10,96	-5,53	73,51
1114	29.08.20 11:36:33	12,16	0,00	20,27	-4,86	64,87
1115	29.08.20 11:36:34	12,19	0,00	14,62	2,62	72,76
1116	29.08.20 11:36:35	12,23	0,00	19,31	-1,05	69,64
1117	29.08.20 11:36:36	12,29	0,00	18,04	-3,46	68,50
1118	29.08.20 11:36:37	12,32	0,00	14,30	-3,81	71,90
1119	29.08.20 11:36:38	12,38	0,00	10,86	-0,65	78,49
1120	29.08.20 11:36:39	12,41	0,00	25,06	-9,80	55,14
1121	29.08.20 11:36:40	12,41	0,00	10,98	8,48	70,54
1122	29.08.20 11:36:41	12,41	0,00	13,03	1,25	75,73
1123	29.08.20 11:36:42	12,41	0,00	13,51	-3,83	72,66
1124	29.08.20 11:36:43	12,48	0,00	17,51	-9,80	62,69
1125	29.08.20 11:36:44	12,51	0,00	21,04	-15,63	53,33
1126	29.08.20 11:36:45	12,57	0,00	18,42	-16,77	54,81
1127	29.08.20 11:36:46	12,60	0,00	16,02	-13,25	60,73
1128	29.08.20 11:36:47	12,63	0,00	21,13	-9,84	59,03
1129	29.08.20 11:36:48	12,63	0,00	27,74	-13,20	49,07
1130	29.08.20 11:36:49	12,67	0,00	26,88	-16,31	46,81
1131	29.08.20 11:36:50	12,70	0,00	12,19	-16,63	61,18
1132	29.08.20 11:36:51	12,73	0,00	17,87	-22,48	49,65
1133	29.08.20 11:36:52	12,76	0,00	17,96	-20,70	51,34
1134	29.08.20 11:36:53	12,76	0,00	23,14	-1,57	65,29
1135	29.08.20 11:36:54	12,79	0,00	21,74	-2,05	66,21
1136	29.08.20 11:36:55	12,76	0,00	13,25	4,25	72,50
1137	29.08.20 11:36:56	12,79	0,00	10,59	6,27	73,14
1138	29.08.20 11:36:57	12,85	0,00	4,84	-5,26	79,89
1139	29.08.20 11:36:58	12,92	0,00	13,51	-5,31	71,18
1140	29.08.20 11:36:59	12,92	0,00	10,15	-8,64	71,21
1141	29.08.20 11:37:00	12,92	0,00	22,99	4,01	63,00
1142	29.08.20 11:37:01	12,92	0,00	25,68	10,08	54,24
1143	29.08.20 11:37:02	12,92	0,00	16,58	7,72	65,70
1144	29.08.20 11:37:03	12,88	0,00	12,66	-5,79	71,55
1145	29.08.20 11:37:04	12,92	0,00	12,79	-12,62	64,60
1146	29.08.20 11:37:05	12,98	0,00	9,13	-15,85	65,02
1147	29.08.20 11:37:06	13,04	0,00	15,52	-6,27	68,21
1148	29.08.20 11:37:07	13,07	0,00	42,55	-16,89	30,57
1149	29.08.20 11:37:08	13,07	0,00	28,82	-4,84	56,34
1150	29.08.20 11:37:09	13,04	0,00	14,01	-12,68	63,31
1151	29.08.20 11:37:10	13,10	0,00	18,33	-14,39	57,28
1152	29.08.20 11:37:11	13,13	0,00	28,72	-19,55	41,73
1153	29.08.20 11:37:12	13,13	0,00	41,67	-2,57	45,76
1154	29.08.20 11:37:13	13,13	0,00	37,74	-16,36	35,89
1155	29.08.20 11:37:14	13,17	0,00	30,07	-15,11	44,82
1156	29.08.20 11:37:15	13,17	0,00	13,35	-0,67	75,98
1157	29.08.20 11:37:16	13,23	0,00	26,75	0,11	63,14
1158	29.08.20 11:37:17	13,29	0,00	19,88	-8,25	61,87
1159	29.08.20 11:37:18	13,29	0,00	32,46	-3,28	54,26
1160	29.08.20 11:37:19	13,29	0,00	65,94	8,52	15,54
1161	29.08.20 11:37:20	13,23	0,00	55,91	28,83	5,26
1162	29.08.20 11:37:21	13,10	0,00	75,05	10,75	4,20
1163	29.08.20 11:37:22	12,98	0,00	59,65	21,58	8,78
1164	29.08.20 11:37:23	12,85	0,00	46,79	33,64	9,57
1165	29.08.20 11:37:24	12,76	0,00	55,18	26,99	7,83
1166	29.08.20 11:37:25	12,63	0,00	54,85	19,80	15,35
1167	29.08.20 11:37:26	12,54	0,00	51,55	24,41	14,03
1168	29.08.20 11:37:27	12,45	0,00	53,68	25,02	11,29
1169	29.08.20 11:37:28	12,41	0,00	60,20	-7,62	22,18
1170	29.08.20 11:37:29	12,35	0,00	48,69	-33,92	7,39
1171	29.08.20 11:37:30	12,26	0,00	56,47	-25,79	7,73
1172	29.08.20 11:37:31	12,19	0,00	57,83	-24,02	8,15
1173	29.08.20 11:37:32	12,13	0,00	54,11	-30,72	5,18
1174	29.08.20 11:37:33	12,10	0,00	56,55	-27,31	6,14
1175	29.08.20 11:37:34	12,04	0,00	52,20	-34,09	-3,70
1176	29.08.20 11:37:35	11,97	0,00	64,01	-22,55	3,45
1177	29.08.20 11:37:36	11,94	0,00	56,94	-26,17	6,89
1178	29.08.20 11:37:37	11,91	0,00	62,03	-26,60	1,37
1179	29.08.20 11:37:38	11,88	0,00	57,27	-27,86	4,86
1180	29.08.20 11:37:39	11,85	0,00	58,98	-25,86	5,16
1181	29.08.20 11:37:40	11,81	0,00	62,00	-21,11	6,89
1182	29.08.20 11:37:41	11,78	0,00	52,06	-33,49	4,45
1183	29.08.20 11:37:42	11,75	0,00	65,59	-22,10	-2,31
1184	29.08.20 11:37:43	11,72	0,00	76,05	-12,63	-1,32
1185	29.08.20 11:37:44	11,69	0,00	69,64	-20,19	-0,17
1186	29.08.20 11:37:45	11,66	0,00	60,65	-22,58	-6,77
1187	29.08.20 11:37:46	11,62	0,00	57,81	-28,57	3,62
1188	29.08.20 11:37:47	11,62	0,00	44,93	-35,19	9,88
1189	29.08.20 11:37:48	11,59	0,00	34,97	-54,15	0,87
1190	29.08.20 11:37:49	11,56	0,00	24,10	-54,65	11,25
1191	29.08.20 11:37:50	11,53	0,00	22,81	-51,13	-16,06
1192	29.08.20 11:37:51	11,53	0,00	11,79	-69,19	-9,03
1193	29.08.20 11:37:52	11,50	0,00	18,24	-57,93	-13,83
1194	29.08.20 11:37:53	11,46	0,00	30,93	-50,86	-8,21
1195	29.08.20 11:37:54	11,46	0,00	6,45	-34,00	-49,55
1196	29.08.20 11:37:55	11,43	0,00	8,99	9,81	-71,20
1197	29.08.20 11:37:56	11,43	0,00	4,13	1,21	-84,66
1198	29.08.20 11:37:57	11,40	0,00	2,69	0,53	-86,78
1199	29.08.20 11:37:58	11,40	0,00	3,96	-7,89	-78,16
1200	29.08.20 11:37:59	11,40	0,00	6,31	-7,29	-76,40
1201	29.08.20 11:38:00	11,37	0,00	3,86	-0,80	-85,34
1202	29.08.20 11:38:01	11,37	0,00	2,13	-3,25	-84,63
1203	29.08.20 11:38:02	11,37	0,00	5,29	-4,43	-80,28
1204	29.08.20 11:38:03	11,34	0,00	-31,14	-48,03	-10,84
1205	29.08.20 11:38:04	11,34	0,00	-31,36	0,14	58,50
1206	29.08.20 11:38:05	11,34	0,00	-10,69	-1,52	77,78
1207	29.08.20 11:38:06	11,34	0,00	-12,03	-1,09	76,88
1208	29.08.20 11:38:07	11,31	0,00	-8,75	-3,07	78,18
1209	29.08.20 11:38:08	11,31	0,00	-12,98	-5,49	71,53
1210	29.08.20 11:38:09	11,31	0,00	-10,46	0,39	79,15
1211	29.08.20 11:38:10	11,27	0,00	-6,58	-6,76	76,66
1212	29.08.20 11:38:11	11,27	0,00	-5,82	-8,96	75,22
1213	29.08.20 11:38:12	11,27	0,00	-4,73	-6,66	78,61
1214	29.08.20 11:38:13	11,27	0,00	-4,73	-8,67	76,60
1215	29.08.20 11:38:14	11,24	0,00	-5,97	-10,66	73,37
1216	29.08.20 11:38:15	11,24	0,00	-13,47	-8,54	67,99
1217	29.08.20 11:38:16	11,24	0,00	-52,39	5,90	-31,71
1218	29.08.20 11:38:17	11,24	0,00	3,14	0,89	-85,97
1219	29.08.20 11:38:18	11,24	0,00	-0,10	-0,13	-89,77
1220	29.08.20 11:38:19	11,24	0,00	-3,04	-0,60	-86,36
1221	29.08.20 11:38:20	11,24	0,00	-2,52	0,80	-86,68
1222	29.08.20 11:38:21	11,24	0,00	1,18	-1,09	-87,73
1223	29.08.20 11:38:22	11,21	0,00	3,52	0,09	-86,39
1224	29.08.20 11:38:23	11,21	0,00	0,88	0,03	-89,09
1225	29.08.20 11:38:24	11,21	0,00	-2,68	0,06	-87,25
1226	29.08.20 11:38:25	11,21	0,00	-0,59	0,15	-89,26
1227	29.08.20 11:38:26	11,21	0,00	1,43	0,53	-88,04
1228	29.08.20 11:38:27	11,21	0,00	0,29	-0,25	-89,46
1229	29.08.20 11:38:28	11,21	0,00	0,37	-1,05	-88,58
1230	29.08.20 11:38:29	11,21	0,00	-0,68	-0,25	-89,07
1231	29.08.20 11:38:30	11,21	0,00	-0,53	0,52	-88,95
1232	29.08.20 11:38:31	11,21	0,00	-0,22	0,63	-89,15
1233	29.08.20 11:38:32	11,21	0,00	0,25	-0,31	-89,44
1234	29.08.20 11:38:33	11,21	0,00	0,33	-1,17	-88,50
1235	29.08.20 11:38:34	11,21	0,00	2,87	0,64	-86,49
1236	29.08.20 11:38:35	11,21	0,00	1,70	0,44	-87,86
1237	29.08.20 11:38:36	11,21	0,00	-1,76	-0,92	-87,32
1238	29.08.20 11:38:37	11,21	0,00	-2,35	0,03	-87,62
1239	29.08.20 11:38:38	11,21	0,00	21,44	-11,65	-56,90
1240	29.08.20 11:38:39	11,21	0,00	40,45	-31,24	-18,31
1241	29.08.20 11:38:40	11,21	0,00	5,21	20,16	-64,64
1242	29.08.20 11:38:41	11,21	0,00	12,94	45,80	-31,26
1243	29.08.20 11:38:42	11,24	0,00	-10,69	67,34	-11,97
1244	29.08.20 11:38:43	11,24	0,00	0,14	5,32	-84,54
1245	29.08.20 11:38:44	11,24	0,00	6,10	6,26	-77,64
1246	29.08.20 11:38:45	11,24	0,00	9,05	3,97	-76,98
1247	29.08.20 11:38:46	11,24	0,00	6,97	4,36	-78,66
1248	29.08.20 11:38:47	11,24	0,00	3,83	5,02	-81,15
1249	29.08.20 11:38:48	11,24	0,00	6,19	6,12	-77,69
1250	29.08.20 11:38:49	11,24	0,00	7,79	6,62	-75,58
1251	29.08.20 11:38:50	11,24	0,00	7,27	3,28	-79,45
1252	29.08.20 11:38:51	11,24	0,00	5,88	4,50	-79,62
1253	29.08.20 11:38:52	11,24	0,00	4,35	6,82	-78,83
1254	29.08.20 11:38:53	11,24	0,00	8,18	4,27	-77,55
1255	29.08.20 11:38:54	11,24	0,00	8,20	3,90	-77,91
1256	29.08.20 11:38:55	11,24	0,00	4,11	6,23	-79,66
1257	29.08.20 11:38:56	11,24	0,00	5,15	7,59	-77,26
1258	29.08.20 11:38:57	11,24	0,00	7,70	7,21	-75,10
1259	29.08.20 11:38:58	11,24	0,00	7,55	5,13	-77,32
1260	29.08.20 11:38:59	11,24	0,00	7,20	3,20	-79,60
1261	29.08.20 11:39:00	11,24	0,00	5,78	3,91	-80,30
1262	29.08.20 11:39:01	11,27	0,00	3,20	4,56	-82,24
1263	29.08.20 11:39:02	11,27	0,00	7,58	5,11	-77,31
1264	29.08.20 11:39:03	11,27	0,00	10,80	7,73	-71,47
1265	29.08.20 11:39:04	11,27	0,00	4,97	6,82	-78,21
1266	29.08.20 11:39:05	11,27	0,00	2,89	3,99	-83,12
1267	29.08.20 11:39:06	11,27	0,00	7,87	2,76	-79,37
1268	29.08.20 11:39:07	11,27	0,00	8,65	2,85	-78,50
1269	29.08.20 11:39:08	11,27	0,00	6,52	6,54	-76,94
1270	29.08.20 11:39:09	11,27	0,00	4,72	9,47	-75,81
1271	29.08.20 11:39:10	11,27	0,00	5,85	6,49	-77,67
1272	29.08.20 11:39:11	11,27	0,00	8,60	3,15	-78,26
1273	29.08.20 11:39:12	11,31	0,00	7,97	4,32	-77,71
1274	29.08.20 11:39:13	11,31	0,00	4,99	4,56	-80,45
1275	29.08.20 11:39:14	11,31	0,00	5,35	4,52	-80,13
1276	29.08.20 11:39:15	11,31	0,00	7,20	5,52	-77,28
1277	29.08.20 11:39:16	11,31	0,00	8,68	6,31	-75,01
1278	29.08.20 11:39:17	11,31	0,00	7,00	5,90	-77,11
1279	29.08.20 11:39:18	11,31	0,00	4,22	3,50	-82,28
1280	29.08.20 11:39:19	11,34	0,00	6,06	3,56	-80,38
1281	29.08.20 11:39:20	11,34	0,00	9,06	6,03	-74,91
1282	29.08.20 11:39:21	11,34	0,00	6,95	5,18	-77,87
1283	29.08.20 11:39:22	11,34	0,00	5,65	4,92	-79,43
1284	29.08.20 11:39:23	11,34	0,00	6,56	4,40	-79,04
1285	29.08.20 11:39:24	11,34	0,00	6,29	5,73	-77,98
1286	29.08.20 11:39:25	11,34	0,00	8,57	6,14	-75,30
1287	29.08.20 11:39:26	11,34	0,00	6,77	5,05	-78,18
1288	29.08.20 11:39:27	11,34	0,00	4,86	4,11	-81,03
1289	29.08.20 11:39:28	11,37	0,00	6,75	4,15	-79,10
1290	29.08.20 11:39:29	11,37	0,00	7,95	5,13	-76,92
1291	29.08.20 11:39:30	11,37	0,00	7,52	4,66	-77,81
1292	29.08.20 11:39:31	11,37	0,00	5,33	4,64	-80,04
1293	29.08.20 11:39:32	11,37	0,00	5,67	6,59	-77,74
1294	29.08.20 11:39:33	11,37	0,00	6,98	5,89	-77,13
1295	29.08.20 11:39:34	11,40	0,00	8,52	3,91	-77,57
1296	29.08.20 11:39:35	11,40	0,00	5,93	3,37	-80,70
1297	29.08.20 11:39:36	11,40	0,00	5,71	4,87	-79,41
1298	29.08.20 11:39:37	11,40	0,00	7,80	5,96	-76,23
1299	29.08.20 11:39:38	11,40	0,00	5,83	6,20	-77,96
1300	29.08.20 11:39:39	11,40	0,00	5,57	4,66	-79,77
1301	29.08.20 11:39:40	11,40	0,00	9,20	3,15	-77,64
1302	29.08.20 11:39:41	11,40	0,00	7,19	5,67	-77,14
1303	29.08.20 11:39:42	11,40	0,00	4,59	6,21	-79,20
1304	29.08.20 11:39:43	11,43	0,00	6,48	4,93	-78,60
1305	29.08.20 11:39:44	11,43	0,00	7,68	4,83	-77,49
1306	29.08.20 11:39:45	11,43	0,00	7,51	4,57	-77,91
1307	29.08.20 11:39:46	11,43	0,00	5,50	5,80	-78,70
1308	29.08.20 11:39:47	11,43	0,00	6,14	11,33	-72,53
1309	29.08.20 11:39:48	11,43	0,00	-7,63	73,98	8,40
1310	29.08.20 11:39:49	11,46	0,00	17,48	60,09	12,43
1311	29.08.20 11:39:50	11,46	0,00	47,88	36,06	-6,06
1312	29.08.20 11:39:51	11,46	0,00	9,42	51,48	-29,10
1313	29.08.20 11:39:52	11,50	0,00	1,19	36,04	-52,76
1314	29.08.20 11:39:53	11,53	0,00	-7,63	46,86	-35,51
1315	29.08.20 11:39:54	11,53	0,00	3,36	42,27	-44,37
1316	29.08.20 11:39:55	11,53	0,00	-1,44	50,75	-37,82
1317	29.08.20 11:39:56	11,56	0,00	1,61	42,82	-45,57
1318	29.08.20 11:39:57	11,56	0,00	22,06	31,60	-36,35
1319	29.08.20 11:39:58	11,56	0,00	29,28	28,96	-31,76
1320	29.08.20 11:39:59	11,59	0,00	29,00	34,30	-26,70
1321	29.08.20 11:40:00	11,59	0,00	25,16	37,86	-26,98
1322	29.08.20 11:40:01	11,59	0,00	20,81	30,34	-38,85
1323	29.08.20 11:40:02	11,59	0,00	19,75	34,81	-35,44
1324	29.08.20 11:40:03	11,62	0,00	6,76	56,41	-26,82
1325	29.08.20 11:40:04	11,62	0,00	1,06	64,28	-24,66
1326	29.08.20 11:40:05	11,62	0,00	20,90	43,47	-25,63
1327	29.08.20 11:40:06	11,66	0,00	28,88	32,81	-28,31
1328	29.08.20 11:40:07	11,66	0,00	41,75	38,33	-9,92
1329	29.08.20 11:40:08	11,66	0,00	34,54	37,47	-17,99
1330	29.08.20 11:40:09	11,69	0,00	37,15	37,57	-15,27
1331	29.08.20 11:40:10	11,69	0,00	38,87	27,97	-23,16
1332	29.08.20 11:40:11	11,72	0,00	42,27	32,67	-15,07
1333	29.08.20 11:40:12	11,72	0,00	25,14	32,16	-32,70
1334	29.08.20 11:40:13	11,72	0,00	28,94	24,46	-36,60
1335	29.08.20 11:40:14	11,72	0,00	27,83	31,64	-30,53
1336	29.08.20 11:40:15	11,75	0,00	29,34	30,30	-30,36
1337	29.08.20 11:40:16	11,75	0,00	29,19	22,33	-38,47
1338	29.08.20 11:40:17	11,75	0,00	32,85	24,14	-33,01
1339	29.08.20 11:40:18	11,78	0,00	23,76	32,84	-33,40
1340	29.08.20 11:40:19	11,78	0,00	38,05	23,97	-27,99
1341	29.08.20 11:40:20	11,78	0,00	24,35	34,50	-31,15
1342	29.08.20 11:40:21	11,78	0,00	29,81	32,42	-27,78
1343	29.08.20 11:40:22	11,81	0,00	35,40	30,43	-24,17
1344	29.08.20 11:40:23	11,81	0,00	38,62	33,78	-17,60
1345	29.08.20 11:40:24	11,81	0,00	36,80	28,27	-24,94
1346	29.08.20 11:40:25	11,81	0,00	35,19	26,09	-28,72
1347	29.08.20 11:40:26	11,85	0,00	38,17	24,87	-26,95
1348	29.08.20 11:40:27	11,85	0,00	31,91	28,96	-29,13
1349	29.08.20 11:40:28	11,85	0,00	26,16	30,37	-33,48
1350	29.08.20 11:40:29	11,85	0,00	24,89	27,93	-37,18
1351	29.08.20 11:40:30	11,85	0,00	27,46	26,71	-35,83
1352	29.08.20 11:40:31	11,88	0,00	40,90	30,09	-19,01
1353	29.08.20 11:40:32	11,88	0,00	32,01	28,45	-29,54
1354	29.08.20 11:40:33	11,88	0,00	30,15	26,54	-33,31
1355	29.08.20 11:40:34	11,91	0,00	30,77	26,22	-33,01
1356	29.08.20 11:40:35	11,91	0,00	34,39	24,52	-31,09
1357	29.08.20 11:40:36	11,91	0,00	41,13	25,12	-23,75
1358	29.08.20 11:40:37	11,91	0,00	37,23	28,13	-24,64
1359	29.08.20 11:40:38	11,91	0,00	30,98	26,52	-32,50
1360	29.08.20 11:40:39	11,91	0,00	33,10	26,95	-29,95
1361	29.08.20 11:40:40	11,91	0,00	40,84	27,54	-21,61
1362	29.08.20 11:40:41	11,94	0,00	39,62	26,06	-24,31
1363	29.08.20 11:40:42	11,94	0,00	35,51	24,83	-29,66
1364	29.08.20 11:40:43	11,94	0,00	34,56	27,37	-28,07
1365	29.08.20 11:40:44	11,94	0,00	35,40	29,39	-25,21
1366	29.08.20 11:40:45	11,97	0,00	36,41	26,79	-26,80
1367	29.08.20 11:40:46	11,97	0,00	37,81	25,29	-26,90
1368	29.08.20 11:40:47	11,97	0,00	36,08	26,77	-27,15
1369	29.08.20 11:40:48	11,97	0,00	33,58	28,00	-28,42
1370	29.08.20 11:40:49	11,97	0,00	35,44	26,67	-27,89
1371	29.08.20 11:40:50	12,00	0,00	37,11	26,02	-26,87
1372	29.08.20 11:40:51	12,00	0,00	36,58	25,67	-27,76
1373	29.08.20 11:40:52	12,00	0,00	37,21	26,06	-26,73
1374	29.08.20 11:40:53	12,04	0,00	36,17	26,52	-27,31
1375	29.08.20 11:40:54	12,04	0,00	36,68	24,78	-28,54
1376	29.08.20 11:40:55	12,04	0,00	34,69	25,13	-30,19
1377	29.08.20 11:40:56	12,04	0,00	22,31	39,20	-28,49
1378	29.08.20 11:40:57	12,07	0,00	24,75	34,82	-30,43
1379	29.08.20 11:40:58	12,07	0,00	28,52	30,46	-31,02
1380	29.08.20 11:40:59	12,07	0,00	31,35	27,98	-30,68
1381	29.08.20 11:41:00	12,07	0,00	31,02	27,82	-31,16
1382	29.08.20 11:41:01	12,10	0,00	30,57	30,79	-28,65
1383	29.08.20 11:41:02	12,10	0,00	32,63	28,89	-28,48
1384	29.08.20 11:41:03	12,10	0,00	29,81	27,83	-32,36
1385	29.08.20 11:41:04	12,10	0,00	27,98	37,18	-24,84
1386	29.08.20 11:41:05	12,10	0,00	33,67	33,66	-22,66
1387	29.08.20 11:41:06	12,13	0,00	33,22	29,96	-26,82
1388	29.08.20 11:41:07	12,13	0,00	33,53	26,93	-29,55
1389	29.08.20 11:41:08	12,13	0,00	36,41	26,76	-26,84
1390	29.08.20 11:41:09	12,16	0,00	37,26	23,54	-29,21
1391	29.08.20 11:41:10	12,16	0,00	36,31	29,59	-24,09
1392	29.08.20 11:41:11	12,16	0,00	38,41	27,83	-23,76
1393	29.08.20 11:41:12	12,16	0,00	33,93	28,76	-27,31
1394	29.08.20 11:41:13	12,16	0,00	32,06	30,63	-27,31
1395	29.08.20 11:41:14	12,19	0,00	39,05	28,49	-22,46
1396	29.08.20 11:41:15	12,19	0,00	38,02	30,58	-21,40
1397	29.08.20 11:41:16	12,19	0,00	27,69	35,58	-26,73
1398	29.08.20 11:41:17	12,23	0,00	36,25	26,84	-26,91
1399	29.08.20 11:41:18	12,23	0,00	33,87	33,37	-22,76
1400	29.08.20 11:41:19	12,23	0,00	33,22	30,96	-25,82
1401	29.08.20 11:41:20	12,23	0,00	29,45	30,56	-29,99
1402	29.08.20 11:41:21	12,26	0,00	32,91	34,28	-22,81
1403	29.08.20 11:41:22	12,26	0,00	31,70	33,76	-24,54
1404	29.08.20 11:41:23	12,26	0,00	29,27	32,93	-27,80
1405	29.08.20 11:41:24	12,26	0,00	32,62	29,83	-27,56
1406	29.08.20 11:41:25	12,29	0,00	33,39	30,87	-25,73
1407	29.08.20 11:41:26	12,29	0,00	31,33	32,50	-26,17
1408	29.08.20 11:41:27	12,29	0,00	33,13	29,80	-27,07
1409	29.08.20 11:41:28	12,29	0,00	31,79	29,48	-28,74
1410	29.08.20 11:41:29	12,32	0,00	33,61	29,70	-26,69
1411	29.08.20 11:41:30	12,32	0,00	35,49	28,64	-25,87
1412	29.08.20 11:41:31	12,32	0,00	36,11	31,13	-22,76
1413	29.08.20 11:41:32	12,35	0,00	42,43	34,50	-13,07
1414	29.08.20 11:41:33	12,35	0,00	51,34	24,76	-13,91
1415	29.08.20 11:41:34	12,35	0,00	46,76	29,02	-14,22
1416	29.08.20 11:41:35	12,38	0,00	40,50	35,74	-13,76
1417	29.08.20 11:41:36	12,38	0,00	44,93	27,52	-17,55
1418	29.08.20 11:41:37	12,38	0,00	33,54	40,49	-15,98
1419	29.08.20 11:41:38	12,38	0,00	11,44	50,91	-27,65
1420	29.08.20 11:41:39	12,41	0,00	24,45	18,28	47,27
1421	29.08.20 11:41:40	12,41	0,00	29,00	52,67	8,33
1422	29.08.20 11:41:41	12,41	0,00	39,79	42,95	-7,26
1423	29.08.20 11:41:42	12,41	0,00	19,29	68,58	2,13
1424	29.08.20 11:41:43	12,45	0,00	-14,89	13,92	-61,20
1425	29.08.20 11:41:44	12,45	0,00	-7,01	-26,53	-56,46
1426	29.08.20 11:41:45	12,45	0,00	-9,57	-24,36	-56,07
1427	29.08.20 11:41:46	12,45	0,00	-9,21	-24,61	-56,18
1428	29.08.20 11:41:47	12,48	0,00	-5,96	-23,84	-60,20
1429	29.08.20 11:41:48	12,48	0,00	-6,80	-23,70	-59,50
1430	29.08.20 11:41:49	12,48	0,00	-9,53	-26,37	-54,10
1431	29.08.20 11:41:50	12,48	0,00	-9,47	-27,36	-53,18
1432	29.08.20 11:41:51	12,48	0,00	-7,25	-24,90	-57,85
1433	29.08.20 11:41:52	12,51	0,00	-6,54	-19,98	-63,47
1434	29.08.20 11:41:53	12,51	0,00	-9,22	-23,07	-57,71
1435	29.08.20 11:41:54	12,51	0,00	-9,16	-30,62	-50,22
1436	29.08.20 11:41:55	12,51	0,00	-7,44	-27,18	-55,39
1437	29.08.20 11:41:56	12,51	0,00	-6,55	-21,72	-61,73
1438	29.08.20 11:41:57	12,51	0,00	-7,91	-22,78	-59,30
1439	29.08.20 11:41:58	12,54	0,00	-9,01	-26,98	-54,00
1440	29.08.20 11:41:59	12,54	0,00	-8,48	-26,82	-54,70
1441	29.08.20 11:42:00	12,54	0,00	-7,83	-22,88	-59,28
1442	29.08.20 11:42:01	12,54	0,00	-8,09	-22,59	-59,32
1443	29.08.20 11:42:02	12,54	0,00	-8,49	-26,89	-54,62
1444	29.08.20 11:42:03	12,54	0,00	-7,44	-26,41	-56,16
1445	29.08.20 11:42:04	12,57	0,00	-7,48	-23,60	-58,92
1446	29.08.20 11:42:05	12,57	0,00	-9,38	-23,55	-57,07
1447	29.08.20 11:42:06	12,57	0,00	-9,99	-24,03	-55,99
1448	29.08.20 11:42:07	12,57	0,00	-7,80	-24,52	-57,68
1449	29.08.20 11:42:08	12,57	0,00	-8,28	-25,17	-56,56
1450	29.08.20 11:42:09	12,60	0,00	-7,50	-26,33	-56,18
1451	29.08.20 11:42:10	12,60	0,00	-7,67	-23,37	-58,97
1452	29.08.20 11:42:11	12,60	0,00	-8,79	-23,02	-58,19
1453	29.08.20 11:42:12	12,60	0,00	-9,04	-26,08	-54,88
1454	29.08.20 11:42:13	12,60	0,00	-8,38	-26,66	-54,96
1455	29.08.20 11:42:14	12,60	0,00	1,19	-28,67	-60,14
1456	29.08.20 11:42:15	12,63	0,00	1,45	-26,96	-61,58
1457	29.08.20 11:42:16	12,63	0,00	2,69	-30,38	-56,93
1458	29.08.20 11:42:17	12,63	0,00	2,63	-34,70	-52,68
1459	29.08.20 11:42:18	12,63	0,00	3,35	-31,85	-54,80
1460	29.08.20 11:42:19	12,67	0,00	2,24	-26,34	-61,42
1461	29.08.20 11:42:20	12,67	0,00	1,58	-29,68	-58,74
1462	29.08.20 11:42:21	12,67	0,00	0,36	-33,66	-55,98
1463	29.08.20 11:42:22	12,67	0,00	1,27	-29,75	-58,98
1464	29.08.20 11:42:23	12,67	0,00	3,23	-28,61	-58,16
1465	29.08.20 11:42:24	12,67	0,00	2,72	-33,64	-53,64
1466	29.08.20 11:42:25	12,70	0,00	1,61	-32,76	-55,63
1467	29.08.20 11:42:26	12,70	0,00	0,43	-26,73	-62,84
1468	29.08.20 11:42:27	12,70	0,00	0,89	-27,46	-61,66
1469	29.08.20 11:42:28	12,70	0,00	2,28	-33,34	-54,38
1470	29.08.20 11:42:29	12,70	0,00	3,43	-35,19	-51,38
1471	29.08.20 11:42:30	12,73	0,00	3,53	-29,36	-57,11
1472	29.08.20 11:42:31	12,73	0,00	0,73	-25,52	-63,75
1473	29.08.20 11:42:32	12,73	0,00	-6,63	-28,59	-54,78
1474	29.08.20 11:42:33	12,73	0,00	2,48	-34,60	-52,92
1475	29.08.20 11:42:34	12,73	0,00	1,17	-27,78	-61,05
1476	29.08.20 11:42:35	12,76	0,00	-7,24	-27,21	-55,55
1477	29.08.20 11:42:36	12,76	0,00	-9,00	-29,08	-51,91
1478	29.08.20 11:42:37	12,76	0,00	-9,35	-30,65	-50,01
1479	29.08.20 11:42:38	12,76	0,00	-8,47	-25,05	-56,47
1480	29.08.20 11:42:39	12,76	0,00	-6,80	-26,03	-57,17
1481	29.08.20 11:42:40	12,79	0,00	-8,26	-29,62	-52,12
1482	29.08.20 11:42:41	12,79	0,00	-10,27	-29,61	-50,12
1483	29.08.20 11:42:42	12,79	0,00	-10,25	-24,57	-55,18
1484	29.08.20 11:42:43	12,79	0,00	-7,65	-23,02	-59,33
1485	29.08.20 11:42:44	12,79	0,00	-8,26	-28,74	-53,00
1486	29.08.20 11:42:45	12,82	0,00	-9,62	-32,00	-48,39
1487	29.08.20 11:42:46	12,82	0,00	-8,82	-24,63	-56,54
1488	29.08.20 11:42:47	12,82	0,00	-7,37	-23,64	-58,99
1489	29.08.20 11:42:48	12,82	0,00	-9,05	-29,52	-51,43
1490	29.08.20 11:42:49	12,85	0,00	-10,31	-28,91	-50,77
1491	29.08.20 11:42:50	12,85	0,00	-7,77	-25,63	-56,61
1492	29.08.20 11:42:51	12,85	0,00	-7,47	-25,84	-56,70
1493	29.08.20 11:42:52	12,85	0,00	-9,88	-28,10	-52,01
1494	29.08.20 11:42:53	12,85	0,00	-10,20	-26,60	-53,20
1495	29.08.20 11:42:54	12,85	0,00	-8,70	-24,83	-56,47
1496	29.08.20 11:42:55	12,88	0,00	-7,16	-29,46	-53,38
1497	29.08.20 11:42:56	12,88	0,00	-7,21	-30,29	-52,50
1498	29.08.20 11:42:57	12,88	0,00	-8,86	-24,68	-56,46
1499	29.08.20 11:42:58	12,88	0,00	-10,80	-25,14	-54,06
1500	29.08.20 11:42:59	12,88	0,00	-9,49	-27,43	-53,08
1501	29.08.20 11:43:00	12,92	0,00	-7,67	-27,31	-55,02
1502	29.08.20 11:43:01	12,92	0,00	-7,56	-28,77	-53,68
1503	29.08.20 11:43:02	12,92	0,00	-8,30	-28,23	-53,47
1504	29.08.20 11:43:03	12,92	0,00	-9,24	-25,05	-55,71
1505	29.08.20 11:43:04	12,92	0,00	-10,06	-25,48	-54,47
1506	29.08.20 11:43:05	12,92	0,00	-9,11	-28,01	-52,88
1507	29.08.20 11:43:06	12,92	0,00	-7,79	-28,04	-54,17
1508	29.08.20 11:43:07	12,95	0,00	-7,03	-27,45	-55,52
1509	29.08.20 11:43:08	12,95	0,00	-10,09	-26,77	-53,14
1510	29.08.20 11:43:09	12,95	0,00	-10,84	-25,84	-53,31
1511	29.08.20 11:43:10	12,95	0,00	-7,20	-27,28	-55,52
1512	29.08.20 11:43:11	12,98	0,00	-7,21	-27,20	-55,59
1513	29.08.20 11:43:12	12,98	0,00	-10,03	-26,66	-53,32
1514	29.08.20 11:43:13	12,98	0,00	-10,02	-27,94	-52,03
1515	29.08.20 11:43:14	12,98	0,00	-7,83	-26,94	-55,23
1516	29.08.20 11:43:15	12,98	0,00	-8,38	-25,87	-55,76
1517	29.08.20 11:43:16	12,98	0,00	-9,40	-27,97	-52,63
1518	29.08.20 11:43:17	13,01	0,00	-8,84	-27,15	-54,00
1519	29.08.20 11:43:18	13,01	0,00	-7,63	-26,24	-56,13
1520	29.08.20 11:43:19	13,01	0,00	-9,14	-27,92	-52,94
1521	29.08.20 11:43:20	13,01	0,00	-10,24	-26,62	-53,14
1522	29.08.20 11:43:21	13,04	0,00	-8,36	-26,59	-55,04
1523	29.08.20 11:43:22	13,04	0,00	-8,44	-26,11	-55,45
1524	29.08.20 11:43:23	13,04	0,00	-9,24	-27,24	-53,53
1525	29.08.20 11:43:24	13,04	0,00	-8,89	-29,83	-51,28
1526	29.08.20 11:43:25	13,04	0,00	-7,35	-25,96	-56,68
1527	29.08.20 11:43:26	13,04	0,00	-7,84	-24,29	-57,87
1528	29.08.20 11:43:27	13,07	0,00	-9,43	-29,43	-51,14
1529	29.08.20 11:43:28	13,07	0,00	-10,24	-29,38	-50,39
1530	29.08.20 11:43:29	13,07	0,00	-9,18	-24,78	-56,04
1531	29.08.20 11:43:30	13,07	0,00	-7,22	-24,24	-58,54
1532	29.08.20 11:43:31	13,10	0,00	-7,15	-28,30	-54,55
1533	29.08.20 11:43:32	13,10	0,00	-9,77	-32,11	-48,12
1534	29.08.20 11:43:33	13,10	0,00	-10,58	-26,97	-52,45
1535	29.08.20 11:43:34	13,10	0,00	-8,51	-20,82	-60,67
1536	29.08.20 11:43:35	13,10	0,00	-7,34	-26,09	-56,57
1537	29.08.20 11:43:36	13,10	0,00	-8,56	-32,87	-48,57
1538	29.08.20 11:43:37	13,13	0,00	-9,24	-30,06	-50,70
1539	29.08.20 11:43:38	13,13	0,00	-9,60	-23,26	-57,13
1540	29.08.20 11:43:39	13,13	0,00	-8,78	-23,25	-57,97
1541	29.08.20 11:43:40	13,13	0,00	-8,50	-28,45	-53,05
1542	29.08.20 11:43:41	13,13	0,00	-8,75	-30,49	-50,77
1543	29.08.20 11:43:42	13,17	0,00	-9,15	-26,53	-54,32
1544	29.08.20 11:43:43	13,17	0,00	-8,28	-25,20	-56,52
1545	29.08.20 11:43:44	13,17	0,00	-7,87	-27,41	-54,73
1546	29.08.20 11:43:45	13,17	0,00	-8,83	-28,66	-52,50
1547	29.08.20 11:43:46	13,17	0,00	-9,70	-26,86	-53,44
1548	29.08.20 11:43:47	13,20	0,00	-8,87	-25,66	-55,47
1549	29.08.20 11:43:48	13,20	0,00	-8,02	-25,96	-56,02
1550	29.08.20 11:43:49	13,20	0,00	-8,51	-28,07	-53,42
1551	29.08.20 11:43:50	13,20	0,00	-8,96	-30,36	-50,68
1552	29.08.20 11:43:51	13,23	0,00	-8,40	-26,15	-55,45
1553	29.08.20 11:43:52	13,23	0,00	-8,47	-23,20	-58,33
1554	29.08.20 11:43:53	13,23	0,00	-9,34	-28,05	-52,61
1555	29.08.20 11:43:54	13,23	0,00	-9,78	-30,49	-49,74
1556	29.08.20 11:43:55	13,23	0,00	-8,74	-25,05	-56,21
1557	29.08.20 11:43:56	13,23	0,00	-7,86	-25,05	-57,09
1558	29.08.20 11:43:57	13,26	0,00	-8,42	-28,88	-52,70
1559	29.08.20 11:43:58	13,26	0,00	-8,60	-28,77	-52,63
1560	29.08.20 11:43:59	13,26	0,00	-8,56	-25,55	-55,89
1561	29.08.20 11:44:00	13,26	0,00	-8,40	-26,53	-55,07
1562	29.08.20 11:44:01	13,26	0,00	-9,49	-28,67	-51,83
1563	29.08.20 11:44:02	13,29	0,00	-9,22	-26,81	-53,97
1564	29.08.20 11:44:03	13,29	0,00	-7,45	-25,21	-57,34
1565	29.08.20 11:44:04	13,29	0,00	-7,65	-26,80	-55,55
1566	29.08.20 11:44:05	13,29	0,00	-10,41	-29,50	-50,08
1567	29.08.20 11:44:06	13,29	0,00	-10,48	-28,84	-50,68
1568	29.08.20 11:44:07	13,29	0,00	-6,77	-23,80	-59,43
1569	29.08.20 11:44:08	13,32	0,00	-8,05	-24,01	-57,94
1570	29.08.20 11:44:09	13,32	0,00	-10,94	-29,75	-49,31
1571	29.08.20 11:44:10	13,32	0,00	-9,24	-30,64	-50,12
1572	29.08.20 11:44:11	13,32	0,00	-6,87	-24,36	-58,77
1573	29.08.20 11:44:12	13,35	0,00	-7,73	-24,48	-57,78
1574	29.08.20 11:44:13	13,35	0,00	-9,94	-29,40	-50,66
1575	29.08.20 11:44:14	13,35	0,00	-9,10	-28,70	-52,20
1576	29.08.20 11:44:15	13,35	0,00	-7,75	-25,62	-56,62
1577	29.08.20 11:44:16	13,35	0,00	-8,05	-26,16	-55,78
1578	29.08.20 11:44:17	13,35	0,00	-10,17	-27,38	-52,45
1579	29.08.20 11:44:18	13,38	0,00	-9,13	-27,80	-53,07
1580	29.08.20 11:44:19	13,38	0,00	-8,16	-25,43	-56,41
1581	29.08.20 11:44:20	13,38	0,00	-8,64	-28,54	-52,82
1582	29.08.20 11:44:21	13,38	0,00	-9,11	-27,53	-53,36
1583	29.08.20 11:44:22	13,38	0,00	-8,00	-25,17	-56,83
1584	29.08.20 11:44:23	13,41	0,00	-8,61	-27,56	-53,83
1585	29.08.20 11:44:24	13,41	0,00	-9,64	-26,74	-53,62
1586	29.08.20 11:44:25	13,41	0,00	-8,14	-28,22	-53,64
1587	29.08.20 11:44:26	13,41	0,00	-8,35	-28,11	-53,54
1588	29.08.20 11:44:27	13,41	0,00	-9,62	-24,66	-55,72
1589	29.08.20 11:44:28	13,41	0,00	-10,51	-26,19	-53,29
1590	29.08.20 11:44:29	13,41	0,00	-8,68	-26,96	-54,36
1591	29.08.20 11:44:30	13,44	0,00	-6,78	-28,01	-55,21
1592	29.08.20 11:44:31	13,44	0,00	-8,92	-28,29	-52,79
1593	29.08.20 11:44:32	13,44	0,00	-9,55	-27,03	-53,43
1594	29.08.20 11:44:33	13,44	0,00	-8,46	-25,09	-56,46
1595	29.08.20 11:44:34	13,44	0,00	-8,47	-26,66	-54,88
1596	29.08.20 11:44:35	13,44	0,00	-9,24	-29,23	-51,54
1597	29.08.20 11:44:36	13,48	0,00	-9,76	-26,97	-53,27
1598	29.08.20 11:44:37	13,48	0,00	-8,80	-24,95	-56,25
1599	29.08.20 11:44:38	13,48	0,00	-7,33	-26,82	-55,85
1600	29.08.20 11:44:39	13,48	0,00	-8,64	-27,09	-54,27
1601	29.08.20 11:44:40	13,48	0,00	-9,80	-28,53	-51,67
1602	29.08.20 11:44:41	13,48	0,00	-9,47	-28,33	-52,20
1603	29.08.20 11:44:42	13,51	0,00	-8,14	-26,45	-55,41
1604	29.08.20 11:44:43	13,51	0,00	-8,23	-23,14	-58,62
1605	29.08.20 11:44:44	13,51	0,00	-8,81	-25,79	-55,40
1606	29.08.20 11:44:45	13,51	0,00	-9,05	-32,43	-48,52
1607	29.08.20 11:44:46	13,51	0,00	-8,38	-30,88	-50,74
1608	29.08.20 11:44:47	13,51	0,00	-7,82	-22,52	-59,66
1609	29.08.20 11:44:48	13,54	0,00	-9,49	-22,91	-57,60
1610	29.08.20 11:44:49	13,54	0,00	-11,15	-29,25	-49,59
1611	29.08.20 11:44:50	13,54	0,00	-10,42	-29,35	-50,23
1612	29.08.20 11:44:51	13,54	0,00	-6,97	-25,04	-57,99
1613	29.08.20 11:44:52	13,54	0,00	-4,89	-26,79	-58,32
1614	29.08.20 11:44:53	13,57	0,00	-8,97	-28,98	-52,05
1615	29.08.20 11:44:54	13,57	0,00	-11,25	-27,95	-50,79
1616	29.08.20 11:44:55	13,57	0,00	-9,11	-24,94	-55,95
1617	29.08.20 11:44:56	13,57	0,00	-8,55	-25,80	-55,65
1618	29.08.20 11:44:57	13,57	0,00	-10,02	-27,24	-52,74
1619	29.08.20 11:44:58	13,57	0,00	-9,62	-25,85	-54,53
1620	29.08.20 11:44:59	13,60	0,00	-8,18	-27,94	-53,88
1621	29.08.20 11:45:00	13,60	0,00	-8,23	-29,04	-52,73
1622	29.08.20 11:45:01	13,60	0,00	-8,31	-26,17	-55,52
1623	29.08.20 11:45:02	13,60	0,00	-8,37	-26,15	-55,48
1624	29.08.20 11:45:03	13,60	0,00	-9,99	-27,40	-52,61
1625	29.08.20 11:45:04	13,60	0,00	-9,63	-26,16	-54,21
1626	29.08.20 11:45:05	13,63	0,00	-8,03	-25,79	-56,17
1627	29.08.20 11:45:06	13,63	0,00	-9,00	-28,82	-52,17
1628	29.08.20 11:45:07	13,63	0,00	-9,18	-28,81	-52,00
1629	29.08.20 11:45:08	13,63	0,00	-8,49	-25,19	-56,32
1630	29.08.20 11:45:09	13,63	0,00	-9,69	-24,82	-55,49
1631	29.08.20 11:45:10	13,63	0,00	-9,83	-26,68	-53,49
1632	29.08.20 11:45:11	13,66	0,00	-8,01	-29,15	-52,83
1633	29.08.20 11:45:12	13,66	0,00	-7,17	-28,85	-53,98
1634	29.08.20 11:45:13	13,66	0,00	-9,37	-25,97	-54,66
1635	29.08.20 11:45:14	13,66	0,00	-9,47	-25,08	-55,45
1636	29.08.20 11:45:15	13,66	0,00	-8,12	-27,06	-54,82
1637	29.08.20 11:45:16	13,66	0,00	-9,48	-28,24	-52,28
1638	29.08.20 11:45:17	13,69	0,00	-10,39	-27,17	-52,44
1639	29.08.20 11:45:18	13,69	0,00	-8,33	-25,81	-55,86
1640	29.08.20 11:45:19	13,69	0,00	-6,73	-25,99	-57,28
1641	29.08.20 11:45:20	13,69	0,00	-9,84	-27,33	-52,83
1642	29.08.20 11:45:21	13,69	0,00	-10,59	-28,23	-51,18
1643	29.08.20 11:45:22	13,72	0,00	-7,42	-27,53	-55,05
1644	29.08.20 11:45:23	13,72	0,00	-7,02	-26,60	-56,37
1645	29.08.20 11:45:24	13,72	0,00	-8,61	-25,60	-55,79
1646	29.08.20 11:45:25	13,72	0,00	-10,72	-27,30	-51,97
1647	29.08.20 11:45:26	13,72	0,00	-10,24	-28,37	-51,39
1648	29.08.20 11:45:27	13,72	0,00	-7,16	-26,33	-56,51
1649	29.08.20 11:45:28	13,75	0,00	-6,42	-26,18	-57,40
1650	29.08.20 11:45:29	13,75	0,00	-9,60	-27,76	-52,64
1651	29.08.20 11:45:30	13,75	0,00	-10,70	-28,65	-50,65
1652	29.08.20 11:45:31	13,75	0,00	-8,08	-25,60	-56,33
1653	29.08.20 11:45:32	13,75	0,00	-8,59	-24,43	-56,98
1654	29.08.20 11:45:33	13,75	0,00	-8,76	-28,75	-52,49
1655	29.08.20 11:45:34	13,79	0,00	-9,18	-28,51	-52,32
1656	29.08.20 11:45:35	13,79	0,00	-8,72	-25,35	-55,92
1657	29.08.20 11:45:36	13,79	0,00	-8,65	-27,07	-54,28
1658	29.08.20 11:45:37	13,79	0,00	-8,89	-28,09	-53,02
1659	29.08.20 11:45:38	13,79	0,00	-8,81	-25,59	-55,60
1660	29.08.20 11:45:39	13,79	0,00	-8,59	-26,73	-54,68
1661	29.08.20 11:45:40	13,82	0,00	-7,81	-28,18	-54,01
1662	29.08.20 11:45:41	13,82	0,00	-8,50	-27,32	-54,18
1663	29.08.20 11:45:42	13,82	0,00	-9,38	-27,46	-53,16
1664	29.08.20 11:45:43	13,82	0,00	-9,56	-25,08	-55,36
1665	29.08.20 11:45:44	13,82	0,00	-9,50	-25,76	-54,73
1666	29.08.20 11:45:45	13,82	0,00	-8,65	-28,65	-52,70
1667	29.08.20 11:45:46	13,85	0,00	-7,49	-28,05	-54,46
1668	29.08.20 11:45:47	13,85	0,00	-8,08	-26,15	-55,77
1669	29.08.20 11:45:48	13,85	0,00	-9,90	-25,95	-54,15
1670	29.08.20 11:45:49	13,85	0,00	-8,71	-28,12	-53,17
1671	29.08.20 11:45:50	13,85	0,00	-6,66	-28,88	-54,46
1672	29.08.20 11:45:51	13,85	0,00	-7,82	-26,57	-55,61
1673	29.08.20 11:45:52	13,85	0,00	-10,62	-25,71	-53,67
1674	29.08.20 11:45:53	13,88	0,00	-10,91	-25,91	-53,17
1675	29.08.20 11:45:54	13,88	0,00	-7,49	-27,26	-55,25
1676	29.08.20 11:45:55	13,88	0,00	-5,48	-28,47	-56,06
1677	29.08.20 11:45:56	13,88	0,00	-7,86	-28,61	-53,54
1678	29.08.20 11:45:57	13,88	0,00	-10,50	-27,26	-52,24
1679	29.08.20 11:45:58	13,88	0,00	-9,66	-25,15	-55,20
1680	29.08.20 11:45:59	13,91	0,00	-7,31	-26,07	-56,62
1681	29.08.20 11:46:00	13,91	0,00	-7,49	-28,13	-54,38
1682	29.08.20 11:46:01	13,91	0,00	-8,18	-28,62	-53,20
1683	29.08.20 11:46:02	13,91	0,00	-8,68	-27,57	-53,75
1684	29.08.20 11:46:03	13,91	0,00	-10,74	-24,24	-55,01
1685	29.08.20 11:46:04	13,91	0,00	-8,59	-27,57	-53,83
1686	29.08.20 11:46:05	13,91	0,00	-6,93	-29,48	-53,59
1687	29.08.20 11:46:06	13,91	0,00	-7,24	-26,64	-56,11
1688	29.08.20 11:46:07	13,91	0,00	-9,44	-25,56	-55,00
1689	29.08.20 11:46:08	13,94	0,00	-9,53	-27,08	-53,39
1690	29.08.20 11:46:09	13,94	0,00	-7,08	-29,63	-53,29
1691	29.08.20 11:46:10	13,94	0,00	-6,56	-28,40	-55,04
1692	29.08.20 11:46:11	13,94	0,00	-9,27	-25,19	-55,54
1693	29.08.20 11:46:12	13,94	0,00	-10,47	-26,22	-53,32
1694	29.08.20 11:46:13	13,94	0,00	-8,54	-28,16	-53,30
1695	29.08.20 11:46:14	13,97	0,00	-6,68	-26,20	-57,12
1696	29.08.20 11:46:15	13,97	0,00	-8,06	-27,65	-54,29
1697	29.08.20 11:46:16	13,97	0,00	-10,11	-28,92	-50,97
1698	29.08.20 11:46:17	13,97	0,00	-8,45	-26,38	-55,17
1699	29.08.20 11:46:18	13,97	0,00	-7,92	-24,79	-57,28
1700	29.08.20 11:46:19	13,97	0,00	-8,86	-26,56	-54,58
1701	29.08.20 11:46:20	13,97	0,00	-9,67	-28,98	-51,35
1702	29.08.20 11:46:21	14,00	0,00	-8,87	-28,43	-52,70
1703	29.08.20 11:46:22	14,00	0,00	-6,73	-24,79	-58,48
1704	29.08.20 11:46:23	14,00	0,00	-7,71	-26,42	-55,87
1705	29.08.20 11:46:24	14,00	0,00	-10,80	-29,11	-50,08
1706	29.08.20 11:46:25	14,00	0,00	-10,88	-26,47	-52,66
1707	29.08.20 11:46:26	14,00	0,00	-6,87	-24,85	-58,27
1708	29.08.20 11:46:27	14,03	0,00	-7,29	-26,98	-55,73
1709	29.08.20 11:46:28	14,03	0,00	-9,45	-29,14	-51,40
1710	29.08.20 11:46:29	14,03	0,00	-9,85	-27,28	-52,87
1711	29.08.20 11:46:30	14,03	0,00	-6,68	-25,69	-57,63
1712	29.08.20 11:46:31	14,03	0,00	-7,55	-26,86	-55,59
1713	29.08.20 11:46:32	14,03	0,00	-9,09	-27,84	-53,07
1714	29.08.20 11:46:33	14,03	0,00	-10,06	-27,06	-52,89
1715	29.08.20 11:46:34	14,06	0,00	-8,05	-26,83	-55,13
1716	29.08.20 11:46:35	14,06	0,00	-7,95	-26,38	-55,67
1717	29.08.20 11:46:36	14,06	0,00	-9,86	-26,97	-53,17
1718	29.08.20 11:46:37	14,06	0,00	-9,26	-27,74	-53,01
1719	29.08.20 11:46:38	14,06	0,00	-7,32	-26,47	-56,21
1720	29.08.20 11:46:39	14,06	0,00	-8,78	-25,70	-55,52
1721	29.08.20 11:46:40	14,09	0,00	-10,44	-27,55	-52,02
1722	29.08.20 11:46:41	14,09	0,00	-7,92	-28,49	-53,60
1723	29.08.20 11:46:42	14,09	0,00	-7,04	-26,40	-56,56
1724	29.08.20 11:46:43	14,09	0,00	-8,96	-25,46	-55,58
1725	29.08.20 11:46:44	14,09	0,00	-11,00	-27,67	-51,32
1726	29.08.20 11:46:45	14,09	0,00	-9,94	-28,35	-51,71
1727	29.08.20 11:46:46	14,09	0,00	-6,77	-24,95	-58,28
1728	29.08.20 11:46:47	14,13	0,00	-7,26	-25,34	-57,40
1729	29.08.20 11:46:48	14,13	0,00	-9,32	-28,91	-51,78
1730	29.08.20 11:46:49	14,13	0,00	-9,79	-29,81	-50,40
1731	29.08.20 11:46:50	14,13	0,00	-9,79	-26,37	-53,83
1732	29.08.20 11:46:51	14,13	0,00	-8,22	-22,44	-59,34
1733	29.08.20 11:46:52	14,13	0,00	-7,69	-25,53	-56,78
1734	29.08.20 11:46:53	14,16	0,00	-9,10	-31,27	-49,63
1735	29.08.20 11:46:54	14,16	0,00	-9,81	-29,14	-51,05
1736	29.08.20 11:46:55	14,16	0,00	-7,62	-24,96	-57,42
1737	29.08.20 11:46:56	14,16	0,00	-9,04	-24,33	-56,63
1738	29.08.20 11:46:57	14,16	0,00	-9,94	-26,53	-53,53
1739	29.08.20 11:46:58	14,16	0,00	-8,99	-28,81	-52,20
1740	29.08.20 11:46:59	14,16	0,00	-7,99	-26,86	-55,15
1741	29.08.20 11:47:00	14,16	0,00	-7,40	-26,99	-55,62
1742	29.08.20 11:47:01	14,16	0,00	-9,09	-28,20	-52,71
1743	29.08.20 11:47:02	14,19	0,00	-10,45	-26,06	-53,49
1744	29.08.20 11:47:03	14,19	0,00	-8,20	-24,02	-57,78
1745	29.08.20 11:47:04	14,19	0,00	-6,61	-27,90	-55,49
1746	29.08.20 11:47:05	14,19	0,00	-8,83	-30,71	-50,46
1747	29.08.20 11:47:06	14,19	0,00	-9,85	-26,97	-53,19
1748	29.08.20 11:47:07	14,22	0,00	-9,04	-23,44	-57,52
1749	29.08.20 11:47:08	14,22	0,00	-8,66	-25,32	-56,02
1750	29.08.20 11:47:09	14,22	0,00	-7,97	-30,52	-51,51
1751	29.08.20 11:47:10	14,22	0,00	-6,47	-30,54	-52,99
1752	29.08.20 11:47:11	14,22	0,00	-8,36	-23,80	-57,83
1753	29.08.20 11:47:12	14,22	0,00	-10,04	-25,05	-54,91
1754	29.08.20 11:47:13	14,22	0,00	-8,89	-29,83	-51,28
1755	29.08.20 11:47:14	14,22	0,00	-7,55	-27,58	-54,87
1756	29.08.20 11:47:15	14,25	0,00	-7,06	-26,47	-56,46
1757	29.08.20 11:47:16	14,25	0,00	-9,81	-26,32	-53,87
1758	29.08.20 11:47:17	14,25	0,00	-11,06	-26,55	-52,39
1759	29.08.20 11:47:18	14,25	0,00	-8,22	-26,69	-55,10
1760	29.08.20 11:47:19	14,25	0,00	-6,20	-27,16	-56,64
1761	29.08.20 11:47:20	14,25	0,00	-6,75	-27,69	-55,55
1762	29.08.20 11:47:21	14,25	0,00	-9,96	-28,41	-51,62
1763	29.08.20 11:47:22	14,28	0,00	-10,13	-26,66	-53,21
1764	29.08.20 11:47:23	14,28	0,00	-8,69	-23,95	-57,36
1765	29.08.20 11:47:24	14,28	0,00	-8,38	-26,20	-55,42
1766	29.08.20 11:47:25	14,28	0,00	-8,76	-29,37	-51,87
1767	29.08.20 11:47:26	14,28	0,00	-7,89	-27,45	-54,66
1768	29.08.20 11:47:27	14,28	0,00	-8,46	-25,74	-55,81
1769	29.08.20 11:47:28	14,28	0,00	-10,94	-26,31	-52,75
1770	29.08.20 11:47:29	14,28	0,00	-8,53	-27,77	-53,70
1771	29.08.20 11:47:30	14,31	0,00	-7,55	-24,93	-57,53
1772	29.08.20 11:47:31	14,31	0,00	-9,23	-27,52	-53,24
1773	29.08.20 11:47:32	14,31	0,00	-10,09	-29,76	-50,14
1774	29.08.20 11:47:33	14,31	0,00	-6,95	-25,65	-57,40
1775	29.08.20 11:47:34	14,31	0,00	-7,38	-24,36	-58,26
1776	29.08.20 11:47:35	14,31	0,00	-9,80	-27,85	-52,36
1777	29.08.20 11:47:36	14,34	0,00	-9,27	-30,31	-50,42
1778	29.08.20 11:47:37	14,34	0,00	-8,89	-25,61	-55,50
1779	29.08.20 11:47:38	14,34	0,00	-7,71	-23,65	-58,64
1780	29.08.20 11:47:39	14,34	0,00	-8,20	-27,77	-54,03
1781	29.08.20 11:47:40	14,34	0,00	-9,57	-30,41	-50,02
1782	29.08.20 11:47:41	14,34	0,00	-8,86	-26,66	-54,48
1783	29.08.20 11:47:42	14,34	0,00	-8,63	-22,94	-58,43
1784	29.08.20 11:47:43	14,34	0,00	-8,55	-26,79	-54,66
1785	29.08.20 11:47:44	14,34	0,00	-7,52	-30,82	-51,65
1786	29.08.20 11:47:45	14,37	0,00	-8,78	-28,07	-53,16
1787	29.08.20 11:47:46	14,37	0,00	-9,90	-24,31	-55,78
1788	29.08.20 11:47:47	14,37	0,00	-8,80	-24,49	-56,71
1789	29.08.20 11:47:48	14,37	0,00	-7,72	-27,88	-54,40
1790	29.08.20 11:47:49	14,37	0,00	-8,59	-29,49	-51,92
1791	29.08.20 11:47:50	14,37	0,00	-9,21	-27,34	-53,46
1792	29.08.20 11:47:51	14,37	0,00	-8,57	-24,38	-57,05
1793	29.08.20 11:47:52	14,40	0,00	-9,37	-25,49	-55,13
1794	29.08.20 11:47:53	14,40	0,00	-8,54	-29,96	-51,51
1795	29.08.20 11:47:54	14,40	0,00	-7,50	-27,20	-55,30
1796	29.08.20 11:47:55	14,40	0,00	-9,17	-24,36	-56,47
1797	29.08.20 11:47:56	14,40	0,00	-10,39	-27,05	-52,56
1798	29.08.20 11:47:57	14,40	0,00	-9,77	-27,65	-52,58
1799	29.08.20 11:47:58	14,40	0,00	-7,78	-26,54	-55,68
1800	29.08.20 11:47:59	14,40	0,00	-7,70	-26,89	-55,41
1801	29.08.20 11:48:00	14,40	0,00	-8,87	-26,58	-54,55
1802	29.08.20 11:48:01	14,40	0,00	-9,50	-26,36	-54,14
1803	29.08.20 11:48:02	14,43	0,00	-9,80	-27,55	-52,65
1804	29.08.20 11:48:03	14,43	0,00	-8,17	-26,53	-55,31
1805	29.08.20 11:48:04	14,43	0,00	-6,26	-27,77	-55,96
1806	29.08.20 11:48:05	14,43	0,00	-7,86	-27,29	-54,85
1807	29.08.20 11:48:06	14,43	0,00	-63,46	-12,69	-13,85
1808	29.08.20 11:48:07	14,43	0,00	-18,17	-16,39	55,44
1809	29.08.20 11:48:08	14,46	0,00	9,42	-41,88	38,71
1810	29.08.20 11:48:09	14,68	0,00	-6,24	-14,27	69,49
1811	29.08.20 11:48:10	14,80	0,00	-79,74	-2,55	7,71
1812	29.08.20 11:48:11	15,04	0,00	-38,87	20,46	30,67
1813	29.08.20 11:48:12	15,29	0,00	-41,30	29,69	19,01
1814	29.08.20 11:48:13	15,47	0,00	-17,43	17,24	55,33
1815	29.08.20 11:48:14	15,62	0,00	-26,81	8,22	54,97
1816	29.08.20 11:48:15	15,80	0,00	-7,43	26,33	56,24
1817	29.08.20 11:48:16	15,96	0,00	-23,17	3,21	63,61
1818	29.08.20 11:48:17	16,14	0,00	-34,17	-14,42	41,41
1819	29.08.20 11:48:18	16,26	0,00	-22,65	3,25	64,09
1820	29.08.20 11:48:19	16,35	0,00	-12,54	26,02	51,44
1821	29.08.20 11:48:20	16,44	0,00	5,67	18,15	66,18
1822	29.08.20 11:48:21	16,47	0,00	-1,62	36,04	52,34
1823	29.08.20 11:48:22	16,44	0,03	-38,58	12,05	39,37
1824	29.08.20 11:48:23	16,53	0,03	-29,86	6,42	53,72
1825	29.08.20 11:48:24	16,56	0,06	6,05	38,91	45,03
1826	29.08.20 11:48:25	16,62	0,00	12,67	27,75	49,58
1827	29.08.20 11:48:26	16,68	0,03	38,57	28,04	23,38
1828	29.08.20 11:48:27	16,65	0,06	-19,70	0,80	69,50
1829	29.08.20 11:48:28	16,56	0,08	-14,15	-30,36	45,49
1830	29.08.20 11:48:29	16,47	0,08	-19,17	-28,83	42,00
1831	29.08.20 11:48:30	16,38	0,10	17,36	-48,41	24,23
1832	29.08.20 11:48:31	16,35	0,13	21,37	-42,48	26,15
1833	29.08.20 11:48:32	16,41	0,10	-5,03	-57,21	27,75
1834	29.08.20 11:48:33	16,50	0,06	46,20	-6,15	37,65
1835	29.08.20 11:48:34	16,74	0,00	-59,39	-22,12	8,49
1836	29.08.20 11:48:35	16,83	0,03	-0,84	-26,12	63,03
1837	29.08.20 11:48:36	16,92	0,03	22,63	-25,19	-42,18
1838	29.08.20 11:48:37	16,98	0,03	4,15	-77,22	-8,63
1839	29.08.20 11:48:38	17,04	0,00	15,43	-7,79	-66,78
1840	29.08.20 11:48:39	17,10	0,00	6,21	-28,92	-54,87
1841	29.08.20 11:48:40	17,19	0,00	-13,39	-69,96	6,65
1842	29.08.20 11:48:41	17,34	0,00	0,92	-76,84	-12,23
1843	29.08.20 11:48:42	17,61	0,00	-33,21	-53,97	-2,82
1844	29.08.20 11:48:43	17,79	0,00	-39,03	-27,79	-23,18
1845	29.08.20 11:48:44	17,93	0,00	-13,21	30,42	-46,37
1846	29.08.20 11:48:45	18,02	0,00	13,92	-10,70	-65,37
1847	29.08.20 11:48:46	18,17	0,00	7,25	-10,95	-71,79
1848	29.08.20 11:48:47	18,29	0,00	-11,79	-10,53	-67,68
1849	29.08.20 11:48:48	18,44	0,00	-28,91	47,24	-13,85
1850	29.08.20 11:48:49	18,56	0,00	4,30	38,92	-46,78
1851	29.08.20 11:48:50	18,76	0,00	14,54	28,63	-46,82
1852	29.08.20 11:48:51	18,97	0,00	4,76	40,15	-45,09
1853	29.08.20 11:48:52	19,06	0,00	-53,08	8,73	28,19
