#0	Date-time:	29/08/2020 12:40:34 PM
#1	Recorder:	5H1034
#2	File type:	1
#3	Columns:	7
#4	Channels:	5
#5	Field separation:	0
#6	Decimal point:	0
#7	Date def.:	0	0
#8	Time def.:	0
#9	Channel 1:	Temperature(°C)	Temp(°C)	2	1
#10	Channel 2:	Pressure(Bar)	Press(Bar)	2	1
#11	Reconvertion:	0
#14	Channel 3:	Tilt-X(°)	Tilt-X(°)	2	1
#18	Channel 4:	Tilt-Y(°)	Tilt-Y(°)	2	1
#19	Line color:	1	2	3	4
#22	Channel 5:	Tilt-Z(°)	Tilt-Z(°)	2	1
#30	Trend Type Number:	3
#33	Limit Temp. Corr. OTCR:	1
1	29.08.20 12:14:00	21,70	0,00	65,46	21,32	3,22
2	29.08.20 12:14:01	21,67	0,00	63,08	24,52	2,40
3	29.08.20 12:14:02	21,67	0,00	60,69	27,23	2,09
4	29.08.20 12:14:03	21,67	0,00	81,41	7,39	1,20
5	29.08.20 12:14:04	21,64	0,00	75,03	11,37	3,60
6	29.08.20 12:14:05	21,64	0,00	64,94	23,57	1,49
7	29.08.20 12:14:06	21,64	0,00	62,68	24,89	2,43
8	29.08.20 12:14:07	21,64	0,00	64,18	23,84	1,99
9	29.08.20 12:14:08	21,61	0,00	63,48	24,58	1,93
10	29.08.20 12:14:09	21,61	0,00	63,24	24,44	2,32
11	29.08.20 12:14:10	21,61	0,00	63,26	24,88	1,86
12	29.08.20 12:14:11	21,61	0,00	63,05	23,67	3,28
13	29.08.20 12:14:12	21,58	0,00	60,44	27,34	2,22
14	29.08.20 12:14:13	21,58	0,00	61,57	25,92	2,51
15	29.08.20 12:14:14	21,58	0,00	63,47	24,11	2,42
16	29.08.20 12:14:15	21,58	0,00	61,53	25,76	2,70
17	29.08.20 12:14:16	21,55	0,00	62,29	25,26	2,45
18	29.08.20 12:14:17	21,55	0,00	61,68	26,84	1,48
19	29.08.20 12:14:18	21,55	0,00	21,68	41,62	-26,70
20	29.08.20 12:14:19	21,55	0,00	8,76	-10,55	-70,69
21	29.08.20 12:14:20	21,55	0,00	5,64	-4,09	-80,26
22	29.08.20 12:14:21	21,52	0,00	72,48	16,62	0,90
23	29.08.20 12:14:22	21,52	0,00	72,57	15,74	1,69
24	29.08.20 12:14:23	21,52	0,00	41,50	37,15	11,35
25	29.08.20 12:14:24	20,88	0,00	39,70	14,83	35,47
26	29.08.20 12:14:25	20,12	0,00	14,55	49,29	26,17
27	29.08.20 12:14:26	19,65	0,00	29,70	18,80	41,50
28	29.08.20 12:14:27	19,33	0,01	30,72	8,39	50,89
29	29.08.20 12:14:28	19,21	0,00	15,99	20,85	53,15
30	29.08.20 12:14:29	19,12	0,00	24,80	20,50	44,70
31	29.08.20 12:14:30	19,03	0,00	11,55	61,08	-17,37
32	29.08.20 12:14:31	18,91	0,01	24,25	35,54	30,20
33	29.08.20 12:14:32	18,76	0,00	9,45	1,38	79,17
34	29.08.20 12:14:33	18,62	0,00	19,61	-1,90	68,49
35	29.08.20 12:14:34	18,53	0,00	13,72	4,51	71,77
36	29.08.20 12:14:35	18,44	0,00	21,81	15,74	52,45
37	29.08.20 12:14:36	18,41	0,00	19,07	17,89	53,04
38	29.08.20 12:14:37	18,41	0,00	19,47	15,14	55,39
39	29.08.20 12:14:38	18,38	0,00	6,55	15,44	68,01
40	29.08.20 12:14:39	18,29	0,00	9,81	11,18	69,01
41	29.08.20 12:14:40	18,20	0,00	14,69	10,16	65,15
42	29.08.20 12:14:41	18,14	0,01	8,89	30,46	50,65
43	29.08.20 12:14:42	18,08	0,03	24,32	9,82	55,85
44	29.08.20 12:14:43	18,08	0,03	17,26	22,06	50,67
45	29.08.20 12:14:44	18,05	0,01	17,58	24,13	48,28
46	29.08.20 12:14:45	18,02	0,01	24,88	21,69	43,43
47	29.08.20 12:14:46	18,02	0,01	32,16	13,08	44,77
48	29.08.20 12:14:47	18,02	0,01	44,71	7,00	38,28
49	29.08.20 12:14:48	17,99	0,03	42,02	11,93	36,05
50	29.08.20 12:14:49	17,93	0,08	25,87	20,61	43,52
51	29.08.20 12:14:50	17,90	0,03	22,52	23,03	44,45
52	29.08.20 12:14:51	17,90	0,03	22,38	21,98	45,64
53	29.08.20 12:14:52	17,87	0,01	24,85	20,98	44,18
54	29.08.20 12:14:53	17,84	0,00	24,01	21,44	44,54
55	29.08.20 12:14:54	17,84	0,00	22,30	16,98	50,72
56	29.08.20 12:14:55	17,84	0,01	25,77	28,05	36,18
57	29.08.20 12:14:56	17,84	0,03	47,03	16,36	26,61
58	29.08.20 12:14:57	17,81	0,10	48,79	10,31	30,89
59	29.08.20 12:14:58	17,79	0,08	31,84	12,76	45,40
60	29.08.20 12:14:59	17,79	0,10	40,92	4,15	44,93
61	29.08.20 12:15:00	17,79	0,13	49,42	3,09	37,49
62	29.08.20 12:15:01	17,76	0,17	61,44	3,30	25,27
63	29.08.20 12:15:02	17,76	0,15	52,82	2,84	34,34
64	29.08.20 12:15:03	17,73	0,08	25,55	13,07	51,38
65	29.08.20 12:15:04	17,73	0,06	21,73	14,89	53,38
66	29.08.20 12:15:05	17,58	0,08	29,65	11,68	48,67
67	29.08.20 12:15:06	17,46	0,13	37,64	9,54	42,82
68	29.08.20 12:15:07	17,43	0,10	32,83	11,86	45,31
69	29.08.20 12:15:08	17,40	0,08	23,40	15,17	51,43
70	29.08.20 12:15:09	17,34	0,08	18,35	22,94	48,72
71	29.08.20 12:15:10	17,31	0,06	41,24	-5,53	43,23
72	29.08.20 12:15:11	17,28	0,00	21,77	-6,29	61,94
73	29.08.20 12:15:12	17,25	0,00	18,49	12,46	59,05
74	29.08.20 12:15:13	17,25	0,00	19,53	11,64	58,83
75	29.08.20 12:15:14	17,19	0,00	15,89	23,48	50,62
76	29.08.20 12:15:15	17,19	0,00	8,08	34,52	47,40
77	29.08.20 12:15:16	17,16	0,00	12,48	26,55	50,96
78	29.08.20 12:15:17	17,13	0,00	10,18	29,96	49,86
79	29.08.20 12:15:18	17,13	0,00	11,14	36,15	42,71
80	29.08.20 12:15:19	17,13	0,00	8,15	45,16	36,69
81	29.08.20 12:15:20	17,13	0,00	10,89	39,53	39,57
82	29.08.20 12:15:21	17,13	0,00	10,55	41,55	37,90
83	29.08.20 12:15:22	17,13	0,00	8,04	43,05	38,90
84	29.08.20 12:15:23	17,13	0,00	15,90	32,24	41,85
85	29.08.20 12:15:24	17,13	0,00	13,15	36,67	40,18
86	29.08.20 12:15:25	17,13	0,00	7,14	43,96	38,91
87	29.08.20 12:15:26	17,13	0,00	5,62	47,07	37,31
88	29.08.20 12:15:27	17,13	0,00	13,20	34,29	42,51
89	29.08.20 12:15:28	17,13	0,00	23,50	25,17	41,33
90	29.08.20 12:15:29	17,13	0,01	20,59	24,86	44,55
91	29.08.20 12:15:30	17,10	0,03	19,68	29,32	41,00
92	29.08.20 12:15:31	17,07	0,06	19,76	33,36	36,88
93	29.08.20 12:15:32	17,07	0,06	26,64	24,99	38,37
94	29.08.20 12:15:33	17,04	0,06	25,20	25,10	39,69
95	29.08.20 12:15:34	17,04	0,06	27,76	24,67	37,57
96	29.08.20 12:15:35	17,01	0,06	29,96	24,03	36,01
97	29.08.20 12:15:36	17,01	0,10	33,93	16,78	39,29
98	29.08.20 12:15:37	16,98	0,10	27,73	25,32	36,95
99	29.08.20 12:15:38	16,98	0,10	29,64	19,00	41,36
100	29.08.20 12:15:39	16,98	0,13	32,54	16,60	40,86
101	29.08.20 12:15:40	16,95	0,15	31,33	17,49	41,17
102	29.08.20 12:15:41	16,95	0,15	38,75	13,18	38,06
103	29.08.20 12:15:42	16,95	0,17	46,96	9,04	34,00
104	29.08.20 12:15:43	16,95	0,17	47,01	6,87	36,12
105	29.08.20 12:15:44	16,95	0,19	52,46	6,41	31,14
106	29.08.20 12:15:45	16,95	0,24	56,12	8,29	25,59
107	29.08.20 12:15:46	16,95	0,24	55,31	8,36	26,33
108	29.08.20 12:15:47	16,92	0,24	50,57	11,80	27,62
109	29.08.20 12:15:48	16,92	0,26	50,58	8,32	31,10
110	29.08.20 12:15:49	16,92	0,26	45,77	10,53	33,71
111	29.08.20 12:15:50	16,92	0,29	46,54	15,28	28,18
112	29.08.20 12:15:51	16,92	0,33	49,27	16,55	24,17
113	29.08.20 12:15:52	16,92	0,36	49,54	13,74	26,72
114	29.08.20 12:15:53	16,95	0,36	44,27	13,69	32,04
115	29.08.20 12:15:54	16,95	0,36	44,89	13,45	31,65
116	29.08.20 12:15:55	16,95	0,38	46,80	14,94	28,26
117	29.08.20 12:15:56	16,95	0,40	49,56	14,99	25,44
118	29.08.20 12:15:57	16,95	0,40	48,98	16,70	24,32
119	29.08.20 12:15:58	16,95	0,43	48,03	16,64	25,33
120	29.08.20 12:15:59	16,95	0,46	48,21	13,69	28,10
121	29.08.20 12:16:00	16,95	0,46	49,44	14,10	26,46
122	29.08.20 12:16:01	16,95	0,49	51,60	12,95	25,46
123	29.08.20 12:16:02	16,95	0,51	53,37	13,33	23,30
124	29.08.20 12:16:03	16,95	0,53	55,20	15,11	19,70
125	29.08.20 12:16:04	16,95	0,58	56,82	12,58	20,59
126	29.08.20 12:16:05	16,92	0,57	52,09	9,96	27,96
127	29.08.20 12:16:06	16,89	0,57	51,22	8,22	30,56
128	29.08.20 12:16:07	16,89	0,60	57,00	6,29	26,71
129	29.08.20 12:16:08	16,86	0,64	62,04	4,68	23,29
130	29.08.20 12:16:09	16,86	0,66	60,67	4,53	24,80
131	29.08.20 12:16:10	16,83	0,66	57,94	2,24	29,82
132	29.08.20 12:16:11	16,83	0,68	59,25	2,21	28,54
133	29.08.20 12:16:12	16,83	0,70	61,22	6,72	22,06
134	29.08.20 12:16:13	16,83	0,73	58,59	9,15	22,25
135	29.08.20 12:16:14	16,80	0,73	55,15	8,44	26,42
136	29.08.20 12:16:15	16,80	0,75	54,62	8,15	27,24
137	29.08.20 12:16:16	16,77	0,75	54,52	11,21	24,27
138	29.08.20 12:16:17	16,77	0,79	59,46	11,54	19,00
139	29.08.20 12:16:18	16,77	0,81	54,06	15,52	20,43
140	29.08.20 12:16:19	16,77	0,84	51,48	15,28	23,25
141	29.08.20 12:16:20	16,74	0,88	50,07	17,89	22,04
142	29.08.20 12:16:21	16,68	0,88	50,49	17,23	22,28
143	29.08.20 12:16:22	16,65	0,90	51,27	16,60	22,13
144	29.08.20 12:16:23	16,65	0,94	50,85	21,18	17,97
145	29.08.20 12:16:24	16,65	0,92	42,91	16,30	30,80
146	29.08.20 12:16:25	16,65	0,92	30,81	20,50	38,70
147	29.08.20 12:16:26	16,65	0,92	31,73	19,82	38,45
148	29.08.20 12:16:27	16,62	0,92	32,90	19,26	37,84
149	29.08.20 12:16:28	16,59	0,89	45,51	16,05	28,44
150	29.08.20 12:16:29	16,59	0,96	49,68	18,24	22,08
151	29.08.20 12:16:30	16,56	1,00	50,80	17,87	21,33
152	29.08.20 12:16:31	16,56	1,03	52,77	14,12	23,10
153	29.08.20 12:16:32	16,53	1,07	50,67	16,00	23,32
154	29.08.20 12:16:33	16,53	1,07	52,47	17,88	19,66
155	29.08.20 12:16:34	16,53	1,09	54,18	17,61	18,22
156	29.08.20 12:16:35	16,53	1,12	54,18	14,76	21,06
157	29.08.20 12:16:36	16,35	1,17	53,73	14,32	21,95
158	29.08.20 12:16:37	16,29	1,21	54,72	16,55	18,73
159	29.08.20 12:16:38	16,17	1,22	54,51	15,24	20,25
160	29.08.20 12:16:39	15,93	1,29	53,31	16,52	20,17
161	29.08.20 12:16:40	15,83	1,28	53,54	16,78	19,67
162	29.08.20 12:16:41	15,80	1,30	53,66	16,23	20,11
163	29.08.20 12:16:42	15,65	1,36	52,78	17,92	19,30
164	29.08.20 12:16:43	15,47	1,41	52,89	14,76	22,34
165	29.08.20 12:16:44	15,35	1,40	47,41	13,62	28,97
166	29.08.20 12:16:45	15,29	1,42	45,84	11,59	32,58
167	29.08.20 12:16:46	15,26	1,41	44,09	12,70	33,21
168	29.08.20 12:16:47	15,26	1,41	38,66	14,20	37,14
169	29.08.20 12:16:48	15,26	1,39	41,86	11,46	36,68
170	29.08.20 12:16:49	15,26	1,41	43,64	10,39	35,97
171	29.08.20 12:16:50	15,26	1,41	43,90	11,54	34,55
172	29.08.20 12:16:51	15,26	1,39	38,95	12,79	38,26
173	29.08.20 12:16:52	15,26	1,37	38,10	11,52	40,37
174	29.08.20 12:16:53	15,26	1,39	43,09	9,89	37,02
175	29.08.20 12:16:54	15,23	1,41	46,17	9,04	34,79
176	29.08.20 12:16:55	15,20	1,45	42,34	11,75	35,91
177	29.08.20 12:16:56	15,17	1,45	41,80	11,85	36,36
178	29.08.20 12:16:57	15,14	1,45	39,98	12,18	37,84
179	29.08.20 12:16:58	15,11	1,44	38,51	11,92	39,57
180	29.08.20 12:16:59	15,04	1,44	34,02	13,02	42,96
181	29.08.20 12:17:00	15,01	1,41	28,08	16,82	45,11
182	29.08.20 12:17:01	14,92	1,38	27,10	21,12	41,78
183	29.08.20 12:17:02	14,74	1,39	26,25	23,45	40,30
184	29.08.20 12:17:03	14,59	1,42	35,66	19,15	35,19
185	29.08.20 12:17:04	14,49	1,39	23,92	24,01	42,07
186	29.08.20 12:17:05	14,43	1,36	31,65	20,09	38,26
187	29.08.20 12:17:06	14,34	1,37	32,17	21,37	36,46
188	29.08.20 12:17:07	14,28	1,39	34,85	19,27	35,88
189	29.08.20 12:17:08	14,28	1,39	33,58	19,43	37,00
190	29.08.20 12:17:09	14,28	1,39	36,27	15,36	38,37
191	29.08.20 12:17:10	14,28	1,34	39,21	12,25	38,54
192	29.08.20 12:17:11	14,28	1,34	40,68	12,79	36,53
193	29.08.20 12:17:12	14,28	1,37	44,84	8,94	36,22
194	29.08.20 12:17:13	14,25	1,34	47,95	7,24	34,80
195	29.08.20 12:17:14	14,16	1,36	48,20	5,72	36,08
196	29.08.20 12:17:15	14,16	1,33	45,56	4,83	39,60
197	29.08.20 12:17:16	14,16	1,33	42,72	5,95	41,33
198	29.08.20 12:17:17	14,09	1,33	37,11	0,37	52,52
199	29.08.20 12:17:18	14,09	1,30	34,40	-0,92	54,68
200	29.08.20 12:17:19	14,09	1,28	34,80	-0,57	54,63
201	29.08.20 12:17:20	14,06	1,28	27,23	-5,99	56,79
202	29.08.20 12:17:21	14,03	1,30	25,46	-9,11	55,43
203	29.08.20 12:17:22	14,00	1,29	28,72	-5,77	55,51
204	29.08.20 12:17:23	14,00	1,29	30,48	-3,40	56,12
205	29.08.20 12:17:24	13,97	1,27	22,79	-9,80	57,42
206	29.08.20 12:17:25	13,94	1,27	20,43	-12,03	57,55
207	29.08.20 12:17:26	13,91	1,29	27,93	-8,53	53,54
208	29.08.20 12:17:27	13,91	1,29	33,15	-4,93	51,92
209	29.08.20 12:17:28	13,91	1,29	25,41	-12,30	52,29
210	29.08.20 12:17:29	13,91	1,31	24,81	-13,93	51,25
211	29.08.20 12:17:30	13,91	1,29	28,34	-9,32	52,34
212	29.08.20 12:17:31	13,88	1,31	35,65	-3,90	50,45
213	29.08.20 12:17:32	13,88	1,31	33,78	-8,08	48,13
214	29.08.20 12:17:33	13,85	1,30	34,51	-8,13	47,37
215	29.08.20 12:17:34	13,88	1,31	33,97	-9,17	46,86
216	29.08.20 12:17:35	13,88	1,33	28,42	-15,03	46,55
217	29.08.20 12:17:36	13,85	1,30	37,72	-6,89	45,39
218	29.08.20 12:17:37	13,79	1,32	30,67	-11,29	48,03
219	29.08.20 12:17:38	13,72	1,34	35,62	-8,04	46,34
220	29.08.20 12:17:39	13,72	1,36	38,07	-8,57	43,36
221	29.08.20 12:17:40	13,69	1,36	37,62	-9,47	42,91
222	29.08.20 12:17:41	13,69	1,38	35,50	-9,89	44,61
223	29.08.20 12:17:42	13,69	1,38	34,72	-10,06	45,22
224	29.08.20 12:17:43	13,69	1,38	38,25	-8,70	43,04
225	29.08.20 12:17:44	13,66	1,40	36,82	-11,01	42,18
226	29.08.20 12:17:45	13,63	1,42	35,81	-9,16	45,03
227	29.08.20 12:17:46	13,60	1,42	31,53	-13,60	44,86
228	29.08.20 12:17:47	13,54	1,46	34,41	-15,53	40,07
229	29.08.20 12:17:48	13,51	1,48	35,16	-14,31	40,53
230	29.08.20 12:17:49	13,48	1,50	36,17	-11,30	42,54
231	29.08.20 12:17:50	13,41	1,52	32,88	-14,54	42,58
232	29.08.20 12:17:51	13,38	1,54	35,18	-14,27	40,55
233	29.08.20 12:17:52	13,35	1,56	37,89	-12,44	39,67
234	29.08.20 12:17:53	13,29	1,57	36,57	-13,60	39,82
235	29.08.20 12:17:54	13,20	1,63	33,69	-12,91	43,40
236	29.08.20 12:17:55	13,07	1,65	35,17	-14,70	40,14
237	29.08.20 12:17:56	13,01	1,66	38,70	-12,93	38,37
238	29.08.20 12:17:57	12,95	1,66	36,12	-13,88	40,00
239	29.08.20 12:17:58	12,92	1,72	37,06	-12,77	40,17
240	29.08.20 12:17:59	12,79	1,76	34,66	-12,75	42,58
241	29.08.20 12:18:00	12,67	1,75	35,61	-11,98	42,41
242	29.08.20 12:18:01	12,54	1,83	34,32	-12,36	43,32
243	29.08.20 12:18:02	12,41	1,81	33,56	-13,26	43,17
244	29.08.20 12:18:03	12,38	1,83	34,70	-12,51	42,80
245	29.08.20 12:18:04	12,32	1,87	35,38	-13,02	41,60
246	29.08.20 12:18:05	12,19	1,91	34,80	-13,25	41,94
247	29.08.20 12:18:06	12,07	1,92	33,60	-12,50	43,89
248	29.08.20 12:18:07	11,97	1,93	30,88	-13,24	45,88
249	29.08.20 12:18:08	11,88	1,99	33,34	-11,49	45,17
250	29.08.20 12:18:09	11,75	2,03	34,88	-10,40	44,73
251	29.08.20 12:18:10	11,69	2,00	33,35	-11,66	44,99
252	29.08.20 12:18:11	11,62	2,02	33,45	-11,47	45,08
253	29.08.20 12:18:12	11,56	2,03	33,86	-11,39	44,74
254	29.08.20 12:18:13	11,15	2,11	33,82	-11,01	45,17
255	29.08.20 12:18:14	10,86	2,17	33,79	-10,31	45,90
256	29.08.20 12:18:15	10,60	2,22	33,97	-8,97	47,06
257	29.08.20 12:18:16	10,53	2,23	33,99	-8,56	47,45
258	29.08.20 12:18:17	10,44	2,25	33,47	-11,90	44,63
259	29.08.20 12:18:18	10,37	2,24	34,78	-10,80	44,42
260	29.08.20 12:18:19	10,31	2,31	34,22	-11,11	44,67
261	29.08.20 12:18:20	10,28	2,30	34,58	-10,76	44,66
262	29.08.20 12:18:21	10,24	2,32	34,27	-10,88	44,85
263	29.08.20 12:18:22	10,15	2,38	33,57	-10,55	45,89
264	29.08.20 12:18:23	10,02	2,42	35,34	-8,44	46,22
265	29.08.20 12:18:24	9,92	2,41	33,54	-8,78	47,68
266	29.08.20 12:18:25	9,85	2,42	34,04	-7,93	48,03
267	29.08.20 12:18:26	9,72	2,43	37,22	-6,57	46,21
268	29.08.20 12:18:27	9,62	2,45	34,21	-7,29	48,49
269	29.08.20 12:18:28	9,59	2,47	33,46	-6,98	49,56
270	29.08.20 12:18:29	9,62	2,47	35,34	-5,94	48,72
271	29.08.20 12:18:30	9,56	2,51	24,89	-8,83	56,27
272	29.08.20 12:18:31	9,56	2,51	20,24	-11,81	57,95
273	29.08.20 12:18:32	9,49	2,57	17,87	-12,96	59,17
274	29.08.20 12:18:33	9,46	2,57	33,11	-3,70	53,18
275	29.08.20 12:18:34	9,43	2,61	34,30	-4,46	51,24
276	29.08.20 12:18:35	9,43	2,61	27,47	-5,51	57,02
277	29.08.20 12:18:36	9,39	2,61	19,84	-8,40	61,75
278	29.08.20 12:18:37	9,36	2,65	18,93	-10,01	61,07
279	29.08.20 12:18:38	9,33	2,67	16,53	-11,79	61,68
280	29.08.20 12:18:39	9,26	2,67	19,91	-8,45	61,64
281	29.08.20 12:18:40	9,23	2,66	17,79	-7,89	64,32
282	29.08.20 12:18:41	9,20	2,71	17,60	-8,13	64,27
283	29.08.20 12:18:42	9,07	2,76	15,51	-8,68	65,81
284	29.08.20 12:18:43	8,97	2,75	14,43	-9,56	66,01
285	29.08.20 12:18:44	8,67	2,84	14,64	-8,59	66,77
286	29.08.20 12:18:45	8,47	2,89	15,64	-7,79	66,57
287	29.08.20 12:18:46	8,13	2,99	15,60	-7,87	66,52
288	29.08.20 12:18:47	7,86	2,99	14,79	-7,79	67,42
289	29.08.20 12:18:48	7,73	2,98	15,48	-7,45	67,07
290	29.08.20 12:18:49	7,56	3,01	16,00	-7,35	66,65
291	29.08.20 12:18:50	7,46	3,04	14,12	-7,82	68,06
292	29.08.20 12:18:51	7,42	3,04	15,60	-7,83	66,57
293	29.08.20 12:18:52	7,39	3,06	16,00	-7,93	66,07
294	29.08.20 12:18:53	7,39	3,06	14,28	-7,40	68,32
295	29.08.20 12:18:54	7,39	3,08	15,00	-7,41	67,59
296	29.08.20 12:18:55	7,32	3,12	15,21	-7,72	67,07
297	29.08.20 12:18:56	7,25	3,14	15,06	-7,56	67,38
298	29.08.20 12:18:57	7,18	3,16	15,23	-8,07	66,70
299	29.08.20 12:18:58	7,08	3,17	15,32	-7,78	66,90
300	29.08.20 12:18:59	6,98	3,23	16,08	-6,31	67,61
301	29.08.20 12:19:00	6,81	3,26	17,60	-5,94	66,45
302	29.08.20 12:19:01	6,70	3,27	14,80	-5,42	69,79
303	29.08.20 12:19:02	6,63	3,29	15,79	-4,39	69,82
304	29.08.20 12:19:03	6,60	3,31	14,46	-4,72	70,82
305	29.08.20 12:19:04	6,46	3,34	15,22	-5,69	69,09
306	29.08.20 12:19:05	6,39	3,33	15,83	-3,63	70,54
307	29.08.20 12:19:06	6,32	3,37	15,08	-3,20	71,72
308	29.08.20 12:19:07	6,29	3,39	14,36	-4,36	71,29
309	29.08.20 12:19:08	6,22	3,41	18,75	-2,96	68,29
310	29.08.20 12:19:09	6,18	3,43	17,66	-2,69	69,65
311	29.08.20 12:19:10	6,08	3,44	15,27	-4,75	69,97
312	29.08.20 12:19:11	6,04	3,46	14,03	-5,51	70,46
313	29.08.20 12:19:12	5,97	3,50	14,90	-4,77	70,33
314	29.08.20 12:19:13	5,83	3,53	15,24	-4,59	70,16
315	29.08.20 12:19:14	5,76	3,52	14,49	-6,06	69,45
316	29.08.20 12:19:15	5,69	3,56	15,38	-4,77	69,85
317	29.08.20 12:19:16	5,66	3,58	16,79	-5,21	68,00
318	29.08.20 12:19:17	5,55	3,62	16,26	-4,88	68,86
319	29.08.20 12:19:18	5,52	3,64	13,61	-5,99	70,41
320	29.08.20 12:19:19	5,37	3,69	17,59	-5,82	66,59
321	29.08.20 12:19:20	5,27	3,70	17,10	-4,78	68,11
322	29.08.20 12:19:21	5,27	3,70	14,30	-6,16	69,55
323	29.08.20 12:19:22	5,16	3,72	19,55	-7,15	63,30
324	29.08.20 12:19:23	5,20	3,77	30,65	-4,09	55,26
325	29.08.20 12:19:24	5,23	3,79	33,68	-5,56	50,76
326	29.08.20 12:19:25	5,27	3,82	31,53	-10,77	47,69
327	29.08.20 12:19:26	5,27	3,84	20,44	-11,03	58,52
328	29.08.20 12:19:27	5,23	3,84	23,21	-4,80	61,99
329	29.08.20 12:19:28	5,05	3,87	21,81	-2,80	65,39
330	29.08.20 12:19:29	4,95	3,90	22,22	-2,75	65,02
331	29.08.20 12:19:30	4,91	3,90	27,80	-0,35	61,85
332	29.08.20 12:19:31	4,84	3,89	30,32	-1,90	57,78
333	29.08.20 12:19:32	4,88	3,92	29,03	-1,94	59,03
334	29.08.20 12:19:33	4,88	3,90	31,02	3,28	55,70
335	29.08.20 12:19:34	4,91	3,92	38,53	1,97	49,50
336	29.08.20 12:19:35	4,95	3,90	38,43	3,37	48,20
337	29.08.20 12:19:36	4,95	3,90	38,22	2,24	49,53
338	29.08.20 12:19:37	4,98	3,93	39,76	4,28	45,95
339	29.08.20 12:19:38	5,02	3,93	40,17	6,06	43,77
340	29.08.20 12:19:39	5,02	3,96	41,34	6,10	42,56
341	29.08.20 12:19:40	5,02	3,93	43,26	4,21	42,53
342	29.08.20 12:19:41	5,02	3,96	44,80	4,45	40,75
343	29.08.20 12:19:42	5,02	3,98	45,46	4,96	39,58
344	29.08.20 12:19:43	4,98	4,00	44,69	6,77	38,54
345	29.08.20 12:19:44	4,98	4,02	47,23	5,11	37,66
346	29.08.20 12:19:45	4,98	4,04	46,55	4,25	39,20
347	29.08.20 12:19:46	4,98	4,04	45,01	5,74	39,24
348	29.08.20 12:19:47	4,98	4,04	46,70	7,15	36,15
349	29.08.20 12:19:48	4,98	4,09	47,93	5,22	36,84
350	29.08.20 12:19:49	4,98	4,11	49,31	5,99	34,69
351	29.08.20 12:19:50	4,98	4,11	51,83	5,56	32,61
352	29.08.20 12:19:51	4,98	4,14	48,81	6,05	35,15
353	29.08.20 12:19:52	4,98	4,18	45,28	6,18	38,54
354	29.08.20 12:19:53	4,95	4,18	48,82	7,31	33,87
355	29.08.20 12:19:54	4,95	4,23	52,34	7,53	30,13
356	29.08.20 12:19:55	4,95	4,23	50,59	7,38	32,03
357	29.08.20 12:19:56	4,91	4,27	48,80	7,45	33,75
358	29.08.20 12:19:57	4,91	4,31	48,38	7,59	34,02
359	29.08.20 12:19:58	4,88	4,33	48,56	8,14	33,31
360	29.08.20 12:19:59	4,80	4,35	49,86	8,13	32,02
361	29.08.20 12:20:00	4,77	4,35	51,73	8,28	29,99
362	29.08.20 12:20:01	4,73	4,39	53,07	8,06	28,86
363	29.08.20 12:20:02	4,70	4,43	50,21	7,78	32,01
364	29.08.20 12:20:03	4,70	4,43	44,48	9,83	35,69
365	29.08.20 12:20:04	4,70	4,48	51,19	8,95	29,86
366	29.08.20 12:20:05	4,66	4,52	55,84	8,26	25,90
367	29.08.20 12:20:06	4,63	4,59	57,46	6,72	25,81
368	29.08.20 12:20:07	4,59	4,58	47,60	7,68	34,72
369	29.08.20 12:20:08	4,59	4,58	43,33	9,00	37,67
370	29.08.20 12:20:09	4,63	4,63	49,70	9,46	30,84
371	29.08.20 12:20:10	4,63	4,68	56,57	7,91	25,51
372	29.08.20 12:20:11	4,63	4,70	51,63	7,73	30,64
373	29.08.20 12:20:12	4,63	4,70	47,16	9,46	33,38
374	29.08.20 12:20:13	4,66	4,75	52,19	8,69	29,11
375	29.08.20 12:20:14	4,66	4,77	51,48	9,41	29,11
376	29.08.20 12:20:15	4,66	4,80	46,50	10,09	33,40
377	29.08.20 12:20:16	4,66	4,82	44,87	10,88	34,25
378	29.08.20 12:20:17	4,66	4,87	6,48	22,79	60,73
379	29.08.20 12:20:18	4,63	4,86	2,78	25,58	61,65
380	29.08.20 12:20:19	4,59	4,84	2,29	17,86	69,85
381	29.08.20 12:20:20	4,59	4,86	-0,92	18,14	70,93
382	29.08.20 12:20:21	4,55	4,88	-5,65	3,92	80,44
383	29.08.20 12:20:22	4,44	4,89	-1,73	4,07	84,20
384	29.08.20 12:20:23	4,37	4,86	-7,71	19,05	63,25
385	29.08.20 12:20:24	4,30	4,88	5,68	15,30	69,02
386	29.08.20 12:20:25	4,26	4,90	-5,82	9,97	74,21
387	29.08.20 12:20:26	4,26	4,87	0,54	9,65	79,81
388	29.08.20 12:20:27	4,23	4,87	-8,86	7,67	73,47
389	29.08.20 12:20:28	4,23	4,87	-4,80	7,48	77,72
390	29.08.20 12:20:29	4,19	4,87	-1,56	6,94	81,50
391	29.08.20 12:20:30	4,23	4,87	0,51	10,16	79,32
392	29.08.20 12:20:31	4,23	4,85	6,22	6,99	76,79
393	29.08.20 12:20:32	4,23	4,85	-7,93	6,90	75,17
394	29.08.20 12:20:33	4,19	4,84	-4,18	6,02	79,79
395	29.08.20 12:20:34	4,19	4,82	-7,39	9,08	73,53
396	29.08.20 12:20:35	4,19	4,84	-1,53	6,87	81,60
397	29.08.20 12:20:36	4,19	4,84	-9,14	3,15	77,71
398	29.08.20 12:20:37	4,19	4,82	-3,70	7,39	78,90
399	29.08.20 12:20:38	4,16	4,89	-11,86	3,96	74,17
400	29.08.20 12:20:39	4,16	4,84	-10,80	0,47	78,74
401	29.08.20 12:20:40	4,16	4,86	0,61	2,34	87,05
402	29.08.20 12:20:41	4,08	4,85	-3,49	1,76	84,76
403	29.08.20 12:20:42	3,97	4,84	-1,71	5,77	82,51
404	29.08.20 12:20:43	3,90	4,86	2,59	3,99	83,42
405	29.08.20 12:20:44	3,86	4,83	-7,48	8,22	74,31
406	29.08.20 12:20:45	3,86	4,83	-10,34	7,48	72,17
407	29.08.20 12:20:46	3,86	4,83	-3,38	8,72	77,90
408	29.08.20 12:20:47	3,86	4,83	-3,00	3,83	83,17
409	29.08.20 12:20:48	3,86	4,83	-12,15	5,19	72,66
410	29.08.20 12:20:49	3,86	4,83	-5,89	5,14	78,98
411	29.08.20 12:20:50	3,83	4,83	-5,78	7,98	76,24
412	29.08.20 12:20:51	3,83	4,83	0,70	6,19	83,11
413	29.08.20 12:20:52	3,79	4,82	-7,87	11,73	70,39
414	29.08.20 12:20:53	3,79	4,82	0,18	4,44	85,38
415	29.08.20 12:20:54	3,75	4,80	-11,01	4,96	74,03
416	29.08.20 12:20:55	3,75	4,82	-4,62	5,75	79,63
417	29.08.20 12:20:56	3,72	4,82	-2,85	9,00	78,15
418	29.08.20 12:20:57	3,72	4,84	7,35	3,91	78,74
419	29.08.20 12:20:58	3,68	4,77	-2,25	5,36	82,39
420	29.08.20 12:20:59	3,61	4,81	-6,94	24,93	58,13
421	29.08.20 12:21:00	3,57	4,80	-6,72	30,00	53,28
422	29.08.20 12:21:01	3,57	4,80	-17,47	14,05	58,49
423	29.08.20 12:21:02	3,53	4,82	-5,78	10,10	74,12
424	29.08.20 12:21:03	3,50	4,82	-3,75	10,15	76,10
425	29.08.20 12:21:04	3,46	4,81	-1,65	10,45	77,90
426	29.08.20 12:21:05	3,46	4,79	-11,37	4,31	74,32
427	29.08.20 12:21:06	3,42	4,79	-12,11	-1,45	76,44
428	29.08.20 12:21:07	3,39	4,78	2,10	-6,15	81,76
429	29.08.20 12:21:08	3,35	4,80	-1,96	9,27	78,77
430	29.08.20 12:21:09	3,31	4,78	-4,17	6,98	78,85
431	29.08.20 12:21:10	3,31	4,80	-6,31	9,41	74,28
432	29.08.20 12:21:11	3,31	4,80	-2,40	19,92	67,68
433	29.08.20 12:21:12	3,31	4,78	-2,91	20,09	66,99
434	29.08.20 12:21:13	3,31	4,78	-2,94	20,32	66,74
435	29.08.20 12:21:14	3,31	4,78	-2,64	21,09	66,27
436	29.08.20 12:21:15	3,35	4,78	-2,25	21,89	65,86
437	29.08.20 12:21:16	3,35	4,78	-2,00	22,27	65,72
438	29.08.20 12:21:17	3,35	4,78	-1,83	22,91	65,26
439	29.08.20 12:21:18	3,39	4,76	-2,42	21,31	66,27
440	29.08.20 12:21:19	3,39	4,76	-2,34	21,49	66,17
441	29.08.20 12:21:20	3,39	4,76	-2,17	21,93	65,90
442	29.08.20 12:21:21	3,42	4,74	-1,60	26,23	62,17
443	29.08.20 12:21:22	3,42	4,76	30,58	5,24	54,17
444	29.08.20 12:21:23	3,39	4,74	-13,57	43,19	33,23
445	29.08.20 12:21:24	3,27	4,77	15,20	41,22	33,57
446	29.08.20 12:21:25	3,24	4,77	23,66	33,99	32,35
447	29.08.20 12:21:26	3,24	4,79	11,58	7,60	70,82
448	29.08.20 12:21:27	3,20	4,79	16,84	43,54	29,63
449	29.08.20 12:21:28	3,20	4,72	17,39	55,36	17,25
450	29.08.20 12:21:29	3,16	4,76	19,74	60,43	9,84
451	29.08.20 12:21:30	3,16	4,76	21,57	30,32	38,11
452	29.08.20 12:21:31	3,13	4,78	18,69	32,04	39,27
453	29.08.20 12:21:32	3,01	4,79	23,55	20,92	45,53
454	29.08.20 12:21:33	2,98	4,79	23,86	8,57	57,57
455	29.08.20 12:21:34	2,98	4,79	17,94	8,16	63,90
456	29.08.20 12:21:35	2,94	4,81	11,57	31,50	46,93
457	29.08.20 12:21:36	2,90	4,78	2,08	23,35	64,57
458	29.08.20 12:21:37	2,87	4,82	-3,20	5,63	81,17
459	29.08.20 12:21:38	2,87	4,80	2,16	6,32	81,53
460	29.08.20 12:21:39	2,87	4,78	-5,51	2,64	81,85
461	29.08.20 12:21:40	2,83	4,79	-3,28	7,70	79,02
462	29.08.20 12:21:41	2,87	4,78	-7,75	11,62	70,63
463	29.08.20 12:21:42	2,87	4,78	-8,59	9,34	72,08
464	29.08.20 12:21:43	2,87	4,75	-14,27	7,11	68,62
465	29.08.20 12:21:44	2,83	4,79	-4,32	9,67	76,01
466	29.08.20 12:21:45	2,79	4,79	10,20	17,48	62,32
467	29.08.20 12:21:46	2,79	4,74	-0,23	9,66	80,11
468	29.08.20 12:21:47	2,75	4,79	-8,51	4,08	77,41
469	29.08.20 12:21:48	2,75	4,79	-7,50	4,85	77,65
470	29.08.20 12:21:49	2,75	4,79	-1,84	7,28	80,87
471	29.08.20 12:21:50	2,72	4,76	-18,60	2,40	69,00
472	29.08.20 12:21:51	2,72	4,78	-8,04	2,42	79,54
473	29.08.20 12:21:52	2,72	4,76	2,46	6,76	80,78
474	29.08.20 12:21:53	2,75	4,76	-4,60	2,57	82,83
475	29.08.20 12:21:54	2,72	4,76	2,28	3,87	83,85
476	29.08.20 12:21:55	2,75	4,76	-13,95	4,78	71,27
477	29.08.20 12:21:56	2,72	4,76	-14,53	7,62	67,85
478	29.08.20 12:21:57	2,75	4,74	-5,82	3,80	80,38
479	29.08.20 12:21:58	2,75	4,76	-0,98	6,93	82,09
480	29.08.20 12:21:59	2,75	4,76	-10,68	5,72	73,61
481	29.08.20 12:22:00	2,75	4,74	8,74	5,22	76,04
482	29.08.20 12:22:01	2,68	4,78	-4,61	8,98	76,41
483	29.08.20 12:22:02	2,68	4,78	14,19	4,45	71,36
484	29.08.20 12:22:03	2,68	4,78	-0,51	8,48	81,01
485	29.08.20 12:22:04	2,64	4,78	-5,96	14,82	69,22
486	29.08.20 12:22:05	2,64	4,78	-8,70	9,52	71,79
487	29.08.20 12:22:06	2,64	4,78	-4,94	0,67	84,40
488	29.08.20 12:22:07	2,64	4,73	-13,29	20,73	55,97
489	29.08.20 12:22:08	2,60	4,77	5,80	-5,06	79,14
490	29.08.20 12:22:09	2,60	4,77	-6,61	11,16	72,23
491	29.08.20 12:22:10	2,56	4,77	-0,61	14,66	74,74
492	29.08.20 12:22:11	2,56	4,74	-12,99	11,91	65,11
493	29.08.20 12:22:12	2,56	4,74	-6,69	5,33	77,98
494	29.08.20 12:22:13	2,56	4,74	-1,94	2,09	85,97
495	29.08.20 12:22:14	2,56	4,74	-7,16	8,45	74,38
496	29.08.20 12:22:15	2,56	4,74	12,26	5,00	72,74
497	29.08.20 12:22:16	2,53	4,74	-13,57	19,26	57,17
498	29.08.20 12:22:17	2,49	4,76	8,80	11,42	69,78
499	29.08.20 12:22:18	2,49	4,74	-4,84	8,26	76,90
500	29.08.20 12:22:19	2,49	4,74	-13,25	6,30	70,45
501	29.08.20 12:22:20	2,49	4,76	7,17	21,36	61,48
502	29.08.20 12:22:21	2,49	4,74	-3,41	4,39	82,19
503	29.08.20 12:22:22	2,49	4,74	-4,37	3,75	81,87
504	29.08.20 12:22:23	2,45	4,76	1,98	6,81	81,21
505	29.08.20 12:22:24	2,45	4,76	-7,78	7,12	75,09
506	29.08.20 12:22:25	2,45	4,76	-5,45	7,75	76,80
507	29.08.20 12:22:26	2,45	4,73	-3,71	7,00	79,30
508	29.08.20 12:22:27	2,45	4,73	-6,94	5,43	77,63
509	29.08.20 12:22:28	2,45	4,78	-4,49	11,13	74,38
510	29.08.20 12:22:29	2,45	4,73	-5,40	7,74	76,87
511	29.08.20 12:22:30	2,45	4,73	-4,92	7,02	78,06
512	29.08.20 12:22:31	2,45	4,71	-5,19	5,91	78,90
513	29.08.20 12:22:32	2,45	4,73	6,16	0,56	83,28
514	29.08.20 12:22:33	2,45	4,73	-4,51	5,00	80,49
515	29.08.20 12:22:34	2,45	4,76	1,02	2,05	86,93
516	29.08.20 12:22:35	2,45	4,73	-3,26	6,02	80,71
517	29.08.20 12:22:36	2,41	4,73	-14,04	6,59	69,37
518	29.08.20 12:22:37	2,41	4,73	-2,55	8,29	79,16
519	29.08.20 12:22:38	2,41	4,73	1,35	-11,43	77,22
520	29.08.20 12:22:39	2,41	4,73	-2,00	6,89	81,11
521	29.08.20 12:22:40	2,38	4,72	-2,20	6,44	81,36
522	29.08.20 12:22:41	2,34	4,72	-10,24	5,76	74,00
523	29.08.20 12:22:42	2,34	4,74	-3,87	7,08	79,05
524	29.08.20 12:22:43	2,34	4,72	-7,30	7,66	75,04
525	29.08.20 12:22:44	2,30	4,72	-1,60	6,66	81,74
526	29.08.20 12:22:45	2,34	4,72	-7,02	11,29	71,68
527	29.08.20 12:22:46	2,34	4,72	-2,11	5,97	81,92
528	29.08.20 12:22:47	2,30	4,72	1,79	1,19	87,02
529	29.08.20 12:22:48	2,30	4,72	-8,06	11,40	70,55
530	29.08.20 12:22:49	2,30	4,72	1,08	5,39	83,53
531	29.08.20 12:22:50	2,30	4,69	-4,53	7,58	77,89
532	29.08.20 12:22:51	2,30	4,69	-1,58	-2,43	85,99
533	29.08.20 12:22:52	2,30	4,69	0,69	11,08	78,23
534	29.08.20 12:22:53	2,26	4,69	-3,60	7,07	79,33
535	29.08.20 12:22:54	2,26	4,71	-3,48	6,86	79,66
536	29.08.20 12:22:55	2,22	4,71	-2,79	4,50	82,71
537	29.08.20 12:22:56	2,22	4,73	-10,09	7,79	72,12
538	29.08.20 12:22:57	2,19	4,73	-4,55	5,52	79,93
539	29.08.20 12:22:58	2,19	4,70	-3,82	7,66	78,52
540	29.08.20 12:22:59	2,19	4,73	-3,77	10,00	76,22
541	29.08.20 12:23:00	2,19	4,73	-7,23	18,57	64,20
542	29.08.20 12:23:01	2,15	4,70	-11,00	11,27	67,73
543	29.08.20 12:23:02	2,15	4,75	-2,30	9,68	78,02
544	29.08.20 12:23:03	2,15	4,72	-6,04	5,08	78,89
545	29.08.20 12:23:04	2,11	4,72	-0,09	9,61	80,31
546	29.08.20 12:23:05	2,11	4,72	-8,50	9,64	71,86
547	29.08.20 12:23:06	2,07	4,72	-2,79	3,73	83,48
548	29.08.20 12:23:07	2,11	4,72	-7,04	6,13	76,82
549	29.08.20 12:23:08	2,11	4,72	3,57	14,45	71,98
550	29.08.20 12:23:09	2,11	4,70	-7,83	8,40	73,77
551	29.08.20 12:23:10	2,11	4,70	-7,46	5,13	77,41
552	29.08.20 12:23:11	2,07	4,69	-10,88	12,65	66,47
553	29.08.20 12:23:12	2,11	4,70	-6,75	9,34	73,91
554	29.08.20 12:23:13	2,07	4,69	-10,21	9,10	70,68
555	29.08.20 12:23:14	2,07	4,67	11,31	5,71	72,98
556	29.08.20 12:23:15	2,07	4,69	-8,54	2,72	78,74
557	29.08.20 12:23:16	2,07	4,72	-4,37	6,76	78,86
558	29.08.20 12:23:17	2,03	4,69	3,40	5,35	81,26
559	29.08.20 12:23:18	2,03	4,71	-6,49	10,62	72,89
560	29.08.20 12:23:19	2,03	4,69	-4,72	3,90	81,38
561	29.08.20 12:23:20	2,03	4,69	-0,03	7,22	82,76
562	29.08.20 12:23:21	2,03	4,69	2,58	8,29	79,13
563	29.08.20 12:23:22	2,03	4,69	23,04	5,60	61,36
564	29.08.20 12:23:23	2,00	4,66	11,64	11,83	66,54
565	29.08.20 12:23:24	2,00	4,71	-11,62	-7,35	71,02
566	29.08.20 12:23:25	1,96	4,66	-3,55	27,69	58,75
567	29.08.20 12:23:26	1,92	4,70	-7,71	-0,95	81,34
568	29.08.20 12:23:27	1,92	4,70	2,54	3,03	84,43
569	29.08.20 12:23:28	1,88	4,70	3,93	28,82	57,25
570	29.08.20 12:23:29	1,88	4,70	2,18	16,62	71,21
571	29.08.20 12:23:30	1,84	4,67	-3,43	7,34	79,23
572	29.08.20 12:23:31	1,84	4,72	1,26	12,37	76,37
573	29.08.20 12:23:32	1,81	4,71	-1,53	8,76	79,70
574	29.08.20 12:23:33	1,81	4,71	-0,64	0,81	88,55
575	29.08.20 12:23:34	1,81	4,69	2,24	12,33	75,43
576	29.08.20 12:23:35	1,81	4,71	-14,20	9,02	66,78
577	29.08.20 12:23:36	1,81	4,69	6,22	8,83	74,95
578	29.08.20 12:23:37	1,81	4,69	0,72	3,91	85,37
579	29.08.20 12:23:38	1,81	4,69	-9,93	4,50	75,57
580	29.08.20 12:23:39	1,77	4,68	-7,47	3,53	79,00
581	29.08.20 12:23:40	1,77	4,71	0,49	14,54	74,97
582	29.08.20 12:23:41	1,77	4,71	-0,21	7,58	82,21
583	29.08.20 12:23:42	1,77	4,68	-8,21	5,53	76,25
584	29.08.20 12:23:43	1,77	4,71	-16,66	5,14	68,20
585	29.08.20 12:23:44	1,73	4,68	-10,93	6,93	72,14
586	29.08.20 12:23:45	1,73	4,70	-15,71	5,78	68,52
587	29.08.20 12:23:46	1,73	4,68	-12,21	-1,09	76,70
588	29.08.20 12:23:47	1,69	4,68	0,76	8,37	80,87
589	29.08.20 12:23:48	1,73	4,68	-2,92	8,06	79,02
590	29.08.20 12:23:49	1,73	4,66	-9,02	2,42	78,55
591	29.08.20 12:23:50	1,73	4,68	-5,55	5,05	79,39
592	29.08.20 12:23:51	1,73	4,68	-3,32	6,26	80,42
593	29.08.20 12:23:52	1,73	4,68	-4,79	5,31	79,90
594	29.08.20 12:23:53	1,73	4,73	0,00	19,43	70,57
595	29.08.20 12:23:54	1,69	4,68	9,30	13,52	67,18
596	29.08.20 12:23:55	1,69	4,68	9,47	14,83	65,70
597	29.08.20 12:23:56	1,69	4,68	-6,86	14,46	68,68
598	29.08.20 12:23:57	1,69	4,65	4,99	11,09	73,92
599	29.08.20 12:23:58	1,69	4,65	8,44	11,81	69,74
600	29.08.20 12:23:59	1,69	4,65	0,54	9,68	79,79
601	29.08.20 12:24:00	1,65	4,65	7,75	-0,72	81,53
602	29.08.20 12:24:01	1,65	4,65	-18,21	9,56	62,22
603	29.08.20 12:24:02	1,61	4,67	-3,42	15,94	70,63
604	29.08.20 12:24:03	1,61	4,67	17,63	8,46	63,91
605	29.08.20 12:24:04	1,61	4,64	19,03	-12,35	58,62
606	29.08.20 12:24:05	1,61	4,62	-29,28	-12,75	47,97
607	29.08.20 12:24:06	1,61	4,64	-0,52	0,11	89,37
608	29.08.20 12:24:07	1,57	4,64	-2,90	13,10	74,00
609	29.08.20 12:24:08	1,57	4,64	-4,81	8,78	76,42
610	29.08.20 12:24:09	1,57	4,64	3,13	3,92	82,95
611	29.08.20 12:24:10	1,57	4,64	0,74	-1,55	87,71
612	29.08.20 12:24:11	1,57	4,64	6,69	-18,63	64,68
613	29.08.20 12:24:12	1,57	4,64	-10,72	6,90	72,38
614	29.08.20 12:24:13	1,54	4,66	-2,88	5,38	81,75
615	29.08.20 12:24:14	1,50	4,66	-6,32	5,68	78,00
616	29.08.20 12:24:15	1,50	4,66	-4,80	9,40	75,81
617	29.08.20 12:24:16	1,50	4,66	-8,23	8,02	73,76
618	29.08.20 12:24:17	1,50	4,66	-7,67	3,59	78,74
619	29.08.20 12:24:18	1,50	4,66	-5,52	3,87	80,62
620	29.08.20 12:24:19	1,54	4,64	-4,00	3,64	82,36
621	29.08.20 12:24:20	1,54	4,66	-6,26	3,37	80,38
622	29.08.20 12:24:21	1,54	4,66	-5,62	7,59	76,79
623	29.08.20 12:24:22	1,54	4,66	-5,06	5,97	78,97
624	29.08.20 12:24:23	1,54	4,64	-8,05	3,96	77,99
625	29.08.20 12:24:24	1,54	4,66	4,60	0,96	84,44
626	29.08.20 12:24:25	1,54	4,64	0,94	8,00	81,06
627	29.08.20 12:24:26	1,54	4,64	-9,21	14,64	66,15
628	29.08.20 12:24:27	1,54	4,64	1,41	-14,26	74,33
629	29.08.20 12:24:28	1,50	4,63	1,10	6,18	82,72
630	29.08.20 12:24:29	1,50	4,68	-16,64	10,98	62,38
631	29.08.20 12:24:30	1,50	4,66	-3,03	-8,17	78,81
632	29.08.20 12:24:31	1,46	4,67	-24,77	13,17	52,06
633	29.08.20 12:24:32	1,46	4,67	-2,08	7,00	80,92
634	29.08.20 12:24:33	1,46	4,67	-5,29	7,12	77,59
635	29.08.20 12:24:34	1,46	4,70	-9,60	16,15	64,25
636	29.08.20 12:24:35	1,50	4,70	-4,21	11,07	74,72
637	29.08.20 12:24:36	1,50	4,68	2,94	12,22	74,84
638	29.08.20 12:24:37	1,50	4,70	15,55	13,99	60,47
639	29.08.20 12:24:38	1,50	4,70	33,10	-2,09	54,82
640	29.08.20 12:24:39	1,46	4,67	0,15	9,46	80,39
641	29.08.20 12:24:40	1,46	4,72	7,54	-1,25	81,21
642	29.08.20 12:24:41	1,46	4,70	4,30	24,77	60,93
643	29.08.20 12:24:42	1,42	4,72	1,40	6,79	81,80
644	29.08.20 12:24:43	1,42	4,69	-8,07	9,71	72,22
645	29.08.20 12:24:44	1,42	4,69	-0,24	-6,11	83,66
646	29.08.20 12:24:45	1,42	4,69	-10,31	39,51	40,18
647	29.08.20 12:24:46	1,42	4,69	-2,36	21,28	66,36
648	29.08.20 12:24:47	1,42	4,69	-3,48	16,35	70,17
649	29.08.20 12:24:48	1,42	4,69	5,01	24,17	60,83
650	29.08.20 12:24:49	1,42	4,72	-11,11	41,77	37,11
651	29.08.20 12:24:50	1,38	4,71	-1,49	34,90	53,62
652	29.08.20 12:24:51	1,38	4,69	39,66	-8,28	42,06
653	29.08.20 12:24:52	1,38	4,69	13,11	-42,04	34,85
654	29.08.20 12:24:53	1,38	4,69	4,91	-2,71	82,38
655	29.08.20 12:24:54	1,38	4,71	8,43	3,33	78,24
656	29.08.20 12:24:55	1,38	4,74	-3,18	-20,27	66,55
657	29.08.20 12:24:56	1,38	4,74	2,15	-13,73	74,11
658	29.08.20 12:24:57	1,38	4,69	0,04	-13,73	76,23
659	29.08.20 12:24:58	1,38	4,69	12,40	-10,69	66,91
660	29.08.20 12:24:59	1,38	4,67	5,05	-7,04	77,91
661	29.08.20 12:25:00	1,38	4,67	6,28	-0,28	83,44
662	29.08.20 12:25:01	1,38	4,67	-3,17	-2,61	84,22
663	29.08.20 12:25:02	1,38	4,67	-9,67	3,40	76,93
664	29.08.20 12:25:03	1,34	4,69	2,63	1,25	86,12
665	29.08.20 12:25:04	1,34	4,69	-7,09	10,55	72,36
666	29.08.20 12:25:05	1,34	4,69	-4,72	-2,06	83,23
667	29.08.20 12:25:06	1,34	4,69	-6,93	12,78	70,29
668	29.08.20 12:25:07	1,34	4,69	-4,03	4,15	81,82
669	29.08.20 12:25:08	1,34	4,71	-4,16	4,93	80,91
670	29.08.20 12:25:09	1,34	4,69	-6,11	8,26	75,63
671	29.08.20 12:25:10	1,38	4,69	-0,44	2,99	86,56
672	29.08.20 12:25:11	1,38	4,69	-6,56	8,35	75,09
673	29.08.20 12:25:12	1,38	4,71	-3,09	7,90	79,01
674	29.08.20 12:25:13	1,38	4,69	-11,24	-0,14	78,62
675	29.08.20 12:25:14	1,38	4,69	-6,31	4,49	79,21
676	29.08.20 12:25:15	1,38	4,69	-11,76	8,17	70,07
677	29.08.20 12:25:16	1,38	4,69	-2,28	10,53	77,19
678	29.08.20 12:25:17	1,38	4,67	-4,64	6,85	78,51
679	29.08.20 12:25:18	1,38	4,69	0,46	2,00	87,54
680	29.08.20 12:25:19	1,38	4,69	-6,94	6,78	76,28
681	29.08.20 12:25:20	1,38	4,69	-6,63	7,48	75,89
682	29.08.20 12:25:21	1,38	4,69	-0,70	5,00	84,30
683	29.08.20 12:25:22	1,38	4,69	-4,86	6,97	78,18
684	29.08.20 12:25:23	1,38	4,67	-4,21	4,37	81,42
685	29.08.20 12:25:24	1,38	4,69	1,58	-2,61	85,81
686	29.08.20 12:25:25	1,34	4,66	-6,96	7,10	75,95
687	29.08.20 12:25:26	1,34	4,73	-7,61	4,75	77,65
688	29.08.20 12:25:27	1,34	4,69	-7,77	-0,08	82,15
689	29.08.20 12:25:28	1,34	4,66	-2,83	6,67	80,50
690	29.08.20 12:25:29	1,34	4,69	-13,06	5,75	71,19
691	29.08.20 12:25:30	1,34	4,66	-7,83	12,32	69,84
692	29.08.20 12:25:31	1,34	4,66	-13,21	3,94	72,85
693	29.08.20 12:25:32	1,34	4,69	-4,15	3,47	82,39
694	29.08.20 12:25:33	1,34	4,66	-7,07	4,29	78,65
695	29.08.20 12:25:34	1,30	4,66	-5,18	6,17	78,66
696	29.08.20 12:25:35	1,30	4,68	1,80	4,52	83,68
697	29.08.20 12:25:36	1,30	4,66	-7,60	3,25	79,15
698	29.08.20 12:25:37	1,30	4,64	-0,77	5,76	83,47
699	29.08.20 12:25:38	1,30	4,64	-2,44	0,00	87,56
700	29.08.20 12:25:39	1,30	4,66	12,82	2,56	74,62
701	29.08.20 12:25:40	1,30	4,66	-4,77	11,02	74,21
702	29.08.20 12:25:41	1,30	4,66	-4,90	6,19	78,91
703	29.08.20 12:25:42	1,27	4,65	8,27	2,98	78,75
704	29.08.20 12:25:43	1,27	4,68	-15,11	16,73	58,16
705	29.08.20 12:25:44	1,27	4,63	1,70	14,06	74,24
706	29.08.20 12:25:45	1,27	4,65	6,12	11,75	72,13
707	29.08.20 12:25:46	1,27	4,68	0,85	10,20	78,96
708	29.08.20 12:25:47	1,27	4,63	7,11	15,69	67,19
709	29.08.20 12:25:48	1,27	4,65	5,13	13,17	71,70
710	29.08.20 12:25:49	1,27	4,65	2,28	25,85	61,87
711	29.08.20 12:25:50	1,27	4,65	2,61	31,96	55,43
712	29.08.20 12:25:51	1,27	4,65	0,20	27,47	62,33
713	29.08.20 12:25:52	1,27	4,65	1,84	36,75	51,41
714	29.08.20 12:25:53	1,27	4,65	1,96	31,16	56,88
715	29.08.20 12:25:54	1,27	4,65	5,99	34,00	50,01
716	29.08.20 12:25:55	1,27	4,65	5,09	40,12	44,79
717	29.08.20 12:25:56	1,27	4,68	12,02	31,04	46,95
718	29.08.20 12:25:57	1,27	4,65	10,69	42,91	36,40
719	29.08.20 12:25:58	1,27	4,65	6,71	47,19	36,10
720	29.08.20 12:25:59	1,27	4,65	8,93	47,93	33,14
721	29.08.20 12:26:00	1,27	4,65	9,13	46,74	34,13
722	29.08.20 12:26:01	1,27	4,65	5,90	50,48	33,63
723	29.08.20 12:26:02	1,27	4,65	6,52	37,38	46,10
724	29.08.20 12:26:03	1,27	4,65	12,74	50,54	26,72
725	29.08.20 12:26:04	1,27	4,68	12,33	43,73	33,93
726	29.08.20 12:26:05	1,27	4,65	8,71	35,45	45,84
727	29.08.20 12:26:06	1,27	4,65	7,78	47,54	34,68
728	29.08.20 12:26:07	1,27	4,65	17,80	53,01	19,19
729	29.08.20 12:26:08	1,27	4,63	25,24	28,08	36,68
730	29.08.20 12:26:09	1,27	4,65	27,01	36,84	26,14
731	29.08.20 12:26:10	1,27	4,65	17,31	35,33	37,36
732	29.08.20 12:26:11	1,27	4,65	14,22	32,81	42,97
733	29.08.20 12:26:12	1,27	4,65	5,47	52,17	32,36
734	29.08.20 12:26:13	1,23	4,65	15,11	59,68	15,21
735	29.08.20 12:26:14	1,23	4,63	24,19	43,50	22,31
736	29.08.20 12:26:15	1,23	4,63	28,18	21,48	40,34
737	29.08.20 12:26:16	1,23	4,63	17,28	49,96	22,75
738	29.08.20 12:26:17	1,23	4,63	20,05	40,21	29,74
739	29.08.20 12:26:18	1,23	4,63	40,72	14,62	34,66
740	29.08.20 12:26:19	1,23	4,63	32,79	20,61	36,60
741	29.08.20 12:26:20	1,23	4,63	38,31	20,03	31,66
742	29.08.20 12:26:21	1,23	4,65	46,36	18,41	25,23
743	29.08.20 12:26:22	1,23	4,63	52,00	17,67	20,33
744	29.08.20 12:26:23	1,23	4,60	43,27	17,04	29,69
745	29.08.20 12:26:24	1,23	4,56	33,10	21,73	35,17
746	29.08.20 12:26:25	1,23	4,58	42,27	20,22	27,51
747	29.08.20 12:26:26	1,23	4,58	45,20	18,85	25,95
748	29.08.20 12:26:27	1,23	4,56	37,47	21,69	30,85
749	29.08.20 12:26:28	1,23	4,56	45,18	17,73	27,09
750	29.08.20 12:26:29	1,23	4,56	43,95	19,09	26,96
751	29.08.20 12:26:30	1,23	4,56	45,35	18,41	26,24
752	29.08.20 12:26:31	1,23	4,53	38,20	20,26	31,54
753	29.08.20 12:26:32	1,23	4,53	39,39	20,21	30,40
754	29.08.20 12:26:33	1,19	4,53	47,07	20,18	22,75
755	29.08.20 12:26:34	1,19	4,51	40,88	21,08	28,04
756	29.08.20 12:26:35	1,19	4,48	32,36	23,13	34,51
757	29.08.20 12:26:36	1,19	4,48	42,48	21,57	25,94
758	29.08.20 12:26:37	1,19	4,51	48,66	21,45	19,89
759	29.08.20 12:26:38	1,19	4,48	36,81	24,25	28,93
760	29.08.20 12:26:39	1,19	4,44	32,24	24,53	33,23
761	29.08.20 12:26:40	1,19	4,41	35,26	23,05	31,69
762	29.08.20 12:26:41	1,19	4,44	47,72	25,98	16,30
763	29.08.20 12:26:42	1,19	4,51	54,92	26,13	8,95
764	29.08.20 12:26:43	1,19	4,48	43,88	21,82	24,30
765	29.08.20 12:26:44	1,15	4,41	34,74	24,07	31,20
766	29.08.20 12:26:45	1,15	4,46	48,15	25,16	16,70
767	29.08.20 12:26:46	1,15	4,48	54,97	25,97	9,06
768	29.08.20 12:26:47	1,15	4,48	49,36	22,55	18,09
769	29.08.20 12:26:48	1,11	4,45	49,51	23,76	16,74
770	29.08.20 12:26:49	1,11	4,48	50,26	24,43	15,31
771	29.08.20 12:26:50	1,11	4,45	42,33	23,21	24,46
772	29.08.20 12:26:51	1,11	4,38	38,10	23,81	28,08
773	29.08.20 12:26:52	1,11	4,43	52,93	23,61	13,45
774	29.08.20 12:26:53	1,11	4,48	56,13	28,31	5,56
775	29.08.20 12:26:54	1,11	4,45	47,29	23,90	18,81
776	29.08.20 12:26:55	1,11	4,36	26,75	37,28	25,97
777	29.08.20 12:26:56	1,11	4,36	42,95	24,95	22,09
778	29.08.20 12:26:57	1,11	4,41	53,58	28,64	7,79
779	29.08.20 12:26:58	1,11	4,41	51,28	23,65	15,07
780	29.08.20 12:26:59	1,07	4,33	33,37	30,61	26,03
781	29.08.20 12:27:00	1,07	4,31	39,80	24,84	25,36
782	29.08.20 12:27:01	1,07	4,36	49,58	26,42	14,00
783	29.08.20 12:27:02	1,07	4,36	54,20	25,23	10,57
784	29.08.20 12:27:03	1,07	4,33	38,58	28,94	22,47
785	29.08.20 12:27:04	1,07	4,26	37,92	23,98	28,10
786	29.08.20 12:27:05	1,07	4,26	44,64	26,98	18,38
787	29.08.20 12:27:06	1,07	4,31	54,22	25,31	10,47
788	29.08.20 12:27:07	1,07	4,29	43,97	24,41	21,61
789	29.08.20 12:27:08	1,03	4,24	38,74	23,87	27,39
790	29.08.20 12:27:09	1,03	4,24	44,38	25,35	20,27
791	29.08.20 12:27:10	1,03	4,26	48,76	23,95	17,29
792	29.08.20 12:27:11	1,03	4,21	43,25	22,11	24,65
793	29.08.20 12:27:12	1,07	4,17	36,22	24,11	29,68
794	29.08.20 12:27:13	1,07	4,17	48,32	22,42	19,26
795	29.08.20 12:27:14	1,03	4,19	54,57	22,37	13,06
796	29.08.20 12:27:15	1,03	4,14	42,23	21,98	25,79
797	29.08.20 12:27:16	1,03	4,12	33,06	26,52	30,42
798	29.08.20 12:27:17	1,03	4,10	40,22	21,72	28,06
799	29.08.20 12:27:18	1,03	4,12	44,40	21,55	24,05
800	29.08.20 12:27:19	1,03	4,10	45,93	20,30	23,76
801	29.08.20 12:27:20	1,07	4,08	44,62	21,03	24,36
802	29.08.20 12:27:21	1,07	4,06	48,77	19,87	21,36
803	29.08.20 12:27:22	1,07	4,03	43,70	21,64	24,67
804	29.08.20 12:27:23	1,07	3,99	35,55	26,71	27,73
805	29.08.20 12:27:24	1,07	3,96	40,03	23,61	26,35
806	29.08.20 12:27:25	1,07	3,94	46,58	21,74	21,68
807	29.08.20 12:27:26	1,03	3,94	47,90	21,88	20,22
808	29.08.20 12:27:27	1,03	3,91	36,27	30,71	23,02
809	29.08.20 12:27:28	1,03	3,84	35,03	27,70	27,26
810	29.08.20 12:27:29	1,03	3,80	42,89	24,66	22,44
811	29.08.20 12:27:30	1,03	3,82	46,83	23,02	20,15
812	29.08.20 12:27:31	1,03	3,77	36,14	28,50	25,36
813	29.08.20 12:27:32	1,03	3,73	38,41	23,82	27,78
814	29.08.20 12:27:33	1,03	3,68	42,33	22,84	24,83
815	29.08.20 12:27:34	1,03	3,68	43,96	21,68	24,36
816	29.08.20 12:27:35	1,03	3,61	35,27	24,86	29,87
817	29.08.20 12:27:36	1,03	3,59	32,58	20,70	36,72
818	29.08.20 12:27:37	1,03	3,59	49,68	20,46	19,86
819	29.08.20 12:27:38	1,03	3,66	56,08	24,62	9,30
820	29.08.20 12:27:39	1,07	3,69	53,67	21,11	15,22
821	29.08.20 12:27:40	1,07	3,69	49,35	22,67	17,98
822	29.08.20 12:27:41	1,07	3,66	52,50	20,25	17,24
823	29.08.20 12:27:42	1,07	3,69	65,17	5,31	19,53
824	29.08.20 12:27:43	1,07	3,73	64,31	-6,10	19,58
825	29.08.20 12:27:44	1,07	3,73	62,48	-4,78	22,74
826	29.08.20 12:27:45	1,07	3,71	63,57	-1,97	24,46
827	29.08.20 12:27:46	1,07	3,73	75,56	-2,98	11,46
828	29.08.20 12:27:47	1,07	3,78	77,09	-0,71	12,19
829	29.08.20 12:27:48	1,07	3,78	68,13	0,92	20,94
830	29.08.20 12:27:49	1,07	3,73	62,20	3,20	24,60
831	29.08.20 12:27:50	1,07	3,71	64,49	7,08	18,44
832	29.08.20 12:27:51	1,07	3,78	71,48	8,84	9,67
833	29.08.20 12:27:52	1,07	3,80	66,27	8,84	14,90
834	29.08.20 12:27:53	1,07	3,78	64,04	9,60	16,36
835	29.08.20 12:27:54	1,07	3,73	60,89	13,00	16,10
836	29.08.20 12:27:55	1,07	3,73	60,70	15,12	14,17
837	29.08.20 12:27:56	1,07	3,73	59,13	16,75	14,11
838	29.08.20 12:27:57	1,07	3,71	53,17	19,49	17,33
839	29.08.20 12:27:58	1,07	3,64	45,37	22,88	21,75
840	29.08.20 12:27:59	1,07	3,57	42,95	20,98	26,07
841	29.08.20 12:28:00	1,07	3,50	43,24	17,69	29,07
842	29.08.20 12:28:01	1,07	3,43	43,74	17,36	28,90
843	29.08.20 12:28:02	1,07	3,39	38,72	22,93	28,35
844	29.08.20 12:28:03	1,07	3,29	42,15	16,40	31,45
845	29.08.20 12:28:04	1,07	3,20	43,10	15,34	31,57
846	29.08.20 12:28:05	1,07	3,13	46,26	13,28	30,46
847	29.08.20 12:28:06	1,07	3,06	45,55	12,19	32,26
848	29.08.20 12:28:07	1,07	2,99	42,08	14,54	33,38
849	29.08.20 12:28:08	1,07	2,90	41,86	12,55	35,59
850	29.08.20 12:28:09	1,07	2,83	40,90	11,59	37,50
851	29.08.20 12:28:10	1,07	2,79	42,12	8,95	38,93
852	29.08.20 12:28:11	1,07	2,72	38,66	11,97	39,37
853	29.08.20 12:28:12	1,07	2,62	40,03	7,58	42,39
854	29.08.20 12:28:13	1,07	2,53	33,96	8,28	47,76
855	29.08.20 12:28:14	1,19	2,45	34,30	5,58	50,12
856	29.08.20 12:28:15	1,34	2,35	31,77	6,41	51,82
857	29.08.20 12:28:16	1,46	2,25	32,85	5,48	51,67
858	29.08.20 12:28:17	1,65	2,18	35,25	1,30	53,46
859	29.08.20 12:28:18	1,73	2,12	35,39	-2,29	52,32
860	29.08.20 12:28:19	1,88	2,04	35,70	-1,62	52,68
861	29.08.20 12:28:20	2,03	1,94	41,27	-0,72	48,01
862	29.08.20 12:28:21	2,22	1,89	37,15	-2,57	50,28
863	29.08.20 12:28:22	2,38	1,86	37,06	-8,41	44,54
864	29.08.20 12:28:23	2,45	1,78	39,37	-11,67	38,96
865	29.08.20 12:28:24	2,56	1,69	36,80	-12,41	40,79
866	29.08.20 12:28:25	2,64	1,63	32,49	-14,06	43,45
867	29.08.20 12:28:26	2,75	1,58	35,30	-11,70	43,00
868	29.08.20 12:28:27	2,83	1,51	33,35	-11,75	44,90
869	29.08.20 12:28:28	2,87	1,43	32,41	-13,40	44,19
870	29.08.20 12:28:29	2,90	1,38	30,81	-11,60	47,59
871	29.08.20 12:28:30	2,98	1,32	32,33	-5,56	52,11
872	29.08.20 12:28:31	3,31	1,29	33,10	-6,18	50,71
873	29.08.20 12:28:32	3,68	1,14	29,75	-7,83	52,42
874	29.08.20 12:28:33	3,97	1,05	30,73	-1,76	57,50
875	29.08.20 12:28:34	4,41	0,98	31,16	0,06	58,79
876	29.08.20 12:28:35	4,95	0,85	33,75	-0,14	56,11
877	29.08.20 12:28:36	5,41	0,78	22,08	-0,97	66,95
878	29.08.20 12:28:37	5,76	0,70	23,52	4,79	61,69
879	29.08.20 12:28:38	6,08	0,74	19,51	8,00	62,49
880	29.08.20 12:28:39	6,36	0,60	22,87	8,89	58,24
881	29.08.20 12:28:40	6,63	0,56	24,94	9,43	55,63
882	29.08.20 12:28:41	6,77	0,55	22,28	13,07	54,65
883	29.08.20 12:28:42	6,98	0,50	8,49	17,78	63,73
884	29.08.20 12:28:43	7,12	0,49	20,88	20,20	48,92
885	29.08.20 12:28:44	7,25	0,40	28,32	13,33	48,35
886	29.08.20 12:28:45	7,29	0,40	26,71	16,97	46,32
887	29.08.20 12:28:46	7,29	0,40	29,73	13,37	46,90
888	29.08.20 12:28:47	7,29	0,38	32,60	11,82	45,58
889	29.08.20 12:28:48	7,25	0,38	27,06	16,77	46,17
890	29.08.20 12:28:49	7,25	0,38	28,27	13,05	48,68
891	29.08.20 12:28:50	7,22	0,36	27,44	14,96	47,60
892	29.08.20 12:28:51	7,18	0,33	25,27	17,21	47,52
893	29.08.20 12:28:52	7,18	0,31	25,82	13,96	50,23
894	29.08.20 12:28:53	7,18	0,29	25,69	12,65	51,66
895	29.08.20 12:28:54	7,22	0,26	24,82	11,24	53,93
896	29.08.20 12:28:55	7,32	0,22	28,04	8,02	53,94
897	29.08.20 12:28:56	7,39	0,17	27,46	9,39	53,16
898	29.08.20 12:28:57	7,46	0,15	27,89	10,85	51,26
899	29.08.20 12:28:58	7,49	0,13	26,67	11,37	51,96
900	29.08.20 12:28:59	7,56	0,10	25,19	11,42	53,40
901	29.08.20 12:29:00	7,59	0,03	27,07	10,92	52,01
902	29.08.20 12:29:01	7,66	0,03	25,63	11,25	53,12
903	29.08.20 12:29:02	7,69	0,01	27,14	14,62	48,23
904	29.08.20 12:29:03	7,76	0,00	28,41	14,56	47,03
905	29.08.20 12:29:04	7,83	0,00	31,10	15,34	43,57
906	29.08.20 12:29:05	7,93	0,00	26,99	17,03	45,99
907	29.08.20 12:29:06	8,13	0,00	24,55	12,66	52,79
908	29.08.20 12:29:07	8,23	0,00	26,43	8,31	55,26
909	29.08.20 12:29:08	8,27	0,00	29,58	6,12	54,30
910	29.08.20 12:29:09	8,40	0,00	31,44	6,31	52,25
911	29.08.20 12:29:10	8,70	0,00	31,35	8,22	50,43
912	29.08.20 12:29:11	8,87	0,00	27,74	9,14	53,12
913	29.08.20 12:29:12	8,97	0,00	17,93	17,36	54,71
914	29.08.20 12:29:13	9,03	0,00	23,25	19,12	47,63
915	29.08.20 12:29:14	9,10	0,00	24,99	17,34	47,67
916	29.08.20 12:29:15	9,13	0,00	25,12	11,28	53,60
917	29.08.20 12:29:16	9,13	0,00	28,62	11,81	49,57
918	29.08.20 12:29:17	9,33	0,00	22,86	8,80	58,34
919	29.08.20 12:29:18	9,56	0,00	29,72	9,56	50,72
920	29.08.20 12:29:19	9,59	0,00	25,91	16,20	47,89
921	29.08.20 12:29:20	9,66	0,00	25,93	17,52	46,55
922	29.08.20 12:29:21	9,76	0,00	27,49	7,01	55,50
923	29.08.20 12:29:22	9,79	0,00	21,60	7,04	61,35
924	29.08.20 12:29:23	9,82	0,00	24,55	11,11	54,34
925	29.08.20 12:29:24	9,85	0,00	24,24	12,82	52,94
926	29.08.20 12:29:25	9,92	0,00	15,52	13,62	60,86
927	29.08.20 12:29:26	10,08	0,00	24,48	17,56	47,96
928	29.08.20 12:29:27	10,44	0,00	17,97	11,29	60,74
929	29.08.20 12:29:28	10,60	0,00	21,00	12,17	56,82
930	29.08.20 12:29:29	10,76	0,00	22,72	9,05	58,22
931	29.08.20 12:29:30	10,86	0,00	17,13	-5,26	67,60
932	29.08.20 12:29:31	10,89	0,00	10,51	-8,43	71,06
933	29.08.20 12:29:32	10,89	0,00	19,53	-2,49	67,98
934	29.08.20 12:29:33	10,92	0,00	19,52	-6,72	63,76
935	29.08.20 12:29:34	10,92	0,00	15,41	-4,76	69,83
936	29.08.20 12:29:35	10,95	0,00	25,49	0,61	63,90
937	29.08.20 12:29:36	10,95	0,00	29,58	0,75	59,67
938	29.08.20 12:29:37	10,99	0,00	18,06	2,08	69,86
939	29.08.20 12:29:38	11,02	0,00	18,67	5,93	65,40
940	29.08.20 12:29:39	11,08	0,00	19,91	4,57	65,53
941	29.08.20 12:29:40	11,18	0,00	27,55	14,87	47,58
942	29.08.20 12:29:41	11,24	0,00	23,40	9,20	57,41
943	29.08.20 12:29:42	11,27	0,00	28,58	6,80	54,62
944	29.08.20 12:29:43	11,31	0,00	29,31	5,36	55,32
945	29.08.20 12:29:44	11,31	0,00	20,46	7,32	62,22
946	29.08.20 12:29:45	11,27	0,00	26,38	8,36	55,26
947	29.08.20 12:29:46	11,34	0,00	34,98	10,61	44,41
948	29.08.20 12:29:47	11,40	0,00	24,46	10,90	54,64
949	29.08.20 12:29:48	11,46	0,00	19,14	-3,43	67,44
950	29.08.20 12:29:49	11,50	0,00	19,61	5,68	64,72
951	29.08.20 12:29:50	11,53	0,00	21,00	8,58	60,43
952	29.08.20 12:29:51	11,56	0,00	23,87	13,37	52,76
953	29.08.20 12:29:52	11,59	0,00	27,43	12,51	50,06
954	29.08.20 12:29:53	11,62	0,00	29,01	12,03	48,95
955	29.08.20 12:29:54	11,62	0,00	30,56	8,02	51,42
956	29.08.20 12:29:55	11,62	0,00	28,53	3,97	57,50
957	29.08.20 12:29:56	11,66	0,00	14,91	14,08	61,00
958	29.08.20 12:29:57	11,69	0,00	24,97	8,80	56,23
959	29.08.20 12:29:58	11,78	0,00	17,77	14,06	58,18
960	29.08.20 12:29:59	11,78	0,00	26,18	8,81	55,02
961	29.08.20 12:30:00	11,81	0,00	32,70	7,73	49,57
962	29.08.20 12:30:01	11,81	0,00	36,40	9,45	44,15
963	29.08.20 12:30:02	11,78	0,00	38,01	7,34	44,65
964	29.08.20 12:30:03	11,78	0,00	28,40	1,20	60,41
965	29.08.20 12:30:04	11,75	0,00	30,44	-3,49	56,07
966	29.08.20 12:30:05	11,85	0,00	28,58	9,00	52,42
967	29.08.20 12:30:06	11,94	0,00	26,34	11,99	51,68
968	29.08.20 12:30:07	11,94	0,00	32,93	7,64	49,43
969	29.08.20 12:30:08	11,94	0,00	35,59	8,99	45,42
970	29.08.20 12:30:09	11,94	0,00	27,75	10,02	52,24
971	29.08.20 12:30:10	11,94	0,00	26,79	6,83	56,38
972	29.08.20 12:30:11	11,97	0,00	29,42	-0,91	59,67
973	29.08.20 12:30:12	12,00	0,00	16,50	-8,75	64,75
974	29.08.20 12:30:13	12,04	0,00	29,39	7,04	53,57
975	29.08.20 12:30:14	12,07	0,00	31,41	0,13	58,46
976	29.08.20 12:30:15	12,13	0,00	33,51	-9,16	47,33
977	29.08.20 12:30:16	12,23	0,00	33,31	-6,89	49,80
978	29.08.20 12:30:17	12,29	0,00	38,91	-5,47	45,62
979	29.08.20 12:30:18	12,29	0,00	26,87	-5,16	57,97
980	29.08.20 12:30:19	12,32	0,00	19,31	-5,73	64,96
981	29.08.20 12:30:20	12,32	0,00	24,66	2,53	62,82
982	29.08.20 12:30:21	12,38	0,00	23,43	4,11	62,46
983	29.08.20 12:30:22	12,41	0,00	43,50	2,36	44,13
984	29.08.20 12:30:23	12,45	0,00	19,56	2,49	67,95
985	29.08.20 12:30:24	12,48	0,00	31,24	8,15	50,61
986	29.08.20 12:30:25	12,51	0,00	36,01	2,69	51,30
987	29.08.20 12:30:26	12,54	0,00	39,06	-9,50	41,43
988	29.08.20 12:30:27	12,51	0,00	54,72	-14,74	20,54
989	29.08.20 12:30:28	12,51	0,00	54,23	-24,05	11,72
990	29.08.20 12:30:29	12,41	0,00	57,26	-22,63	10,12
991	29.08.20 12:30:30	12,29	0,00	59,63	-22,80	7,57
992	29.08.20 12:30:31	12,19	0,00	57,42	-23,71	8,87
993	29.08.20 12:30:32	12,10	0,00	53,83	-26,37	9,80
994	29.08.20 12:30:33	12,00	0,00	57,69	-23,39	8,92
995	29.08.20 12:30:34	11,91	0,00	57,46	-21,64	10,90
996	29.08.20 12:30:35	11,85	0,00	54,60	-25,48	9,93
997	29.08.20 12:30:36	11,75	0,00	50,41	-24,20	15,38
998	29.08.20 12:30:37	11,66	0,00	44,07	-28,24	17,69
999	29.08.20 12:30:38	11,59	0,00	49,99	-25,63	14,38
1000	29.08.20 12:30:39	11,53	0,00	57,55	-14,27	18,18
1001	29.08.20 12:30:40	11,46	0,00	54,47	-22,07	13,46
1002	29.08.20 12:30:41	11,43	0,00	49,72	-24,72	15,56
1003	29.08.20 12:30:42	11,37	0,00	54,82	-26,05	9,12
1004	29.08.20 12:30:43	11,31	0,00	58,82	-21,65	9,53
1005	29.08.20 12:30:44	11,21	0,00	72,18	13,27	4,55
1006	29.08.20 12:30:45	11,15	0,00	69,89	17,06	3,05
1007	29.08.20 12:30:46	11,11	0,00	62,25	23,25	4,50
1008	29.08.20 12:30:47	11,05	0,00	70,34	14,18	5,48
1009	29.08.20 12:30:48	10,99	0,00	72,87	11,75	5,38
1010	29.08.20 12:30:49	10,95	0,00	63,79	22,52	3,68
1011	29.08.20 12:30:50	10,89	0,00	71,79	15,59	2,62
1012	29.08.20 12:30:51	10,86	0,00	82,41	2,22	5,37
1013	29.08.20 12:30:52	10,82	0,00	78,37	6,00	5,64
1014	29.08.20 12:30:53	10,79	0,00	57,74	28,97	3,29
1015	29.08.20 12:30:54	10,76	0,00	58,70	26,44	4,86
1016	29.08.20 12:30:55	10,70	0,00	51,67	35,27	3,06
1017	29.08.20 12:30:56	10,66	0,00	64,39	19,78	5,83
1018	29.08.20 12:30:57	10,63	0,00	83,00	2,09	4,91
1019	29.08.20 12:30:58	10,63	0,00	63,59	-17,33	9,09
1020	29.08.20 12:30:59	10,57	0,00	67,08	-13,60	9,32
1021	29.08.20 12:31:00	10,57	0,00	71,10	-10,15	8,76
1022	29.08.20 12:31:01	10,53	0,00	61,55	26,34	2,11
1023	29.08.20 12:31:02	10,50	0,00	-14,54	9,44	66,02
1024	29.08.20 12:31:03	10,47	0,00	-10,94	11,43	67,63
1025	29.08.20 12:31:04	10,47	0,00	-9,77	11,66	68,57
1026	29.08.20 12:31:05	10,44	0,00	-11,27	9,33	69,40
1027	29.08.20 12:31:06	10,44	0,00	-15,60	6,65	67,75
1028	29.08.20 12:31:07	10,44	0,00	-10,20	8,41	71,39
1029	29.08.20 12:31:08	10,41	0,00	-2,00	12,96	75,04
1030	29.08.20 12:31:09	10,41	0,00	-16,44	5,79	67,77
1031	29.08.20 12:31:10	10,41	0,00	-14,30	5,46	70,24
1032	29.08.20 12:31:11	10,37	0,00	-9,72	4,54	75,74
1033	29.08.20 12:31:12	10,37	0,00	-9,07	10,36	70,57
1034	29.08.20 12:31:13	10,37	0,00	-12,06	1,48	76,46
1035	29.08.20 12:31:14	10,37	0,00	-10,58	5,83	73,59
1036	29.08.20 12:31:15	10,37	0,00	-9,13	6,03	74,84
1037	29.08.20 12:31:16	10,34	0,00	-10,88	5,72	73,40
1038	29.08.20 12:31:17	10,34	0,00	-7,90	6,64	75,46
1039	29.08.20 12:31:18	10,34	0,00	-8,75	1,94	79,31
1040	29.08.20 12:31:19	10,31	0,00	-47,18	-9,65	-33,17
1041	29.08.20 12:31:20	10,31	0,00	-2,98	-78,93	8,09
1042	29.08.20 12:31:21	10,31	0,00	-1,41	-80,88	7,71
1043	29.08.20 12:31:22	10,31	0,00	-1,67	-80,51	7,82
1044	29.08.20 12:31:23	10,31	0,00	-3,26	-78,42	8,33
1045	29.08.20 12:31:24	10,31	0,00	-3,09	-78,06	8,86
1046	29.08.20 12:31:25	10,31	0,00	-2,10	-78,43	9,46
1047	29.08.20 12:31:26	10,31	0,00	-2,45	-79,72	7,83
1048	29.08.20 12:31:27	10,31	0,00	-3,99	-79,15	6,87
1049	29.08.20 12:31:28	10,31	0,00	-1,71	-80,33	7,97
1050	29.08.20 12:31:29	10,31	0,00	-0,69	-80,43	8,88
1051	29.08.20 12:31:30	10,28	0,00	-3,54	-78,01	8,45
1052	29.08.20 12:31:31	10,28	0,00	-3,37	-79,37	7,25
1053	29.08.20 12:31:32	10,28	0,00	-1,60	-82,20	6,20
1054	29.08.20 12:31:33	10,28	0,00	-1,93	-80,56	7,51
1055	29.08.20 12:31:34	10,28	0,00	-3,17	-77,85	8,97
1056	29.08.20 12:31:35	10,28	0,00	-3,95	-77,47	8,58
1057	29.08.20 12:31:36	10,28	0,00	-1,96	-81,30	6,75
1058	29.08.20 12:31:37	10,28	0,00	-0,57	-80,74	8,69
1059	29.08.20 12:31:38	10,28	0,00	-2,01	-77,62	10,38
1060	29.08.20 12:31:39	10,28	0,00	-5,26	-76,91	7,84
1061	29.08.20 12:31:40	10,28	0,00	-3,12	-80,04	6,84
1062	29.08.20 12:31:41	10,28	0,00	-1,13	-80,73	8,14
1063	29.08.20 12:31:42	10,28	0,00	-2,60	-78,02	9,38
1064	29.08.20 12:31:43	10,28	0,00	-3,13	-77,71	9,16
1065	29.08.20 12:31:44	10,28	0,00	-2,70	-78,39	8,91
1066	29.08.20 12:31:45	10,28	0,00	-3,63	-76,79	9,57
1067	29.08.20 12:31:46	10,28	0,00	-3,52	-77,68	8,79
1068	29.08.20 12:31:47	10,28	0,00	-2,64	-77,87	9,49
1069	29.08.20 12:31:48	10,28	0,00	-3,01	-78,04	8,95
1070	29.08.20 12:31:49	10,28	0,00	-2,30	-77,58	10,12
1071	29.08.20 12:31:50	10,31	0,00	-1,59	-77,16	11,25
1072	29.08.20 12:31:51	10,31	0,00	-3,88	-76,93	9,19
1073	29.08.20 12:31:52	10,31	0,00	-4,81	-75,34	9,85
1074	29.08.20 12:31:53	10,31	0,00	-2,71	-76,36	10,93
1075	29.08.20 12:31:54	10,31	0,00	-1,29	-78,25	10,46
1076	29.08.20 12:31:55	10,31	0,00	-3,44	-76,25	10,31
1077	29.08.20 12:31:56	10,31	0,00	-3,38	-76,70	9,92
1078	29.08.20 12:31:57	10,31	0,00	-2,05	-78,00	9,95
1079	29.08.20 12:31:58	10,31	0,00	-3,01	-75,32	11,67
1080	29.08.20 12:31:59	10,31	0,00	-5,27	-73,55	11,18
1081	29.08.20 12:32:00	10,31	0,00	-3,05	-76,44	10,51
1082	29.08.20 12:32:01	10,31	0,00	-1,44	-77,82	10,74
1083	29.08.20 12:32:02	10,34	0,00	-2,42	-75,40	12,18
1084	29.08.20 12:32:03	10,34	0,00	-3,81	-75,13	11,06
1085	29.08.20 12:32:04	10,34	0,00	-4,85	-75,32	9,82
1086	29.08.20 12:32:05	10,34	0,00	-3,41	-76,08	10,50
1087	29.08.20 12:32:06	10,34	0,00	-1,43	-75,93	12,64
1088	29.08.20 12:32:07	10,34	0,00	-2,42	-75,84	11,74
1089	29.08.20 12:32:08	10,37	0,00	-4,73	-76,48	8,79
1090	29.08.20 12:32:09	10,37	0,00	4,32	-68,52	17,16
1091	29.08.20 12:32:10	10,37	0,00	22,80	-33,24	33,96
1092	29.08.20 12:32:11	10,37	0,00	35,90	-8,18	45,92
1093	29.08.20 12:32:12	10,37	0,00	52,35	-5,16	32,49
1094	29.08.20 12:32:13	10,41	0,00	55,12	-2,90	31,98
1095	29.08.20 12:32:14	10,41	0,00	57,90	-1,17	30,92
1096	29.08.20 12:32:15	10,41	0,00	40,61	-12,40	36,99
1097	29.08.20 12:32:16	10,44	0,00	53,50	-32,64	-3,86
1098	29.08.20 12:32:17	10,44	0,00	41,79	-7,69	-40,52
1099	29.08.20 12:32:18	10,44	0,00	44,02	-5,88	-40,10
1100	29.08.20 12:32:19	10,44	0,00	39,82	-8,27	-41,91
1101	29.08.20 12:32:20	10,44	0,00	37,96	-10,74	-41,29
1102	29.08.20 12:32:21	10,44	0,00	41,84	-7,77	-40,38
1103	29.08.20 12:32:22	10,44	0,00	43,56	-5,20	-41,23
1104	29.08.20 12:32:23	10,44	0,00	40,49	-7,75	-41,75
1105	29.08.20 12:32:24	10,47	0,00	39,68	-10,25	-40,07
1106	29.08.20 12:32:25	10,47	0,00	40,20	-8,83	-40,98
1107	29.08.20 12:32:26	10,47	0,00	41,37	-6,90	-41,73
1108	29.08.20 12:32:27	10,47	0,00	39,99	-6,33	-43,68
1109	29.08.20 12:32:28	10,47	0,00	37,02	-7,71	-45,26
1110	29.08.20 12:32:29	10,47	0,00	37,68	-10,25	-42,06
1111	29.08.20 12:32:30	10,50	0,00	41,60	-9,35	-39,05
1112	29.08.20 12:32:31	10,50	0,00	42,15	-6,73	-41,12
1113	29.08.20 12:32:32	10,50	0,00	39,38	-7,25	-43,38
1114	29.08.20 12:32:33	10,50	0,00	37,06	-8,77	-44,17
1115	29.08.20 12:32:34	10,53	0,00	38,46	-8,21	-43,33
1116	29.08.20 12:32:35	10,53	0,00	41,30	-7,83	-40,88
1117	29.08.20 12:32:36	10,53	0,00	41,20	-8,58	-40,23
1118	29.08.20 12:32:37	10,53	0,00	38,98	-8,68	-42,35
1119	29.08.20 12:32:38	10,53	0,00	37,81	-7,34	-44,84
1120	29.08.20 12:32:39	10,57	0,00	39,27	-7,31	-43,42
1121	29.08.20 12:32:40	10,57	0,00	40,58	-8,21	-41,21
1122	29.08.20 12:32:41	10,57	0,00	39,62	-9,11	-41,28
1123	29.08.20 12:32:42	10,57	0,00	39,24	-8,75	-42,02
1124	29.08.20 12:32:43	10,57	0,00	40,39	-7,01	-42,60
1125	29.08.20 12:32:44	10,57	0,00	39,29	-6,99	-43,73
1126	29.08.20 12:32:45	10,60	0,00	36,96	-8,91	-44,13
1127	29.08.20 12:32:46	10,60	0,00	40,19	-8,90	-40,91
1128	29.08.20 12:32:47	10,60	0,00	42,97	-7,66	-39,37
1129	29.08.20 12:32:48	10,60	0,00	39,97	-8,45	-41,58
1130	29.08.20 12:32:49	10,63	0,00	37,61	-8,38	-44,01
1131	29.08.20 12:32:50	10,63	0,00	38,22	-7,37	-44,42
1132	29.08.20 12:32:51	10,63	0,00	39,21	-7,72	-43,07
1133	29.08.20 12:32:52	10,63	0,00	39,88	-8,81	-41,32
1134	29.08.20 12:32:53	10,63	0,00	40,60	-8,16	-41,24
1135	29.08.20 12:32:54	10,66	0,00	40,42	-7,19	-42,39
1136	29.08.20 12:32:55	10,66	0,00	37,66	-8,81	-43,53
1137	29.08.20 12:32:56	10,66	0,00	37,80	-8,62	-43,58
1138	29.08.20 12:32:57	10,66	0,00	41,56	-7,13	-41,32
1139	29.08.20 12:32:58	10,70	0,00	41,09	-7,80	-41,12
1140	29.08.20 12:32:59	10,70	0,00	38,13	-8,23	-43,64
1141	29.08.20 12:33:00	10,70	0,00	36,95	-8,91	-44,14
1142	29.08.20 12:33:01	10,70	0,00	40,14	-8,23	-41,63
1143	29.08.20 12:33:02	10,73	0,00	42,36	-6,32	-41,31
1144	29.08.20 12:33:03	10,73	0,00	39,22	-7,95	-42,83
1145	29.08.20 12:33:04	10,73	0,00	36,34	-9,99	-43,66
1146	29.08.20 12:33:05	10,73	0,00	39,15	-7,80	-43,05
1147	29.08.20 12:33:06	10,73	0,00	41,50	-6,31	-42,19
1148	29.08.20 12:33:07	10,76	0,00	40,26	-7,51	-42,23
1149	29.08.20 12:33:08	10,76	0,00	37,58	-9,81	-42,60
1150	29.08.20 12:33:09	10,76	0,00	37,79	-8,54	-43,67
1151	29.08.20 12:33:10	10,76	0,00	40,68	-6,26	-43,05
1152	29.08.20 12:33:11	10,76	0,00	40,71	-7,88	-41,41
1153	29.08.20 12:33:12	10,79	0,00	38,28	-9,08	-42,64
1154	29.08.20 12:33:13	10,79	0,00	38,44	-7,52	-44,04
1155	29.08.20 12:33:14	10,79	0,00	39,62	-7,09	-43,29
1156	29.08.20 12:33:15	10,79	0,00	39,15	-9,20	-41,65
1157	29.08.20 12:33:16	10,82	0,00	39,25	-8,00	-42,76
1158	29.08.20 12:33:17	10,82	0,00	39,28	-7,15	-43,57
1159	29.08.20 12:33:18	10,82	0,00	39,02	-8,56	-42,41
1160	29.08.20 12:33:19	10,82	0,00	38,77	-8,09	-43,15
1161	29.08.20 12:33:20	10,86	0,00	40,00	-6,69	-43,31
1162	29.08.20 12:33:21	10,86	0,00	38,54	-8,01	-43,45
1163	29.08.20 12:33:22	10,86	0,00	38,40	-9,31	-42,29
1164	29.08.20 12:33:23	10,86	0,00	40,20	-7,68	-42,12
1165	29.08.20 12:33:24	10,86	0,00	40,69	-7,05	-42,25
1166	29.08.20 12:33:25	10,89	0,00	38,01	-8,07	-43,92
1167	29.08.20 12:33:26	10,89	0,00	37,58	-8,32	-44,10
1168	29.08.20 12:33:27	10,89	0,00	40,22	-7,79	-41,98
1169	29.08.20 12:33:28	10,89	0,00	41,66	-7,60	-40,73
1170	29.08.20 12:33:29	10,89	0,00	38,14	-8,37	-43,49
1171	29.08.20 12:33:30	10,89	0,00	37,79	-9,07	-43,14
1172	29.08.20 12:33:31	10,89	0,00	39,81	-7,12	-43,06
1173	29.08.20 12:33:32	10,92	0,00	40,72	-7,07	-42,21
1174	29.08.20 12:33:33	10,92	0,00	-49,17	-7,42	-33,41
1175	29.08.20 12:33:34	10,92	0,00	-60,93	-3,41	-25,67
1176	29.08.20 12:33:35	10,95	0,00	-52,59	-11,79	-25,63
1177	29.08.20 12:33:36	10,95	0,00	-48,82	-2,16	-39,03
1178	29.08.20 12:33:37	10,99	0,00	-56,60	-8,36	-25,04
1179	29.08.20 12:33:38	10,99	0,00	-51,25	-6,98	-31,77
1180	29.08.20 12:33:39	11,02	0,00	-58,39	-4,72	-26,89
1181	29.08.20 12:33:40	11,02	0,00	-53,12	-8,24	-28,63
1182	29.08.20 12:33:41	11,05	0,00	-56,63	-6,37	-27,00
1183	29.08.20 12:33:42	11,05	0,00	-58,02	-6,49	-25,50
1184	29.08.20 12:33:43	11,05	0,00	-58,30	-6,08	-25,61
1185	29.08.20 12:33:44	11,08	0,00	-46,73	-10,66	-32,61
1186	29.08.20 12:33:45	11,08	0,00	-53,03	-10,57	-26,41
1187	29.08.20 12:33:46	11,08	0,00	-54,64	-8,31	-27,05
1188	29.08.20 12:33:47	11,11	0,00	-57,20	-6,49	-26,31
1189	29.08.20 12:33:48	11,11	0,00	-57,33	-5,12	-27,56
1190	29.08.20 12:33:49	11,15	0,00	-66,83	-3,99	-19,18
1191	29.08.20 12:33:50	11,15	0,00	-59,83	-5,39	-24,78
1192	29.08.20 12:33:51	11,15	0,00	-52,39	-10,10	-27,51
1193	29.08.20 12:33:52	11,15	0,00	-54,08	-6,72	-29,20
1194	29.08.20 12:33:53	11,18	0,00	-57,36	-7,54	-25,10
1195	29.08.20 12:33:54	11,18	0,00	-54,99	-7,70	-27,31
1196	29.08.20 12:33:55	11,18	0,00	-65,60	0,48	-23,92
1197	29.08.20 12:33:56	11,21	0,00	-57,16	-6,62	-26,22
1198	29.08.20 12:33:57	11,21	0,00	-56,63	-6,73	-26,65
1199	29.08.20 12:33:58	11,21	0,00	-58,20	-6,87	-24,93
1200	29.08.20 12:33:59	11,21	0,00	-55,14	-6,39	-28,46
1201	29.08.20 12:34:00	11,21	0,00	-59,34	-4,15	-26,51
1202	29.08.20 12:34:01	11,24	0,00	-56,46	-7,15	-26,40
1203	29.08.20 12:34:02	11,24	0,00	-59,00	-6,18	-24,82
1204	29.08.20 12:34:03	11,24	0,00	-57,84	-6,41	-25,76
1205	29.08.20 12:34:04	11,27	0,00	-52,63	-12,41	-24,96
1206	29.08.20 12:34:05	11,27	0,00	-55,32	-6,76	-27,92
1207	29.08.20 12:34:06	11,27	0,00	-57,08	-7,58	-25,34
1208	29.08.20 12:34:07	11,27	0,00	-55,84	-6,76	-27,40
1209	29.08.20 12:34:08	11,31	0,00	-56,65	-6,38	-26,97
1210	29.08.20 12:34:09	11,31	0,00	-53,01	-8,69	-28,30
1211	29.08.20 12:34:10	11,31	0,00	-56,69	-6,75	-26,55
1212	29.08.20 12:34:11	11,31	0,00	-57,56	-6,91	-25,54
1213	29.08.20 12:34:12	11,34	0,00	-54,56	-12,09	-23,34
1214	29.08.20 12:34:13	11,34	0,00	-56,92	-7,56	-25,53
1215	29.08.20 12:34:14	11,34	0,00	-41,42	23,40	-25,18
1216	29.08.20 12:34:15	11,37	0,00	-38,22	31,08	-20,70
1217	29.08.20 12:34:16	11,37	0,00	-39,31	30,35	-20,34
1218	29.08.20 12:34:17	11,37	0,00	-38,19	32,17	-19,64
1219	29.08.20 12:34:18	11,37	0,00	-38,16	32,97	-18,88
1220	29.08.20 12:34:19	11,37	0,00	-38,62	33,05	-18,33
1221	29.08.20 12:34:20	11,37	0,00	-39,34	32,73	-17,92
1222	29.08.20 12:34:21	11,37	0,00	-39,90	33,19	-16,91
1223	29.08.20 12:34:22	11,37	0,00	-40,62	32,47	-16,91
1224	29.08.20 12:34:23	11,37	0,00	-41,78	33,18	-15,03
1225	29.08.20 12:34:24	11,40	0,00	-44,40	35,24	-10,36
1226	29.08.20 12:34:25	11,40	0,00	-44,19	36,77	-9,04
1227	29.08.20 12:34:26	11,40	0,00	-44,87	36,45	-8,68
1228	29.08.20 12:34:27	11,40	0,00	-44,41	34,67	-10,93
1229	29.08.20 12:34:28	11,40	0,00	-42,43	34,17	-13,40
1230	29.08.20 12:34:29	11,40	0,00	-39,85	34,48	-15,67
1231	29.08.20 12:34:30	11,40	0,00	-39,17	34,09	-16,73
1232	29.08.20 12:34:31	11,40	0,00	-41,23	32,85	-15,92
1233	29.08.20 12:34:32	11,40	0,00	-41,84	34,42	-13,74
1234	29.08.20 12:34:33	11,43	0,00	-39,77	36,79	-13,45
1235	29.08.20 12:34:34	11,43	0,00	-39,78	36,56	-13,66
1236	29.08.20 12:34:35	11,43	0,00	-39,41	33,54	-17,05
1237	29.08.20 12:34:36	11,43	0,00	-37,89	33,36	-18,74
1238	29.08.20 12:34:37	11,43	0,00	-36,50	34,32	-19,18
1239	29.08.20 12:34:38	11,43	0,00	-38,81	34,09	-17,11
1240	29.08.20 12:34:39	11,43	0,00	-40,99	34,04	-14,96
1241	29.08.20 12:34:40	11,46	0,00	-43,63	35,47	-10,89
1242	29.08.20 12:34:41	11,46	0,00	-46,37	37,66	-5,97
1243	29.08.20 12:34:42	11,46	0,00	-49,43	38,74	-1,83
1244	29.08.20 12:34:43	11,46	0,00	-51,20	38,21	-0,59
1245	29.08.20 12:34:44	11,46	0,00	-50,36	36,69	-2,95
1246	29.08.20 12:34:45	11,46	0,00	-46,49	36,89	-6,62
1247	29.08.20 12:34:46	11,50	0,00	-43,98	36,39	-9,62
1248	29.08.20 12:34:47	11,50	0,00	-46,12	34,80	-9,08
1249	29.08.20 12:34:48	11,50	0,00	-46,59	36,96	-6,45
1250	29.08.20 12:34:49	11,50	0,00	-48,51	36,59	-4,90
1251	29.08.20 12:34:50	11,50	0,00	-47,87	36,41	-5,73
1252	29.08.20 12:34:51	11,50	0,00	-43,70	37,14	-9,16
1253	29.08.20 12:34:52	11,53	0,00	-44,01	35,27	-10,72
1254	29.08.20 12:34:53	11,53	0,00	-40,95	36,40	-12,65
1255	29.08.20 12:34:54	11,53	0,00	-41,79	33,20	-15,01
1256	29.08.20 12:34:55	11,53	0,00	-40,74	32,59	-16,67
1257	29.08.20 12:34:56	11,53	0,00	-34,36	33,45	-22,19
1258	29.08.20 12:34:57	11,53	0,00	-32,92	31,30	-25,78
1259	29.08.20 12:34:58	11,56	0,00	-33,34	30,97	-25,70
1260	29.08.20 12:34:59	11,56	0,00	-33,26	33,60	-23,13
1261	29.08.20 12:35:00	11,56	0,00	-36,65	34,37	-18,97
1262	29.08.20 12:35:01	11,56	0,00	-37,26	34,69	-18,05
1263	29.08.20 12:35:02	11,56	0,00	-38,72	32,72	-18,56
1264	29.08.20 12:35:03	11,59	0,00	-35,56	34,09	-20,35
1265	29.08.20 12:35:04	11,59	0,00	-36,12	33,33	-20,55
1266	29.08.20 12:35:05	11,59	0,00	-35,92	34,76	-19,32
1267	29.08.20 12:35:06	11,59	0,00	-35,26	36,15	-18,59
1268	29.08.20 12:35:07	11,59	0,00	-40,17	32,84	-16,99
1269	29.08.20 12:35:08	11,59	0,00	-37,05	35,30	-17,64
1270	29.08.20 12:35:09	11,59	0,00	-35,33	36,51	-18,17
1271	29.08.20 12:35:10	11,59	0,00	-37,58	34,78	-17,63
1272	29.08.20 12:35:11	11,62	0,00	-41,54	31,99	-16,47
1273	29.08.20 12:35:12	11,62	0,00	-35,68	34,84	-19,48
1274	29.08.20 12:35:13	11,62	0,00	-33,84	34,40	-21,76
1275	29.08.20 12:35:14	11,62	0,00	-38,02	31,53	-20,45
1276	29.08.20 12:35:15	11,62	0,00	-37,04	36,09	-16,87
1277	29.08.20 12:35:16	11,62	0,00	-38,55	38,22	-13,23
1278	29.08.20 12:35:17	11,62	0,00	-40,60	36,95	-12,45
1279	29.08.20 12:35:18	11,66	0,00	-40,59	35,15	-14,26
1280	29.08.20 12:35:19	11,66	0,00	-42,71	32,99	-14,31
1281	29.08.20 12:35:20	11,66	0,00	-39,08	35,96	-14,95
1282	29.08.20 12:35:21	11,66	0,00	-35,54	37,45	-17,01
1283	29.08.20 12:35:22	11,66	0,00	-40,45	33,42	-16,13
1284	29.08.20 12:35:23	11,66	0,00	-39,68	33,85	-16,47
1285	29.08.20 12:35:24	11,66	0,00	-34,95	36,97	-18,07
1286	29.08.20 12:35:25	11,69	0,00	-36,98	34,31	-18,70
1287	29.08.20 12:35:26	11,69	0,00	-37,46	34,57	-17,98
1288	29.08.20 12:35:27	11,69	0,00	-37,42	34,82	-17,76
1289	29.08.20 12:35:28	11,69	0,00	-36,52	34,33	-19,14
1290	29.08.20 12:35:29	11,69	0,00	-34,91	34,39	-20,70
1291	29.08.20 12:35:30	11,69	0,00	-36,02	34,42	-19,56
1292	29.08.20 12:35:31	11,72	0,00	-37,64	35,26	-17,09
1293	29.08.20 12:35:32	11,72	0,00	-37,49	36,82	-15,70
1294	29.08.20 12:35:33	11,72	0,00	-40,69	35,03	-14,28
1295	29.08.20 12:35:34	11,72	0,00	-39,20	36,04	-14,76
1296	29.08.20 12:35:35	11,72	0,00	-38,56	35,37	-16,07
1297	29.08.20 12:35:36	11,72	0,00	-38,52	34,07	-17,41
1298	29.08.20 12:35:37	11,72	0,00	-36,65	36,20	-17,15
1299	29.08.20 12:35:38	11,75	0,00	-37,15	35,52	-17,33
1300	29.08.20 12:35:39	11,75	0,00	-37,35	34,05	-18,59
1301	29.08.20 12:35:40	11,75	0,00	-37,14	35,19	-17,67
1302	29.08.20 12:35:41	11,75	0,00	-35,26	36,63	-18,11
1303	29.08.20 12:35:42	11,75	0,00	-37,58	35,48	-16,94
1304	29.08.20 12:35:43	11,78	0,00	-37,51	35,59	-16,90
1305	29.08.20 12:35:44	11,78	0,00	-39,65	33,50	-16,85
1306	29.08.20 12:35:45	11,78	0,00	-35,62	35,00	-19,38
1307	29.08.20 12:35:46	11,78	0,00	-34,95	34,79	-20,26
1308	29.08.20 12:35:47	11,78	0,00	-38,32	34,77	-16,90
1309	29.08.20 12:35:48	11,78	0,00	-37,24	37,70	-15,06
1310	29.08.20 12:35:49	11,81	0,00	-38,91	36,94	-14,14
1311	29.08.20 12:35:50	11,81	0,00	-40,52	34,31	-15,17
1312	29.08.20 12:35:51	11,81	0,00	-37,60	36,05	-16,35
1313	29.08.20 12:35:52	11,81	0,00	-38,38	34,77	-16,85
1314	29.08.20 12:35:53	11,81	0,00	-38,70	34,98	-16,32
1315	29.08.20 12:35:54	11,81	0,00	-36,34	36,32	-17,34
1316	29.08.20 12:35:55	11,85	0,00	-37,22	35,40	-17,38
1317	29.08.20 12:35:56	11,85	0,00	-38,71	35,20	-16,09
1318	29.08.20 12:35:57	11,85	0,00	-37,52	35,03	-17,45
1319	29.08.20 12:35:58	11,85	0,00	-36,81	35,29	-17,89
1320	29.08.20 12:35:59	11,85	0,00	-38,17	34,29	-17,54
1321	29.08.20 12:36:00	11,85	0,00	-37,30	36,31	-16,39
1322	29.08.20 12:36:01	11,85	0,00	-37,24	36,71	-16,05
1323	29.08.20 12:36:02	11,88	0,00	-38,14	35,18	-16,69
1324	29.08.20 12:36:03	11,88	0,00	-38,86	34,88	-16,27
1325	29.08.20 12:36:04	11,88	0,00	-35,49	35,82	-18,69
1326	29.08.20 12:36:05	11,88	0,00	-36,59	33,64	-19,76
1327	29.08.20 12:36:06	11,88	0,00	-34,57	33,95	-21,48
1328	29.08.20 12:36:07	11,91	0,00	-34,30	35,43	-20,27
1329	29.08.20 12:36:08	11,91	0,00	-37,33	35,60	-17,07
1330	29.08.20 12:36:09	11,91	0,00	-40,33	35,50	-14,17
1331	29.08.20 12:36:10	11,91	0,00	-38,76	35,99	-15,24
1332	29.08.20 12:36:11	11,91	0,00	-36,46	35,76	-17,78
1333	29.08.20 12:36:12	11,91	0,00	-39,28	34,74	-15,98
1334	29.08.20 12:36:13	11,91	0,00	-40,63	36,43	-12,93
1335	29.08.20 12:36:14	11,91	0,00	-39,63	38,14	-12,23
1336	29.08.20 12:36:15	11,91	0,00	-38,85	36,06	-15,08
1337	29.08.20 12:36:16	11,91	0,00	-40,35	33,59	-16,06
1338	29.08.20 12:36:17	11,94	0,00	-38,10	35,73	-16,17
1339	29.08.20 12:36:18	11,94	0,00	-36,70	35,67	-17,62
1340	29.08.20 12:36:19	11,94	0,00	-26,88	37,02	-26,10
1341	29.08.20 12:36:20	11,94	0,00	-14,91	43,08	-32,01
1342	29.08.20 12:36:21	11,94	0,00	-15,88	43,51	-30,61
1343	29.08.20 12:36:22	11,97	0,00	-37,52	51,73	-0,75
1344	29.08.20 12:36:23	11,97	0,00	-34,86	53,14	1,99
1345	29.08.20 12:36:24	11,97	0,00	-32,64	55,17	-2,19
1346	29.08.20 12:36:25	11,97	0,00	-30,76	57,75	-1,49
1347	29.08.20 12:36:26	12,00	0,00	-29,75	57,87	-2,39
1348	29.08.20 12:36:27	12,00	0,00	-32,32	57,50	-0,18
1349	29.08.20 12:36:28	12,00	0,00	-31,24	57,46	1,30
1350	29.08.20 12:36:29	12,00	0,00	-30,17	59,18	-0,65
1351	29.08.20 12:36:30	12,00	0,00	-31,20	57,55	-1,25
1352	29.08.20 12:36:31	12,04	0,00	-31,54	56,98	1,47
1353	29.08.20 12:36:32	12,04	0,00	-30,65	58,78	0,57
1354	29.08.20 12:36:33	12,04	0,00	-31,70	57,33	-0,97
1355	29.08.20 12:36:34	12,04	0,00	-31,11	54,60	-4,29
1356	29.08.20 12:36:35	12,04	0,00	-31,81	54,94	-3,26
1357	29.08.20 12:36:36	12,04	0,00	-30,84	58,84	-0,33
1358	29.08.20 12:36:37	12,07	0,00	-30,05	59,74	-0,21
1359	29.08.20 12:36:38	12,07	0,00	-32,02	57,65	-0,32
1360	29.08.20 12:36:39	12,07	0,00	-32,14	57,31	-0,55
1361	29.08.20 12:36:40	12,07	0,00	-31,50	56,83	-1,67
1362	29.08.20 12:36:41	12,07	0,00	-30,37	56,70	-2,93
1363	29.08.20 12:36:42	12,07	0,00	-32,23	56,12	-1,65
1364	29.08.20 12:36:43	12,10	0,00	-31,06	57,23	-1,72
1365	29.08.20 12:36:44	12,10	0,00	-29,89	58,16	-1,95
1366	29.08.20 12:36:45	12,10	0,00	-31,12	57,50	-1,38
1367	29.08.20 12:36:46	12,10	0,00	-32,38	55,62	-2,00
1368	29.08.20 12:36:47	12,10	0,00	-30,67	53,85	-5,49
1369	29.08.20 12:36:48	12,10	0,00	-32,03	52,23	-5,74
1370	29.08.20 12:36:49	12,13	0,00	-32,38	51,99	-5,63
1371	29.08.20 12:36:50	12,13	0,00	-30,31	54,62	-5,07
1372	29.08.20 12:36:51	12,13	0,00	-29,13	59,48	-1,39
1373	29.08.20 12:36:52	12,13	0,00	-31,61	57,95	0,44
1374	29.08.20 12:36:53	12,13	0,00	-31,35	58,53	-0,12
1375	29.08.20 12:36:54	12,16	0,00	-31,62	56,51	1,87
1376	29.08.20 12:36:55	12,16	0,00	-30,64	59,25	0,12
1377	29.08.20 12:36:56	12,16	0,00	-29,55	58,81	-1,64
1378	29.08.20 12:36:57	12,16	0,00	-33,09	56,79	0,12
1379	29.08.20 12:36:58	12,16	0,00	-32,86	56,99	0,15
1380	29.08.20 12:36:59	12,16	0,00	-30,08	57,64	-2,27
1381	29.08.20 12:37:00	12,16	0,00	-30,52	56,57	-2,91
1382	29.08.20 12:37:01	12,19	0,00	-32,50	56,03	-1,48
1383	29.08.20 12:37:02	12,19	0,00	-30,03	58,65	-1,32
1384	29.08.20 12:37:03	12,19	0,00	-29,80	58,09	-2,10
1385	29.08.20 12:37:04	12,19	0,00	-34,87	54,22	-0,91
1386	29.08.20 12:37:05	12,19	0,00	-30,84	56,44	-2,73
1387	29.08.20 12:37:06	12,23	0,00	-29,60	55,81	-4,59
1388	29.08.20 12:37:07	12,23	0,00	-31,99	55,52	-2,49
1389	29.08.20 12:37:08	12,23	0,00	-31,60	57,45	-0,95
1390	29.08.20 12:37:09	12,23	0,00	-31,90	57,69	-0,41
1391	29.08.20 12:37:10	12,23	0,00	-30,72	56,57	-2,71
1392	29.08.20 12:37:11	12,23	0,00	-31,71	55,20	-3,09
1393	29.08.20 12:37:12	12,23	0,00	-31,62	56,55	-1,83
1394	29.08.20 12:37:13	12,26	0,00	-30,19	57,36	-2,45
1395	29.08.20 12:37:14	12,26	0,00	-31,30	56,99	-1,71
1396	29.08.20 12:37:15	12,26	0,00	-32,16	56,37	-1,47
1397	29.08.20 12:37:16	12,26	0,00	-31,36	57,81	-0,82
1398	29.08.20 12:37:17	12,29	0,00	-30,51	57,11	-2,38
1399	29.08.20 12:37:18	12,29	0,00	-32,07	54,93	-3,01
1400	29.08.20 12:37:19	12,29	0,00	-31,60	55,43	-2,97
1401	29.08.20 12:37:20	12,29	0,00	-31,06	56,46	-2,48
1402	29.08.20 12:37:21	12,29	0,00	-31,08	56,52	-2,40
1403	29.08.20 12:37:22	12,29	0,00	-31,44	56,01	-2,54
1404	29.08.20 12:37:23	12,32	0,00	-31,16	56,78	-2,06
1405	29.08.20 12:37:24	12,32	0,00	-31,61	57,58	-0,82
1406	29.08.20 12:37:25	12,32	0,00	-28,55	59,52	-1,93
1407	29.08.20 12:37:26	12,32	0,00	-31,24	56,28	2,48
1408	29.08.20 12:37:27	12,32	0,00	-30,31	55,99	3,70
1409	29.08.20 12:37:28	12,32	0,00	-29,11	59,10	1,79
1410	29.08.20 12:37:29	12,35	0,00	-31,58	57,71	-0,72
1411	29.08.20 12:37:30	12,35	0,00	-31,14	56,90	-1,96
1412	29.08.20 12:37:31	12,35	0,00	-31,99	57,68	-0,33
1413	29.08.20 12:37:32	12,35	0,00	-30,71	58,03	1,26
1414	29.08.20 12:37:33	12,35	0,00	-28,96	58,61	-2,43
1415	29.08.20 12:37:34	12,35	0,00	-33,90	55,01	-1,10
1416	29.08.20 12:37:35	12,38	0,00	-30,47	57,27	-2,26
1417	29.08.20 12:37:36	12,38	0,00	-29,89	57,90	-2,22
1418	29.08.20 12:37:37	12,38	0,00	-32,71	55,12	-2,16
1419	29.08.20 12:37:38	12,38	0,00	-31,56	56,03	-2,41
1420	29.08.20 12:37:39	12,38	0,00	-32,08	55,61	-2,31
1421	29.08.20 12:37:40	12,38	0,00	-30,07	56,47	-3,46
1422	29.08.20 12:37:41	12,41	0,00	-32,10	57,47	-0,44
1423	29.08.20 12:37:42	12,41	0,00	-29,87	60,04	-0,09
1424	29.08.20 12:37:43	12,41	0,00	-30,21	59,67	-0,12
1425	29.08.20 12:37:44	12,41	0,00	-32,73	56,70	0,57
1426	29.08.20 12:37:45	12,41	0,00	-30,82	56,12	-3,06
1427	29.08.20 12:37:46	12,41	0,00	-30,95	54,17	-4,88
1428	29.08.20 12:37:47	12,41	0,00	-30,55	54,57	-4,89
1429	29.08.20 12:37:48	12,41	0,00	-33,36	54,80	-1,84
1430	29.08.20 12:37:49	12,45	0,00	-30,71	58,60	-0,69
1431	29.08.20 12:37:50	12,45	0,00	-29,62	60,32	0,06
1432	29.08.20 12:37:51	12,45	0,00	-30,01	59,15	-0,84
1433	29.08.20 12:37:52	12,45	0,00	-32,48	56,94	0,58
1434	29.08.20 12:37:53	12,45	0,00	-33,62	56,22	0,16
1435	29.08.20 12:37:54	12,48	0,00	-29,96	56,38	-3,66
1436	29.08.20 12:37:55	12,48	0,00	-29,81	56,61	-3,57
1437	29.08.20 12:37:56	12,48	0,00	-31,50	58,35	-0,15
1438	29.08.20 12:37:57	12,48	0,00	-32,18	57,19	0,63
1439	29.08.20 12:37:58	12,48	0,00	-30,94	58,07	-0,99
1440	29.08.20 12:37:59	12,48	0,00	-30,73	57,97	-1,30
1441	29.08.20 12:38:00	12,48	0,00	-30,46	56,58	-2,96
1442	29.08.20 12:38:01	12,51	0,00	-31,37	57,05	-1,59
1443	29.08.20 12:38:02	12,51	0,00	-30,25	55,68	-4,07
1444	29.08.20 12:38:03	12,51	0,00	-31,60	53,65	-4,75
1445	29.08.20 12:38:04	12,51	0,00	-32,45	54,66	-2,89
1446	29.08.20 12:38:05	12,51	0,00	-29,59	56,99	-3,42
1447	29.08.20 12:38:06	12,54	0,00	-32,12	55,00	-2,87
1448	29.08.20 12:38:07	12,54	0,00	-33,45	53,46	-3,10
1449	29.08.20 12:38:08	12,54	0,00	-29,52	56,40	-4,08
1450	29.08.20 12:38:09	12,54	0,00	-30,62	59,18	-0,21
1451	29.08.20 12:38:10	12,54	0,00	-29,13	57,03	3,84
1452	29.08.20 12:38:11	12,54	0,00	-28,29	58,54	3,17
1453	29.08.20 12:38:12	12,54	0,00	-29,27	57,79	2,94
1454	29.08.20 12:38:13	12,57	0,00	-31,28	56,59	2,12
1455	29.08.20 12:38:14	12,57	0,00	-31,16	58,69	-0,15
1456	29.08.20 12:38:15	12,57	0,00	-30,72	58,67	-0,61
1457	29.08.20 12:38:16	12,57	0,00	-32,23	57,09	-0,68
1458	29.08.20 12:38:17	12,57	0,00	-30,55	55,94	-3,50
1459	29.08.20 12:38:18	12,60	0,00	-30,74	54,10	-5,16
1460	29.08.20 12:38:19	12,60	0,00	-33,17	54,83	-2,00
1461	29.08.20 12:38:20	12,60	0,00	-60,15	26,04	-3,81
1462	29.08.20 12:38:21	12,60	0,00	7,91	76,10	5,99
1463	29.08.20 12:38:22	12,63	0,00	-3,57	14,46	71,97
1464	29.08.20 12:38:23	12,79	0,00	-73,41	-5,23	11,36
1465	29.08.20 12:38:24	12,98	0,00	-84,67	0,72	4,61
1466	29.08.20 12:38:25	13,23	0,00	5,14	23,26	61,60
1467	29.08.20 12:38:26	13,44	0,00	-15,42	32,78	41,80
1468	29.08.20 12:38:27	13,69	0,00	-20,63	32,79	36,58
1469	29.08.20 12:38:28	13,94	0,01	-25,55	25,61	38,84
1470	29.08.20 12:38:29	14,16	0,00	-39,13	20,41	30,47
1471	29.08.20 12:38:30	14,34	0,00	-33,41	30,14	26,45
1472	29.08.20 12:38:31	14,49	0,00	-25,44	32,44	32,12
1473	29.08.20 12:38:32	14,52	0,00	-26,08	59,42	4,50
1474	29.08.20 12:38:33	14,46	0,00	-41,67	38,64	9,70
1475	29.08.20 12:38:34	14,40	0,00	-36,93	26,47	26,60
1476	29.08.20 12:38:35	14,37	0,01	-3,68	49,43	36,88
1477	29.08.20 12:38:36	14,31	0,03	-43,13	18,24	28,63
1478	29.08.20 12:38:37	14,37	0,06	-49,60	11,25	29,15
1479	29.08.20 12:38:38	14,40	0,08	-22,65	40,26	27,09
1480	29.08.20 12:38:39	14,40	0,08	-29,83	19,58	40,59
1481	29.08.20 12:38:40	14,40	0,08	1,14	36,74	52,11
1482	29.08.20 12:38:41	14,34	0,08	-12,78	46,59	30,63
1483	29.08.20 12:38:42	14,28	0,06	10,67	66,20	13,13
1484	29.08.20 12:38:43	14,25	0,08	8,73	59,61	21,66
1485	29.08.20 12:38:44	14,19	0,10	-24,81	37,52	27,68
1486	29.08.20 12:38:45	14,16	0,13	-18,99	52,67	18,34
1487	29.08.20 12:38:46	14,16	0,10	18,45	53,95	17,60
1488	29.08.20 12:38:47	14,13	0,13	-26,02	41,75	22,23
1489	29.08.20 12:38:48	14,09	0,15	23,05	-43,85	23,11
1490	29.08.20 12:38:49	14,06	0,10	20,42	-52,48	17,10
1491	29.08.20 12:38:50	14,03	0,10	50,74	-31,06	8,20
1492	29.08.20 12:38:51	14,09	0,00	7,61	-53,46	28,93
1493	29.08.20 12:38:52	14,65	0,01	-26,88	-30,68	32,44
1494	29.08.20 12:38:53	14,95	0,01	-72,75	-15,37	1,87
1495	29.08.20 12:38:54	15,11	0,03	-30,19	-36,50	23,31
1496	29.08.20 12:38:55	15,17	0,01	-33,31	7,22	49,47
1497	29.08.20 12:38:56	15,23	0,00	36,99	-51,83	1,17
1498	29.08.20 12:38:57	15,53	0,00	-17,60	-25,22	-47,18
1499	29.08.20 12:38:58	15,65	0,00	5,00	-40,08	-44,93
1500	29.08.20 12:38:59	15,65	0,01	7,30	-39,83	-42,87
1501	29.08.20 12:39:00	15,68	0,01	9,46	-39,34	-41,20
1502	29.08.20 12:39:01	15,68	0,03	9,84	-41,09	-39,07
1503	29.08.20 12:39:02	15,68	0,03	5,67	-42,77	-41,56
1504	29.08.20 12:39:03	15,68	0,06	9,71	-41,36	-38,93
1505	29.08.20 12:39:04	15,68	0,06	-3,42	-45,40	-41,18
1506	29.08.20 12:39:05	15,71	0,06	8,63	-54,38	-26,99
1507	29.08.20 12:39:06	15,71	0,06	-0,09	-73,30	-16,61
1508	29.08.20 12:39:07	15,74	0,01	22,53	-53,03	-14,44
1509	29.08.20 12:39:08	15,86	0,01	3,13	-74,25	-12,62
1510	29.08.20 12:39:09	15,96	0,01	-31,38	-22,96	-35,66
