#0	Date-time:	24/08/2020 6:24:58 AM
#1	Recorder:	86H1067
#2	File type:	1
#3	Columns:	7
#4	Channels:	5
#5	Field separation:	0
#6	Decimal point:	0
#7	Date def.:	0	0
#8	Time def.:	0
#9	Channel 1:	Temperature(°C)	Temp(°C)	2	1
#10	Channel 2:	Pressure(Bar)	Press(Bar)	2	1
#11	Reconvertion:	0
#14	Channel 3:	Tilt-X(°)	Tilt-X(°)	2	1
#18	Channel 4:	Tilt-Y(°)	Tilt-Y(°)	2	1
#19	Line color:	1	2	3	4
#22	Channel 5:	Tilt-Z(°)	Tilt-Z(°)	2	1
#30	Trend Type Number:	3
#33	Limit Temp. Corr. OTCR:	1
1	24.08.20 05:58:00	25,62	0,35	-66,55	22,06	-1,39
2	24.08.20 05:58:01	25,62	0,33	-51,29	37,42	1,28
3	24.08.20 05:58:02	25,62	0,35	-14,60	34,16	-41,24
4	24.08.20 05:58:03	25,62	0,35	-52,89	1,93	-35,18
5	24.08.20 05:58:04	25,62	0,35	7,64	81,46	-0,90
6	24.08.20 05:58:05	25,59	0,35	-44,80	0,06	45,14
7	24.08.20 05:58:06	25,59	0,35	-47,47	-5,42	37,12
8	24.08.20 05:58:07	25,59	0,35	-11,42	6,46	72,11
9	24.08.20 05:58:08	25,59	0,33	-20,37	-0,49	69,14
10	24.08.20 05:58:09	25,56	0,35	-21,82	-2,60	65,57
11	24.08.20 05:58:10	25,56	0,35	-17,25	-1,12	71,63
12	24.08.20 05:58:11	25,56	0,35	-17,49	0,54	71,97
13	24.08.20 05:58:12	25,56	0,35	-15,35	5,66	68,99
14	24.08.20 05:58:13	25,53	0,35	-13,44	4,56	72,00
15	24.08.20 05:58:14	25,53	0,35	-18,26	2,44	69,31
16	24.08.20 05:58:15	25,53	0,35	-17,71	3,06	69,23
17	24.08.20 05:58:16	25,53	0,35	-17,75	0,79	71,46
18	24.08.20 05:58:17	25,53	0,35	-19,79	1,29	68,92
19	24.08.20 05:58:18	25,50	0,33	-20,02	2,12	67,86
20	24.08.20 05:58:19	25,50	0,35	-18,46	3,71	67,83
21	24.08.20 05:58:20	25,50	0,35	-24,30	0,28	65,42
22	24.08.20 05:58:21	25,50	0,35	-21,73	4,20	64,07
23	24.08.20 05:58:22	25,50	0,35	-21,93	4,84	63,23
24	24.08.20 05:58:23	25,47	0,35	-21,07	3,15	65,78
25	24.08.20 05:58:24	25,47	0,33	-21,64	3,66	64,70
26	24.08.20 05:58:25	25,47	0,35	-20,93	4,00	65,07
27	24.08.20 05:58:26	25,47	0,35	-21,22	6,16	62,62
28	24.08.20 05:58:27	25,47	0,37	-22,42	2,54	65,04
29	24.08.20 05:58:28	25,44	0,35	-22,20	2,45	65,35
30	24.08.20 05:58:29	25,44	0,35	23,08	-0,26	66,66
31	24.08.20 05:58:30	25,44	0,37	-39,92	3,33	46,75
32	24.08.20 05:58:31	25,44	0,35	-59,29	-1,48	29,23
33	24.08.20 05:58:32	25,44	0,35	-77,77	-3,65	8,57
34	24.08.20 05:58:33	25,44	0,35	-68,53	-6,28	15,20
35	24.08.20 05:58:34	25,41	0,35	-17,70	-2,31	69,99
36	24.08.20 05:58:35	25,41	0,35	-31,89	3,62	54,50
37	24.08.20 05:58:36	25,41	0,37	-4,39	-4,36	81,25
38	24.08.20 05:58:37	25,41	0,35	-4,66	-2,13	83,21
39	24.08.20 05:58:38	25,41	0,37	-5,25	0,25	84,50
40	24.08.20 05:58:39	25,41	0,37	-4,82	-1,53	83,66
41	24.08.20 05:58:40	25,41	0,35	-4,49	-0,92	84,59
42	24.08.20 05:58:41	25,38	0,35	-2,78	-11,66	75,56
43	24.08.20 05:58:42	25,38	0,33	-5,00	-1,84	83,16
44	24.08.20 05:58:43	25,38	0,37	-5,69	-1,51	82,80
45	24.08.20 05:58:44	25,38	0,35	-5,84	-0,45	83,71
46	24.08.20 05:58:45	25,38	0,37	-5,38	-0,31	84,30
47	24.08.20 05:58:46	25,38	0,35	-4,87	0,15	84,98
48	24.08.20 05:58:47	25,38	0,35	-4,03	-2,74	83,23
49	24.08.20 05:58:48	25,35	0,35	37,55	45,70	6,75
50	24.08.20 05:58:49	25,35	0,35	43,28	44,34	2,38
51	24.08.20 05:58:50	25,35	0,35	46,58	32,62	10,79
52	24.08.20 05:58:51	25,35	0,37	76,99	-12,40	0,61
53	24.08.20 05:58:52	25,35	0,35	54,94	22,78	12,28
54	24.08.20 05:58:53	25,35	0,37	37,43	42,34	10,23
55	24.08.20 05:58:54	25,33	0,35	51,04	19,71	19,25
56	24.08.20 05:58:55	25,33	0,37	65,29	11,81	12,89
57	24.08.20 05:58:56	25,33	0,35	61,05	12,62	16,33
58	24.08.20 05:58:57	25,33	0,35	55,11	21,27	13,62
59	24.08.20 05:58:58	25,33	0,35	47,33	26,34	16,33
60	24.08.20 05:58:59	25,33	0,35	54,66	16,62	18,72
61	24.08.20 05:59:00	25,30	0,33	59,74	13,61	16,66
62	24.08.20 05:59:01	25,30	0,35	61,95	14,04	14,01
63	24.08.20 05:59:02	25,30	0,35	49,38	33,31	7,31
64	24.08.20 05:59:03	25,30	0,35	44,93	32,82	12,25
65	24.08.20 05:59:04	25,30	0,37	45,18	33,32	11,50
66	24.08.20 05:59:05	25,30	0,35	43,40	37,45	9,14
67	24.08.20 05:59:06	25,30	0,35	45,56	35,68	8,76
68	24.08.20 05:59:07	25,30	0,35	47,93	30,27	11,80
69	24.08.20 05:59:08	25,27	0,35	50,43	27,61	11,95
70	24.08.20 05:59:09	25,27	0,37	59,08	23,20	7,72
71	24.08.20 05:59:10	25,27	0,37	59,06	26,65	4,29
72	24.08.20 05:59:11	25,27	0,35	53,85	28,62	7,53
73	24.08.20 05:59:12	25,27	0,37	53,47	25,22	11,31
74	24.08.20 05:59:13	25,27	0,37	55,88	21,51	12,61
75	24.08.20 05:59:14	25,27	0,35	59,38	20,43	10,20
76	24.08.20 05:59:15	25,24	0,37	62,34	20,19	7,47
77	24.08.20 05:59:16	25,24	0,35	60,65	20,72	8,63
78	24.08.20 05:59:17	25,24	0,37	58,14	22,33	9,53
79	24.08.20 05:59:18	25,24	0,37	59,50	20,66	9,84
80	24.08.20 05:59:19	25,24	0,35	61,46	16,95	11,59
81	24.08.20 05:59:20	25,24	0,37	63,95	13,55	12,50
82	24.08.20 05:59:21	25,24	0,37	68,90	13,74	7,36
83	24.08.20 05:59:22	25,24	0,37	67,70	15,30	7,00
84	24.08.20 05:59:23	25,24	0,35	68,81	16,23	4,96
85	24.08.20 05:59:24	25,21	0,35	67,18	16,66	6,16
86	24.08.20 05:59:25	25,21	0,35	61,49	14,93	13,58
87	24.08.20 05:59:26	25,21	0,35	63,63	11,38	14,99
88	24.08.20 05:59:27	25,21	0,37	83,67	-1,76	-4,57
89	24.08.20 05:59:28	25,21	0,35	81,56	-5,79	-2,66
90	24.08.20 05:59:29	25,21	0,37	88,66	-0,96	-0,38
91	24.08.20 05:59:30	25,21	0,37	81,92	7,96	0,12
92	24.08.20 05:59:31	25,21	0,35	83,03	5,35	1,62
93	24.08.20 05:59:32	25,21	0,35	80,81	-1,85	7,33
94	24.08.20 05:59:33	25,18	0,35	80,57	-7,18	-2,26
95	24.08.20 05:59:34	25,18	0,35	80,73	-7,20	-2,07
96	24.08.20 05:59:35	25,18	0,35	85,15	-4,44	-0,41
97	24.08.20 05:59:36	25,18	0,35	88,45	0,15	1,40
98	24.08.20 05:59:37	25,18	0,37	85,85	3,15	1,00
99	24.08.20 05:59:38	25,18	0,35	85,58	2,75	1,68
100	24.08.20 05:59:39	25,18	0,35	87,19	-1,27	1,54
101	24.08.20 05:59:40	25,18	0,37	88,01	-1,07	0,92
102	24.08.20 05:59:41	25,18	0,35	84,16	4,64	1,20
103	24.08.20 05:59:42	25,15	0,35	81,48	7,35	1,18
104	24.08.20 05:59:43	25,15	0,37	84,37	3,24	2,39
105	24.08.20 05:59:44	25,15	0,35	88,61	-0,42	0,97
106	24.08.20 05:59:45	25,15	0,35	87,54	1,48	0,98
107	24.08.20 05:59:46	25,15	0,35	83,70	5,27	1,03
108	24.08.20 05:59:47	25,15	0,35	81,11	7,51	1,38
109	24.08.20 05:59:48	25,15	0,35	79,29	8,30	2,41
110	24.08.20 05:59:49	25,15	0,35	78,31	7,74	3,95
111	24.08.20 05:59:50	25,15	0,35	82,41	6,40	1,19
112	24.08.20 05:59:51	25,12	0,35	79,62	8,35	2,03
113	24.08.20 05:59:52	25,12	0,35	76,90	11,00	2,11
114	24.08.20 05:59:53	25,12	0,37	77,91	9,60	2,49
115	24.08.20 05:59:54	25,12	0,35	76,59	10,94	2,47
116	24.08.20 05:59:55	25,12	0,37	76,18	11,04	2,77
117	24.08.20 05:59:56	25,12	0,37	77,14	9,67	3,18
118	24.08.20 05:59:57	25,12	0,35	79,15	7,77	3,08
119	24.08.20 05:59:58	25,12	0,35	79,23	7,21	3,56
120	24.08.20 05:59:59	25,12	0,35	81,43	7,18	1,39
121	24.08.20 06:00:00	25,12	0,35	79,25	9,17	1,58
122	24.08.20 06:00:01	25,12	0,37	77,00	9,97	3,03
123	24.08.20 06:00:02	25,09	0,35	76,71	10,87	2,43
124	24.08.20 06:00:03	25,09	0,35	78,23	9,58	2,19
125	24.08.20 06:00:04	25,09	0,35	80,79	6,37	2,84
126	24.08.20 06:00:05	25,09	0,35	84,95	1,94	3,10
127	24.08.20 06:00:06	25,09	0,37	85,22	2,80	1,98
128	24.08.20 06:00:07	25,09	0,37	82,21	5,57	2,22
129	24.08.20 06:00:08	25,09	0,37	80,48	7,56	1,96
130	24.08.20 06:00:09	25,06	0,35	77,67	8,74	3,59
131	24.08.20 06:00:10	25,06	0,37	78,13	7,70	4,17
132	24.08.20 06:00:11	25,06	0,35	81,06	6,38	2,56
133	24.08.20 06:00:12	25,06	0,35	84,71	2,97	2,32
134	24.08.20 06:00:13	25,06	0,35	84,53	2,39	3,08
135	24.08.20 06:00:14	25,06	0,35	74,56	7,77	7,68
136	24.08.20 06:00:15	25,06	0,37	56,67	23,71	9,62
137	24.08.20 06:00:16	25,06	0,37	58,11	19,64	12,26
138	24.08.20 06:00:17	25,06	0,37	59,12	18,87	12,01
139	24.08.20 06:00:18	25,06	0,37	58,52	19,52	11,96
140	24.08.20 06:00:19	25,06	0,35	58,09	19,71	12,20
141	24.08.20 06:00:20	25,03	0,33	58,52	19,17	12,30
142	24.08.20 06:00:21	25,03	0,35	58,98	18,88	12,14
143	24.08.20 06:00:22	25,03	0,35	58,89	18,89	12,21
144	24.08.20 06:00:23	25,03	0,35	59,13	18,33	12,53
145	24.08.20 06:00:24	25,03	0,35	58,86	18,85	12,28
146	24.08.20 06:00:25	25,03	0,33	58,49	20,11	11,41
147	24.08.20 06:00:26	25,03	0,35	45,80	42,56	1,64
148	24.08.20 06:00:27	25,01	0,33	38,95	48,35	2,70
149	24.08.20 06:00:28	25,01	0,33	51,43	32,61	5,97
150	24.08.20 06:00:29	25,01	0,35	16,28	23,47	-50,25
151	24.08.20 06:00:30	25,01	0,35	31,94	-10,68	-47,38
152	24.08.20 06:00:31	25,01	0,35	70,43	13,33	6,24
153	24.08.20 06:00:32	25,01	0,33	45,25	38,52	6,23
154	24.08.20 06:00:33	24,54	0,39	31,85	37,63	20,52
155	24.08.20 06:00:34	24,31	0,43	44,03	33,48	12,49
156	24.08.20 06:00:35	23,99	0,41	38,25	5,33	46,43
157	24.08.20 06:00:36	23,70	0,39	28,47	-9,88	51,65
158	24.08.20 06:00:37	23,49	0,41	22,40	-2,17	65,43
159	24.08.20 06:00:38	23,29	0,43	32,05	-22,13	35,82
160	24.08.20 06:00:39	23,17	0,41	24,21	-5,94	59,85
161	24.08.20 06:00:40	23,06	0,45	40,03	-16,21	33,76
162	24.08.20 06:00:41	22,97	0,45	61,00	-3,13	25,87
163	24.08.20 06:00:42	22,91	0,48	53,35	-5,49	31,17
164	24.08.20 06:00:43	22,85	0,48	43,61	-7,64	38,75
165	24.08.20 06:00:44	22,80	0,43	20,92	-19,07	50,01
166	24.08.20 06:00:45	22,74	0,41	19,25	-17,04	53,72
167	24.08.20 06:00:46	22,68	0,41	13,86	-8,58	67,56
168	24.08.20 06:00:47	22,62	0,41	14,77	1,11	74,12
169	24.08.20 06:00:48	22,59	0,43	19,92	-6,47	63,61
170	24.08.20 06:00:49	22,56	0,41	18,32	-18,43	53,25
171	24.08.20 06:00:50	22,56	0,41	14,17	-15,75	60,08
172	24.08.20 06:00:51	22,48	0,43	11,23	-12,46	66,31
173	24.08.20 06:00:52	22,45	0,41	15,80	-11,40	62,80
174	24.08.20 06:00:53	22,39	0,45	33,75	-13,25	43,00
175	24.08.20 06:00:54	22,36	0,45	25,35	-21,95	42,70
176	24.08.20 06:00:55	22,36	0,43	16,36	-19,45	54,20
177	24.08.20 06:00:56	22,33	0,45	15,61	-11,59	62,80
178	24.08.20 06:00:57	22,27	0,45	19,34	-11,83	58,83
179	24.08.20 06:00:58	22,24	0,48	19,67	-8,10	62,23
180	24.08.20 06:00:59	22,21	0,52	28,27	-6,16	55,57
181	24.08.20 06:01:00	22,18	0,52	24,25	-1,22	64,54
182	24.08.20 06:01:01	22,18	0,52	24,24	-3,07	62,69
183	24.08.20 06:01:02	22,16	0,56	23,98	-4,23	61,79
184	24.08.20 06:01:03	22,16	0,60	42,82	-13,14	34,04
185	24.08.20 06:01:04	22,13	0,62	57,17	-7,55	25,29
186	24.08.20 06:01:05	22,13	0,64	53,42	-17,01	19,56
187	24.08.20 06:01:06	22,13	0,62	36,60	-6,04	47,36
188	24.08.20 06:01:07	22,10	0,64	47,63	-9,28	33,10
189	24.08.20 06:01:08	22,04	0,66	57,77	-3,14	29,10
190	24.08.20 06:01:09	22,04	0,73	56,75	1,58	31,68
191	24.08.20 06:01:10	22,01	0,70	47,72	-3,53	38,75
192	24.08.20 06:01:11	22,01	0,70	42,64	-16,66	30,70
193	24.08.20 06:01:12	22,01	0,73	38,05	-11,26	40,69
194	24.08.20 06:01:13	21,98	0,77	40,99	-6,03	42,98
195	24.08.20 06:01:14	21,98	0,75	35,79	-2,44	51,77
196	24.08.20 06:01:15	21,95	0,75	36,30	-1,44	52,26
197	24.08.20 06:01:16	21,92	0,77	43,19	-5,90	40,91
198	24.08.20 06:01:17	21,92	0,79	46,48	-2,82	40,70
199	24.08.20 06:01:18	21,86	0,79	50,57	-2,78	36,65
200	24.08.20 06:01:19	21,86	0,83	51,33	-0,06	38,61
201	24.08.20 06:01:20	21,86	0,83	50,12	-0,43	39,46
202	24.08.20 06:01:21	21,86	0,83	49,75	2,82	37,42
203	24.08.20 06:01:22	21,86	0,85	52,94	2,97	34,09
204	24.08.20 06:01:23	21,89	0,90	52,34	4,21	33,45
205	24.08.20 06:01:24	21,89	0,87	48,22	3,51	38,27
206	24.08.20 06:01:25	21,89	0,87	47,59	6,05	36,36
207	24.08.20 06:01:26	21,86	0,90	54,07	6,16	29,77
208	24.08.20 06:01:27	21,86	0,90	52,34	6,89	30,77
209	24.08.20 06:01:28	21,86	0,92	54,49	4,41	31,10
210	24.08.20 06:01:29	21,86	0,90	52,30	6,85	30,85
211	24.08.20 06:01:30	21,86	0,92	53,22	9,41	27,37
212	24.08.20 06:01:31	21,86	0,94	51,82	9,73	28,45
213	24.08.20 06:01:32	21,83	0,96	51,59	10,02	28,39
214	24.08.20 06:01:33	21,83	0,94	51,99	11,40	26,62
215	24.08.20 06:01:34	21,83	0,96	52,57	10,63	26,79
216	24.08.20 06:01:35	21,81	0,96	52,96	8,55	28,49
217	24.08.20 06:01:36	21,81	0,96	55,03	8,28	26,70
218	24.08.20 06:01:37	21,81	0,98	57,74	7,74	24,52
219	24.08.20 06:01:38	21,78	0,98	57,12	7,39	25,49
220	24.08.20 06:01:39	21,78	0,98	53,19	9,08	27,73
221	24.08.20 06:01:40	21,78	1,00	53,85	11,60	24,55
222	24.08.20 06:01:41	21,75	1,00	55,60	12,00	22,40
223	24.08.20 06:01:42	21,75	1,02	52,91	10,57	26,52
224	24.08.20 06:01:43	21,75	1,02	53,75	7,03	29,22
225	24.08.20 06:01:44	21,75	1,04	58,26	3,86	27,89
226	24.08.20 06:01:45	21,72	1,04	59,29	1,82	28,88
227	24.08.20 06:01:46	21,72	1,04	59,27	1,67	29,07
228	24.08.20 06:01:47	21,72	1,06	59,34	-0,41	30,24
229	24.08.20 06:01:48	21,72	1,06	57,43	-1,32	31,26
230	24.08.20 06:01:49	21,72	1,11	61,56	1,59	26,86
231	24.08.20 06:01:50	21,72	1,13	61,27	1,73	26,99
232	24.08.20 06:01:51	21,72	1,13	56,45	-2,34	31,21
233	24.08.20 06:01:52	21,72	1,13	56,72	-3,39	29,89
234	24.08.20 06:01:53	21,69	1,15	60,48	-2,11	27,41
235	24.08.20 06:01:54	21,69	1,19	60,17	2,87	26,96
236	24.08.20 06:01:55	21,69	1,19	58,30	4,55	27,15
237	24.08.20 06:01:56	21,69	1,21	57,97	5,35	26,67
238	24.08.20 06:01:57	21,69	1,24	57,06	7,06	25,89
239	24.08.20 06:01:58	21,69	1,21	52,80	9,37	27,83
240	24.08.20 06:01:59	21,69	1,24	52,05	11,72	26,23
241	24.08.20 06:02:00	21,66	1,24	55,68	12,10	22,23
242	24.08.20 06:02:01	21,66	1,26	52,44	11,49	26,07
243	24.08.20 06:02:02	21,66	1,28	51,42	9,93	28,65
244	24.08.20 06:02:03	21,63	1,30	52,25	11,42	26,32
245	24.08.20 06:02:04	21,63	1,32	54,68	11,10	24,22
246	24.08.20 06:02:05	21,63	1,34	54,35	11,73	23,92
247	24.08.20 06:02:06	21,63	1,36	53,23	10,02	26,75
248	24.08.20 06:02:07	21,60	1,36	53,45	9,80	26,75
249	24.08.20 06:02:08	21,60	1,38	53,69	8,49	27,82
250	24.08.20 06:02:09	21,60	1,38	52,11	11,37	26,52
251	24.08.20 06:02:10	21,57	1,41	57,81	10,71	21,49
252	24.08.20 06:02:11	21,57	1,45	53,81	8,81	27,38
253	24.08.20 06:02:12	21,57	1,45	49,65	6,52	33,84
254	24.08.20 06:02:13	21,54	1,45	50,56	10,40	29,04
255	24.08.20 06:02:14	21,54	1,47	56,74	12,27	20,99
256	24.08.20 06:02:15	21,54	1,51	52,27	11,31	26,42
257	24.08.20 06:02:16	21,54	1,51	49,38	9,37	31,25
258	24.08.20 06:02:17	21,54	1,53	51,73	12,18	26,08
259	24.08.20 06:02:18	21,54	1,58	55,13	12,87	22,01
260	24.08.20 06:02:19	21,54	1,58	51,93	10,86	27,21
261	24.08.20 06:02:20	21,54	1,60	52,14	9,51	28,35
262	24.08.20 06:02:21	21,54	1,60	49,57	4,62	35,81
263	24.08.20 06:02:22	21,54	1,58	48,50	2,26	39,25
264	24.08.20 06:02:23	21,51	1,62	46,72	7,79	35,49
265	24.08.20 06:02:24	21,51	1,62	50,51	9,66	29,83
266	24.08.20 06:02:25	21,51	1,64	53,55	11,59	24,86
267	24.08.20 06:02:26	21,51	1,66	52,94	13,28	23,78
268	24.08.20 06:02:27	21,51	1,70	50,69	12,51	26,81
269	24.08.20 06:02:28	21,51	1,68	49,23	11,82	28,94
270	24.08.20 06:02:29	21,51	1,70	50,30	13,23	26,47
271	24.08.20 06:02:30	21,51	1,73	52,24	14,91	22,85
272	24.08.20 06:02:31	21,51	1,75	51,60	13,57	24,83
273	24.08.20 06:02:32	21,51	1,77	49,83	10,71	29,46
274	24.08.20 06:02:33	21,51	1,77	49,58	13,84	26,58
275	24.08.20 06:02:34	21,51	1,81	54,98	14,37	20,64
276	24.08.20 06:02:35	21,51	1,83	53,97	11,18	24,85
277	24.08.20 06:02:36	21,51	1,85	49,22	9,09	31,68
278	24.08.20 06:02:37	21,51	1,85	50,96	10,79	28,25
279	24.08.20 06:02:38	21,51	1,90	55,05	12,55	22,39
280	24.08.20 06:02:39	21,51	1,90	51,66	12,58	25,76
281	24.08.20 06:02:40	21,48	1,90	51,33	3,78	34,89
282	24.08.20 06:02:41	21,48	1,88	46,26	4,25	39,49
283	24.08.20 06:02:42	21,48	1,90	50,41	1,67	37,92
284	24.08.20 06:02:43	21,48	1,90	48,97	0,86	40,17
285	24.08.20 06:02:44	21,45	1,92	45,43	0,42	44,15
286	24.08.20 06:02:45	21,45	1,90	46,62	-1,69	41,69
287	24.08.20 06:02:46	21,43	1,92	47,74	0,24	42,02
288	24.08.20 06:02:47	21,43	1,92	45,46	-0,51	44,04
289	24.08.20 06:02:48	21,43	1,90	43,10	-2,41	44,48
290	24.08.20 06:02:49	21,40	1,92	47,15	-0,92	41,93
291	24.08.20 06:02:50	21,40	1,94	46,73	3,84	39,43
292	24.08.20 06:02:51	21,37	1,92	46,81	-1,04	42,15
293	24.08.20 06:02:52	21,34	1,94	42,52	-1,68	45,80
294	24.08.20 06:02:53	21,34	1,94	47,45	-0,03	42,52
295	24.08.20 06:02:54	21,31	1,96	49,21	3,34	37,45
296	24.08.20 06:02:55	21,31	1,96	47,99	0,12	41,89
297	24.08.20 06:02:56	21,31	1,94	38,51	4,11	47,38
298	24.08.20 06:02:57	21,28	1,94	40,69	-1,30	48,01
299	24.08.20 06:02:58	21,28	1,92	36,16	2,29	51,54
300	24.08.20 06:02:59	21,25	1,89	38,12	-2,47	49,41
301	24.08.20 06:03:00	21,22	1,87	36,47	1,55	51,97
302	24.08.20 06:03:01	21,19	1,85	37,12	-0,67	52,21
303	24.08.20 06:03:02	21,16	1,83	32,41	3,01	54,58
304	24.08.20 06:03:03	21,13	1,79	21,65	-0,92	67,43
305	24.08.20 06:03:04	21,10	1,79	30,43	14,21	45,36
306	24.08.20 06:03:05	21,04	1,81	43,18	3,90	42,92
307	24.08.20 06:03:06	21,04	1,79	39,41	-2,77	47,82
308	24.08.20 06:03:07	21,02	1,74	39,62	-1,59	48,78
309	24.08.20 06:03:08	20,99	1,76	39,73	-2,03	48,24
310	24.08.20 06:03:09	20,99	1,76	39,62	-4,18	46,21
311	24.08.20 06:03:10	20,99	1,74	33,54	3,34	53,12
312	24.08.20 06:03:11	20,99	1,72	37,26	-4,43	48,32
313	24.08.20 06:03:12	20,99	1,72	35,61	1,91	52,48
314	24.08.20 06:03:13	20,96	1,74	36,10	-2,91	50,99
315	24.08.20 06:03:14	20,96	1,70	32,29	3,98	53,72
316	24.08.20 06:03:15	20,96	1,72	39,72	6,97	43,32
317	24.08.20 06:03:16	20,96	1,72	39,12	8,76	42,12
318	24.08.20 06:03:17	20,96	1,70	37,82	8,39	43,79
319	24.08.20 06:03:18	20,96	1,68	33,82	3,98	52,20
320	24.08.20 06:03:19	20,96	1,68	34,01	10,77	45,23
321	24.08.20 06:03:20	20,96	1,66	32,04	3,32	54,63
322	24.08.20 06:03:21	20,93	1,66	30,86	2,25	56,89
323	24.08.20 06:03:22	20,93	1,66	35,17	11,71	43,12
324	24.08.20 06:03:23	20,93	1,66	31,78	3,50	54,72
325	24.08.20 06:03:24	20,93	1,63	29,79	5,07	55,14
326	24.08.20 06:03:25	20,90	1,66	31,29	9,94	48,77
327	24.08.20 06:03:26	20,90	1,66	31,09	8,16	50,74
328	24.08.20 06:03:27	20,87	1,63	26,88	1,68	61,43
329	24.08.20 06:03:28	20,87	1,63	28,17	6,41	55,42
330	24.08.20 06:03:29	20,87	1,66	32,27	10,13	47,60
331	24.08.20 06:03:30	20,87	1,61	33,85	10,03	46,12
332	24.08.20 06:03:31	20,84	1,61	27,70	2,65	59,64
333	24.08.20 06:03:32	20,84	1,63	30,23	9,12	50,65
334	24.08.20 06:03:33	20,84	1,63	28,88	8,64	52,48
335	24.08.20 06:03:34	20,81	1,63	26,53	6,03	57,44
336	24.08.20 06:03:35	20,81	1,61	25,98	5,40	58,61
337	24.08.20 06:03:36	20,78	1,63	27,96	7,32	54,72
338	24.08.20 06:03:37	20,78	1,61	24,24	5,67	60,09
339	24.08.20 06:03:38	20,78	1,61	25,95	7,90	56,15
340	24.08.20 06:03:39	20,75	1,63	23,24	7,37	59,38
341	24.08.20 06:03:40	20,75	1,63	24,48	6,03	59,49
342	24.08.20 06:03:41	20,75	1,63	21,69	5,25	63,07
343	24.08.20 06:03:42	20,75	1,63	26,03	8,23	55,74
344	24.08.20 06:03:43	20,72	1,63	25,35	7,28	57,38
345	24.08.20 06:03:44	20,72	1,65	23,62	8,32	58,06
346	24.08.20 06:03:45	20,72	1,65	21,20	7,26	61,54
347	24.08.20 06:03:46	20,72	1,65	23,08	8,65	58,28
348	24.08.20 06:03:47	20,69	1,68	24,24	9,45	56,31
349	24.08.20 06:03:48	20,69	1,68	22,78	8,14	59,08
350	24.08.20 06:03:49	20,69	1,70	22,28	7,52	60,20
351	24.08.20 06:03:50	20,69	1,70	21,78	6,94	61,28
352	24.08.20 06:03:51	20,66	1,72	23,11	7,56	59,33
353	24.08.20 06:03:52	20,66	1,72	22,58	7,56	59,86
354	24.08.20 06:03:53	20,66	1,72	23,00	9,14	57,87
355	24.08.20 06:03:54	20,66	1,76	22,14	7,31	60,55
356	24.08.20 06:03:55	20,66	1,76	22,60	6,82	60,58
357	24.08.20 06:03:56	20,63	1,78	23,27	7,87	58,86
358	24.08.20 06:03:57	20,63	1,80	23,13	7,94	58,93
359	24.08.20 06:03:58	20,60	1,80	21,36	6,85	61,79
360	24.08.20 06:03:59	20,60	1,80	22,21	6,62	61,17
361	24.08.20 06:04:00	20,60	1,85	23,68	8,38	57,93
362	24.08.20 06:04:01	20,60	1,85	21,07	9,12	59,81
363	24.08.20 06:04:02	20,58	1,87	21,80	8,93	59,27
364	24.08.20 06:04:03	20,58	1,87	22,50	9,44	58,06
365	24.08.20 06:04:04	20,55	1,89	22,27	7,29	60,44
366	24.08.20 06:04:05	20,55	1,91	22,25	8,68	59,07
367	24.08.20 06:04:06	20,55	1,91	22,46	8,90	58,64
368	24.08.20 06:04:07	20,52	1,91	21,04	9,68	59,29
369	24.08.20 06:04:08	20,52	1,93	22,31	8,82	58,87
370	24.08.20 06:04:09	20,49	1,95	22,79	9,64	57,57
371	24.08.20 06:04:10	20,46	1,95	22,73	9,08	58,19
372	24.08.20 06:04:11	20,43	1,97	23,65	12,59	53,77
373	24.08.20 06:04:12	20,40	1,99	21,74	10,93	57,33
374	24.08.20 06:04:13	20,37	2,01	23,24	11,50	55,26
375	24.08.20 06:04:14	20,34	2,01	24,27	13,69	52,04
376	24.08.20 06:04:15	20,31	2,03	22,87	12,97	54,17
377	24.08.20 06:04:16	20,28	2,06	24,74	13,34	51,92
378	24.08.20 06:04:17	20,28	2,08	26,73	15,56	47,71
379	24.08.20 06:04:18	20,25	2,08	24,90	14,50	50,60
380	24.08.20 06:04:19	20,22	2,12	24,67	15,19	50,14
381	24.08.20 06:04:20	20,16	2,12	24,30	14,96	50,73
382	24.08.20 06:04:21	20,13	2,16	27,76	16,51	45,73
383	24.08.20 06:04:22	20,11	2,16	29,99	18,75	41,25
384	24.08.20 06:04:23	20,05	2,18	28,05	19,90	42,05
385	24.08.20 06:04:24	20,02	2,20	28,63	18,35	43,02
386	24.08.20 06:04:25	19,96	2,22	30,79	19,56	39,65
387	24.08.20 06:04:26	19,93	2,22	30,56	22,10	37,34
388	24.08.20 06:04:27	19,87	2,27	31,12	21,67	37,21
389	24.08.20 06:04:28	19,81	2,29	31,23	22,33	36,44
390	24.08.20 06:04:29	19,78	2,31	33,75	22,10	34,16
391	24.08.20 06:04:30	19,72	2,33	34,89	23,93	31,18
392	24.08.20 06:04:31	19,69	2,35	39,17	27,21	23,62
393	24.08.20 06:04:32	19,69	2,37	46,96	31,74	11,30
394	24.08.20 06:04:33	19,69	2,37	25,69	17,24	47,08
395	24.08.20 06:04:34	19,66	2,37	29,52	21,66	38,82
396	24.08.20 06:04:35	19,60	2,41	30,66	24,60	34,74
397	24.08.20 06:04:36	19,52	2,43	33,05	25,17	31,78
398	24.08.20 06:04:37	19,49	2,45	36,36	28,81	24,83
399	24.08.20 06:04:38	19,46	2,45	43,38	31,58	15,03
400	24.08.20 06:04:39	19,43	2,48	32,27	20,59	37,14
401	24.08.20 06:04:40	19,43	2,50	33,23	25,50	31,27
402	24.08.20 06:04:41	19,37	2,52	34,81	26,71	28,48
403	24.08.20 06:04:42	19,34	2,56	41,41	32,26	16,33
404	24.08.20 06:04:43	19,34	2,56	43,05	30,40	16,55
405	24.08.20 06:04:44	19,34	2,58	26,06	19,30	44,64
406	24.08.20 06:04:45	19,34	2,60	32,41	25,02	32,57
407	24.08.20 06:04:46	19,28	2,65	43,65	31,52	14,82
408	24.08.20 06:04:47	19,25	2,64	39,04	29,36	21,60
409	24.08.20 06:04:48	19,25	2,67	26,32	16,29	47,39
410	24.08.20 06:04:49	19,25	2,69	38,70	29,57	21,73
411	24.08.20 06:04:50	19,22	2,69	45,11	34,28	10,60
412	24.08.20 06:04:51	19,19	2,71	27,83	20,62	41,55
413	24.08.20 06:04:52	19,19	2,75	45,67	34,18	10,15
414	24.08.20 06:04:53	19,16	2,77	38,47	26,99	24,55
415	24.08.20 06:04:54	19,16	2,79	34,59	26,25	29,16
416	24.08.20 06:04:55	19,13	2,81	55,02	31,59	-3,39
417	24.08.20 06:04:56	19,13	2,81	29,30	18,06	42,65
418	24.08.20 06:04:57	19,10	2,86	47,02	31,78	11,20
419	24.08.20 06:04:58	19,07	2,88	49,17	34,97	5,86
420	24.08.20 06:04:59	19,01	2,90	31,88	22,63	35,49
421	24.08.20 06:05:00	18,95	2,92	53,47	28,94	-7,60
422	24.08.20 06:05:01	18,92	2,94	30,62	27,21	32,17
423	24.08.20 06:05:02	18,89	2,98	42,60	29,57	17,83
424	24.08.20 06:05:03	18,81	3,00	54,05	34,53	1,42
425	24.08.20 06:05:04	18,75	3,00	31,78	24,32	33,91
426	24.08.20 06:05:05	18,69	3,05	50,15	30,51	-9,35
427	24.08.20 06:05:06	18,60	3,07	31,46	27,64	30,90
428	24.08.20 06:05:07	18,57	3,07	29,14	22,19	38,66
429	24.08.20 06:05:08	18,51	3,11	28,88	21,80	39,31
430	24.08.20 06:05:09	18,45	3,17	26,95	18,68	44,37
431	24.08.20 06:05:10	18,39	3,19	20,27	8,80	60,94
432	24.08.20 06:05:11	18,33	3,21	19,46	2,12	68,42
433	24.08.20 06:05:12	18,27	3,21	26,04	5,28	58,67
434	24.08.20 06:05:13	18,24	3,26	30,69	6,40	52,91
435	24.08.20 06:05:14	18,15	3,34	30,19	5,11	54,70
436	24.08.20 06:05:15	17,97	3,36	28,49	2,04	59,47
437	24.08.20 06:05:16	17,88	3,40	32,25	4,09	53,66
438	24.08.20 06:05:17	17,79	3,42	34,29	4,78	50,94
439	24.08.20 06:05:18	17,73	3,42	35,25	3,99	50,76
440	24.08.20 06:05:19	17,55	3,51	36,07	1,46	52,48
441	24.08.20 06:05:20	17,43	3,53	36,30	4,32	49,38
442	24.08.20 06:05:21	17,25	3,55	23,05	-20,40	46,55
443	24.08.20 06:05:22	17,04	3,61	22,31	-23,75	43,95
444	24.08.20 06:05:23	16,80	3,63	22,40	-14,93	52,67
445	24.08.20 06:05:24	16,50	3,64	22,48	-14,52	53,00
446	24.08.20 06:05:25	16,26	3,62	23,08	-14,46	52,46
447	24.08.20 06:05:26	16,17	3,64	22,23	-14,33	53,44
448	24.08.20 06:05:27	16,05	3,68	25,72	-15,63	48,65
449	24.08.20 06:05:28	15,96	3,70	28,16	-14,44	47,40
450	24.08.20 06:05:29	15,89	3,68	30,57	-12,14	47,29
451	24.08.20 06:05:30	15,86	3,70	29,80	-12,81	47,39
452	24.08.20 06:05:31	15,83	3,72	30,97	-14,29	44,74
453	24.08.20 06:05:32	15,83	3,75	33,34	-14,22	42,44
454	24.08.20 06:05:33	15,77	3,77	34,84	-12,16	43,00
455	24.08.20 06:05:34	15,65	3,81	35,18	-11,91	42,92
456	24.08.20 06:05:35	15,53	3,72	32,31	-13,86	43,83
457	24.08.20 06:05:36	15,16	3,87	33,39	-12,20	44,40
458	24.08.20 06:05:37	14,98	3,87	39,40	-8,70	41,90
459	24.08.20 06:05:38	14,82	3,86	40,12	-8,67	41,21
460	24.08.20 06:05:39	14,70	3,91	35,99	-9,65	44,37
461	24.08.20 06:05:40	14,55	3,93	36,63	-9,02	44,35
462	24.08.20 06:05:41	14,45	3,92	42,23	-6,78	40,99
463	24.08.20 06:05:42	14,36	3,97	42,45	-6,37	41,18
464	24.08.20 06:05:43	14,33	3,97	41,10	-6,07	42,83
465	24.08.20 06:05:44	14,21	4,03	41,37	-6,02	42,61
466	24.08.20 06:05:45	14,11	4,01	44,59	-5,28	40,12
467	24.08.20 06:05:46	14,05	4,05	43,26	-5,37	41,37
468	24.08.20 06:05:47	13,99	4,07	40,77	-5,44	43,79
469	24.08.20 06:05:48	13,90	4,11	41,31	-5,57	43,13
470	24.08.20 06:05:49	13,77	4,15	44,09	-5,02	40,89
471	24.08.20 06:05:50	13,58	4,15	44,11	-5,98	39,91
472	24.08.20 06:05:51	13,43	4,24	43,80	-5,67	40,53
473	24.08.20 06:05:52	13,27	4,23	43,09	-6,77	40,14
474	24.08.20 06:05:53	13,11	4,25	43,71	-5,54	40,75
475	24.08.20 06:05:54	13,05	4,27	44,87	-6,84	38,29
476	24.08.20 06:05:55	12,99	4,34	45,25	-6,83	37,93
477	24.08.20 06:05:56	12,89	4,38	47,05	-3,30	39,65
478	24.08.20 06:05:57	12,80	4,40	48,81	-2,98	38,21
479	24.08.20 06:05:58	12,77	4,42	50,49	-4,12	35,39
480	24.08.20 06:05:59	12,77	4,40	45,60	-2,89	41,52
481	24.08.20 06:06:00	12,77	4,44	43,82	-0,79	45,39
482	24.08.20 06:06:01	12,80	4,44	45,30	-1,02	43,68
483	24.08.20 06:06:02	12,77	4,53	47,73	-1,30	40,98
484	24.08.20 06:06:03	12,67	4,55	47,12	-1,08	41,79
485	24.08.20 06:06:04	12,64	4,59	48,55	-0,09	41,36
486	24.08.20 06:06:05	12,32	4,65	45,84	0,42	43,74
487	24.08.20 06:06:06	12,07	4,63	45,63	-0,46	43,92
488	24.08.20 06:06:07	12,01	4,67	47,17	-3,27	39,57
489	24.08.20 06:06:08	11,85	4,65	-1,34	8,31	80,35
490	24.08.20 06:06:09	11,72	4,65	24,82	7,31	57,87
491	24.08.20 06:06:10	11,62	4,62	-19,48	-2,32	68,20
492	24.08.20 06:06:11	11,52	4,60	-12,42	4,67	72,91
493	24.08.20 06:06:12	11,49	4,58	0,82	7,22	81,96
494	24.08.20 06:06:13	11,49	4,64	-6,40	3,24	80,36
495	24.08.20 06:06:14	11,43	4,64	1,37	0,22	88,42
496	24.08.20 06:06:15	11,40	4,66	-10,28	15,40	64,32
497	24.08.20 06:06:16	11,33	4,60	14,27	10,62	65,11
498	24.08.20 06:06:17	11,20	4,62	18,16	16,41	55,42
499	24.08.20 06:06:18	11,07	4,64	-6,78	8,56	74,66
500	24.08.20 06:06:19	11,04	4,66	3,58	19,13	67,29
501	24.08.20 06:06:20	11,07	4,81	8,05	5,92	76,03
502	24.08.20 06:06:21	11,01	4,62	-3,64	7,18	79,18
503	24.08.20 06:06:22	10,88	4,62	15,05	-0,81	74,14
504	24.08.20 06:06:23	10,85	4,62	-10,27	9,51	70,22
505	24.08.20 06:06:24	10,75	4,64	-3,95	6,54	79,52
506	24.08.20 06:06:25	10,75	4,59	-19,17	-2,48	68,34
507	24.08.20 06:06:26	10,78	4,59	18,67	-20,08	51,26
508	24.08.20 06:06:27	10,78	4,64	6,43	7,36	76,21
509	24.08.20 06:06:28	10,78	4,59	-21,76	16,01	52,23
510	24.08.20 06:06:29	10,75	4,66	0,19	-6,65	83,15
511	24.08.20 06:06:30	10,55	4,59	-14,22	3,52	72,27
512	24.08.20 06:06:31	10,42	4,59	-33,99	3,58	52,44
513	24.08.20 06:06:32	10,39	4,59	2,73	-3,35	83,92
514	24.08.20 06:06:33	10,36	4,59	19,46	-2,26	68,28
515	24.08.20 06:06:34	10,22	4,57	13,24	8,28	68,48
516	24.08.20 06:06:35	10,13	4,61	36,78	0,92	52,30
517	24.08.20 06:06:36	10,03	4,57	-4,57	-13,54	71,88
518	24.08.20 06:06:37	9,96	4,61	10,88	0,09	79,03
519	24.08.20 06:06:38	9,96	4,59	-24,41	-3,60	61,99
520	24.08.20 06:06:39	9,99	4,59	-14,71	-6,73	68,56
521	24.08.20 06:06:40	10,03	4,57	5,50	-12,91	71,59
522	24.08.20 06:06:41	10,06	4,59	-18,95	-3,11	67,94
523	24.08.20 06:06:42	10,09	4,59	-19,59	1,77	68,64
524	24.08.20 06:06:43	10,09	4,57	-15,65	3,14	71,21
525	24.08.20 06:06:44	10,06	4,57	-12,24	3,24	74,52
526	24.08.20 06:06:45	10,03	4,57	-42,00	1,81	46,19
527	24.08.20 06:06:46	10,03	4,59	-9,10	-0,17	80,73
528	24.08.20 06:06:47	10,03	4,57	-4,90	3,66	81,43
529	24.08.20 06:06:48	10,03	4,54	-3,40	3,39	83,21
530	24.08.20 06:06:49	10,03	4,57	-23,32	3,90	62,78
531	24.08.20 06:06:50	10,03	4,54	-14,90	6,55	68,54
532	24.08.20 06:06:51	10,03	4,57	12,83	3,02	74,16
533	24.08.20 06:06:52	10,03	4,57	-17,09	8,36	64,54
534	24.08.20 06:06:53	9,99	4,57	1,28	8,77	79,95
535	24.08.20 06:06:54	9,99	4,54	-23,43	2,21	64,36
536	24.08.20 06:06:55	9,80	4,58	-20,59	3,46	65,95
537	24.08.20 06:06:56	9,70	4,56	-8,95	0,66	80,39
538	24.08.20 06:06:57	9,66	4,56	9,42	2,68	77,90
539	24.08.20 06:06:58	9,63	4,58	-9,29	10,19	70,52
540	24.08.20 06:06:59	9,60	4,56	8,74	9,81	71,45
541	24.08.20 06:07:00	9,60	4,56	-9,80	-0,83	79,36
542	24.08.20 06:07:01	9,56	4,52	-15,53	-1,06	73,42
543	24.08.20 06:07:02	9,56	4,56	-15,49	1,34	73,17
544	24.08.20 06:07:03	9,56	4,54	-17,19	7,60	65,21
545	24.08.20 06:07:04	9,56	4,52	5,83	4,98	79,19
546	24.08.20 06:07:05	9,53	4,52	-8,87	3,86	77,27
547	24.08.20 06:07:06	9,50	4,56	-8,26	2,03	79,72
548	24.08.20 06:07:07	9,50	4,56	-10,40	8,01	71,59
549	24.08.20 06:07:08	9,46	4,54	17,16	-1,56	71,28
550	24.08.20 06:07:09	9,43	4,58	-11,91	15,50	62,59
551	24.08.20 06:07:10	9,40	4,58	5,61	8,68	75,71
552	24.08.20 06:07:11	9,40	4,54	7,84	9,93	72,23
553	24.08.20 06:07:12	9,40	4,75	10,16	29,33	50,51
554	24.08.20 06:07:13	9,36	4,62	25,35	18,71	45,93
555	24.08.20 06:07:14	9,30	4,64	29,52	-14,22	46,26
556	24.08.20 06:07:15	9,23	4,64	27,42	0,55	62,03
557	24.08.20 06:07:16	9,13	4,60	29,10	19,69	41,21
558	24.08.20 06:07:17	9,03	4,62	14,11	9,86	66,03
559	24.08.20 06:07:18	9,00	4,58	0,00	1,26	88,74
560	24.08.20 06:07:19	8,90	4,64	28,42	19,77	41,81
561	24.08.20 06:07:20	8,79	4,60	25,16	13,01	51,83
562	24.08.20 06:07:21	8,73	4,53	-6,33	11,74	71,93
563	24.08.20 06:07:22	8,66	4,64	24,16	10,11	55,73
564	24.08.20 06:07:23	8,63	4,62	29,36	22,90	37,74
565	24.08.20 06:07:24	8,56	4,62	-20,62	-10,66	58,72
566	24.08.20 06:07:25	8,56	4,66	8,82	-0,68	80,50
567	24.08.20 06:07:26	8,56	4,59	6,76	-8,76	74,48
568	24.08.20 06:07:27	8,49	4,61	7,71	10,69	71,60
569	24.08.20 06:07:28	8,46	4,59	5,96	-2,00	82,04
570	24.08.20 06:07:29	8,46	4,59	9,30	15,05	65,64
571	24.08.20 06:07:30	8,39	4,61	10,03	22,41	57,56
572	24.08.20 06:07:31	8,32	4,61	5,10	-6,44	78,46
573	24.08.20 06:07:32	8,29	4,59	4,18	-1,57	84,25
574	24.08.20 06:07:33	8,25	4,61	-13,84	5,45	70,70
575	24.08.20 06:07:34	8,25	4,59	0,26	3,37	86,37
576	24.08.20 06:07:35	8,29	4,61	22,17	3,03	64,80
577	24.08.20 06:07:36	8,18	4,59	13,96	-1,09	74,95
578	24.08.20 06:07:37	8,15	4,59	0,13	-4,41	85,46
579	24.08.20 06:07:38	8,15	4,61	13,62	8,43	67,95
580	24.08.20 06:07:39	8,12	4,59	-3,04	4,16	82,80
581	24.08.20 06:07:40	8,12	4,61	-8,27	-6,60	75,12
582	24.08.20 06:07:41	8,08	4,59	-0,16	19,31	70,53
583	24.08.20 06:07:42	8,08	4,61	-5,66	1,28	83,06
584	24.08.20 06:07:43	8,05	4,63	6,05	6,59	77,36
585	24.08.20 06:07:44	8,05	4,59	27,88	19,40	42,72
586	24.08.20 06:07:45	7,98	4,55	3,83	2,80	83,37
587	24.08.20 06:07:46	7,91	4,61	-13,34	18,80	57,86
588	24.08.20 06:07:47	7,88	4,61	12,60	-7,76	69,64
589	24.08.20 06:07:48	7,84	4,63	23,54	-4,69	61,76
590	24.08.20 06:07:49	7,81	4,61	6,02	-7,58	76,39
591	24.08.20 06:07:50	7,81	4,63	23,58	-1,64	64,78
592	24.08.20 06:07:51	7,81	4,76	17,74	-5,86	66,40
593	24.08.20 06:07:52	7,77	4,61	-10,54	0,99	78,47
594	24.08.20 06:07:53	7,77	4,61	38,71	-2,81	48,48
595	24.08.20 06:07:54	7,71	4,97	-3,98	-2,63	83,39
596	24.08.20 06:07:55	7,64	4,58	-18,93	-0,99	70,08
597	24.08.20 06:07:56	7,57	4,63	-16,57	-6,05	67,38
598	24.08.20 06:07:57	7,57	4,63	32,58	7,06	50,36
599	24.08.20 06:07:58	7,57	4,71	21,05	9,79	59,16
600	24.08.20 06:07:59	7,50	4,60	15,59	7,25	67,16
601	24.08.20 06:08:00	7,50	4,60	-14,22	10,67	65,11
602	24.08.20 06:08:01	7,50	4,60	8,90	8,68	72,42
603	24.08.20 06:08:02	7,50	4,60	-2,28	-4,32	83,40
604	24.08.20 06:08:03	7,46	4,60	-20,01	-10,42	59,57
605	24.08.20 06:08:04	7,46	4,88	16,10	3,40	70,50
606	24.08.20 06:08:05	7,46	4,54	2,94	18,91	68,15
607	24.08.20 06:08:06	7,46	4,65	-4,97	12,90	72,13
608	24.08.20 06:08:07	7,40	4,58	12,28	1,28	76,43
609	24.08.20 06:08:08	7,36	4,60	37,89	15,07	37,04
610	24.08.20 06:08:09	7,22	4,60	-10,91	8,30	70,80
611	24.08.20 06:08:10	7,22	4,58	11,72	-4,51	73,77
612	24.08.20 06:08:11	7,22	4,58	-3,99	8,72	77,29
613	24.08.20 06:08:12	7,22	4,60	-6,71	-6,47	76,81
614	24.08.20 06:08:13	7,19	4,60	7,52	-3,52	78,96
615	24.08.20 06:08:14	7,19	4,58	-9,85	9,19	70,96
616	24.08.20 06:08:15	7,19	4,58	-9,41	5,29	75,30
617	24.08.20 06:08:16	7,19	4,60	12,36	8,51	69,14
618	24.08.20 06:08:17	7,19	4,64	13,49	15,45	61,06
619	24.08.20 06:08:18	7,19	4,60	4,76	14,59	70,65
620	24.08.20 06:08:19	7,15	4,64	16,02	19,66	54,32
621	24.08.20 06:08:20	7,15	4,62	-0,15	7,36	82,50
622	24.08.20 06:08:21	7,15	4,64	13,35	8,32	68,32
623	24.08.20 06:08:22	7,12	4,60	-5,17	-1,14	83,69
624	24.08.20 06:08:23	7,08	4,64	39,19	-3,73	47,08
625	24.08.20 06:08:24	7,08	4,66	25,12	-5,14	59,75
626	24.08.20 06:08:25	7,05	4,64	42,01	0,62	47,38
627	24.08.20 06:08:26	7,05	4,64	23,03	-8,72	58,25
628	24.08.20 06:08:27	7,01	4,71	11,71	3,76	74,53
629	24.08.20 06:08:28	7,01	4,64	10,19	22,84	56,97
630	24.08.20 06:08:29	6,98	4,62	40,68	12,62	36,71
631	24.08.20 06:08:30	6,94	4,64	23,91	-4,99	61,10
632	24.08.20 06:08:31	6,91	4,64	9,14	22,36	58,51
633	24.08.20 06:08:32	6,91	4,66	-6,03	-3,16	80,81
634	24.08.20 06:08:33	6,87	4,60	-36,15	-0,71	53,14
635	24.08.20 06:08:34	6,87	4,66	19,32	12,29	58,39
636	24.08.20 06:08:35	6,84	4,64	14,19	4,96	70,86
637	24.08.20 06:08:36	6,80	4,64	1,22	4,97	83,81
638	24.08.20 06:08:37	6,80	4,64	-3,78	1,93	84,29
639	24.08.20 06:08:38	6,77	4,64	33,96	-4,88	51,16
640	24.08.20 06:08:39	6,77	4,58	-10,87	4,09	75,03
641	24.08.20 06:08:40	6,73	4,62	33,52	3,77	52,71
642	24.08.20 06:08:41	6,70	4,66	26,89	15,17	47,94
643	24.08.20 06:08:42	6,70	4,60	-2,61	-11,17	76,22
644	24.08.20 06:08:43	6,66	4,64	25,12	10,07	54,80
645	24.08.20 06:08:44	6,66	4,66	-0,83	-9,22	79,94
646	24.08.20 06:08:45	6,66	4,64	-9,54	24,89	55,57
647	24.08.20 06:08:46	6,63	4,66	-3,14	0,03	86,83
648	24.08.20 06:08:47	6,63	4,64	-9,60	-0,89	79,51
649	24.08.20 06:08:48	6,63	4,66	25,04	-0,56	64,40
650	24.08.20 06:08:49	6,59	4,60	-2,48	8,92	78,60
651	24.08.20 06:08:50	6,59	4,66	-8,72	-3,65	77,63
652	24.08.20 06:08:51	6,59	4,64	12,99	-4,57	72,45
653	24.08.20 06:08:52	6,59	4,70	25,15	-12,18	52,67
654	24.08.20 06:08:53	6,59	4,66	4,70	-13,50	71,79
655	24.08.20 06:08:54	6,59	4,62	-25,97	2,30	61,73
656	24.08.20 06:08:55	6,56	4,62	1,86	4,29	83,84
657	24.08.20 06:08:56	6,52	4,59	15,41	5,09	69,50
658	24.08.20 06:08:57	6,52	4,62	-4,00	12,15	73,84
659	24.08.20 06:08:58	6,52	4,59	-6,69	21,17	62,14
660	24.08.20 06:08:59	6,49	4,57	-3,70	-10,66	75,64
661	24.08.20 06:09:00	6,45	4,62	8,46	8,27	73,27
662	24.08.20 06:09:01	6,45	4,59	-4,00	2,90	83,10
663	24.08.20 06:09:02	6,45	4,55	23,53	22,30	44,17
664	24.08.20 06:09:03	6,45	4,53	4,33	21,01	64,66
665	24.08.20 06:09:04	6,45	4,59	-7,57	17,52	64,91
666	24.08.20 06:09:05	6,45	4,55	12,57	48,40	29,03
667	24.08.20 06:09:06	6,45	4,59	5,19	19,96	64,86
668	24.08.20 06:09:07	6,45	4,57	23,21	5,26	61,53
669	24.08.20 06:09:08	6,42	4,59	0,88	-11,00	78,11
670	24.08.20 06:09:09	6,38	4,55	53,78	3,02	33,21
671	24.08.20 06:09:10	6,38	4,55	36,30	9,12	44,57
672	24.08.20 06:09:11	6,35	4,53	16,83	-4,98	68,19
673	24.08.20 06:09:12	6,35	4,53	-18,80	-3,24	67,96
674	24.08.20 06:09:13	6,31	4,55	-12,27	10,50	67,23
675	24.08.20 06:09:14	6,31	4,53	-1,93	-27,92	60,15
676	24.08.20 06:09:15	6,31	4,53	-6,82	-11,53	71,65
677	24.08.20 06:09:16	6,31	4,53	-12,50	3,98	73,52
678	24.08.20 06:09:17	6,31	5,00	-12,17	-1,71	76,12
679	24.08.20 06:09:18	6,31	4,55	-20,39	4,94	64,67
680	24.08.20 06:09:19	6,31	4,53	7,11	3,50	79,39
681	24.08.20 06:09:20	6,31	4,57	-7,27	2,06	80,67
682	24.08.20 06:09:21	6,31	4,55	14,51	6,11	69,38
683	24.08.20 06:09:22	6,31	4,55	-14,44	9,42	66,14
684	24.08.20 06:09:23	6,31	4,55	-14,69	0,37	74,94
685	24.08.20 06:09:24	6,31	4,57	8,55	5,87	75,58
686	24.08.20 06:09:25	6,28	4,55	-8,40	7,76	73,84
687	24.08.20 06:09:26	6,28	4,55	-10,25	20,68	59,07
688	24.08.20 06:09:27	6,28	4,53	-5,03	24,10	60,87
689	24.08.20 06:09:28	6,28	4,53	-7,36	0,92	81,72
690	24.08.20 06:09:29	6,24	4,55	-15,37	-3,21	71,42
691	24.08.20 06:09:30	6,24	4,55	-14,16	-3,09	72,75
692	24.08.20 06:09:31	6,24	4,53	-21,78	-2,05	66,17
693	24.08.20 06:09:32	6,24	4,55	-17,61	2,55	69,84
694	24.08.20 06:09:33	6,24	4,59	-7,93	-6,15	75,92
695	24.08.20 06:09:34	6,24	4,57	-16,56	-2,44	71,00
696	24.08.20 06:09:35	6,24	4,53	5,78	2,01	82,22
697	24.08.20 06:09:36	6,24	4,55	-3,50	-5,01	81,50
698	24.08.20 06:09:37	6,24	4,53	-19,81	7,12	63,07
699	24.08.20 06:09:38	6,24	4,55	-18,74	-5,62	65,65
700	24.08.20 06:09:39	6,24	4,55	-28,48	-8,55	52,97
701	24.08.20 06:09:40	6,21	4,53	4,04	10,79	75,17
702	24.08.20 06:09:41	6,21	4,70	3,72	-1,88	84,40
703	24.08.20 06:09:42	6,21	4,53	-11,84	-6,02	72,13
704	24.08.20 06:09:43	6,21	4,55	7,58	-0,93	81,48
705	24.08.20 06:09:44	6,17	4,55	-8,88	-4,70	76,42
706	24.08.20 06:09:45	6,17	4,53	0,69	-13,38	75,93
707	24.08.20 06:09:46	6,17	4,53	-3,30	16,53	70,17
708	24.08.20 06:09:47	6,17	4,51	-4,89	-0,20	84,91
709	24.08.20 06:09:48	6,17	4,53	-7,53	-2,33	80,14
710	24.08.20 06:09:49	6,17	4,55	11,82	-15,86	62,32
711	24.08.20 06:09:50	6,17	4,51	-19,28	0,15	70,57
712	24.08.20 06:09:51	6,17	4,55	21,81	26,36	41,83
713	24.08.20 06:09:52	6,14	4,55	14,95	16,52	58,54
714	24.08.20 06:09:53	6,10	4,53	-7,50	5,15	77,34
715	24.08.20 06:09:54	6,10	4,50	-19,96	2,28	67,76
716	24.08.20 06:09:55	6,10	4,53	-5,26	-4,81	79,92
717	24.08.20 06:09:56	6,10	4,55	-9,14	-2,97	77,89
718	24.08.20 06:09:57	6,10	4,50	-13,78	0,44	75,78
719	24.08.20 06:09:58	6,10	4,61	-21,39	6,65	61,96
720	24.08.20 06:09:59	6,10	4,53	-9,10	-6,49	74,41
721	24.08.20 06:10:00	6,10	4,53	-1,56	1,17	87,27
722	24.08.20 06:10:01	6,10	4,55	-23,35	-5,31	61,34
723	24.08.20 06:10:02	6,10	4,55	-12,34	0,66	77,00
724	24.08.20 06:10:03	6,10	4,48	-14,33	-4,92	70,74
725	24.08.20 06:10:04	6,10	4,55	-17,20	21,35	51,46
726	24.08.20 06:10:05	6,10	4,55	22,66	-11,41	55,93
727	24.08.20 06:10:06	6,10	4,57	-17,67	22,79	49,54
728	24.08.20 06:10:07	6,10	4,55	8,98	9,57	71,45
729	24.08.20 06:10:08	6,06	4,55	-4,40	17,67	67,94
730	24.08.20 06:10:09	6,06	4,57	-25,90	-3,59	60,51
731	24.08.20 06:10:10	6,06	4,57	8,38	-0,95	80,66
732	24.08.20 06:10:11	6,06	4,59	16,66	3,86	69,47
733	24.08.20 06:10:12	6,06	4,61	-15,30	5,10	69,59
734	24.08.20 06:10:13	6,06	4,57	-11,64	10,04	68,32
735	24.08.20 06:10:14	6,06	4,57	-3,00	5,36	81,64
736	24.08.20 06:10:15	6,06	4,55	-19,82	-2,37	67,81
737	24.08.20 06:10:16	6,06	4,55	-7,87	26,49	55,64
738	24.08.20 06:10:17	6,03	4,59	13,41	4,61	71,98
739	24.08.20 06:10:18	6,03	4,57	2,55	-6,53	80,92
740	24.08.20 06:10:19	6,03	4,59	-1,28	-23,45	65,27
741	24.08.20 06:10:20	6,03	4,61	-8,31	-6,26	75,43
742	24.08.20 06:10:21	5,99	4,61	7,35	22,13	60,52
743	24.08.20 06:10:22	5,99	4,52	17,16	-11,78	61,06
744	24.08.20 06:10:23	5,99	4,57	0,77	55,24	33,99
745	24.08.20 06:10:24	5,96	4,61	8,43	-18,75	62,82
746	24.08.20 06:10:25	5,96	4,59	-6,06	3,82	80,12
747	24.08.20 06:10:26	5,96	4,59	10,97	12,58	66,45
748	24.08.20 06:10:27	5,96	4,57	-8,83	-8,31	72,86
749	24.08.20 06:10:28	5,92	4,61	17,24	-16,02	56,73
750	24.08.20 06:10:29	5,92	4,57	-13,59	-12,49	63,92
751	24.08.20 06:10:30	5,92	4,61	-0,16	8,47	81,37
752	24.08.20 06:10:31	5,92	4,61	-2,26	9,37	78,37
753	24.08.20 06:10:32	5,92	4,57	-7,12	-1,25	81,63
754	24.08.20 06:10:33	5,92	4,61	-8,09	-6,41	75,50
755	24.08.20 06:10:34	5,92	4,59	-27,25	-5,36	57,40
756	24.08.20 06:10:35	5,92	4,63	11,89	13,51	64,60
757	24.08.20 06:10:36	5,92	4,61	3,76	38,55	47,69
758	24.08.20 06:10:37	5,92	4,61	-6,41	19,95	63,64
759	24.08.20 06:10:38	5,89	4,63	5,06	28,02	56,93
760	24.08.20 06:10:39	5,89	4,63	-2,95	20,87	66,17
761	24.08.20 06:10:40	5,89	4,61	-7,83	4,78	77,38
762	24.08.20 06:10:41	5,89	4,63	8,47	2,34	79,19
763	24.08.20 06:10:42	5,89	4,61	0,11	4,58	85,30
764	24.08.20 06:10:43	5,89	4,59	-1,72	13,74	74,54
765	24.08.20 06:10:44	5,89	4,63	2,67	-3,53	83,79
766	24.08.20 06:10:45	5,85	4,63	21,78	-22,53	45,69
767	24.08.20 06:10:46	5,85	4,61	58,79	-12,06	19,15
768	24.08.20 06:10:47	5,85	4,63	4,59	-8,95	76,46
769	24.08.20 06:10:48	5,85	4,72	9,42	25,37	55,21
770	24.08.20 06:10:49	5,81	4,61	-0,10	16,17	73,73
771	24.08.20 06:10:50	5,81	4,57	0,00	20,18	69,82
772	24.08.20 06:10:51	5,81	4,65	32,55	11,65	45,80
773	24.08.20 06:10:52	5,81	4,65	67,33	-4,06	18,61
774	24.08.20 06:10:53	5,81	4,57	-6,32	-5,67	78,01
775	24.08.20 06:10:54	5,81	4,54	-17,96	12,48	59,56
776	24.08.20 06:10:55	5,81	4,54	-11,32	2,84	75,85
777	24.08.20 06:10:56	5,81	4,48	-9,69	-1,71	78,59
778	24.08.20 06:10:57	5,81	4,52	-11,99	2,09	75,92
779	24.08.20 06:10:58	5,81	4,54	-7,59	-4,42	77,99
780	24.08.20 06:10:59	5,81	4,52	1,45	5,72	82,83
781	24.08.20 06:11:00	5,81	4,52	28,37	12,08	49,55
782	24.08.20 06:11:01	5,78	4,52	-6,28	7,35	76,37
783	24.08.20 06:11:02	5,78	4,50	-13,77	-5,12	71,12
784	24.08.20 06:11:03	5,78	4,52	-17,62	-0,97	71,41
785	24.08.20 06:11:04	5,78	4,50	-4,51	-1,61	83,87
786	24.08.20 06:11:05	5,78	4,61	-12,11	-5,06	72,83
787	24.08.20 06:11:06	5,78	4,52	-2,87	-1,25	85,88
788	24.08.20 06:11:07	5,78	4,52	-11,62	2,85	75,54
789	24.08.20 06:11:08	5,78	4,54	-18,34	-3,85	67,81
790	24.08.20 06:11:09	5,78	4,52	-28,36	0,47	61,17
791	24.08.20 06:11:10	5,78	4,54	-9,54	0,31	80,15
792	24.08.20 06:11:11	5,78	4,54	-13,22	0,05	76,73
793	24.08.20 06:11:12	5,78	4,57	-6,38	-0,79	82,83
794	24.08.20 06:11:13	5,78	4,54	19,15	18,84	52,00
795	24.08.20 06:11:14	5,78	4,61	-27,92	-5,41	56,67
796	24.08.20 06:11:15	5,78	4,59	36,43	-3,87	49,70
797	24.08.20 06:11:16	5,74	4,54	22,09	-6,45	61,47
798	24.08.20 06:11:17	5,74	4,57	-8,72	-0,51	80,77
799	24.08.20 06:11:18	5,74	4,59	-2,40	3,64	83,96
800	24.08.20 06:11:19	5,74	4,59	23,77	7,54	58,69
801	24.08.20 06:11:20	5,74	4,59	-0,65	-0,21	89,14
802	24.08.20 06:11:21	5,74	4,59	44,09	7,15	38,76
803	24.08.20 06:11:22	5,74	4,57	18,65	-4,83	66,52
804	24.08.20 06:11:23	5,74	4,57	-3,14	-7,62	79,24
805	24.08.20 06:11:24	5,74	4,57	-15,24	-0,21	74,55
806	24.08.20 06:11:25	5,74	4,54	-25,28	4,69	60,03
807	24.08.20 06:11:26	5,74	4,59	-2,57	-4,25	83,18
808	24.08.20 06:11:27	5,74	4,71	-3,00	9,91	77,09
809	24.08.20 06:11:28	5,74	4,65	-12,89	-2,86	74,25
810	24.08.20 06:11:29	5,74	4,54	-13,46	-30,73	45,81
811	24.08.20 06:11:30	5,74	4,54	-3,59	-17,36	69,05
812	24.08.20 06:11:31	5,71	4,54	-12,03	-3,70	74,27
813	24.08.20 06:11:32	5,71	4,54	-2,18	-5,82	82,00
814	24.08.20 06:11:33	5,71	4,54	-10,77	-6,47	72,76
815	24.08.20 06:11:34	5,71	4,52	-24,48	1,53	63,99
816	24.08.20 06:11:35	5,71	4,52	-21,89	-0,22	67,89
817	24.08.20 06:11:36	5,71	4,52	-9,47	-0,18	80,35
818	24.08.20 06:11:37	5,71	4,54	-3,20	-0,54	86,27
819	24.08.20 06:11:38	5,71	4,52	4,66	0,00	85,34
820	24.08.20 06:11:39	5,71	4,50	-7,93	-2,09	79,98
821	24.08.20 06:11:40	5,74	4,48	12,80	-2,98	74,23
822	24.08.20 06:11:41	5,71	4,52	-28,71	-2,79	58,50
823	24.08.20 06:11:42	5,71	4,52	3,41	-4,79	81,80
824	24.08.20 06:11:43	5,71	4,52	3,04	-12,17	74,79
825	24.08.20 06:11:44	5,71	4,52	-1,52	3,32	85,16
826	24.08.20 06:11:45	5,71	4,52	18,70	-9,42	61,88
827	24.08.20 06:11:46	5,71	4,52	1,25	-8,40	80,35
828	24.08.20 06:11:47	5,71	4,50	9,17	5,64	75,19
829	24.08.20 06:11:48	5,71	4,52	-6,14	-27,28	56,58
830	24.08.20 06:11:49	5,71	4,52	-11,85	0,12	78,02
831	24.08.20 06:11:50	5,71	4,52	-1,00	-5,38	83,62
832	24.08.20 06:11:51	5,71	4,54	14,64	5,19	70,17
833	24.08.20 06:11:52	5,71	4,56	7,71	-0,20	82,09
834	24.08.20 06:11:53	5,67	4,59	-7,74	5,67	76,60
835	24.08.20 06:11:54	5,67	4,61	4,78	-0,20	85,03
836	24.08.20 06:11:55	5,67	4,59	5,04	-2,77	82,19
837	24.08.20 06:11:56	5,67	4,59	-15,72	2,10	72,18
838	24.08.20 06:11:57	5,67	4,54	10,33	17,29	62,38
839	24.08.20 06:11:58	5,67	4,54	23,04	-17,26	49,70
840	24.08.20 06:11:59	5,67	4,54	28,16	-1,11	60,73
841	24.08.20 06:12:00	5,67	4,54	32,60	-5,27	52,13
842	24.08.20 06:12:01	5,67	4,54	43,94	2,90	43,16
843	24.08.20 06:12:02	5,67	4,52	35,58	-5,61	48,81
844	24.08.20 06:12:03	5,67	4,52	23,08	-2,48	64,45
845	24.08.20 06:12:04	5,67	4,52	23,67	-2,33	64,00
846	24.08.20 06:12:05	5,67	4,52	39,89	-4,73	45,37
847	24.08.20 06:12:06	5,67	4,52	38,06	-3,49	48,45
848	24.08.20 06:12:07	5,67	4,50	33,53	-1,33	55,14
849	24.08.20 06:12:08	5,67	4,50	36,97	0,70	52,33
850	24.08.20 06:12:09	5,67	4,48	39,62	1,22	49,17
851	24.08.20 06:12:10	5,67	4,46	36,00	0,90	53,10
852	24.08.20 06:12:11	5,67	4,48	46,07	-0,42	43,51
853	24.08.20 06:12:12	5,64	4,48	49,77	1,03	39,20
854	24.08.20 06:12:13	5,64	4,48	49,34	1,96	38,71
855	24.08.20 06:12:14	5,64	4,46	48,35	0,95	40,70
856	24.08.20 06:12:15	5,64	4,46	48,88	0,31	40,81
857	24.08.20 06:12:16	5,64	4,48	49,35	4,26	36,39
858	24.08.20 06:12:17	5,64	4,48	46,91	1,31	41,78
859	24.08.20 06:12:18	5,64	4,46	45,89	-2,69	41,42
860	24.08.20 06:12:19	5,64	4,46	51,35	1,82	36,83
861	24.08.20 06:12:20	5,64	4,44	44,18	4,51	41,31
862	24.08.20 06:12:21	5,64	4,41	42,22	3,71	44,07
863	24.08.20 06:12:22	5,64	4,41	48,75	2,87	38,38
864	24.08.20 06:12:23	5,64	4,41	50,58	3,09	36,33
865	24.08.20 06:12:24	5,64	4,41	46,45	1,45	42,10
866	24.08.20 06:12:25	5,64	4,39	47,19	-1,18	41,62
867	24.08.20 06:12:26	5,64	4,39	51,69	0,60	37,70
868	24.08.20 06:12:27	5,64	4,37	46,69	1,26	42,05
869	24.08.20 06:12:28	5,64	4,37	43,94	-0,40	45,65
870	24.08.20 06:12:29	5,64	4,33	50,37	-0,63	39,00
871	24.08.20 06:12:30	5,64	4,35	49,28	2,26	38,46
872	24.08.20 06:12:31	5,64	4,33	40,17	3,52	46,31
873	24.08.20 06:12:32	5,64	4,31	42,99	0,90	46,11
874	24.08.20 06:12:33	5,64	4,29	52,36	-0,62	37,01
875	24.08.20 06:12:34	5,64	4,31	50,44	0,87	38,69
876	24.08.20 06:12:35	5,64	4,26	40,33	1,66	48,00
877	24.08.20 06:12:36	5,64	4,26	47,94	-3,62	38,44
878	24.08.20 06:12:37	5,64	4,24	56,48	-2,09	31,43
879	24.08.20 06:12:38	5,60	4,22	53,44	-2,59	33,98
880	24.08.20 06:12:39	5,60	4,20	50,49	-4,51	35,00
881	24.08.20 06:12:40	5,60	4,18	53,79	-7,21	29,00
882	24.08.20 06:12:41	5,60	4,16	68,25	-9,06	12,68
883	24.08.20 06:12:42	5,60	4,16	54,99	-7,29	27,72
884	24.08.20 06:12:43	5,60	4,11	45,90	-8,18	35,92
885	24.08.20 06:12:44	5,60	4,09	58,96	-11,93	19,11
886	24.08.20 06:12:45	5,60	4,07	57,62	-10,13	22,25
887	24.08.20 06:12:46	5,60	4,07	62,22	-5,90	21,88
888	24.08.20 06:12:47	5,60	4,05	60,08	-9,86	20,06
889	24.08.20 06:12:48	5,60	4,01	52,56	-12,46	24,98
890	24.08.20 06:12:49	5,60	4,01	65,76	-9,85	14,39
891	24.08.20 06:12:50	5,60	3,99	55,62	-3,97	30,41
892	24.08.20 06:12:51	5,60	3,99	66,88	-10,52	12,60
893	24.08.20 06:12:52	5,60	3,94	47,71	-9,42	32,88
894	24.08.20 06:12:53	5,60	3,90	68,65	-12,55	8,80
895	24.08.20 06:12:54	5,60	3,88	56,14	-8,91	24,95
896	24.08.20 06:12:55	5,60	3,86	58,97	-11,08	19,95
897	24.08.20 06:12:56	5,60	3,81	67,32	-15,14	7,54
898	24.08.20 06:12:57	5,60	3,79	52,21	-9,06	28,74
899	24.08.20 06:12:58	5,60	3,77	70,75	-10,80	8,45
900	24.08.20 06:12:59	5,60	3,75	51,00	-8,14	30,86
901	24.08.20 06:13:00	5,60	3,73	65,96	-13,14	10,90
902	24.08.20 06:13:01	5,60	3,69	53,69	-8,60	27,72
903	24.08.20 06:13:02	5,60	3,62	61,27	-10,85	17,89
904	24.08.20 06:13:03	5,60	3,60	61,10	-8,93	19,97
905	24.08.20 06:13:04	5,64	3,58	61,60	-11,53	16,87
906	24.08.20 06:13:05	5,64	3,54	65,89	-2,83	21,28
907	24.08.20 06:13:06	5,71	3,54	49,26	15,07	25,67
908	24.08.20 06:13:07	6,06	3,50	57,10	10,91	22,00
909	24.08.20 06:13:08	6,38	3,50	59,04	9,39	21,57
910	24.08.20 06:13:09	6,56	3,55	56,42	12,45	21,13
911	24.08.20 06:13:10	6,66	3,57	53,19	16,43	20,38
912	24.08.20 06:13:11	6,77	3,55	49,94	18,16	21,90
913	24.08.20 06:13:12	6,87	3,53	47,77	21,20	21,03
914	24.08.20 06:13:13	6,91	3,53	47,44	20,94	21,62
915	24.08.20 06:13:14	6,91	3,53	50,83	20,93	18,24
916	24.08.20 06:13:15	6,94	3,55	52,74	20,55	16,71
917	24.08.20 06:13:16	6,98	3,53	48,54	21,12	20,34
918	24.08.20 06:13:17	7,01	3,49	48,82	20,33	20,84
919	24.08.20 06:13:18	7,08	3,47	52,29	20,54	17,17
920	24.08.20 06:13:19	7,22	3,49	53,14	19,96	16,90
921	24.08.20 06:13:20	7,26	3,47	49,39	19,94	20,67
922	24.08.20 06:13:21	7,29	3,45	50,01	19,85	20,15
923	24.08.20 06:13:22	7,33	3,43	51,59	18,49	19,92
924	24.08.20 06:13:23	7,33	3,45	54,41	17,78	17,80
925	24.08.20 06:13:24	7,33	3,43	52,85	18,49	18,67
926	24.08.20 06:13:25	7,33	3,38	50,36	16,87	22,77
927	24.08.20 06:13:26	7,33	3,34	51,83	16,39	21,78
928	24.08.20 06:13:27	7,36	3,36	53,17	19,96	16,87
929	24.08.20 06:13:28	7,43	3,34	52,94	17,35	19,71
930	24.08.20 06:13:29	7,53	3,28	49,98	13,47	26,54
931	24.08.20 06:13:30	7,57	3,26	50,29	15,81	23,91
932	24.08.20 06:13:31	7,64	3,28	52,10	19,05	18,86
933	24.08.20 06:13:32	7,71	3,24	51,66	15,13	23,21
934	24.08.20 06:13:33	7,77	3,20	50,05	10,65	29,30
935	24.08.20 06:13:34	7,77	3,17	48,53	16,51	24,96
936	24.08.20 06:13:35	7,81	3,20	52,21	16,45	21,34
937	24.08.20 06:13:36	7,84	3,15	51,46	10,78	27,76
938	24.08.20 06:13:37	7,91	3,11	51,86	7,03	31,11
939	24.08.20 06:13:38	7,98	3,09	49,06	13,93	27,02
940	24.08.20 06:13:39	8,05	3,09	50,84	14,49	24,67
941	24.08.20 06:13:40	8,15	3,07	51,67	7,64	30,69
942	24.08.20 06:13:41	8,22	3,03	50,52	7,06	32,42
943	24.08.20 06:13:42	8,39	3,03	49,01	12,13	28,86
944	24.08.20 06:13:43	8,59	3,01	49,85	13,39	26,76
945	24.08.20 06:13:44	8,76	2,99	50,87	8,98	30,14
946	24.08.20 06:13:45	8,86	2,97	49,65	8,42	31,93
947	24.08.20 06:13:46	8,93	2,95	48,19	13,72	28,09
948	24.08.20 06:13:47	9,13	2,91	50,90	13,53	25,57
949	24.08.20 06:13:48	9,36	2,91	49,92	11,42	28,66
950	24.08.20 06:13:49	9,50	2,87	49,10	12,69	28,21
951	24.08.20 06:13:50	9,60	2,89	50,62	13,84	25,54
952	24.08.20 06:13:51	9,70	2,92	51,03	14,52	24,45
953	24.08.20 06:13:52	9,76	2,92	51,09	13,55	25,36
954	24.08.20 06:13:53	9,86	2,90	51,03	12,89	26,08
955	24.08.20 06:13:54	9,89	2,87	51,05	14,08	24,87
956	24.08.20 06:13:55	9,93	2,87	52,09	14,78	23,12
957	24.08.20 06:13:56	9,96	2,87	52,59	15,00	22,41
958	24.08.20 06:13:57	9,99	2,90	51,87	12,66	25,47
959	24.08.20 06:13:58	10,03	2,85	51,38	10,26	28,36
960	24.08.20 06:13:59	10,06	2,85	51,77	10,97	27,26
961	24.08.20 06:14:00	10,13	2,83	50,45	9,09	30,45
962	24.08.20 06:14:01	10,16	2,79	41,61	12,33	36,06
963	24.08.20 06:14:02	10,22	2,71	41,47	7,30	41,23
964	24.08.20 06:14:03	10,32	2,69	43,56	6,16	40,28
965	24.08.20 06:14:04	10,58	2,60	35,06	14,39	40,55
966	24.08.20 06:14:05	10,78	2,52	33,46	14,37	42,17
967	24.08.20 06:14:06	10,98	2,44	43,36	10,31	36,33
968	24.08.20 06:14:07	11,27	2,40	35,99	15,84	38,17
969	24.08.20 06:14:08	11,43	2,31	32,71	16,13	41,16
970	24.08.20 06:14:09	11,52	2,25	32,84	15,82	41,34
971	24.08.20 06:14:10	11,59	2,19	32,47	17,56	39,97
972	24.08.20 06:14:11	11,62	2,14	32,38	16,66	40,96
973	24.08.20 06:14:12	11,65	2,08	29,20	15,45	45,35
974	24.08.20 06:14:13	11,72	1,99	29,68	10,09	50,23
975	24.08.20 06:14:14	11,85	1,97	32,86	7,66	49,48
976	24.08.20 06:14:15	12,07	1,83	28,35	11,89	49,76
977	24.08.20 06:14:16	12,39	1,72	23,59	12,70	53,70
978	24.08.20 06:14:17	12,55	1,72	28,00	11,24	50,77
979	24.08.20 06:14:18	12,67	1,68	29,01	10,97	50,02
980	24.08.20 06:14:19	12,77	1,62	32,03	5,49	52,48
981	24.08.20 06:14:20	13,08	1,56	31,08	9,87	49,05
982	24.08.20 06:14:21	13,30	1,52	26,57	11,88	51,55
983	24.08.20 06:14:22	13,43	1,50	27,50	10,87	51,63
984	24.08.20 06:14:23	13,58	1,43	26,18	10,93	52,89
985	24.08.20 06:14:24	13,77	1,35	24,80	14,80	50,39
986	24.08.20 06:14:25	13,86	1,37	34,19	6,87	48,94
987	24.08.20 06:14:26	13,93	1,33	32,77	8,72	48,51
988	24.08.20 06:14:27	14,08	1,31	29,44	13,16	47,40
989	24.08.20 06:14:28	14,21	1,27	25,90	15,83	48,27
990	24.08.20 06:14:29	14,30	1,27	30,96	14,03	45,01
991	24.08.20 06:14:30	14,33	1,25	25,19	21,25	43,56
992	24.08.20 06:14:31	14,45	1,14	22,89	21,73	45,38
993	24.08.20 06:14:32	14,58	1,10	19,92	24,99	45,09
994	24.08.20 06:14:33	14,58	1,08	22,57	24,31	43,13
995	24.08.20 06:14:34	14,55	1,04	25,28	20,42	44,30
996	24.08.20 06:14:35	14,58	0,97	23,16	22,37	44,47
997	24.08.20 06:14:36	14,61	0,97	20,40	21,17	48,43
998	24.08.20 06:14:37	14,70	0,95	22,75	21,91	45,34
999	24.08.20 06:14:38	14,76	0,91	21,77	22,38	45,85
1000	24.08.20 06:14:39	14,79	0,87	21,27	23,27	45,46
1001	24.08.20 06:14:40	14,85	0,87	20,61	22,60	46,79
1002	24.08.20 06:14:41	14,95	0,83	19,17	23,29	47,53
1003	24.08.20 06:14:42	15,01	0,79	22,62	17,55	49,84
1004	24.08.20 06:14:43	15,07	0,79	25,21	12,12	52,67
1005	24.08.20 06:14:44	15,10	0,77	20,42	18,76	50,82
1006	24.08.20 06:14:45	15,13	0,70	19,88	18,05	52,07
1007	24.08.20 06:14:46	15,28	0,68	22,41	13,14	54,44
1008	24.08.20 06:14:47	15,41	0,68	28,40	12,26	49,34
1009	24.08.20 06:14:48	15,47	0,64	20,32	28,59	41,09
1010	24.08.20 06:14:49	15,56	0,58	17,07	25,12	47,81
1011	24.08.20 06:14:50	15,68	0,58	23,00	10,54	56,45
1012	24.08.20 06:14:51	15,68	0,52	24,06	10,70	55,24
1013	24.08.20 06:14:52	15,68	0,50	19,90	9,59	60,51
1014	24.08.20 06:14:53	15,83	0,50	20,66	13,75	55,59
1015	24.08.20 06:14:54	16,02	0,41	18,76	17,94	53,30
1016	24.08.20 06:14:55	16,08	0,43	21,51	22,67	45,82
1017	24.08.20 06:14:56	16,14	0,45	23,68	24,91	41,41
1018	24.08.20 06:14:57	16,17	0,43	17,06	27,34	45,60
1019	24.08.20 06:14:58	16,23	0,45	17,51	23,56	48,93
1020	24.08.20 06:14:59	16,29	0,45	17,70	21,84	50,47
1021	24.08.20 06:15:00	16,35	0,43	13,32	22,38	54,30
1022	24.08.20 06:15:01	16,44	0,43	15,40	21,33	53,27
1023	24.08.20 06:15:02	16,50	0,45	18,74	23,72	47,53
1024	24.08.20 06:15:03	16,62	0,43	17,93	22,51	49,56
1025	24.08.20 06:15:04	16,65	0,43	17,32	22,40	50,28
1026	24.08.20 06:15:05	16,74	0,43	17,01	14,99	58,00
1027	24.08.20 06:15:06	16,80	0,43	16,97	17,18	55,85
1028	24.08.20 06:15:07	16,83	0,43	21,70	12,83	55,47
1029	24.08.20 06:15:08	16,83	0,45	25,07	10,37	54,56
1030	24.08.20 06:15:09	16,89	0,43	21,15	11,20	57,65
1031	24.08.20 06:15:10	16,92	0,43	19,21	14,42	56,37
1032	24.08.20 06:15:11	16,98	0,41	20,87	11,40	57,73
1033	24.08.20 06:15:12	16,98	0,43	22,27	18,18	49,55
1034	24.08.20 06:15:13	17,01	0,43	20,46	18,98	50,56
1035	24.08.20 06:15:14	17,04	0,43	21,07	21,92	47,02
1036	24.08.20 06:15:15	17,04	0,45	17,89	17,35	54,76
1037	24.08.20 06:15:16	17,07	0,45	19,12	17,22	53,66
1038	24.08.20 06:15:17	17,13	0,45	16,48	15,06	58,46
1039	24.08.20 06:15:18	17,22	0,45	18,38	15,22	56,40
1040	24.08.20 06:15:19	17,31	0,41	17,12	13,66	59,21
1041	24.08.20 06:15:20	17,37	0,43	19,89	11,32	58,79
1042	24.08.20 06:15:21	17,43	0,45	23,90	10,17	55,93
1043	24.08.20 06:15:22	17,46	0,45	19,76	13,33	56,91
1044	24.08.20 06:15:23	17,46	0,45	22,88	15,07	52,05
1045	24.08.20 06:15:24	17,46	0,45	25,36	15,54	49,10
1046	24.08.20 06:15:25	17,46	0,45	21,61	12,73	55,66
1047	24.08.20 06:15:26	17,46	0,45	20,95	11,26	57,79
1048	24.08.20 06:15:27	17,46	0,45	20,32	8,20	61,47
1049	24.08.20 06:15:28	17,46	0,48	25,97	11,44	52,59
1050	24.08.20 06:15:29	17,43	0,48	21,92	18,38	49,70
1051	24.08.20 06:15:30	17,49	0,48	24,85	17,14	48,01
1052	24.08.20 06:15:31	17,52	0,45	21,53	16,74	51,73
1053	24.08.20 06:15:32	17,55	0,45	20,93	21,38	47,69
1054	24.08.20 06:15:33	17,58	0,45	13,84	17,09	59,07
1055	24.08.20 06:15:34	17,61	0,45	18,89	17,99	53,12
1056	24.08.20 06:15:35	17,64	0,45	20,71	17,77	51,52
1057	24.08.20 06:15:36	17,70	0,45	16,70	19,58	53,71
1058	24.08.20 06:15:37	17,76	0,43	20,01	17,61	52,38
1059	24.08.20 06:15:38	17,82	0,45	23,73	17,62	48,65
1060	24.08.20 06:15:39	17,85	0,43	24,04	13,36	52,60
1061	24.08.20 06:15:40	17,85	0,43	22,80	7,02	60,18
1062	24.08.20 06:15:41	17,85	0,43	22,11	13,37	54,52
1063	24.08.20 06:15:42	17,88	0,43	26,63	12,99	50,38
1064	24.08.20 06:15:43	17,91	0,43	18,26	11,11	60,63
1065	24.08.20 06:15:44	17,94	0,41	26,88	1,14	61,98
1066	24.08.20 06:15:45	17,97	0,43	26,51	5,42	58,07
1067	24.08.20 06:15:46	17,97	0,43	29,76	5,05	55,18
1068	24.08.20 06:15:47	17,97	0,43	23,66	12,89	53,44
1069	24.08.20 06:15:48	17,94	0,43	22,99	6,44	60,57
1070	24.08.20 06:15:49	17,97	0,43	22,39	9,02	58,59
1071	24.08.20 06:15:50	18,03	0,43	25,33	6,22	58,45
1072	24.08.20 06:15:51	18,06	0,43	26,95	-0,20	62,84
1073	24.08.20 06:15:52	18,09	0,39	20,29	2,28	67,42
1074	24.08.20 06:15:53	18,15	0,41	28,13	-5,87	56,00
1075	24.08.20 06:15:54	18,21	0,39	29,52	-4,01	56,47
1076	24.08.20 06:15:55	18,21	0,35	9,18	-0,31	80,51
1077	24.08.20 06:15:56	18,24	0,33	26,18	-0,57	63,26
1078	24.08.20 06:15:57	18,24	0,37	27,60	4,15	58,25
1079	24.08.20 06:15:58	18,27	0,37	21,45	1,12	67,43
1080	24.08.20 06:15:59	18,30	0,39	25,01	-1,79	63,20
1081	24.08.20 06:16:00	18,30	0,39	24,73	-9,13	56,14
1082	24.08.20 06:16:01	18,36	0,39	22,54	-1,89	65,57
1083	24.08.20 06:16:02	18,36	0,39	24,20	-2,88	62,92
1084	24.08.20 06:16:03	18,39	0,39	26,12	-2,58	61,30
1085	24.08.20 06:16:04	18,42	0,37	19,46	-2,47	68,07
1086	24.08.20 06:16:05	18,42	0,37	17,67	-9,23	63,10
1087	24.08.20 06:16:06	18,42	0,35	18,60	-5,17	66,23
1088	24.08.20 06:16:07	18,45	0,33	16,68	-5,96	67,37
1089	24.08.20 06:16:08	18,51	0,35	20,95	-5,23	63,82
1090	24.08.20 06:16:09	18,54	0,35	26,23	-2,03	61,74
1091	24.08.20 06:16:10	18,54	0,30	13,20	-0,72	76,08
1092	24.08.20 06:16:11	18,57	0,30	15,77	-13,20	61,04
1093	24.08.20 06:16:12	18,60	0,35	18,29	8,71	62,99
1094	24.08.20 06:16:13	18,60	0,35	20,28	6,42	63,30
1095	24.08.20 06:16:14	18,60	0,33	18,82	11,14	60,05
1096	24.08.20 06:16:15	18,60	0,35	13,00	14,03	62,97
1097	24.08.20 06:16:16	18,63	0,39	14,70	21,64	53,66
1098	24.08.20 06:16:17	18,63	0,37	20,81	8,21	60,97
1099	24.08.20 06:16:18	18,69	0,39	26,92	10,95	52,13
1100	24.08.20 06:16:19	18,69	0,37	26,49	4,58	58,93
1101	24.08.20 06:16:20	18,69	0,33	18,46	4,08	67,47
1102	24.08.20 06:16:21	18,69	0,33	18,40	2,04	69,56
1103	24.08.20 06:16:22	18,72	0,33	20,64	-2,57	66,80
1104	24.08.20 06:16:23	18,72	0,33	17,00	-12,05	60,95
1105	24.08.20 06:16:24	18,75	0,30	17,31	-4,52	68,17
1106	24.08.20 06:16:25	18,78	0,33	21,78	10,04	58,18
1107	24.08.20 06:16:26	18,78	0,30	19,06	3,26	67,68
1108	24.08.20 06:16:27	18,81	0,33	26,96	13,85	49,19
1109	24.08.20 06:16:28	18,81	0,30	18,69	11,66	59,65
1110	24.08.20 06:16:29	18,84	0,30	20,73	9,05	60,22
1111	24.08.20 06:16:30	18,86	0,28	15,45	10,87	63,67
1112	24.08.20 06:16:31	18,86	0,28	0,65	8,32	81,03
1113	24.08.20 06:16:32	18,86	0,30	30,75	2,80	56,46
1114	24.08.20 06:16:33	18,89	0,28	12,36	-4,56	73,08
1115	24.08.20 06:16:34	18,89	0,28	20,16	-10,19	59,65
1116	24.08.20 06:16:35	18,92	0,26	9,35	26,63	54,03
1117	24.08.20 06:16:36	18,95	0,30	30,35	24,45	35,20
1118	24.08.20 06:16:37	18,95	0,26	53,17	11,11	25,73
1119	24.08.20 06:16:38	18,95	0,26	60,41	14,09	15,51
1120	24.08.20 06:16:39	18,92	0,30	59,73	19,04	11,23
1121	24.08.20 06:16:40	18,89	0,30	60,40	15,43	14,17
1122	24.08.20 06:16:41	18,84	0,30	63,65	13,60	12,75
1123	24.08.20 06:16:42	18,78	0,33	64,40	12,64	12,96
1124	24.08.20 06:16:43	18,75	0,33	65,38	11,63	12,99
1125	24.08.20 06:16:44	18,72	0,30	64,46	13,45	12,09
1126	24.08.20 06:16:45	18,69	0,30	62,79	14,66	12,55
1127	24.08.20 06:16:46	18,66	0,33	62,30	14,92	12,78
1128	24.08.20 06:16:47	18,63	0,30	60,24	18,12	11,65
1129	24.08.20 06:16:48	18,60	0,30	53,09	17,55	19,36
1130	24.08.20 06:16:49	18,57	0,33	59,01	18,58	12,41
1131	24.08.20 06:16:50	18,57	0,33	59,80	18,28	11,92
1132	24.08.20 06:16:51	18,54	0,33	59,31	18,42	12,28
1133	24.08.20 06:16:52	18,51	0,33	52,37	5,88	31,76
1134	24.08.20 06:16:53	18,51	0,33	-6,90	27,78	55,32
1135	24.08.20 06:16:54	18,48	0,33	45,74	32,40	11,86
1136	24.08.20 06:16:55	18,45	0,33	56,65	20,74	12,61
1137	24.08.20 06:16:56	18,45	0,30	58,69	19,35	11,96
1138	24.08.20 06:16:57	18,42	0,33	61,30	16,15	12,55
1139	24.08.20 06:16:58	18,39	0,33	59,50	18,87	11,63
1140	24.08.20 06:16:59	18,39	0,35	77,93	3,60	-8,47
1141	24.08.20 06:17:00	18,39	0,33	50,75	36,08	-3,17
1142	24.08.20 06:17:01	18,36	0,33	78,09	3,99	-7,92
1143	24.08.20 06:17:02	18,36	0,33	60,60	17,47	-11,92
1144	24.08.20 06:17:03	18,33	0,33	35,62	28,27	-26,11
1145	24.08.20 06:17:04	18,33	0,33	57,01	31,17	1,82
1146	24.08.20 06:17:05	18,30	0,33	49,24	30,56	10,20
1147	24.08.20 06:17:06	18,27	0,30	68,25	10,69	11,07
1148	24.08.20 06:17:07	18,27	0,33	71,06	9,13	9,81
1149	24.08.20 06:17:08	18,24	0,33	48,05	31,57	10,38
1150	24.08.20 06:17:09	18,24	0,33	-8,13	2,78	79,09
1151	24.08.20 06:17:10	18,21	0,33	-19,51	11,07	59,42
1152	24.08.20 06:17:11	18,21	0,30	-17,48	8,35	64,17
1153	24.08.20 06:17:12	18,21	0,30	-10,20	9,82	69,98
1154	24.08.20 06:17:13	18,18	0,30	-17,79	8,89	63,32
1155	24.08.20 06:17:14	18,18	0,30	-19,60	10,80	59,60
1156	24.08.20 06:17:15	18,15	0,30	-17,72	7,18	65,10
1157	24.08.20 06:17:16	18,15	0,33	-15,44	9,23	65,33
1158	24.08.20 06:17:17	18,15	0,30	-15,35	9,37	65,28
1159	24.08.20 06:17:18	18,12	0,30	-17,77	9,00	63,23
1160	24.08.20 06:17:19	18,12	0,33	-14,86	12,19	62,94
1161	24.08.20 06:17:20	18,12	0,33	-18,47	6,89	64,65
1162	24.08.20 06:17:21	18,09	0,33	-52,42	2,49	-35,09
1163	24.08.20 06:17:22	18,09	0,30	-83,06	0,48	-6,46
1164	24.08.20 06:17:23	18,09	0,30	-83,05	-1,20	-5,75
1165	24.08.20 06:17:24	18,06	0,33	-81,49	-0,93	-7,58
1166	24.08.20 06:17:25	18,06	0,35	-83,57	1,92	-4,51
1167	24.08.20 06:17:26	18,03	0,33	-85,74	0,86	-3,41
1168	24.08.20 06:17:27	18,03	0,33	-83,95	-0,85	-5,21
1169	24.08.20 06:17:28	18,03	0,33	-85,12	0,60	-4,28
1170	24.08.20 06:17:29	18,00	0,33	-85,25	1,49	-3,26
1171	24.08.20 06:17:30	18,00	0,33	-85,28	0,90	-3,82
1172	24.08.20 06:17:31	18,00	0,35	-86,56	0,00	-3,44
1173	24.08.20 06:17:32	17,97	0,33	-84,19	2,60	-3,20
1174	24.08.20 06:17:33	17,97	0,33	-82,82	3,75	-3,43
1175	24.08.20 06:17:34	17,97	0,33	-89,04	0,69	-0,27
1176	24.08.20 06:17:35	17,94	0,35	-81,55	6,09	-2,36
1177	24.08.20 06:17:36	17,94	0,33	-84,95	4,33	0,72
1178	24.08.20 06:17:37	17,94	0,33	-63,62	17,81	-8,57
1179	24.08.20 06:17:38	17,94	0,33	-86,42	-0,42	-3,15
1180	24.08.20 06:17:39	17,91	0,35	-13,47	9,28	-67,25
1181	24.08.20 06:17:40	17,91	0,33	-49,58	2,99	-37,43
1182	24.08.20 06:17:41	17,91	0,35	-45,29	6,23	-38,48
1183	24.08.20 06:17:42	17,91	0,30	-49,99	4,90	-35,11
1184	24.08.20 06:17:43	17,91	0,33	-41,78	6,00	-42,21
1185	24.08.20 06:17:44	17,88	0,33	-45,56	6,25	-38,19
1186	24.08.20 06:17:45	17,88	0,35	-53,92	5,33	-30,75
1187	24.08.20 06:17:46	17,88	0,33	-50,53	5,42	-34,05
1188	24.08.20 06:17:47	17,88	0,33	0,87	-88,42	-0,71
1189	24.08.20 06:17:48	17,88	0,33	-1,27	-88,33	-0,41
1190	24.08.20 06:17:49	17,85	0,33	-0,69	-88,51	-0,81
1191	24.08.20 06:17:50	17,85	0,33	-1,58	-87,56	-0,86
1192	24.08.20 06:17:51	17,85	0,33	-1,43	-88,25	0,32
1193	24.08.20 06:17:52	17,85	0,33	-0,70	-88,98	0,32
1194	24.08.20 06:17:53	17,85	0,33	-0,42	-88,68	-0,90
1195	24.08.20 06:17:54	17,85	0,35	-2,06	-87,09	-0,85
1196	24.08.20 06:17:55	17,85	0,33	-2,11	-87,74	-0,15
1197	24.08.20 06:17:56	17,85	0,33	0,57	-89,40	-0,03
1198	24.08.20 06:17:57	17,85	0,33	-0,48	-89,40	0,12
1199	24.08.20 06:17:58	17,82	0,33	-3,30	-86,07	-0,63
1200	24.08.20 06:17:59	17,82	0,35	-1,30	-87,32	-1,37
1201	24.08.20 06:18:00	17,82	0,33	0,74	-89,04	-0,22
1202	24.08.20 06:18:01	17,82	0,35	-0,77	-88,05	1,18
1203	24.08.20 06:18:02	17,82	0,35	-2,78	-86,98	0,25
1204	24.08.20 06:18:03	17,82	0,33	-1,42	-86,52	-2,06
1205	24.08.20 06:18:04	17,82	0,35	3,83	-83,88	-2,29
1206	24.08.20 06:18:05	17,82	0,33	45,44	-9,36	35,20
1207	24.08.20 06:18:06	17,82	0,33	-12,83	9,98	67,19
1208	24.08.20 06:18:07	17,82	0,30	-20,46	-64,51	5,03
1209	24.08.20 06:18:08	17,82	0,33	-19,18	-67,80	3,02
1210	24.08.20 06:18:09	17,82	0,33	-20,02	-65,25	4,73
1211	24.08.20 06:18:10	17,79	0,33	-21,84	-63,10	5,06
1212	24.08.20 06:18:11	17,82	0,33	-21,48	-65,64	2,88
1213	24.08.20 06:18:12	17,79	0,33	-19,50	-68,26	2,23
1214	24.08.20 06:18:13	17,79	0,33	-19,56	-66,99	3,45
1215	24.08.20 06:18:14	17,79	0,33	-21,14	-64,58	4,28
1216	24.08.20 06:18:15	17,79	0,33	-21,15	-64,87	3,98
1217	24.08.20 06:18:16	17,79	0,33	-20,29	-66,66	3,05
1218	24.08.20 06:18:17	17,79	0,33	-20,13	-66,99	2,88
1219	24.08.20 06:18:18	17,79	0,35	-20,25	-66,26	3,48
1220	24.08.20 06:18:19	17,79	0,33	-20,42	-65,89	3,69
1221	24.08.20 06:18:20	17,79	0,33	-21,17	-65,01	3,82
1222	24.08.20 06:18:21	17,79	0,33	-20,52	-65,84	3,63
1223	24.08.20 06:18:22	17,79	0,33	-20,40	-66,90	2,71
1224	24.08.20 06:18:23	17,79	0,30	-19,74	-66,80	3,46
1225	24.08.20 06:18:24	17,79	0,33	-20,54	-65,85	3,61
1226	24.08.20 06:18:25	17,79	0,33	-21,72	-64,59	3,69
1227	24.08.20 06:18:26	17,79	0,33	-21,08	-65,47	3,44
1228	24.08.20 06:18:27	17,79	0,35	-18,95	-68,24	2,81
1229	24.08.20 06:18:28	17,79	0,35	-19,74	-67,24	3,02
1230	24.08.20 06:18:29	17,79	0,33	-22,55	-63,96	3,49
1231	24.08.20 06:18:30	17,79	0,33	-21,63	-63,89	4,48
1232	24.08.20 06:18:31	17,76	0,33	-18,99	-68,21	2,79
1233	24.08.20 06:18:32	17,79	0,33	-18,50	-68,68	2,83
1234	24.08.20 06:18:33	17,76	0,33	-22,27	-63,85	3,88
1235	24.08.20 06:18:34	17,76	0,33	-23,12	-62,50	4,39
1236	24.08.20 06:18:35	17,76	0,33	-18,35	-68,54	3,11
1237	24.08.20 06:18:36	17,76	0,33	-18,54	-68,77	2,69
1238	24.08.20 06:18:37	17,76	0,33	-22,28	-64,11	3,61
1239	24.08.20 06:18:38	17,76	0,33	-22,56	-63,38	4,07
1240	24.08.20 06:18:39	17,76	0,33	-19,16	-67,75	3,09
1241	24.08.20 06:18:40	17,76	0,33	-18,90	-67,79	3,31
1242	24.08.20 06:18:41	17,76	0,33	-21,29	-64,81	3,90
1243	24.08.20 06:18:42	17,76	0,35	-21,68	-64,21	4,11
1244	24.08.20 06:18:43	17,76	0,33	-19,60	-67,09	3,31
1245	24.08.20 06:18:44	17,79	0,33	-19,63	-66,79	3,57
1246	24.08.20 06:18:45	17,79	0,35	-20,73	-65,62	3,66
1247	24.08.20 06:18:46	17,79	0,33	-20,61	-66,10	3,29
1248	24.08.20 06:18:47	17,79	0,33	-20,84	-66,37	2,80
1249	24.08.20 06:18:48	17,79	0,33	-20,41	-65,51	4,08
1250	24.08.20 06:18:49	17,79	0,33	-20,20	-66,80	3,00
1251	24.08.20 06:18:50	17,79	0,33	-19,64	-66,40	3,96
1252	24.08.20 06:18:51	17,79	0,33	-20,80	-65,30	3,90
1253	24.08.20 06:18:52	17,79	0,35	-20,70	-65,70	3,59
1254	24.08.20 06:18:53	17,79	0,33	-19,81	-66,22	3,97
1255	24.08.20 06:18:54	17,79	0,33	-20,40	-66,08	3,52
1256	24.08.20 06:18:55	17,79	0,35	-21,36	-64,88	3,76
1257	24.08.20 06:18:56	17,79	0,33	-20,12	-66,63	3,24
1258	24.08.20 06:18:57	17,79	0,33	-20,00	-66,31	3,69
1259	24.08.20 06:18:58	17,79	0,33	-21,17	-64,71	4,12
1260	24.08.20 06:18:59	17,79	0,33	-20,65	-65,87	3,48
1261	24.08.20 06:19:00	17,79	0,33	-19,42	-66,45	4,13
1262	24.08.20 06:19:01	17,79	0,33	-20,35	-65,56	4,09
1263	24.08.20 06:19:02	17,79	0,33	-21,49	-66,23	2,28
1264	24.08.20 06:19:03	17,79	0,30	30,61	-18,46	40,93
1265	24.08.20 06:19:04	17,79	0,33	9,79	-0,36	79,85
1266	24.08.20 06:19:05	17,79	0,33	-12,35	1,59	76,06
1267	24.08.20 06:19:06	17,79	0,33	-29,73	-17,80	42,48
1268	24.08.20 06:19:07	17,79	0,33	-56,79	5,25	27,95
1269	24.08.20 06:19:08	17,79	0,30	-48,27	7,65	34,09
1270	24.08.20 06:19:09	17,79	0,30	-65,53	1,52	22,94
1271	24.08.20 06:19:10	17,82	0,35	-36,91	8,74	44,36
1272	24.08.20 06:19:11	17,82	0,30	37,30	21,70	31,00
1273	24.08.20 06:19:12	17,82	0,33	20,94	24,34	44,73
1274	24.08.20 06:19:13	17,82	0,30	16,04	27,98	45,98
1275	24.08.20 06:19:14	17,82	0,33	1,24	31,44	57,33
1276	24.08.20 06:19:15	17,82	0,30	-7,35	13,88	68,77
1277	24.08.20 06:19:16	17,82	0,33	11,50	7,95	70,56
1278	24.08.20 06:19:17	17,82	0,30	31,34	15,06	43,60
1279	24.08.20 06:19:18	17,82	0,33	-59,43	-15,73	14,84
1280	24.08.20 06:19:19	17,82	0,30	-71,31	-10,68	8,01
1281	24.08.20 06:19:20	17,85	0,30	-59,41	2,32	-28,27
1282	24.08.20 06:19:21	17,85	0,30	-60,28	3,77	-25,94
1283	24.08.20 06:19:22	17,85	0,33	-58,10	11,85	-20,05
1284	24.08.20 06:19:23	17,85	0,33	-47,51	1,04	41,45
1285	24.08.20 06:19:24	17,85	0,33	-55,75	-12,17	22,09
1286	24.08.20 06:19:25	19,10	0,11	25,93	-35,84	28,23
1287	24.08.20 06:19:26	19,69	0,18	-13,68	-17,33	58,99
1288	24.08.20 06:19:27	19,81	0,18	-8,28	-18,50	63,22
1289	24.08.20 06:19:28	19,87	0,18	-52,34	-13,07	24,59
1290	24.08.20 06:19:29	20,90	0,00	47,62	-36,99	-5,38
1291	24.08.20 06:19:30	21,95	0,09	-37,98	-29,80	22,22
1292	24.08.20 06:19:31	22,07	0,11	-43,89	-23,43	22,69
1293	24.08.20 06:19:32	22,07	0,11	-44,22	-20,81	24,97
1294	24.08.20 06:19:33	22,04	0,15	79,35	-2,25	-8,40
1295	24.08.20 06:19:34	22,01	0,18	-68,10	-16,69	-5,21
1296	24.08.20 06:19:35	22,74	0,09	-7,68	-3,09	79,23
1297	24.08.20 06:19:36	23,09	0,13	1,64	-18,31	-70,05
1298	24.08.20 06:19:37	23,09	0,15	-4,33	-48,80	-36,87
1299	24.08.20 06:19:38	23,06	0,20	-40,70	-7,46	41,84
1300	24.08.20 06:19:39	23,00	0,20	-7,30	0,82	81,88
1301	24.08.20 06:19:40	22,94	0,20	-1,86	9,82	78,32
1302	24.08.20 06:19:41	22,88	0,20	-2,58	10,16	77,26
1303	24.08.20 06:19:42	22,83	0,22	16,59	-55,88	17,53
1304	24.08.20 06:19:43	22,80	0,22	18,10	-52,57	-19,34
1305	24.08.20 06:19:44	22,74	0,22	9,48	-65,36	-15,16
1306	24.08.20 06:19:45	22,68	0,20	5,94	-69,56	-14,50
1307	24.08.20 06:19:46	22,62	0,22	3,66	-71,64	-14,70
1308	24.08.20 06:19:47	22,59	0,22	7,51	-69,85	-12,63
1309	24.08.20 06:19:48	22,53	0,24	18,83	-61,35	-9,81
1310	24.08.20 06:19:49	22,51	0,22	-9,02	-56,64	-24,34
1311	24.08.20 06:19:50	22,45	0,24	-10,98	-70,92	-8,10
1312	24.08.20 06:19:51	22,39	0,24	-59,20	-3,99	-26,82
1313	24.08.20 06:19:52	22,36	0,26	-56,50	0,47	-33,03
1314	24.08.20 06:19:53	22,33	0,24	-55,35	-2,58	-32,07
1315	24.08.20 06:19:54	22,27	0,24	-56,07	-1,81	-32,12
1316	24.08.20 06:19:55	22,24	0,26	-55,09	-1,13	-33,78
1317	24.08.20 06:19:56	22,21	0,26	-45,37	-7,28	-37,35
1318	24.08.20 06:19:57	22,18	0,28	-46,27	2,43	-41,31
1319	24.08.20 06:19:58	22,16	0,26	-53,00	2,75	-34,24
1320	24.08.20 06:19:59	22,13	0,26	-53,91	0,72	-35,37
1321	24.08.20 06:20:00	22,10	0,26	-53,55	0,80	-35,65
1322	24.08.20 06:20:01	22,07	0,28	-60,48	-1,18	-28,34
1323	24.08.20 06:20:02	22,04	0,28	-58,54	-1,71	-29,75
1324	24.08.20 06:20:03	22,01	0,26	-56,96	-2,34	-30,70
1325	24.08.20 06:20:04	21,98	0,28	-55,83	-3,52	-30,65
1326	24.08.20 06:20:05	21,95	0,28	-55,02	-4,21	-30,77
1327	24.08.20 06:20:06	21,92	0,30	-55,44	-5,94	-28,62
1328	24.08.20 06:20:07	21,89	0,30	-58,67	-2,26	-29,07
1329	24.08.20 06:20:08	21,86	0,33	-55,31	-2,65	-32,04
1330	24.08.20 06:20:09	21,83	0,30	-57,17	-2,90	-29,93
1331	24.08.20 06:20:10	21,81	0,30	-58,16	-0,49	-31,36
1332	24.08.20 06:20:11	21,81	0,28	-51,21	-5,16	-33,63
1333	24.08.20 06:20:12	21,78	0,30	-71,23	-2,92	-15,85
1334	24.08.20 06:20:13	21,75	0,30	-57,07	-5,52	-27,41
1335	24.08.20 06:20:14	21,75	0,30	-54,42	-4,67	-30,91
1336	24.08.20 06:20:15	21,72	0,30	-50,75	-10,56	-28,69
1337	24.08.20 06:20:16	21,69	0,33	-39,30	-24,19	-26,51
1338	24.08.20 06:20:17	21,69	0,30	-28,90	-16,07	-45,02
1339	24.08.20 06:20:18	21,66	0,30	-9,92	-47,67	-32,41
1340	24.08.20 06:20:19	21,66	0,33	-6,71	-32,92	-50,37
1341	24.08.20 06:20:20	21,63	0,30	-15,61	-33,65	-40,74
1342	24.08.20 06:20:21	21,63	0,33	-48,88	-6,23	-34,90
1343	24.08.20 06:20:22	21,60	0,30	-33,08	-14,72	-42,21
1344	24.08.20 06:20:23	21,57	0,30	-37,17	25,87	-26,96
1345	24.08.20 06:20:24	21,57	0,30	-54,00	34,16	-1,84
1346	24.08.20 06:20:25	21,57	0,33	-55,46	20,52	14,03
1347	24.08.20 06:20:26	21,54	0,33	-59,78	18,32	-11,91
1348	24.08.20 06:20:27	21,54	0,33	-41,15	15,43	-33,42
1349	24.08.20 06:20:28	21,51	0,30	-42,16	21,01	-26,82
1350	24.08.20 06:20:29	21,51	0,33	-45,94	-0,84	-43,22
1351	24.08.20 06:20:30	21,51	0,30	-31,57	26,23	-32,20
1352	24.08.20 06:20:31	21,48	0,30	-35,24	25,69	-29,07
1353	24.08.20 06:20:32	21,48	0,33	-56,40	20,90	-12,69
1354	24.08.20 06:20:33	21,48	0,33	-71,10	15,84	3,07
1355	24.08.20 06:20:34	21,45	0,30	-38,27	18,93	-32,80
1356	24.08.20 06:20:35	21,45	0,33	-24,42	-7,25	-58,33
1357	24.08.20 06:20:36	21,45	0,33	-31,73	1,19	-57,08
1358	24.08.20 06:20:37	21,43	0,33	-34,20	3,88	-51,92
1359	24.08.20 06:20:38	21,43	0,33	-31,18	4,10	-54,73
1360	24.08.20 06:20:39	21,43	0,30	-26,71	4,09	-59,20
1361	24.08.20 06:20:40	21,40	0,33	-32,52	3,60	-53,88
1362	24.08.20 06:20:41	21,40	0,33	-36,20	3,29	-50,52
1363	24.08.20 06:20:42	21,40	0,33	-27,57	4,05	-58,38
1364	24.08.20 06:20:43	21,40	0,33	-28,08	3,69	-58,23
1365	24.08.20 06:20:44	21,40	0,30	-34,06	4,05	-51,89
1366	24.08.20 06:20:45	21,37	0,33	-34,59	3,52	-51,89
1367	24.08.20 06:20:46	21,37	0,33	-27,43	3,67	-58,90
1368	24.08.20 06:20:47	21,37	0,33	-27,40	4,11	-58,49
1369	24.08.20 06:20:48	21,37	0,33	-35,72	4,19	-50,09
1370	24.08.20 06:20:49	21,34	0,33	-33,88	2,89	-53,22
1371	24.08.20 06:20:50	21,34	0,33	-27,11	2,56	-60,33
1372	24.08.20 06:20:51	21,34	0,35	-28,69	3,97	-57,34
1373	24.08.20 06:20:52	21,34	0,33	-34,42	4,08	-51,50
1374	24.08.20 06:20:53	21,34	0,35	-33,36	2,96	-53,68
1375	24.08.20 06:20:54	21,34	0,33	-28,58	3,85	-57,57
1376	24.08.20 06:20:55	21,31	0,33	-28,59	3,58	-57,83
1377	24.08.20 06:20:56	21,31	0,33	-31,90	3,80	-54,30
1378	24.08.20 06:20:57	21,31	0,33	-34,83	2,52	-52,65
1379	24.08.20 06:20:58	21,31	0,33	-30,59	2,77	-56,64
1380	24.08.20 06:20:59	21,31	0,33	-27,09	3,52	-59,39
1381	24.08.20 06:21:00	21,31	0,33	-32,15	2,26	-55,59
1382	24.08.20 06:21:01	21,31	0,33	-35,84	2,90	-51,26
1383	24.08.20 06:21:02	21,31	0,35	-28,91	2,67	-58,41
1384	24.08.20 06:21:03	21,28	0,33	-28,48	2,91	-58,61
1385	24.08.20 06:21:04	21,28	0,30	-33,40	2,69	-53,91
1386	24.08.20 06:21:05	21,28	0,33	-33,46	2,15	-54,39
1387	24.08.20 06:21:06	21,28	0,33	-28,90	3,67	-57,43
1388	24.08.20 06:21:07	21,28	0,33	-28,81	3,44	-57,75
1389	24.08.20 06:21:08	21,28	0,30	-34,02	2,50	-53,47
1390	24.08.20 06:21:09	21,28	0,33	-33,51	3,11	-53,37
1391	24.08.20 06:21:10	21,28	0,33	-27,27	2,73	-60,01
1392	24.08.20 06:21:11	21,28	0,35	-29,96	3,14	-56,89
1393	24.08.20 06:21:12	21,28	0,33	-34,66	2,27	-53,07
1394	24.08.20 06:21:13	21,28	0,33	-32,34	2,64	-55,01
1395	24.08.20 06:21:14	21,28	0,35	-28,28	2,94	-58,78
1396	24.08.20 06:21:15	21,28	0,33	-30,84	2,62	-56,54
1397	24.08.20 06:21:16	21,28	0,33	-32,71	2,93	-54,35
1398	24.08.20 06:21:17	21,28	0,35	-31,16	3,20	-55,64
1399	24.08.20 06:21:18	21,28	0,33	-30,58	3,12	-56,30
1400	24.08.20 06:21:19	21,28	0,33	-31,51	2,38	-56,11
1401	24.08.20 06:21:20	21,28	0,33	-30,26	1,96	-57,78
1402	24.08.20 06:21:21	21,28	0,33	-31,90	3,47	-54,63
1403	24.08.20 06:21:22	21,28	0,30	-31,37	3,19	-55,44
1404	24.08.20 06:21:23	21,28	0,33	-30,53	2,25	-57,21
1405	24.08.20 06:21:24	21,28	0,33	-31,84	2,86	-55,30
1406	24.08.20 06:21:25	21,28	0,33	-30,44	2,96	-56,61
1407	24.08.20 06:21:26	21,25	0,33	-30,11	3,68	-56,21
1408	24.08.20 06:21:27	21,25	0,33	-33,14	2,47	-54,39
1409	24.08.20 06:21:28	21,25	0,30	-31,71	1,81	-56,49
1410	24.08.20 06:21:29	21,25	0,33	-29,61	2,51	-57,87
1411	24.08.20 06:21:30	21,25	0,33	-30,53	2,82	-56,65
1412	24.08.20 06:21:31	21,25	0,33	-33,23	2,58	-54,19
1413	24.08.20 06:21:32	21,25	0,33	-32,18	2,09	-55,73
1414	24.08.20 06:21:33	21,25	0,33	-28,76	2,73	-58,51
1415	24.08.20 06:21:34	21,25	0,33	-30,63	3,09	-56,27
1416	24.08.20 06:21:35	21,25	0,33	-33,75	3,28	-52,97
1417	24.08.20 06:21:36	21,25	0,30	-30,12	2,32	-57,57
1418	24.08.20 06:21:37	21,25	0,33	-30,61	2,50	-56,89
1419	24.08.20 06:21:38	21,25	0,35	-31,41	2,75	-55,84
1420	24.08.20 06:21:39	21,25	0,33	-31,57	2,61	-55,82
1421	24.08.20 06:21:40	21,25	0,33	-30,58	3,23	-56,19
1422	24.08.20 06:21:41	21,25	0,30	-31,25	2,73	-56,02
1423	24.08.20 06:21:42	21,25	0,30	-32,19	2,23	-55,58
1424	24.08.20 06:21:43	21,25	0,33	-30,17	3,04	-56,79
1425	24.08.20 06:21:44	21,25	0,33	-30,10	3,05	-56,85
1426	24.08.20 06:21:45	21,25	0,33	-33,25	2,79	-53,96
1427	24.08.20 06:21:46	21,25	0,33	-31,66	2,25	-56,08
1428	24.08.20 06:21:47	21,25	0,35	-29,08	2,23	-58,68
1429	24.08.20 06:21:48	21,25	0,33	-30,79	3,03	-56,18
1430	24.08.20 06:21:49	21,28	0,33	-33,50	3,21	-53,30
1431	24.08.20 06:21:50	21,25	0,33	-31,71	1,52	-56,77
1432	24.08.20 06:21:51	21,28	0,33	-28,52	3,30	-58,18
1433	24.08.20 06:21:52	21,25	0,30	-30,80	2,49	-56,71
1434	24.08.20 06:21:53	21,25	0,33	-34,31	2,70	-52,98
1435	24.08.20 06:21:54	21,28	0,30	-31,33	2,12	-56,55
1436	24.08.20 06:21:55	21,28	0,35	-28,89	1,69	-59,42
1437	24.08.20 06:21:56	21,28	0,33	-30,70	2,55	-56,75
1438	24.08.20 06:21:57	21,28	0,33	-33,61	3,62	-52,78
1439	24.08.20 06:21:58	21,28	0,33	-32,36	2,15	-55,50
1440	24.08.20 06:21:59	21,28	0,33	-28,36	1,77	-59,87
1441	24.08.20 06:22:00	21,28	0,33	-29,44	4,04	-56,52
1442	24.08.20 06:22:01	21,28	0,30	-35,23	2,70	-52,07
1443	24.08.20 06:22:02	21,28	0,33	-32,78	0,77	-56,45
1444	24.08.20 06:22:03	21,28	0,35	-26,84	2,61	-60,56
1445	24.08.20 06:22:04	21,28	0,33	-30,81	3,59	-55,60
1446	24.08.20 06:22:05	21,28	0,33	-35,22	2,06	-52,71
1447	24.08.20 06:22:06	21,28	0,33	-32,27	1,54	-56,19
1448	24.08.20 06:22:07	21,28	0,35	-26,95	2,40	-60,65
1449	24.08.20 06:22:08	21,28	0,35	-30,87	3,43	-55,70
1450	24.08.20 06:22:09	21,28	0,35	-35,51	1,98	-52,50
1451	24.08.20 06:22:10	21,28	0,33	-32,00	1,81	-56,18
1452	24.08.20 06:22:11	21,28	0,33	-26,56	2,70	-60,74
1453	24.08.20 06:22:12	21,28	0,35	-31,01	3,13	-55,85
1454	24.08.20 06:22:13	21,28	0,33	-35,65	2,52	-51,83
1455	24.08.20 06:22:14	21,28	0,33	-31,77	2,19	-56,04
1456	24.08.20 06:22:15	21,28	0,35	-26,69	2,51	-60,79
1457	24.08.20 06:22:16	21,28	0,30	-30,84	2,43	-56,73
1458	24.08.20 06:22:17	21,28	0,33	-35,70	2,75	-51,55
1459	24.08.20 06:22:18	21,28	0,33	-31,98	2,23	-55,79
1460	24.08.20 06:22:19	21,28	0,35	-26,95	2,21	-60,84
1461	24.08.20 06:22:20	21,28	0,33	-30,01	2,36	-57,62
1462	24.08.20 06:22:21	21,28	0,33	-36,30	3,18	-50,52
1463	24.08.20 06:22:22	21,28	0,33	-31,78	2,54	-55,67
1464	24.08.20 06:22:23	21,28	0,33	-27,68	1,93	-60,39
1465	24.08.20 06:22:24	21,31	0,33	-29,89	2,21	-57,91
1466	24.08.20 06:22:25	21,31	0,33	-33,99	3,21	-52,80
1467	24.08.20 06:22:26	21,28	0,33	-33,82	2,59	-53,59
1468	24.08.20 06:22:27	21,31	0,33	-27,55	2,18	-60,27
1469	24.08.20 06:22:28	21,31	0,33	-29,33	3,52	-57,15
1470	24.08.20 06:22:29	21,31	0,35	-33,73	2,34	-53,93
1471	24.08.20 06:22:30	21,31	0,33	-32,90	2,82	-54,28
1472	24.08.20 06:22:31	21,31	0,35	-29,40	3,18	-57,42
1473	24.08.20 06:22:32	21,31	0,33	-29,91	1,97	-58,12
1474	24.08.20 06:22:33	21,31	0,33	-31,35	2,58	-56,07
1475	24.08.20 06:22:34	21,31	0,33	-33,41	2,70	-53,89
1476	24.08.20 06:22:35	21,31	0,33	-31,99	2,33	-55,68
1477	24.08.20 06:22:36	21,31	0,33	-28,18	2,60	-59,22
1478	24.08.20 06:22:37	21,31	0,33	-30,95	2,68	-56,37
1479	24.08.20 06:22:38	21,31	0,33	-34,04	3,12	-52,85
1480	24.08.20 06:22:39	21,31	0,33	-30,78	2,38	-56,84
1481	24.08.20 06:22:40	21,31	0,33	-29,51	2,58	-57,91
1482	24.08.20 06:22:41	21,31	0,33	-31,81	2,34	-55,85
1483	24.08.20 06:22:42	21,31	0,30	-31,16	2,19	-56,65
1484	24.08.20 06:22:43	21,31	0,30	-32,11	2,53	-55,36
1485	24.08.20 06:22:44	21,31	0,33	-31,75	2,20	-56,06
1486	24.08.20 06:22:45	21,31	0,33	-30,39	1,84	-57,77
1487	24.08.20 06:22:46	21,31	0,30	-31,12	3,76	-55,12
1488	24.08.20 06:22:47	21,31	0,33	-33,19	3,06	-53,75
1489	24.08.20 06:22:48	21,31	0,33	-35,35	1,79	-52,86
1490	24.08.20 06:22:49	21,31	0,30	-32,54	2,51	-54,96
1491	24.08.20 06:22:50	21,31	0,30	-30,40	2,70	-56,90
1492	24.08.20 06:22:51	21,31	0,33	-33,64	3,52	-52,85
1493	24.08.20 06:22:52	21,31	0,33	-34,12	3,53	-52,35
1494	24.08.20 06:22:53	21,31	0,35	-31,14	3,69	-55,17
1495	24.08.20 06:22:54	21,31	0,33	-32,33	4,86	-52,81
1496	24.08.20 06:22:55	21,31	0,33	-32,87	4,23	-52,90
1497	24.08.20 06:22:56	21,31	0,33	-31,86	2,12	-56,02
1498	24.08.20 06:22:57	21,31	0,33	-31,98	4,10	-53,91
1499	24.08.20 06:22:58	21,31	0,33	-31,86	1,77	-56,37
1500	24.08.20 06:22:59	21,31	0,33	-32,55	2,90	-54,54
1501	24.08.20 06:23:00	21,34	0,30	-31,93	1,59	-56,48
1502	24.08.20 06:23:01	21,34	0,33	-31,87	2,01	-56,12
1503	24.08.20 06:23:02	21,34	0,30	-30,66	1,55	-57,79
1504	24.08.20 06:23:03	21,34	0,33	-32,34	0,30	-57,36
1505	24.08.20 06:23:04	21,34	0,30	-32,60	-0,78	-56,61
1506	24.08.20 06:23:05	21,34	0,30	-30,35	-2,86	-56,78
1507	24.08.20 06:23:06	21,34	0,33	-30,54	-4,05	-55,41
1508	24.08.20 06:23:07	21,34	0,30	-31,14	-5,98	-52,88
1509	24.08.20 06:23:08	21,34	0,30	-30,30	-7,37	-52,32
1510	24.08.20 06:23:09	21,34	0,35	-29,67	-7,04	-53,29
1511	24.08.20 06:23:10	21,34	0,33	-29,81	-5,40	-54,79
1512	24.08.20 06:23:11	21,34	0,30	-30,16	-4,26	-55,58
1513	24.08.20 06:23:12	21,34	0,33	-31,47	-2,30	-56,24
1514	24.08.20 06:23:13	21,34	0,33	-30,88	-1,83	-57,29
1515	24.08.20 06:23:14	21,34	0,33	-30,62	-1,36	-58,02
1516	24.08.20 06:23:15	21,34	0,33	-30,96	-1,13	-57,91
1517	24.08.20 06:23:16	21,34	0,30	-31,61	-1,70	-56,69
1518	24.08.20 06:23:17	21,34	0,33	-30,42	-3,73	-55,85
1519	24.08.20 06:23:18	21,34	0,33	-42,97	-6,35	-40,69
1520	24.08.20 06:23:19	21,34	0,33	-11,62	-24,91	53,47
1521	24.08.20 06:23:20	21,34	0,33	30,82	-4,43	54,74
1522	24.08.20 06:23:21	21,34	0,28	16,04	-52,28	21,69
1523	24.08.20 06:23:22	21,45	0,33	25,72	-45,85	18,42
1524	24.08.20 06:23:23	21,57	0,33	27,31	-41,70	20,99
1525	24.08.20 06:23:24	21,66	0,30	26,52	-44,49	18,98
1526	24.08.20 06:23:25	21,72	0,30	34,44	-40,95	14,61
1527	24.08.20 06:23:26	21,81	0,30	37,82	-44,88	7,30
1528	24.08.20 06:23:27	21,89	0,30	12,89	-34,68	42,43
1529	24.08.20 06:23:28	21,95	0,26	35,63	-28,10	26,26
1530	24.08.20 06:23:29	22,04	0,39	43,69	-12,93	33,38
1531	24.08.20 06:23:30	22,04	0,39	13,46	-27,25	49,29
1532	24.08.20 06:23:31	22,01	0,41	23,50	-39,73	26,78
1533	24.08.20 06:23:32	21,98	0,39	17,54	-46,10	26,37
1534	24.08.20 06:23:33	21,98	0,39	6,69	-45,76	37,54
1535	24.08.20 06:23:34	21,98	0,39	24,05	-40,05	25,90
1536	24.08.20 06:23:35	21,95	0,41	29,75	-25,29	34,97
1537	24.08.20 06:23:36	21,95	0,43	39,66	-23,80	26,54
1538	24.08.20 06:23:37	21,95	0,41	56,14	20,11	13,74
1539	24.08.20 06:23:38	21,92	0,41	77,62	11,83	0,55
1540	24.08.20 06:23:39	21,92	0,41	67,48	-8,93	-13,59
1541	24.08.20 06:23:40	21,95	0,37	6,65	-76,34	7,01
1542	24.08.20 06:23:41	22,01	0,33	-10,37	-55,10	24,52
1543	24.08.20 06:23:42	22,18	0,30	-38,28	-30,80	20,92
1544	24.08.20 06:23:43	22,42	0,35	-22,81	-43,66	23,52
1545	24.08.20 06:23:44	22,59	0,33	-27,55	-48,70	13,75
1546	24.08.20 06:23:45	22,74	0,33	-43,07	-15,26	31,67
1547	24.08.20 06:23:46	22,94	0,35	19,72	-54,08	16,19
1548	24.08.20 06:23:47	23,15	0,30	-14,56	-19,30	-56,14
