#0	Date-time:	21/07/2020 5:56:41 PM
#1	Recorder:	24H0950
#2	File type:	1
#3	Columns:	7
#4	Channels:	5
#5	Field separation:	0
#6	Decimal point:	0
#7	Date def.:	0	0
#8	Time def.:	0
#9	Channel 1:	Temperature(°C)	Temp(°C)	2	1
#10	Channel 2:	Pressure(Bar)	Press(Bar)	2	1
#11	Reconvertion:	0
#14	Channel 3:	Tilt-X(°)	Tilt-X(°)	1	1
#18	Channel 4:	Tilt-Y(°)	Tilt-Y(°)	1	1
#19	Line color:	1	2	3	4
#22	Channel 5:	Tilt-Z(°)	Tilt-Z(°)	1	1
#30	Trend Type Number:	3
#33	Limit Temp. Corr. OTCR:	1
1	21.07.20 17:31:00	18,38	1,56	-38,7	8,0	43,3
2	21.07.20 17:31:01	18,38	1,59	-39,2	8,7	42,1
3	21.07.20 17:31:02	18,38	1,61	-41,7	6,8	41,5
4	21.07.20 17:31:03	18,38	1,66	-42,3	4,8	42,9
5	21.07.20 17:31:04	18,38	1,66	-38,3	5,0	46,7
6	21.07.20 17:31:05	18,38	1,66	-38,9	6,6	44,5
7	21.07.20 17:31:06	18,38	1,66	-34,9	11,4	43,7
8	21.07.20 17:31:07	18,38	1,66	-26,2	18,8	44,9
9	21.07.20 17:31:08	18,38	1,66	-26,0	21,1	42,9
10	21.07.20 17:31:09	18,35	1,68	-21,5	32,2	36,3
11	21.07.20 17:31:10	18,35	1,68	-21,7	33,1	35,1
12	21.07.20 17:31:11	18,35	1,65	-21,6	34,1	34,3
13	21.07.20 17:31:12	18,35	1,63	-21,4	34,6	34,0
14	21.07.20 17:31:13	18,32	1,63	-19,9	35,9	34,2
15	21.07.20 17:31:14	18,29	1,62	-19,3	36,8	33,9
16	21.07.20 17:31:15	18,23	1,59	-21,3	36,7	32,0
17	21.07.20 17:31:16	18,20	1,54	-18,3	38,3	33,4
18	21.07.20 17:31:17	18,17	1,52	-17,5	36,9	35,6
19	21.07.20 17:31:18	18,14	1,49	-19,3	35,8	34,9
20	21.07.20 17:31:19	18,14	1,44	-18,3	36,2	35,5
21	21.07.20 17:31:20	18,11	1,39	-18,0	39,0	33,0
22	21.07.20 17:31:21	18,11	1,39	-16,9	41,6	31,6
23	21.07.20 17:31:22	18,11	1,37	-15,7	43,0	31,3
24	21.07.20 17:31:23	18,11	1,32	-17,3	41,3	31,4
25	21.07.20 17:31:24	18,11	1,30	-17,3	40,3	32,4
26	21.07.20 17:31:25	18,11	1,28	-18,8	40,1	31,1
27	21.07.20 17:31:26	18,11	1,25	-19,4	41,3	29,3
28	21.07.20 17:31:27	18,11	1,21	-18,5	42,3	29,2
29	21.07.20 17:31:28	18,11	1,18	-19,2	44,0	26,8
30	21.07.20 17:31:29	18,11	1,18	-16,5	47,2	26,4
31	21.07.20 17:31:30	18,11	1,16	-16,2	47,4	26,4
32	21.07.20 17:31:31	18,08	1,11	-19,1	46,0	24,9
33	21.07.20 17:31:32	18,08	1,11	-19,3	46,6	24,1
34	21.07.20 17:31:33	18,08	1,11	-17,4	47,9	24,7
35	21.07.20 17:31:34	18,08	1,09	-18,6	46,4	25,0
36	21.07.20 17:31:35	18,08	1,09	-15,0	48,3	26,7
37	21.07.20 17:31:36	18,08	1,09	-14,6	50,9	24,5
38	21.07.20 17:31:37	18,08	1,09	-15,0	51,5	23,5
39	21.07.20 17:31:38	18,08	1,11	-14,0	49,3	26,7
40	21.07.20 17:31:39	18,08	1,11	-12,9	48,1	29,0
41	21.07.20 17:31:40	18,08	1,11	-14,8	46,4	28,8
42	21.07.20 17:31:41	18,08	1,11	-11,4	45,7	33,0
43	21.07.20 17:31:42	18,08	1,16	-11,4	45,9	32,7
44	21.07.20 17:31:43	18,08	1,13	-13,8	44,6	31,5
45	21.07.20 17:31:44	18,08	1,16	-12,2	40,2	37,7
46	21.07.20 17:31:45	18,08	1,18	-12,9	36,6	40,5
47	21.07.20 17:31:46	18,08	1,18	-14,3	34,2	41,5
48	21.07.20 17:31:47	18,08	1,20	-14,2	33,2	42,6
49	21.07.20 17:31:48	18,08	1,23	-14,1	33,7	42,2
50	21.07.20 17:31:49	18,08	1,23	-13,1	38,3	38,6
51	21.07.20 17:31:50	18,08	1,25	-13,4	38,1	38,4
52	21.07.20 17:31:51	18,05	1,25	-13,4	33,6	43,1
53	21.07.20 17:31:52	18,05	1,27	-15,3	29,6	45,1
54	21.07.20 17:31:53	18,05	1,25	-17,0	29,6	43,4
55	21.07.20 17:31:54	18,05	1,27	-15,3	31,3	43,4
56	21.07.20 17:31:55	18,05	1,27	-16,2	29,7	44,1
57	21.07.20 17:31:56	18,05	1,29	-17,1	26,7	46,2
58	21.07.20 17:31:57	18,02	1,31	-17,2	25,8	47,0
59	21.07.20 17:31:58	18,02	1,34	-17,4	26,0	46,5
60	21.07.20 17:31:59	18,02	1,36	-17,2	25,4	47,4
61	21.07.20 17:32:00	18,02	1,36	-18,5	24,4	47,1
62	21.07.20 17:32:01	18,02	1,36	-18,2	23,8	48,0
63	21.07.20 17:32:02	18,02	1,39	-18,1	24,1	47,9
64	21.07.20 17:32:03	18,02	1,41	-18,2	24,6	47,2
65	21.07.20 17:32:04	17,99	1,41	-18,2	25,4	46,4
66	21.07.20 17:32:05	17,99	1,41	-17,7	26,2	46,0
67	21.07.20 17:32:06	17,99	1,41	-16,9	25,4	47,7
68	21.07.20 17:32:07	17,99	1,41	-19,8	26,3	43,9
69	21.07.20 17:32:08	17,99	1,38	-23,2	28,4	38,3
70	21.07.20 17:32:09	17,96	1,40	-18,6	30,3	41,1
71	21.07.20 17:32:10	17,96	1,40	-15,6	22,4	52,0
72	21.07.20 17:32:11	17,96	1,40	-18,4	26,6	45,0
73	21.07.20 17:32:12	17,96	1,40	-18,1	35,0	36,9
74	21.07.20 17:32:13	17,96	1,40	-18,2	37,5	34,4
75	21.07.20 17:32:14	17,96	1,40	-19,2	37,3	33,5
76	21.07.20 17:32:15	17,96	1,40	-20,1	33,3	36,6
77	21.07.20 17:32:16	17,96	1,38	-20,3	32,7	37,0
78	21.07.20 17:32:17	17,96	1,36	-20,0	33,4	36,6
79	21.07.20 17:32:18	17,93	1,38	-19,5	34,9	35,6
80	21.07.20 17:32:19	17,93	1,40	-18,3	34,4	37,3
81	21.07.20 17:32:20	17,93	1,38	-19,8	30,4	39,8
82	21.07.20 17:32:21	17,93	1,40	-22,3	29,5	38,2
83	21.07.20 17:32:22	17,93	1,35	-24,0	29,5	36,5
84	21.07.20 17:32:23	17,93	1,38	-24,2	26,4	39,5
85	21.07.20 17:32:24	17,91	1,37	-24,7	24,2	41,1
86	21.07.20 17:32:25	17,91	1,37	-27,4	22,1	40,5
87	21.07.20 17:32:26	17,91	1,37	-26,2	19,2	44,6
88	21.07.20 17:32:27	17,91	1,37	-29,2	10,9	49,8
89	21.07.20 17:32:28	17,91	1,37	-26,1	-8,8	55,1
90	21.07.20 17:32:29	17,91	1,37	-25,7	-13,1	51,2
91	21.07.20 17:32:30	17,91	1,37	-25,2	-15,0	49,8
92	21.07.20 17:32:31	17,88	1,37	-24,2	-17,0	48,8
93	21.07.20 17:32:32	17,91	1,37	-24,9	-26,0	39,1
94	21.07.20 17:32:33	17,91	1,35	-29,4	-34,8	25,8
95	21.07.20 17:32:34	17,91	1,35	-27,5	-39,9	22,6
96	21.07.20 17:32:35	17,91	1,35	-27,6	-42,2	20,2
97	21.07.20 17:32:36	17,91	1,37	-28,0	-42,4	19,6
98	21.07.20 17:32:37	17,91	1,37	-27,2	-42,6	20,2
99	21.07.20 17:32:38	17,88	1,37	-26,4	-46,1	17,5
100	21.07.20 17:32:39	17,88	1,37	-27,3	-49,0	13,8
101	21.07.20 17:32:40	17,88	1,35	-26,9	-52,0	11,1
102	21.07.20 17:32:41	17,88	1,37	-23,1	-55,8	11,1
103	21.07.20 17:32:42	17,88	1,37	-25,7	-56,6	7,8
104	21.07.20 17:32:43	17,85	1,37	-23,8	-63,6	2,6
105	21.07.20 17:32:44	17,85	1,39	-17,0	-67,1	-5,9
106	21.07.20 17:32:45	17,85	1,39	-16,3	-69,0	-4,7
107	21.07.20 17:32:46	17,85	1,39	-17,4	-65,9	-6,7
108	21.07.20 17:32:47	17,85	1,39	-16,2	-66,9	-6,9
109	21.07.20 17:32:48	17,85	1,39	-16,6	-69,4	-4,0
110	21.07.20 17:32:49	17,85	1,41	-17,7	-64,5	-7,8
111	21.07.20 17:32:50	17,85	1,39	-18,9	-62,2	-8,9
112	21.07.20 17:32:51	17,82	1,41	-16,6	-65,0	-8,4
113	21.07.20 17:32:52	17,85	1,44	-17,7	-67,4	-4,9
114	21.07.20 17:32:53	17,82	1,43	-20,2	-63,6	-6,1
115	21.07.20 17:32:54	17,82	1,43	-19,1	-65,1	-5,7
116	21.07.20 17:32:55	17,82	1,43	-18,3	-66,8	-4,9
117	21.07.20 17:32:56	17,82	1,46	-22,6	-60,9	-6,5
118	21.07.20 17:32:57	17,82	1,48	-20,8	-62,4	-6,8
119	21.07.20 17:32:58	17,82	1,48	-18,9	-66,6	-4,6
120	21.07.20 17:32:59	17,82	1,50	-22,2	-66,0	-1,9
121	21.07.20 17:33:00	17,79	1,50	-22,7	-64,4	-2,9
122	21.07.20 17:33:01	17,79	1,50	-22,3	-65,7	-2,0
123	21.07.20 17:33:02	17,79	1,50	-21,8	-66,1	-2,1
124	21.07.20 17:33:03	17,79	1,55	-21,5	-68,2	-0,3
125	21.07.20 17:33:04	17,79	1,55	-25,4	-64,3	0,3
126	21.07.20 17:33:05	17,79	1,55	-23,2	-65,9	0,9
127	21.07.20 17:33:06	17,79	1,57	-24,6	-62,7	2,7
128	21.07.20 17:33:07	17,79	1,57	-23,3	-62,8	3,8
129	21.07.20 17:33:08	17,76	1,59	-23,5	-62,8	3,7
130	21.07.20 17:33:09	17,76	1,61	-23,2	-61,3	5,5
131	21.07.20 17:33:10	17,76	1,61	-23,6	-58,8	7,6
132	21.07.20 17:33:11	17,76	1,61	-25,4	-57,0	7,6
133	21.07.20 17:33:12	17,76	1,64	-26,6	-57,5	5,9
134	21.07.20 17:33:13	17,73	1,64	-25,2	-57,2	7,6
135	21.07.20 17:33:14	17,73	1,66	-25,3	-54,8	9,8
136	21.07.20 17:33:15	17,73	1,68	-25,6	-55,3	9,1
137	21.07.20 17:33:16	17,73	1,68	-24,9	-53,7	11,4
138	21.07.20 17:33:17	17,73	1,68	-26,2	-52,9	10,9
139	21.07.20 17:33:18	17,73	1,71	-26,9	-52,7	10,4
140	21.07.20 17:33:19	17,73	1,73	-23,7	-54,7	11,6
141	21.07.20 17:33:20	17,73	1,71	-26,0	-51,2	12,8
142	21.07.20 17:33:21	17,73	1,75	-27,9	-51,1	11,1
143	21.07.20 17:33:22	17,73	1,75	-27,3	-51,2	11,5
144	21.07.20 17:33:23	17,70	1,77	-26,0	-50,6	13,4
145	21.07.20 17:33:24	17,70	1,77	-28,0	-47,9	14,1
146	21.07.20 17:33:25	17,70	1,80	-26,7	-49,7	13,6
147	21.07.20 17:33:26	17,67	1,82	-26,4	-48,6	15,0
148	21.07.20 17:33:27	17,64	1,81	-26,3	-47,4	16,3
149	21.07.20 17:33:28	17,61	1,83	-29,7	-45,6	14,7
150	21.07.20 17:33:29	17,52	1,87	-27,0	-47,4	15,7
151	21.07.20 17:33:30	17,46	1,89	-27,7	-45,8	16,5
152	21.07.20 17:33:31	17,37	1,93	-30,1	-45,2	14,7
153	21.07.20 17:33:32	17,28	1,96	-25,9	-47,8	16,3
154	21.07.20 17:33:33	17,22	1,98	-28,5	-43,7	17,9
155	21.07.20 17:33:34	17,16	2,00	-30,4	-43,8	15,8
156	21.07.20 17:33:35	17,07	2,01	-27,8	-46,9	15,3
157	21.07.20 17:33:36	17,01	2,08	-28,6	-43,6	17,8
158	21.07.20 17:33:37	16,92	2,09	-31,2	-44,1	14,6
159	21.07.20 17:33:38	16,86	2,13	-29,4	-45,5	15,1
160	21.07.20 17:33:39	16,77	2,10	-27,1	-45,1	17,8
161	21.07.20 17:33:40	16,74	2,14	-31,9	-42,4	15,7
162	21.07.20 17:33:41	16,68	2,18	-30,3	-47,9	11,8
163	21.07.20 17:33:42	16,56	2,22	-26,6	-46,1	17,3
164	21.07.20 17:33:43	16,50	2,21	-30,1	-42,3	17,7
165	21.07.20 17:33:44	16,41	2,25	-32,0	-43,3	14,7
166	21.07.20 17:33:45	16,29	2,26	-30,3	-43,6	16,2
167	21.07.20 17:33:46	16,20	2,32	-28,8	-42,0	19,2
168	21.07.20 17:33:47	16,14	2,34	-28,8	-41,5	19,7
169	21.07.20 17:33:48	16,05	2,37	-25,9	-43,6	20,5
170	21.07.20 17:33:49	15,92	2,38	-27,5	-40,5	22,0
171	21.07.20 17:33:50	15,83	2,42	-26,9	-41,5	21,6
172	21.07.20 17:33:51	15,74	2,39	-26,9	-40,5	22,6
173	21.07.20 17:33:52	15,62	2,42	-28,1	-41,5	20,5
174	21.07.20 17:33:53	15,44	2,50	-27,0	-40,6	22,3
175	21.07.20 17:33:54	15,35	2,51	-26,6	-40,8	22,6
176	21.07.20 17:33:55	15,20	2,54	-26,5	-41,2	22,3
177	21.07.20 17:33:56	15,04	2,57	-25,1	-42,1	22,8
178	21.07.20 17:33:57	14,98	2,61	-26,8	-39,7	23,4
179	21.07.20 17:33:58	14,86	2,62	-25,4	-41,7	22,9
180	21.07.20 17:33:59	14,77	2,66	-28,0	-40,0	22,0
181	21.07.20 17:34:00	14,71	2,66	-28,2	-43,1	18,7
182	21.07.20 17:34:01	14,55	2,66	-27,1	-42,5	20,3
183	21.07.20 17:34:02	14,49	2,66	-29,6	-40,5	19,9
184	21.07.20 17:34:03	14,37	2,69	-28,5	-41,1	20,4
185	21.07.20 17:34:04	14,28	2,70	-28,1	-42,9	19,0
186	21.07.20 17:34:05	14,19	2,74	-26,8	-42,3	20,9
187	21.07.20 17:34:06	14,09	2,76	-28,6	-41,2	20,2
188	21.07.20 17:34:07	13,97	2,81	-28,5	-41,9	19,6
189	21.07.20 17:34:08	13,91	2,81	-25,8	-42,6	21,6
190	21.07.20 17:34:09	13,81	2,82	-24,8	-41,0	24,3
191	21.07.20 17:34:10	13,66	2,83	-26,6	-38,0	25,3
192	21.07.20 17:34:11	13,47	2,90	-28,2	-40,1	21,8
193	21.07.20 17:34:12	13,32	2,93	-25,2	-42,0	22,8
194	21.07.20 17:34:13	13,26	2,97	-25,4	-38,6	26,1
195	21.07.20 17:34:14	13,13	2,98	-27,6	-39,0	23,4
196	21.07.20 17:34:15	13,04	3,00	-26,1	-40,9	23,0
197	21.07.20 17:34:16	12,98	3,01	-22,0	-39,9	28,2
198	21.07.20 17:34:17	12,88	3,00	-26,0	-37,6	26,4
199	21.07.20 17:34:18	12,76	3,06	-27,8	-40,3	21,9
200	21.07.20 17:34:19	12,60	3,07	-24,5	-42,0	23,5
201	21.07.20 17:34:20	12,47	3,13	-23,9	-40,7	25,4
202	21.07.20 17:34:21	12,35	3,11	-27,4	-39,1	23,5
203	21.07.20 17:34:22	12,22	3,15	-25,9	-42,0	22,1
204	21.07.20 17:34:23	12,13	3,18	-23,5	-40,6	25,9
205	21.07.20 17:34:24	12,03	3,15	-25,5	-39,4	25,1
206	21.07.20 17:34:25	11,94	3,16	-27,2	-41,8	21,0
207	21.07.20 17:34:26	11,87	3,20	-24,1	-42,3	23,6
208	21.07.20 17:34:27	11,81	3,22	-26,1	-41,3	22,7
209	21.07.20 17:34:28	11,72	3,19	-27,6	-43,1	19,3
210	21.07.20 17:34:29	11,59	3,29	-25,3	-43,6	21,1
211	21.07.20 17:34:30	11,46	3,28	-25,1	-41,1	23,9
212	21.07.20 17:34:31	11,37	3,27	-28,6	-41,9	19,5
213	21.07.20 17:34:32	11,30	3,31	-25,5	-45,2	19,3
214	21.07.20 17:34:33	11,24	3,30	-25,2	-42,9	21,8
215	21.07.20 17:34:34	11,14	3,31	-26,8	-42,9	20,2
216	21.07.20 17:34:35	11,05	3,35	-28,0	-43,6	18,4
217	21.07.20 17:34:36	10,98	3,35	-26,7	-44,0	19,3
218	21.07.20 17:34:37	10,95	3,34	-27,7	-43,1	19,1
219	21.07.20 17:34:38	10,85	3,38	-28,5	-44,5	16,9
220	21.07.20 17:34:39	10,79	3,42	-27,4	-45,9	16,7
221	21.07.20 17:34:40	10,76	3,39	-29,2	-45,1	15,8
222	21.07.20 17:34:41	10,66	3,43	-29,8	-46,8	13,4
223	21.07.20 17:34:42	10,56	3,47	-26,8	-49,1	14,0
224	21.07.20 17:34:43	10,47	3,48	-29,2	-46,8	14,0
225	21.07.20 17:34:44	10,40	3,50	-33,4	-52,7	4,0
226	21.07.20 17:34:45	10,30	3,56	-30,2	-56,9	2,9
227	21.07.20 17:34:46	10,30	3,56	-30,4	-57,8	1,8
228	21.07.20 17:34:47	10,30	3,56	-29,0	-57,6	-3,4
229	21.07.20 17:34:48	10,30	3,58	-27,0	-52,6	-10,4
230	21.07.20 17:34:49	10,30	3,60	-23,6	-52,3	-14,0
231	21.07.20 17:34:50	10,27	3,55	-21,5	-53,2	-15,3
232	21.07.20 17:34:51	10,21	3,57	-20,1	-49,3	-20,6
233	21.07.20 17:34:52	10,04	3,72	-18,4	-49,7	-21,9
234	21.07.20 17:34:53	9,91	3,73	-18,1	-50,3	-21,6
235	21.07.20 17:34:54	9,85	3,72	-18,2	-50,0	-21,8
236	21.07.20 17:34:55	9,81	3,74	-18,9	-50,6	-20,6
237	21.07.20 17:34:56	9,78	3,74	-17,6	-52,9	-19,5
238	21.07.20 17:34:57	9,78	3,74	-20,2	-53,5	-16,3
239	21.07.20 17:34:58	9,75	3,73	-20,4	-50,4	-19,2
240	21.07.20 17:34:59	9,68	3,75	-19,3	-51,4	-19,3
241	21.07.20 17:35:00	9,65	3,77	-19,0	-52,8	-18,2
242	21.07.20 17:35:01	9,62	3,77	-20,6	-49,5	-19,9
243	21.07.20 17:35:02	9,59	3,79	-14,8	-43,0	-32,2
244	21.07.20 17:35:03	9,59	3,81	-10,9	-39,0	-40,1
245	21.07.20 17:35:04	9,55	3,83	-12,3	-37,1	-40,6
246	21.07.20 17:35:05	9,55	3,83	-12,7	-37,8	-39,6
247	21.07.20 17:35:06	9,52	3,85	-12,6	-37,2	-40,2
248	21.07.20 17:35:07	9,49	3,85	-12,3	-36,0	-41,7
249	21.07.20 17:35:08	9,49	3,87	-11,0	-37,4	-41,6
250	21.07.20 17:35:09	9,49	3,87	-11,7	-37,2	-41,1
251	21.07.20 17:35:10	9,49	3,89	-11,8	-35,3	-42,9
252	21.07.20 17:35:11	9,49	3,92	-14,9	-21,2	-53,9
253	21.07.20 17:35:12	9,49	3,94	50,5	17,6	22,0
254	21.07.20 17:35:13	9,42	3,98	21,9	-5,9	62,2
255	21.07.20 17:35:14	9,19	4,03	18,1	-6,4	65,5
256	21.07.20 17:35:15	8,96	4,05	15,6	-7,0	67,4
257	21.07.20 17:35:16	8,73	4,19	22,0	-7,4	60,6
258	21.07.20 17:35:17	8,56	4,19	17,1	-7,9	65,0
259	21.07.20 17:35:18	8,39	4,22	16,7	-8,4	64,9
260	21.07.20 17:35:19	8,22	4,28	28,7	-5,5	55,8
261	21.07.20 17:35:20	8,12	4,31	27,3	-4,7	58,1
262	21.07.20 17:35:21	8,06	4,28	17,4	-7,2	65,4
263	21.07.20 17:35:22	7,95	4,34	20,4	-8,5	61,1
264	21.07.20 17:35:23	7,85	4,35	25,9	-6,6	57,5
265	21.07.20 17:35:24	7,75	4,39	17,1	-7,3	65,6
266	21.07.20 17:35:25	7,65	4,40	17,3	-9,4	63,2
267	21.07.20 17:35:26	7,58	4,44	22,7	-8,4	58,9
268	21.07.20 17:35:27	7,48	4,46	21,2	-11,4	57,4
269	21.07.20 17:35:28	7,38	4,49	16,5	-13,6	59,8
270	21.07.20 17:35:29	7,31	4,48	30,7	-8,1	51,2
271	21.07.20 17:35:30	7,28	4,53	32,3	-12,8	44,9
272	21.07.20 17:35:31	7,24	4,55	26,0	-14,3	49,7
273	21.07.20 17:35:32	7,21	4,54	29,8	-3,3	56,9
274	21.07.20 17:35:33	7,17	4,49	31,3	-2,5	56,1
275	21.07.20 17:35:34	7,14	4,49	30,0	0,2	59,8
276	21.07.20 17:35:35	7,10	4,51	30,3	-0,3	59,4
277	21.07.20 17:35:36	7,04	4,53	31,0	-2,2	56,9
278	21.07.20 17:35:37	7,00	4,57	32,3	-1,6	56,1
279	21.07.20 17:35:38	6,93	4,56	34,1	-1,5	54,4
280	21.07.20 17:35:39	6,90	4,56	30,3	-1,7	58,0
281	21.07.20 17:35:40	6,90	4,56	30,4	-5,8	53,7
282	21.07.20 17:35:41	6,86	4,60	37,6	-5,3	47,1
283	21.07.20 17:35:42	6,83	4,60	33,6	-5,2	51,2
284	21.07.20 17:35:43	6,79	4,57	28,0	-2,2	59,8
285	21.07.20 17:35:44	6,76	4,61	42,6	-1,7	45,7
286	21.07.20 17:35:45	6,73	4,63	46,0	-5,6	38,5
287	21.07.20 17:35:46	6,69	4,61	39,3	-5,6	45,1
288	21.07.20 17:35:47	6,69	4,65	37,8	-4,5	47,7
289	21.07.20 17:35:48	6,66	4,74	51,6	-4,7	33,7
290	21.07.20 17:35:49	6,59	4,74	53,5	-4,6	31,9
291	21.07.20 17:35:50	6,59	4,74	43,3	-4,5	42,2
292	21.07.20 17:35:51	6,55	4,71	38,6	-5,4	46,0
293	21.07.20 17:35:52	6,59	4,74	50,1	-6,3	33,7
294	21.07.20 17:35:53	6,55	4,83	57,8	-5,6	26,6
295	21.07.20 17:35:54	6,52	4,87	54,5	-4,8	30,8
296	21.07.20 17:35:55	6,45	4,86	51,5	-5,5	33,0
297	21.07.20 17:35:56	6,38	4,86	52,8	-5,6	31,6
298	21.07.20 17:35:57	6,34	4,92	53,2	-4,9	31,9
299	21.07.20 17:35:58	6,34	4,95	53,2	-5,1	31,7
300	21.07.20 17:35:59	6,31	4,96	54,4	-5,6	30,0
301	21.07.20 17:36:00	6,27	4,96	54,2	-5,6	30,3
302	21.07.20 17:36:01	6,27	5,01	53,5	-5,7	30,9
303	21.07.20 17:36:02	6,27	5,03	56,2	-5,7	28,1
304	21.07.20 17:36:03	6,27	5,10	59,8	-5,5	24,7
305	21.07.20 17:36:04	6,17	5,11	54,6	-6,2	29,2
306	21.07.20 17:36:05	6,10	5,11	49,7	-6,2	34,1
307	21.07.20 17:36:06	6,10	5,15	51,4	-6,3	32,4
308	21.07.20 17:36:07	6,06	5,17	51,4	-6,1	32,5
309	21.07.20 17:36:08	6,10	5,20	49,6	-6,7	33,7
310	21.07.20 17:36:09	6,10	5,25	50,8	-6,5	32,7
311	21.07.20 17:36:10	6,06	5,29	48,2	-5,8	36,0
312	21.07.20 17:36:11	5,99	5,33	44,2	-6,1	39,7
313	21.07.20 17:36:12	5,99	5,35	50,3	-6,4	33,3
314	21.07.20 17:36:13	5,99	5,38	52,4	-6,5	31,1
315	21.07.20 17:36:14	5,96	5,42	47,8	-6,6	35,5
316	21.07.20 17:36:15	5,96	5,47	43,5	-7,2	39,3
317	21.07.20 17:36:16	5,92	5,48	47,0	-6,5	36,5
318	21.07.20 17:36:17	5,89	5,50	47,4	-6,4	36,2
319	21.07.20 17:36:18	5,89	5,55	47,0	-6,7	36,3
320	21.07.20 17:36:19	5,89	5,62	51,4	-6,9	31,7
321	21.07.20 17:36:20	5,89	5,62	53,7	-6,8	29,4
322	21.07.20 17:36:21	5,92	5,65	55,0	-6,7	28,3
323	21.07.20 17:36:22	5,89	5,64	46,7	-6,7	36,6
324	21.07.20 17:36:23	5,92	5,69	44,8	-7,0	38,2
325	21.07.20 17:36:24	5,92	5,74	56,4	-6,8	26,8
326	21.07.20 17:36:25	5,92	5,76	54,6	-6,5	28,8
327	21.07.20 17:36:26	5,89	5,85	44,0	-6,7	39,3
328	21.07.20 17:36:27	5,82	5,85	43,9	-7,8	38,3
329	21.07.20 17:36:28	5,78	5,87	51,7	-9,3	29,1
330	21.07.20 17:36:29	5,78	5,91	52,7	-7,0	30,3
331	21.07.20 17:36:30	5,78	5,96	41,8	-7,5	40,6
332	21.07.20 17:36:31	5,78	5,98	45,4	-8,5	36,1
333	21.07.20 17:36:32	5,82	6,06	52,2	-8,6	29,2
334	21.07.20 17:36:33	5,82	6,08	47,5	-7,3	35,2
335	21.07.20 17:36:34	5,82	6,10	42,7	-8,0	39,3
336	21.07.20 17:36:35	5,82	6,13	47,8	-9,9	32,3
337	21.07.20 17:36:36	5,82	6,17	55,4	-11,0	23,7
338	21.07.20 17:36:37	5,82	6,20	53,3	-8,1	28,6
339	21.07.20 17:36:38	5,82	6,17	45,9	-7,7	36,3
340	21.07.20 17:36:39	5,75	6,26	49,4	-11,2	29,4
341	21.07.20 17:36:40	5,68	6,37	59,4	-12,4	18,2
342	21.07.20 17:36:41	5,61	6,38	54,2	-10,9	24,9
343	21.07.20 17:36:42	5,57	6,40	48,4	-7,6	34,0
344	21.07.20 17:36:43	5,50	6,47	50,4	-11,8	27,8
345	21.07.20 17:36:44	5,47	6,49	52,1	-12,1	25,8
346	21.07.20 17:36:45	5,43	6,51	49,3	-11,2	29,5
347	21.07.20 17:36:46	5,39	6,55	53,7	-13,3	23,1
348	21.07.20 17:36:47	5,39	6,57	53,0	-12,8	24,2
349	21.07.20 17:36:48	5,39	6,62	47,0	-10,5	32,4
350	21.07.20 17:36:49	5,39	6,64	48,1	-13,3	28,6
351	21.07.20 17:36:50	5,36	6,66	53,0	-13,4	23,6
352	21.07.20 17:36:51	5,32	6,68	46,5	-5,8	37,7
353	21.07.20 17:36:52	5,32	6,68	35,7	-7,1	47,2
354	21.07.20 17:36:53	5,32	6,73	45,6	-12,7	31,7
355	21.07.20 17:36:54	5,29	6,79	57,9	-16,5	15,6
356	21.07.20 17:36:55	5,25	6,81	49,6	-12,0	28,5
357	21.07.20 17:36:56	5,18	6,83	39,5	-7,0	43,5
358	21.07.20 17:36:57	5,07	6,89	30,5	-10,2	49,4
359	21.07.20 17:36:58	5,00	6,93	15,5	-18,9	55,6
360	21.07.20 17:36:59	4,93	6,94	-3,6	-22,6	63,8
361	21.07.20 17:37:00	4,86	6,94	3,7	-5,8	80,5
362	21.07.20 17:37:01	4,79	6,90	-0,5	-12,9	76,5
363	21.07.20 17:37:02	4,72	6,97	0,9	-2,7	86,4
364	21.07.20 17:37:03	4,68	6,94	6,0	-0,9	83,2
365	21.07.20 17:37:04	4,68	6,94	4,6	4,4	81,0
366	21.07.20 17:37:05	4,68	6,94	14,5	-5,2	70,3
367	21.07.20 17:37:06	4,64	6,91	-13,9	1,7	74,4
368	21.07.20 17:37:07	4,64	6,91	-4,3	-7,1	78,6
369	21.07.20 17:37:08	4,64	6,89	-4,5	-4,6	80,9
370	21.07.20 17:37:09	4,64	6,91	2,4	-5,3	82,2
371	21.07.20 17:37:10	4,64	6,89	19,3	3,2	67,5
372	21.07.20 17:37:11	4,64	6,89	-4,8	0,5	84,8
373	21.07.20 17:37:12	4,61	6,86	-6,7	-7,4	75,9
374	21.07.20 17:37:13	4,61	6,89	14,8	3,6	71,6
375	21.07.20 17:37:14	4,61	6,89	-5,1	-3,6	81,3
376	21.07.20 17:37:15	4,54	6,90	3,5	4,3	82,3
377	21.07.20 17:37:16	4,46	6,87	-17,7	-4,7	67,6
378	21.07.20 17:37:17	4,43	6,87	5,1	1,1	83,8
379	21.07.20 17:37:18	4,43	6,87	6,7	2,3	81,0
380	21.07.20 17:37:19	4,43	6,87	-1,5	-5,1	83,4
381	21.07.20 17:37:20	4,39	6,86	9,4	-6,7	73,8
382	21.07.20 17:37:21	4,39	6,86	3,1	-3,2	83,6
383	21.07.20 17:37:22	4,39	6,86	-1,3	-19,6	69,2
384	21.07.20 17:37:23	4,35	6,86	-2,9	-9,9	77,2
385	21.07.20 17:37:24	4,35	6,86	9,6	-5,0	75,4
386	21.07.20 17:37:25	4,35	6,86	9,2	-0,9	80,0
387	21.07.20 17:37:26	4,35	6,84	0,7	-1,9	87,4
388	21.07.20 17:37:27	4,32	6,88	7,4	0,0	82,6
389	21.07.20 17:37:28	4,25	6,87	7,3	11,5	71,1
390	21.07.20 17:37:29	4,21	6,89	1,7	1,4	86,8
391	21.07.20 17:37:30	4,21	6,89	4,0	-8,3	77,6
392	21.07.20 17:37:31	4,17	6,89	7,2	-1,8	81,0
393	21.07.20 17:37:32	4,17	6,89	2,0	2,1	85,8
394	21.07.20 17:37:33	4,14	6,86	10,1	-10,5	69,4
395	21.07.20 17:37:34	4,10	6,88	-5,9	5,3	78,8
396	21.07.20 17:37:35	4,10	6,86	7,4	-8,1	74,4
397	21.07.20 17:37:36	4,10	6,86	-6,5	-8,0	75,5
398	21.07.20 17:37:37	4,10	6,88	15,9	-0,4	73,6
399	21.07.20 17:37:38	4,06	6,85	3,8	9,2	77,0
400	21.07.20 17:37:39	4,06	6,85	4,1	0,9	85,0
401	21.07.20 17:37:40	4,03	6,85	-2,9	-5,3	81,8
402	21.07.20 17:37:41	4,03	6,85	2,4	-1,2	86,5
403	21.07.20 17:37:42	3,99	6,84	13,5	9,1	67,4
404	21.07.20 17:37:43	3,95	6,82	9,2	-4,4	76,4
405	21.07.20 17:37:44	3,92	6,86	12,0	-6,5	71,5
406	21.07.20 17:37:45	3,88	6,81	-0,4	-2,3	87,3
407	21.07.20 17:37:46	3,88	6,86	12,2	3,2	74,6
408	21.07.20 17:37:47	3,84	6,83	-1,1	1,1	87,9
409	21.07.20 17:37:48	3,84	6,83	4,6	6,8	78,6
410	21.07.20 17:37:49	3,81	6,85	2,8	2,6	84,5
411	21.07.20 17:37:50	3,81	6,85	12,8	-11,2	66,0
412	21.07.20 17:37:51	3,77	6,82	12,6	2,7	74,7
413	21.07.20 17:37:52	3,73	6,82	8,2	-2,4	79,5
414	21.07.20 17:37:53	3,73	6,82	5,3	-3,0	81,7
415	21.07.20 17:37:54	3,70	6,84	17,7	5,4	66,9
416	21.07.20 17:37:55	3,70	6,86	10,1	2,0	77,8
417	21.07.20 17:37:56	3,66	6,83	8,1	-1,0	80,9
418	21.07.20 17:37:57	3,59	6,85	7,3	-9,7	73,1
419	21.07.20 17:37:58	3,55	6,84	-8,7	-2,0	79,3
420	21.07.20 17:37:59	3,51	6,84	-6,4	0,7	82,9
421	21.07.20 17:38:00	3,48	6,84	0,3	1,0	88,7
422	21.07.20 17:38:01	3,48	6,84	11,3	-3,2	75,5
423	21.07.20 17:38:02	3,44	6,83	5,2	-2,2	82,6
424	21.07.20 17:38:03	3,44	6,83	6,5	0,3	83,3
425	21.07.20 17:38:04	3,40	6,83	10,7	-2,6	76,7
426	21.07.20 17:38:05	3,36	6,80	6,0	-1,0	83,0
427	21.07.20 17:38:06	3,36	6,83	-4,6	-3,1	82,3
428	21.07.20 17:38:07	3,36	6,83	7,1	-3,8	79,1
429	21.07.20 17:38:08	3,33	6,82	15,4	-8,4	66,2
430	21.07.20 17:38:09	3,33	6,80	0,6	-1,5	87,9
431	21.07.20 17:38:10	3,33	6,73	8,6	-2,7	78,7
432	21.07.20 17:38:11	3,33	6,80	7,3	-17,9	64,8
433	21.07.20 17:38:12	3,29	6,82	2,0	-4,7	83,4
434	21.07.20 17:38:13	3,29	6,82	5,6	-4,0	80,3
435	21.07.20 17:38:14	3,29	6,79	9,8	-0,1	80,1
436	21.07.20 17:38:15	3,25	6,79	22,8	1,1	66,1
437	21.07.20 17:38:16	3,22	6,79	6,1	-2,8	81,0
438	21.07.20 17:38:17	3,22	6,74	14,0	2,0	74,0
439	21.07.20 17:38:18	3,18	6,78	-0,9	0,0	89,0
440	21.07.20 17:38:19	3,14	6,80	-10,8	2,8	76,4
441	21.07.20 17:38:20	3,14	6,80	8,0	5,0	77,0
442	21.07.20 17:38:21	3,14	6,80	16,1	0,7	73,2
443	21.07.20 17:38:22	3,14	6,80	17,9	-10,8	61,3
444	21.07.20 17:38:23	3,10	6,82	12,8	12,3	64,9
445	21.07.20 17:38:24	3,10	6,80	15,9	2,5	71,6
446	21.07.20 17:38:25	3,07	6,79	12,4	12,0	65,6
447	21.07.20 17:38:26	3,03	6,79	2,6	-12,3	75,1
448	21.07.20 17:38:27	2,99	6,79	-0,4	10,6	79,0
449	21.07.20 17:38:28	2,99	6,79	-0,5	-0,7	88,8
450	21.07.20 17:38:29	2,95	6,78	-4,2	-5,0	80,7
451	21.07.20 17:38:30	2,92	6,78	9,8	-7,2	73,0
452	21.07.20 17:38:31	2,92	6,80	1,4	2,6	86,0
453	21.07.20 17:38:32	2,88	6,77	-3,4	-0,3	86,3
454	21.07.20 17:38:33	2,88	6,77	10,3	-8,5	71,2
455	21.07.20 17:38:34	2,88	6,77	8,3	-8,9	72,8
456	21.07.20 17:38:35	2,84	6,79	0,8	1,4	87,9
457	21.07.20 17:38:36	2,84	6,77	-14,9	-7,4	67,7
458	21.07.20 17:38:37	2,84	6,77	2,4	-1,6	86,1
459	21.07.20 17:38:38	2,80	6,77	1,8	-20,0	68,2
460	21.07.20 17:38:39	2,80	6,77	24,6	11,7	53,7
461	21.07.20 17:38:40	2,77	6,81	-10,9	-10,6	68,5
462	21.07.20 17:38:41	2,73	6,78	-0,1	-7,5	82,4
463	21.07.20 17:38:42	2,69	6,78	15,9	-0,9	73,1
464	21.07.20 17:38:43	2,69	6,78	3,0	-6,5	80,4
465	21.07.20 17:38:44	2,69	6,75	-6,5	-3,9	79,5
466	21.07.20 17:38:45	2,65	6,77	3,6	2,8	83,6
467	21.07.20 17:38:46	2,65	6,77	5,1	-3,9	81,0
468	21.07.20 17:38:47	2,65	6,77	4,7	-2,2	83,1
469	21.07.20 17:38:48	2,62	6,79	3,7	-7,5	78,8
470	21.07.20 17:38:49	2,62	6,75	7,9	10,4	71,7
471	21.07.20 17:38:50	2,58	6,76	5,0	1,2	83,8
472	21.07.20 17:38:51	2,58	6,74	0,5	-2,3	87,2
473	21.07.20 17:38:52	2,54	6,76	-5,8	-2,2	82,0
474	21.07.20 17:38:53	2,54	6,76	5,9	-0,6	83,5
475	21.07.20 17:38:54	2,54	6,76	0,8	-9,4	79,8
476	21.07.20 17:38:55	2,50	6,76	1,0	-1,3	87,7
477	21.07.20 17:38:56	2,50	6,76	6,9	-3,6	79,5
478	21.07.20 17:38:57	2,50	6,76	-2,2	0,4	87,5
479	21.07.20 17:38:58	2,47	6,75	-3,1	-3,2	83,7
480	21.07.20 17:38:59	2,47	6,75	8,1	-6,3	75,5
481	21.07.20 17:39:00	2,47	6,75	2,7	-2,8	84,5
482	21.07.20 17:39:01	2,47	6,75	-7,5	-4,6	77,8
483	21.07.20 17:39:02	2,43	6,75	-0,6	-4,6	84,9
484	21.07.20 17:39:03	2,43	6,73	-1,7	-3,2	85,1
485	21.07.20 17:39:04	2,43	6,75	-3,0	-1,2	85,8
486	21.07.20 17:39:05	2,39	6,74	1,2	-12,1	76,7
487	21.07.20 17:39:06	2,39	6,74	5,6	6,0	78,4
488	21.07.20 17:39:07	2,39	6,72	-3,9	-3,3	82,7
489	21.07.20 17:39:08	2,39	6,74	-3,7	-3,7	82,5
490	21.07.20 17:39:09	2,35	6,76	0,8	-1,6	87,6
491	21.07.20 17:39:10	2,35	6,74	-0,6	-3,0	86,4
492	21.07.20 17:39:11	2,31	6,76	-11,1	-10,8	68,1
493	21.07.20 17:39:12	2,31	6,76	-3,3	-12,3	74,4
494	21.07.20 17:39:13	2,28	6,76	17,4	4,6	68,0
495	21.07.20 17:39:14	2,28	6,73	19,5	-7,9	62,6
496	21.07.20 17:39:15	2,28	6,73	-2,1	-3,1	84,8
497	21.07.20 17:39:16	2,24	6,73	-7,5	-12,2	70,3
498	21.07.20 17:39:17	2,24	6,73	2,4	7,4	80,2
499	21.07.20 17:39:18	2,24	6,73	16,8	-0,4	72,9
500	21.07.20 17:39:19	2,24	6,73	2,2	-2,9	84,9
501	21.07.20 17:39:20	2,20	6,75	2,4	-6,4	81,1
502	21.07.20 17:39:21	2,20	6,72	-1,5	1,1	87,4
503	21.07.20 17:39:22	2,20	6,72	13,8	-4,7	71,5
504	21.07.20 17:39:23	2,16	6,74	6,8	-0,5	82,7
505	21.07.20 17:39:24	2,16	6,72	-4,4	-0,7	84,9
506	21.07.20 17:39:25	2,12	6,83	-2,4	-12,1	75,5
507	21.07.20 17:39:26	2,12	6,74	5,5	-1,1	83,4
508	21.07.20 17:39:27	2,12	6,69	-7,0	-1,9	81,1
509	21.07.20 17:39:28	2,09	6,71	6,1	2,3	81,6
510	21.07.20 17:39:29	2,09	6,69	9,5	-6,6	73,9
511	21.07.20 17:39:30	2,09	6,71	1,0	6,2	82,7
512	21.07.20 17:39:31	2,05	6,68	-9,1	-5,8	75,1
513	21.07.20 17:39:32	2,05	6,73	12,6	2,8	74,6
514	21.07.20 17:39:33	2,05	6,71	-4,7	5,4	79,9
515	21.07.20 17:39:34	2,01	6,70	-7,1	-3,8	79,1
516	21.07.20 17:39:35	2,01	6,73	0,0	-10,0	79,9
517	21.07.20 17:39:36	2,01	6,70	1,2	-3,6	85,1
518	21.07.20 17:39:37	1,97	6,70	-2,8	4,3	82,8
519	21.07.20 17:39:38	1,97	6,70	-3,6	-0,1	86,2
520	21.07.20 17:39:39	1,93	6,72	-2,0	-1,8	86,2
521	21.07.20 17:39:40	1,93	6,72	-3,7	-11,4	74,9
522	21.07.20 17:39:41	1,93	6,70	-0,7	-3,9	85,3
523	21.07.20 17:39:42	1,93	6,70	2,4	-0,9	86,7
524	21.07.20 17:39:43	1,93	6,67	7,5	-1,7	80,8
525	21.07.20 17:39:44	1,89	6,71	-1,5	-7,1	81,5
526	21.07.20 17:39:45	1,89	6,71	-5,4	0,7	83,9
527	21.07.20 17:39:46	1,89	6,71	-3,6	-8,1	78,4
528	21.07.20 17:39:47	1,86	6,71	7,6	0,3	82,1
529	21.07.20 17:39:48	1,89	6,69	7,0	-5,5	77,5
530	21.07.20 17:39:49	1,86	6,69	-5,5	-6,4	78,1
531	21.07.20 17:39:50	1,86	6,71	2,7	2,7	84,6
532	21.07.20 17:39:51	1,86	6,73	7,8	-4,0	78,2
533	21.07.20 17:39:52	1,86	6,71	1,1	-6,7	82,2
534	21.07.20 17:39:53	1,86	6,71	5,4	-3,6	81,0
535	21.07.20 17:39:54	1,82	6,71	6,9	23,1	60,1
536	21.07.20 17:39:55	1,82	6,73	5,2	-4,8	80,0
537	21.07.20 17:39:56	1,82	6,71	5,5	-2,3	82,1
538	21.07.20 17:39:57	1,82	6,71	7,0	7,7	75,4
539	21.07.20 17:39:58	1,82	6,68	-7,2	-7,2	75,6
540	21.07.20 17:39:59	1,78	6,70	-13,5	-8,6	68,0
541	21.07.20 17:40:00	1,78	6,70	4,4	0,5	85,2
542	21.07.20 17:40:01	1,78	6,68	0,0	0,6	89,3
543	21.07.20 17:40:02	1,78	6,73	-5,4	-4,4	80,2
544	21.07.20 17:40:03	1,78	6,68	2,9	9,2	77,9
545	21.07.20 17:40:04	1,78	6,66	-2,8	-8,6	78,5
546	21.07.20 17:40:05	1,74	6,70	7,3	-9,3	73,4
547	21.07.20 17:40:06	1,74	6,70	-2,6	9,5	77,9
548	21.07.20 17:40:07	1,74	6,70	1,7	-3,5	84,8
549	21.07.20 17:40:08	1,70	6,69	3,3	0,6	86,0
550	21.07.20 17:40:09	1,70	6,69	-1,5	2,9	85,6
551	21.07.20 17:40:10	1,70	6,69	-2,8	-6,9	80,3
552	21.07.20 17:40:11	1,70	6,72	0,0	-2,2	87,8
553	21.07.20 17:40:12	1,66	6,69	13,0	4,1	72,9
554	21.07.20 17:40:13	1,66	6,74	-13,7	-6,9	69,4
555	21.07.20 17:40:14	1,66	6,69	-7,3	3,2	79,5
556	21.07.20 17:40:15	1,66	6,69	-9,9	-9,0	71,2
557	21.07.20 17:40:16	1,62	6,69	5,8	2,3	81,9
558	21.07.20 17:40:17	1,62	6,69	-0,4	-9,4	80,1
559	21.07.20 17:40:18	1,62	6,66	-0,3	9,2	80,4
560	21.07.20 17:40:19	1,62	6,69	-0,4	12,7	76,8
561	21.07.20 17:40:20	1,62	6,69	-10,5	6,4	73,1
562	21.07.20 17:40:21	1,59	6,70	-1,1	-4,7	84,1
563	21.07.20 17:40:22	1,59	6,66	0,6	-2,7	86,7
564	21.07.20 17:40:23	1,59	6,68	-26,3	1,9	61,8
565	21.07.20 17:40:24	1,59	6,70	0,6	11,9	77,5
566	21.07.20 17:40:25	1,59	6,70	-4,6	7,0	78,4
567	21.07.20 17:40:26	1,55	6,68	18,5	-6,8	64,7
568	21.07.20 17:40:27	1,55	6,70	0,4	-7,7	82,0
569	21.07.20 17:40:28	1,55	6,65	-10,3	7,0	72,6
570	21.07.20 17:40:29	1,55	6,68	0,4	10,1	79,5
571	21.07.20 17:40:30	1,55	6,68	-10,0	-4,4	75,6
572	21.07.20 17:40:31	1,55	6,68	-0,4	-1,9	87,7
573	21.07.20 17:40:32	1,55	6,70	6,6	-5,5	77,9
574	21.07.20 17:40:33	1,51	6,70	-8,4	-4,6	77,1
575	21.07.20 17:40:34	1,51	6,67	-15,2	-11,7	63,1
576	21.07.20 17:40:35	1,51	6,70	5,9	-3,0	81,1
577	21.07.20 17:40:36	1,51	6,70	8,5	-11,2	70,4
578	21.07.20 17:40:37	1,51	6,67	-2,0	22,1	65,9
579	21.07.20 17:40:38	1,47	6,69	-0,2	-3,1	86,8
580	21.07.20 17:40:39	1,47	6,69	14,7	8,0	67,3
581	21.07.20 17:40:40	1,47	6,69	1,0	-2,3	86,7
582	21.07.20 17:40:41	1,47	6,67	-8,3	-4,1	77,6
583	21.07.20 17:40:42	1,47	6,69	-18,1	8,1	63,8
584	21.07.20 17:40:43	1,43	6,69	0,5	-2,6	86,9
585	21.07.20 17:40:44	1,43	6,69	2,3	-8,3	79,4
586	21.07.20 17:40:45	1,43	6,69	9,7	-5,4	74,8
587	21.07.20 17:40:46	1,43	6,69	-8,5	-8,9	72,6
588	21.07.20 17:40:47	1,43	6,69	3,3	0,7	86,0
589	21.07.20 17:40:48	1,39	6,66	5,9	-3,3	80,8
590	21.07.20 17:40:49	1,39	6,73	4,1	4,8	81,1
591	21.07.20 17:40:50	1,39	6,68	1,7	-5,8	82,5
592	21.07.20 17:40:51	1,39	6,66	1,6	-6,1	82,4
593	21.07.20 17:40:52	1,39	6,66	9,1	-2,0	78,9
594	21.07.20 17:40:53	1,39	6,68	-6,5	-6,6	77,0
595	21.07.20 17:40:54	1,39	6,68	13,5	2,2	74,3
596	21.07.20 17:40:55	1,39	6,68	10,1	1,1	78,8
597	21.07.20 17:40:56	1,35	6,66	0,4	0,0	89,6
598	21.07.20 17:40:57	1,35	6,66	11,1	0,9	78,0
599	21.07.20 17:40:58	1,35	6,68	-0,2	-6,6	83,2
600	21.07.20 17:40:59	1,35	6,68	3,9	-2,3	83,7
601	21.07.20 17:41:00	1,35	6,68	7,3	-1,2	81,5
602	21.07.20 17:41:01	1,35	6,66	-5,1	-6,4	78,5
603	21.07.20 17:41:02	1,31	6,68	7,7	1,2	81,1
604	21.07.20 17:41:03	1,31	6,65	5,3	2,3	82,4
605	21.07.20 17:41:04	1,31	6,68	-8,3	-5,2	76,5
606	21.07.20 17:41:05	1,31	6,65	3,1	-13,9	73,0
607	21.07.20 17:41:06	1,31	6,68	6,1	-11,0	72,9
608	21.07.20 17:41:07	1,31	6,65	1,5	4,1	84,4
609	21.07.20 17:41:08	1,31	6,70	11,0	14,8	64,2
610	21.07.20 17:41:09	1,31	6,68	-5,4	-2,4	82,2
611	21.07.20 17:41:10	1,28	6,67	5,5	-6,9	77,6
612	21.07.20 17:41:11	1,28	6,67	2,2	-7,0	80,8
613	21.07.20 17:41:12	1,28	6,67	13,0	4,8	72,2
614	21.07.20 17:41:13	1,28	6,67	7,5	-1,2	81,3
615	21.07.20 17:41:14	1,28	6,67	-0,8	4,1	85,0
616	21.07.20 17:41:15	1,28	6,67	-7,5	-6,4	76,1
617	21.07.20 17:41:16	1,24	6,64	15,6	0,5	73,9
618	21.07.20 17:41:17	1,28	6,67	9,6	-5,3	75,1
619	21.07.20 17:41:18	1,24	6,64	4,1	-0,2	85,7
620	21.07.20 17:41:19	1,24	6,64	4,4	-1,3	84,3
621	21.07.20 17:41:20	1,24	6,67	8,7	-7,5	73,8
622	21.07.20 17:41:21	1,24	6,67	10,3	5,2	74,5
623	21.07.20 17:41:22	1,24	6,67	-1,7	-4,4	83,9
624	21.07.20 17:41:23	1,24	6,64	-0,6	-0,1	89,3
625	21.07.20 17:41:24	1,24	6,67	3,6	-0,9	85,5
626	21.07.20 17:41:25	1,24	6,64	13,7	4,4	71,9
627	21.07.20 17:41:26	1,24	6,67	2,8	-7,1	80,1
628	21.07.20 17:41:27	1,24	6,67	8,2	-9,8	72,0
629	21.07.20 17:41:28	1,24	6,67	2,4	-2,0	85,6
630	21.07.20 17:41:29	1,24	6,64	-5,0	-6,2	78,8
631	21.07.20 17:41:30	1,24	6,67	4,2	-7,8	78,0
632	21.07.20 17:41:31	1,20	6,66	-5,4	-5,5	79,1
633	21.07.20 17:41:32	1,24	6,64	-0,9	-0,4	88,7
634	21.07.20 17:41:33	1,20	6,66	-4,8	-7,8	77,4
635	21.07.20 17:41:34	1,20	6,66	6,9	-3,9	79,2
636	21.07.20 17:41:35	1,20	6,66	17,5	-3,9	68,6
637	21.07.20 17:41:36	1,20	6,64	-10,4	-1,9	77,7
638	21.07.20 17:41:37	1,20	6,64	2,5	-3,0	84,5
639	21.07.20 17:41:38	1,20	6,66	-5,3	7,1	77,6
640	21.07.20 17:41:39	1,20	6,66	2,1	-7,0	80,8
641	21.07.20 17:41:40	1,20	6,66	19,2	-5,6	65,2
642	21.07.20 17:41:41	1,20	6,66	14,6	-1,9	73,5
643	21.07.20 17:41:42	1,20	6,64	1,8	-4,4	83,8
644	21.07.20 17:41:43	1,20	6,66	-0,2	-2,8	87,0
645	21.07.20 17:41:44	1,16	6,64	-0,6	0,5	89,0
646	21.07.20 17:41:45	1,16	6,64	10,0	2,3	77,7
647	21.07.20 17:41:46	1,16	6,66	0,7	-8,8	80,5
648	21.07.20 17:41:47	1,16	6,66	1,2	-4,4	84,4
649	21.07.20 17:41:48	1,16	6,66	4,7	-5,0	80,2
650	21.07.20 17:41:49	1,16	6,66	5,6	-1,3	83,1
651	21.07.20 17:41:50	1,16	6,66	1,2	4,3	84,4
652	21.07.20 17:41:51	1,16	6,66	1,8	-1,3	86,9
653	21.07.20 17:41:52	1,16	6,66	6,5	-7,2	76,4
654	21.07.20 17:41:53	1,16	6,66	1,1	-1,6	87,3
655	21.07.20 17:41:54	1,16	6,66	-9,1	-5,3	75,6
656	21.07.20 17:41:55	1,12	6,63	3,2	-1,1	85,7
657	21.07.20 17:41:56	1,16	6,66	8,1	-5,3	76,6
658	21.07.20 17:41:57	1,16	6,66	5,3	7,3	77,4
659	21.07.20 17:41:58	1,12	6,65	-3,2	1,7	85,0
660	21.07.20 17:41:59	1,12	6,65	4,8	-0,8	84,4
661	21.07.20 17:42:00	1,12	6,65	2,9	3,1	83,9
662	21.07.20 17:42:01	1,12	6,68	12,8	-0,6	76,7
663	21.07.20 17:42:02	1,12	6,65	2,1	2,4	85,5
664	21.07.20 17:42:03	1,12	6,65	12,0	-4,0	74,0
665	21.07.20 17:42:04	1,08	6,65	11,3	-6,3	72,5
666	21.07.20 17:42:05	1,08	6,65	6,2	-0,1	83,7
667	21.07.20 17:42:06	1,08	6,67	3,8	-6,1	80,1
668	21.07.20 17:42:07	1,08	6,67	12,4	-3,9	73,7
669	21.07.20 17:42:08	1,08	6,67	11,6	-9,6	68,8
670	21.07.20 17:42:09	1,08	6,65	-18,2	8,9	62,8
671	21.07.20 17:42:10	1,08	6,67	11,1	0,0	78,9
672	21.07.20 17:42:11	1,08	6,65	3,0	-13,4	73,6
673	21.07.20 17:42:12	1,08	6,67	-1,4	-2,1	86,5
674	21.07.20 17:42:13	1,08	6,67	7,9	0,3	81,8
675	21.07.20 17:42:14	1,08	6,65	-6,4	-2,3	81,3
676	21.07.20 17:42:15	1,08	6,67	-5,0	4,6	80,5
677	21.07.20 17:42:16	1,04	6,65	5,5	-20,4	64,1
678	21.07.20 17:42:17	1,04	6,65	9,4	-15,1	65,5
679	21.07.20 17:42:18	1,04	6,65	7,7	-1,9	80,4
680	21.07.20 17:42:19	1,04	6,67	6,1	2,4	81,5
681	21.07.20 17:42:20	1,04	6,67	4,1	-4,5	81,4
682	21.07.20 17:42:21	1,04	6,69	4,9	6,0	79,1
683	21.07.20 17:42:22	1,04	6,69	-2,0	-8,1	79,9
684	21.07.20 17:42:23	1,04	6,65	-1,2	2,6	86,2
685	21.07.20 17:42:24	1,04	6,67	10,9	2,7	76,4
686	21.07.20 17:42:25	1,04	6,65	-1,8	-5,1	83,2
687	21.07.20 17:42:26	1,04	6,65	-14,6	-4,1	71,3
688	21.07.20 17:42:27	1,04	6,67	-10,6	-7,4	72,0
689	21.07.20 17:42:28	1,04	6,67	-4,1	-0,7	85,2
690	21.07.20 17:42:29	1,04	6,65	10,0	-11,9	68,0
691	21.07.20 17:42:30	1,00	6,66	-1,1	-7,2	81,7
692	21.07.20 17:42:31	1,00	6,69	5,0	-2,5	82,4
693	21.07.20 17:42:32	1,00	6,66	3,9	-4,3	81,8
694	21.07.20 17:42:33	1,00	6,66	-9,8	-7,0	73,2
695	21.07.20 17:42:34	1,00	6,66	10,3	-9,7	70,1
696	21.07.20 17:42:35	1,00	6,66	5,5	-2,8	81,7
697	21.07.20 17:42:36	1,00	6,66	2,7	-13,3	74,0
698	21.07.20 17:42:37	1,00	6,66	3,8	-3,7	82,5
699	21.07.20 17:42:38	1,00	6,66	1,7	-14,4	73,9
700	21.07.20 17:42:39	1,00	6,66	-11,6	-1,2	77,2
701	21.07.20 17:42:40	1,00	6,66	0,6	-16,8	72,6
702	21.07.20 17:42:41	1,00	6,66	2,3	-5,5	82,1
703	21.07.20 17:42:42	1,00	6,66	-4,4	-0,9	84,8
704	21.07.20 17:42:43	1,00	6,66	1,2	-10,7	78,2
705	21.07.20 17:42:44	0,96	6,64	-3,3	-1,1	85,6
706	21.07.20 17:42:45	0,96	6,66	12,6	-7,5	69,9
707	21.07.20 17:42:46	0,96	6,64	-1,7	4,8	83,5
708	21.07.20 17:42:47	0,96	6,66	7,5	-10,3	72,2
709	21.07.20 17:42:48	0,96	6,66	-8,1	3,4	78,6
710	21.07.20 17:42:49	0,96	6,66	-9,2	3,8	77,0
711	21.07.20 17:42:50	0,96	6,66	-2,4	-1,7	85,9
712	21.07.20 17:42:51	0,96	6,66	8,5	-13,6	67,9
713	21.07.20 17:42:52	0,96	6,64	3,0	7,4	79,5
714	21.07.20 17:42:53	0,96	6,66	8,8	-2,9	78,4
715	21.07.20 17:42:54	0,96	6,66	-3,9	-8,7	77,3
716	21.07.20 17:42:55	0,96	6,66	3,2	-4,6	82,2
717	21.07.20 17:42:56	0,96	6,68	4,4	-2,2	83,4
718	21.07.20 17:42:57	0,92	6,63	-8,3	-0,3	81,4
719	21.07.20 17:42:58	0,92	6,68	-14,5	-4,8	70,7
720	21.07.20 17:42:59	0,92	6,66	-6,1	-2,0	81,8
721	21.07.20 17:43:00	0,92	6,66	9,0	-1,9	79,1
722	21.07.20 17:43:01	0,92	6,66	-2,9	0,0	87,0
723	21.07.20 17:43:02	0,92	6,66	8,7	-0,1	81,2
724	21.07.20 17:43:03	0,92	6,66	5,1	-6,5	78,4
725	21.07.20 17:43:04	0,92	6,66	3,9	-15,4	70,6
726	21.07.20 17:43:05	0,92	6,66	9,9	-3,2	77,0
727	21.07.20 17:43:06	0,92	6,66	-12,9	1,2	75,9
728	21.07.20 17:43:07	0,92	6,66	-0,8	-6,8	82,4
729	21.07.20 17:43:08	0,92	6,63	-11,5	-0,4	78,1
730	21.07.20 17:43:09	0,92	6,68	11,0	-14,8	64,2
731	21.07.20 17:43:10	0,88	6,68	7,4	-3,4	79,2
732	21.07.20 17:43:11	0,88	6,65	-2,4	3,2	84,3
733	21.07.20 17:43:12	0,88	6,65	8,0	-0,2	81,7
734	21.07.20 17:43:13	0,88	6,65	6,9	-9,1	74,0
735	21.07.20 17:43:14	0,88	6,65	5,5	2,1	82,4
736	21.07.20 17:43:15	0,88	6,65	-27,9	1,0	61,2
737	21.07.20 17:43:16	0,88	6,65	-1,0	-2,1	86,8
738	21.07.20 17:43:17	0,88	6,65	6,3	1,5	82,2
739	21.07.20 17:43:18	0,88	6,65	6,2	-8,1	75,8
740	21.07.20 17:43:19	0,88	6,72	6,1	-1,9	82,0
741	21.07.20 17:43:20	0,88	6,65	6,9	0,5	82,7
742	21.07.20 17:43:21	0,88	6,65	8,6	14,0	67,4
743	21.07.20 17:43:22	0,88	6,65	13,0	20,1	56,9
744	21.07.20 17:43:23	0,88	6,65	35,5	6,9	47,5
745	21.07.20 17:43:24	0,88	6,63	40,3	4,7	45,0
746	21.07.20 17:43:25	0,88	6,63	44,9	8,5	36,6
747	21.07.20 17:43:26	0,88	6,63	47,0	7,1	35,9
748	21.07.20 17:43:27	0,88	6,58	40,4	6,6	43,0
749	21.07.20 17:43:28	0,88	6,58	38,9	6,6	44,4
750	21.07.20 17:43:29	0,88	6,54	43,9	6,5	39,6
751	21.07.20 17:43:30	0,85	6,51	33,1	8,4	48,4
752	21.07.20 17:43:31	0,85	6,46	34,6	7,1	48,3
753	21.07.20 17:43:32	0,85	6,44	40,0	13,1	36,9
754	21.07.20 17:43:33	0,85	6,44	46,8	14,1	29,1
755	21.07.20 17:43:34	0,85	6,41	35,7	12,3	42,0
756	21.07.20 17:43:35	0,85	6,34	31,8	10,8	47,4
757	21.07.20 17:43:36	0,85	6,30	33,9	12,9	43,1
758	21.07.20 17:43:37	0,85	6,30	40,0	13,1	37,0
759	21.07.20 17:43:38	0,85	6,25	36,4	13,6	40,1
760	21.07.20 17:43:39	0,85	6,23	37,0	11,7	41,4
761	21.07.20 17:43:40	0,85	6,18	34,0	14,8	41,2
762	21.07.20 17:43:41	0,85	6,16	37,0	13,5	39,5
763	21.07.20 17:43:42	0,85	6,11	33,6	13,7	42,7
764	21.07.20 17:43:43	0,85	6,06	36,0	12,2	41,7
765	21.07.20 17:43:44	0,85	6,06	37,3	16,3	36,4
766	21.07.20 17:43:45	0,85	6,04	42,9	14,8	32,3
767	21.07.20 17:43:46	0,85	6,02	36,4	15,3	38,3
768	21.07.20 17:43:47	0,85	5,97	35,5	15,7	38,8
769	21.07.20 17:43:48	0,85	5,93	32,8	18,4	38,8
770	21.07.20 17:43:49	0,81	5,94	50,2	16,9	22,9
771	21.07.20 17:43:50	0,81	5,97	51,0	17,4	21,5
772	21.07.20 17:43:51	0,81	5,94	46,9	14,3	28,8
773	21.07.20 17:43:52	0,81	5,90	45,9	15,1	29,0
774	21.07.20 17:43:53	0,81	5,92	51,7	18,2	20,1
775	21.07.20 17:43:54	0,81	5,92	51,6	21,0	17,4
776	21.07.20 17:43:55	0,81	5,92	52,7	17,8	19,5
777	21.07.20 17:43:56	0,81	5,90	48,3	14,4	27,3
778	21.07.20 17:43:57	0,81	5,85	41,1	15,2	33,7
779	21.07.20 17:43:58	0,81	5,83	43,1	17,7	29,3
780	21.07.20 17:43:59	0,81	5,85	50,6	21,1	18,3
781	21.07.20 17:44:00	0,81	5,85	51,8	19,0	19,3
782	21.07.20 17:44:01	0,81	5,83	46,8	15,1	28,1
783	21.07.20 17:44:02	0,81	5,78	45,7	15,7	28,6
784	21.07.20 17:44:03	0,81	5,83	51,2	21,2	17,7
785	21.07.20 17:44:04	0,81	5,80	51,5	17,0	21,5
786	21.07.20 17:44:05	0,81	5,78	38,6	18,3	33,1
787	21.07.20 17:44:06	0,81	5,71	42,4	15,7	32,0
788	21.07.20 17:44:07	0,81	5,66	48,7	18,7	22,6
789	21.07.20 17:44:08	0,81	5,71	52,5	22,3	15,2
790	21.07.20 17:44:09	0,81	5,71	50,7	18,0	21,3
791	21.07.20 17:44:10	0,81	5,66	40,8	20,4	28,7
792	21.07.20 17:44:11	0,81	5,62	39,4	20,2	30,3
793	21.07.20 17:44:12	0,81	5,57	45,6	17,5	26,9
794	21.07.20 17:44:13	0,81	5,57	48,0	18,9	23,1
795	21.07.20 17:44:14	0,81	5,52	44,3	19,2	26,5
796	21.07.20 17:44:15	0,81	5,48	39,9	19,8	30,2
797	21.07.20 17:44:16	0,81	5,48	47,1	17,5	25,4
798	21.07.20 17:44:17	0,81	5,45	45,2	18,8	26,0
799	21.07.20 17:44:18	0,81	5,41	40,7	19,2	30,2
800	21.07.20 17:44:19	0,81	5,36	40,2	22,2	27,6
801	21.07.20 17:44:20	0,81	5,34	45,7	17,6	26,7
802	21.07.20 17:44:21	0,81	5,29	39,0	19,0	32,0
803	21.07.20 17:44:22	0,81	5,22	35,0	19,0	36,1
804	21.07.20 17:44:23	0,81	5,17	37,8	19,2	32,9
805	21.07.20 17:44:24	0,81	5,15	45,0	17,5	27,5
806	21.07.20 17:44:25	0,81	5,13	46,1	17,3	26,6
807	21.07.20 17:44:26	0,81	5,08	39,5	18,5	32,0
808	21.07.20 17:44:27	0,81	5,01	34,6	18,0	37,4
809	21.07.20 17:44:28	0,81	4,96	37,6	16,1	36,3
810	21.07.20 17:44:29	0,81	4,92	46,6	12,9	30,5
811	21.07.20 17:44:30	0,81	4,89	53,3	10,0	26,7
812	21.07.20 17:44:31	0,81	4,85	50,2	9,4	30,4
813	21.07.20 17:44:32	0,81	4,78	47,0	9,0	34,1
814	21.07.20 17:44:33	0,81	4,75	50,7	8,5	30,9
815	21.07.20 17:44:34	0,81	4,68	54,1	6,3	29,6
816	21.07.20 17:44:35	0,81	4,64	58,4	4,5	27,1
817	21.07.20 17:44:36	0,81	4,59	65,7	5,2	19,1
818	21.07.20 17:44:37	0,81	4,57	60,8	5,8	23,5
819	21.07.20 17:44:38	0,81	4,50	55,1	4,3	30,5
820	21.07.20 17:44:39	0,81	4,45	64,1	3,0	22,9
821	21.07.20 17:44:40	0,81	4,45	67,1	6,9	16,0
822	21.07.20 17:44:41	0,81	4,45	63,2	11,9	15,0
823	21.07.20 17:44:42	0,81	4,43	63,8	9,3	16,9
824	21.07.20 17:44:43	0,81	4,45	60,4	18,1	11,5
825	21.07.20 17:44:44	0,81	4,52	58,0	21,7	10,3
826	21.07.20 17:44:45	0,81	4,57	54,9	16,5	18,6
827	21.07.20 17:44:46	0,85	4,55	52,0	17,7	20,3
828	21.07.20 17:44:47	0,85	4,55	63,8	8,6	17,6
829	21.07.20 17:44:48	0,85	4,55	72,0	-1,2	16,8
830	21.07.20 17:44:49	0,85	4,57	75,3	-4,5	10,2
831	21.07.20 17:44:50	0,85	4,62	71,2	-5,6	13,2
832	21.07.20 17:44:51	0,85	4,60	70,8	-5,8	13,4
833	21.07.20 17:44:52	0,85	4,62	73,8	-5,3	10,9
834	21.07.20 17:44:53	0,85	4,62	75,8	-3,4	10,8
835	21.07.20 17:44:54	0,85	4,64	76,8	-2,5	10,7
836	21.07.20 17:44:55	0,85	4,62	78,2	-2,1	9,7
837	21.07.20 17:44:56	0,85	4,69	79,5	-1,2	9,3
838	21.07.20 17:44:57	0,85	4,69	73,4	-2,4	14,2
839	21.07.20 17:44:58	0,85	4,64	64,8	-3,1	22,2
840	21.07.20 17:44:59	0,85	4,62	70,0	-3,0	17,0
841	21.07.20 17:45:00	0,85	4,64	78,3	-1,2	10,5
842	21.07.20 17:45:01	0,85	4,67	77,7	-0,5	11,8
843	21.07.20 17:45:02	0,88	4,69	75,5	-0,5	14,0
844	21.07.20 17:45:03	0,88	4,65	73,8	-0,4	15,9
845	21.07.20 17:45:04	0,85	4,64	73,7	-1,2	15,1
846	21.07.20 17:45:05	0,88	4,62	72,0	0,7	17,4
847	21.07.20 17:45:06	0,85	4,57	64,2	-1,1	24,8
848	21.07.20 17:45:07	0,88	4,51	62,0	-1,1	26,9
849	21.07.20 17:45:08	0,85	4,46	69,7	0,8	19,5
850	21.07.20 17:45:09	0,85	4,46	74,8	1,4	13,8
851	21.07.20 17:45:10	0,88	4,44	69,4	1,5	19,1
852	21.07.20 17:45:11	0,88	4,34	64,0	-1,2	24,7
853	21.07.20 17:45:12	0,85	4,29	66,7	-2,4	20,9
854	21.07.20 17:45:13	0,85	4,27	66,8	-5,0	18,2
855	21.07.20 17:45:14	0,88	4,18	59,3	-6,7	24,0
856	21.07.20 17:45:15	0,88	4,09	52,0	-9,9	28,0
857	21.07.20 17:45:16	0,88	4,02	47,8	-15,6	26,5
858	21.07.20 17:45:17	0,88	3,97	46,0	-18,8	25,3
859	21.07.20 17:45:18	0,88	3,95	44,4	-20,0	25,6
860	21.07.20 17:45:19	0,88	3,83	45,4	-15,4	29,2
861	21.07.20 17:45:20	0,88	3,71	43,3	-14,4	32,2
862	21.07.20 17:45:21	1,04	3,57	36,3	-17,4	36,3
863	21.07.20 17:45:22	1,20	3,44	38,4	-22,3	29,3
864	21.07.20 17:45:23	1,35	3,39	42,6	-19,2	28,3
865	21.07.20 17:45:24	1,47	3,33	38,5	-20,6	30,8
866	21.07.20 17:45:25	1,55	3,29	37,3	-21,1	31,6
867	21.07.20 17:45:26	1,62	3,21	36,9	-21,2	31,8
868	21.07.20 17:45:27	1,78	3,16	35,7	-21,9	32,4
869	21.07.20 17:45:28	1,89	3,05	35,3	-21,7	33,0
870	21.07.20 17:45:29	2,05	2,95	35,4	-21,5	33,1
871	21.07.20 17:45:30	2,20	2,87	34,0	-22,2	33,9
872	21.07.20 17:45:31	2,28	2,79	36,5	-21,0	32,4
873	21.07.20 17:45:32	2,35	2,73	43,5	-17,9	28,5
874	21.07.20 17:45:33	2,43	2,67	41,6	-18,5	29,9
875	21.07.20 17:45:34	2,47	2,65	42,5	-19,9	27,7
876	21.07.20 17:45:35	2,47	2,62	43,2	-20,1	26,7
877	21.07.20 17:45:36	2,50	2,56	39,7	-23,2	27,1
878	21.07.20 17:45:37	2,54	2,44	37,9	-23,7	28,4
879	21.07.20 17:45:38	2,58	2,38	35,3	-25,4	29,3
880	21.07.20 17:45:39	2,62	2,36	36,4	-25,8	27,8
881	21.07.20 17:45:40	2,69	2,32	42,1	-23,8	24,1
882	21.07.20 17:45:41	2,77	2,23	37,1	-25,9	27,0
883	21.07.20 17:45:42	2,88	2,18	35,8	-27,6	26,6
884	21.07.20 17:45:43	2,92	2,13	35,0	-27,3	27,7
885	21.07.20 17:45:44	2,99	2,05	32,6	-24,6	32,8
886	21.07.20 17:45:45	3,07	1,96	31,1	-24,9	34,0
887	21.07.20 17:45:46	3,18	1,90	31,1	-23,3	35,7
888	21.07.20 17:45:47	3,33	1,80	28,5	-23,4	38,0
889	21.07.20 17:45:48	3,55	1,66	31,0	-22,3	36,7
890	21.07.20 17:45:49	3,84	1,62	36,3	-17,2	36,5
891	21.07.20 17:45:50	4,10	1,56	37,1	-19,0	33,9
892	21.07.20 17:45:51	4,35	1,58	31,5	-21,6	36,9
893	21.07.20 17:45:52	4,75	1,37	33,1	-18,6	38,3
894	21.07.20 17:45:53	4,93	1,29	32,5	-19,3	38,3
895	21.07.20 17:45:54	5,11	1,29	32,6	-20,0	37,4
896	21.07.20 17:45:55	5,32	1,22	31,0	-19,7	39,3
897	21.07.20 17:45:56	5,54	1,03	30,4	-23,3	36,3
898	21.07.20 17:45:57	5,75	1,07	33,1	-22,3	34,7
899	21.07.20 17:45:58	5,96	1,02	36,3	-19,8	33,8
900	21.07.20 17:45:59	6,17	0,95	35,0	-21,3	33,7
901	21.07.20 17:46:00	6,38	0,88	31,7	-22,3	36,0
902	21.07.20 17:46:01	6,52	0,85	34,4	-21,1	34,5
903	21.07.20 17:46:02	6,66	0,86	37,4	-19,1	33,5
904	21.07.20 17:46:03	6,83	0,74	35,3	-18,9	35,7
905	21.07.20 17:46:04	7,00	0,76	30,1	-22,0	37,9
906	21.07.20 17:46:05	7,14	0,75	31,1	-21,5	37,4
907	21.07.20 17:46:06	7,34	0,65	36,5	-16,7	36,8
908	21.07.20 17:46:07	7,62	0,61	32,0	-18,9	39,0
909	21.07.20 17:46:08	7,75	0,55	33,0	-18,0	39,1
910	21.07.20 17:46:09	7,82	0,58	32,4	-17,1	40,5
911	21.07.20 17:46:10	7,89	0,57	36,2	-10,6	43,2
912	21.07.20 17:46:11	7,92	0,62	32,4	-10,9	46,7
913	21.07.20 17:46:12	8,02	0,61	39,0	-4,6	46,4
914	21.07.20 17:46:13	8,09	0,57	34,1	-12,5	43,4
915	21.07.20 17:46:14	8,19	0,51	37,8	-9,9	42,3
916	21.07.20 17:46:15	8,32	0,52	37,4	-8,3	44,3
917	21.07.20 17:46:16	8,43	0,39	32,5	-8,9	48,6
918	21.07.20 17:46:17	8,56	0,32	30,0	-9,7	50,4
919	21.07.20 17:46:18	8,66	0,32	30,0	-6,9	53,1
920	21.07.20 17:46:19	8,76	0,25	35,4	-6,4	48,2
921	21.07.20 17:46:20	8,86	0,27	38,6	-2,9	48,5
922	21.07.20 17:46:21	9,02	0,27	42,8	-1,8	45,4
923	21.07.20 17:46:22	9,16	0,22	28,9	2,8	58,3
924	21.07.20 17:46:23	9,29	0,15	25,3	5,4	59,2
925	21.07.20 17:46:24	9,55	0,06	27,8	4,3	57,9
926	21.07.20 17:46:25	9,78	0,01	27,4	6,5	56,1
927	21.07.20 17:46:26	9,98	0,00	25,5	7,5	56,9
928	21.07.20 17:46:27	10,14	0,00	35,0	-2,6	52,4
929	21.07.20 17:46:28	10,21	0,00	23,7	8,1	58,2
930	21.07.20 17:46:29	10,24	0,00	21,3	5,4	63,3
931	21.07.20 17:46:30	10,30	0,00	27,2	3,1	59,7
932	21.07.20 17:46:31	10,40	0,00	21,1	8,7	60,1
933	21.07.20 17:46:32	10,50	0,00	32,3	5,5	52,2
934	21.07.20 17:46:33	10,56	0,00	19,5	5,3	65,1
935	21.07.20 17:46:34	10,59	0,00	29,5	-0,5	60,0
936	21.07.20 17:46:35	10,59	0,00	31,0	-0,1	58,9
937	21.07.20 17:46:36	10,59	0,00	31,6	5,7	52,7
938	21.07.20 17:46:37	10,66	0,00	26,6	6,0	57,3
939	21.07.20 17:46:38	10,66	0,00	34,2	-1,6	54,2
940	21.07.20 17:46:39	10,72	0,00	31,9	4,9	53,3
941	21.07.20 17:46:40	10,76	0,00	28,0	4,5	57,4
942	21.07.20 17:46:41	10,79	0,00	23,9	6,8	59,3
943	21.07.20 17:46:42	10,85	0,00	18,5	12,0	59,4
944	21.07.20 17:46:43	10,98	0,00	20,6	10,0	59,4
945	21.07.20 17:46:44	11,11	0,00	21,1	9,0	59,9
946	21.07.20 17:46:45	11,17	0,00	23,0	6,4	60,6
947	21.07.20 17:46:46	11,27	0,00	22,5	-2,0	65,5
948	21.07.20 17:46:47	11,30	0,00	11,6	18,3	60,1
949	21.07.20 17:46:48	11,33	0,00	35,8	2,0	52,3
950	21.07.20 17:46:49	11,33	0,00	34,9	0,3	54,8
951	21.07.20 17:46:50	11,37	0,00	30,5	1,0	58,6
952	21.07.20 17:46:51	11,37	0,00	22,1	11,1	56,9
953	21.07.20 17:46:52	11,43	0,00	18,6	7,7	63,7
954	21.07.20 17:46:53	11,49	0,00	20,0	14,0	56,0
955	21.07.20 17:46:54	11,56	0,00	22,1	8,9	59,0
956	21.07.20 17:46:55	11,65	0,00	23,3	9,7	57,0
957	21.07.20 17:46:56	11,72	0,00	19,5	10,8	59,7
958	21.07.20 17:46:57	11,75	0,00	23,7	13,6	52,7
959	21.07.20 17:46:58	11,78	0,00	34,8	10,0	45,2
960	21.07.20 17:46:59	11,81	0,00	28,5	14,1	47,4
961	21.07.20 17:47:00	11,81	0,00	18,2	17,4	54,4
962	21.07.20 17:47:01	11,84	0,00	17,4	14,6	58,0
963	21.07.20 17:47:02	11,94	0,00	12,9	11,4	65,7
964	21.07.20 17:47:03	12,06	0,00	19,4	6,9	63,7
965	21.07.20 17:47:04	12,10	0,00	23,8	2,4	63,9
966	21.07.20 17:47:05	12,13	0,00	28,0	-3,4	58,6
967	21.07.20 17:47:06	12,19	0,00	17,2	-4,6	68,2
968	21.07.20 17:47:07	12,32	0,00	23,4	-1,6	65,1
969	21.07.20 17:47:08	12,41	0,00	19,9	6,2	64,0
970	21.07.20 17:47:09	12,51	0,00	15,4	10,2	64,4
971	21.07.20 17:47:10	12,60	0,00	17,9	8,7	63,4
972	21.07.20 17:47:11	12,66	0,00	31,2	6,7	52,1
973	21.07.20 17:47:12	12,66	0,00	22,1	13,8	54,1
974	21.07.20 17:47:13	12,69	0,00	20,8	15,4	53,7
975	21.07.20 17:47:14	12,69	0,00	15,8	20,9	53,3
976	21.07.20 17:47:15	12,79	0,00	17,4	13,2	59,4
977	21.07.20 17:47:16	12,82	0,00	20,4	3,7	66,0
978	21.07.20 17:47:17	12,88	0,00	9,6	4,7	75,6
979	21.07.20 17:47:18	12,88	0,00	19,7	0,8	69,5
980	21.07.20 17:47:19	12,88	0,00	33,7	-10,0	46,3
981	21.07.20 17:47:20	12,91	0,00	29,4	-2,0	58,5
982	21.07.20 17:47:21	12,94	0,00	21,8	6,5	61,8
983	21.07.20 17:47:22	13,01	0,00	19,4	9,3	61,3
984	21.07.20 17:47:23	13,10	0,00	15,2	11,0	63,8
985	21.07.20 17:47:24	13,16	0,00	9,5	-1,2	79,3
986	21.07.20 17:47:25	13,26	0,00	24,7	-5,6	59,8
987	21.07.20 17:47:26	13,32	0,00	11,2	13,8	65,0
988	21.07.20 17:47:27	13,32	0,00	13,9	17,4	58,7
989	21.07.20 17:47:28	13,35	0,00	19,4	21,9	48,6
990	21.07.20 17:47:29	13,35	0,00	23,3	11,5	55,2
991	21.07.20 17:47:30	13,38	0,00	27,1	2,4	60,5
992	21.07.20 17:47:31	13,41	0,00	32,0	3,8	54,1
993	21.07.20 17:47:32	13,44	0,00	30,5	8,9	50,6
994	21.07.20 17:47:33	13,44	0,00	19,9	13,7	56,4
995	21.07.20 17:47:34	13,50	0,00	16,9	-1,6	71,5
996	21.07.20 17:47:35	13,57	0,00	15,0	-14,9	60,0
997	21.07.20 17:47:36	13,63	0,00	13,3	-4,5	72,2
998	21.07.20 17:47:37	13,66	0,00	16,0	-9,1	64,9
999	21.07.20 17:47:38	13,75	0,00	29,0	-10,2	50,8
1000	21.07.20 17:47:39	13,78	0,00	36,4	-11,8	41,8
1001	21.07.20 17:47:40	13,81	0,00	26,6	18,6	44,8
1002	21.07.20 17:47:41	13,85	0,00	36,2	21,7	32,1
1003	21.07.20 17:47:42	13,88	0,00	33,1	25,0	31,9
1004	21.07.20 17:47:43	13,88	0,00	24,7	21,5	43,8
1005	21.07.20 17:47:44	13,85	0,00	22,3	11,3	56,4
1006	21.07.20 17:47:45	13,88	0,00	23,5	-8,8	57,6
1007	21.07.20 17:47:46	13,88	0,00	44,2	-28,3	17,4
1008	21.07.20 17:47:47	13,91	0,00	62,8	-20,0	7,2
1009	21.07.20 17:47:48	13,94	0,00	53,9	-29,4	6,7
1010	21.07.20 17:47:49	13,94	0,00	47,7	-40,7	1,6
1011	21.07.20 17:47:50	13,88	0,00	51,9	-35,1	3,0
1012	21.07.20 17:47:51	13,78	0,01	57,7	-29,2	3,1
1013	21.07.20 17:47:52	13,72	0,01	42,9	-32,3	14,8
1014	21.07.20 17:47:53	13,72	0,06	59,0	-27,6	-3,4
1015	21.07.20 17:47:54	13,66	0,04	56,1	-28,3	5,6
1016	21.07.20 17:47:55	13,60	0,01	62,1	-24,1	3,8
1017	21.07.20 17:47:56	13,54	0,01	61,8	-24,4	3,8
1018	21.07.20 17:47:57	13,47	0,04	64,6	-19,5	5,9
1019	21.07.20 17:47:58	13,44	0,04	33,9	-25,3	30,8
1020	21.07.20 17:47:59	13,38	0,04	28,4	-15,6	46,0
1021	21.07.20 17:48:00	13,35	0,04	41,4	-8,9	39,8
1022	21.07.20 17:48:01	13,32	0,06	23,4	-10,4	56,2
1023	21.07.20 17:48:02	13,29	0,06	36,4	-33,3	20,3
1024	21.07.20 17:48:03	13,26	0,08	83,4	-5,5	1,1
1025	21.07.20 17:48:04	13,23	0,06	36,7	-11,5	41,8
1026	21.07.20 17:48:05	13,19	0,08	48,7	-31,9	9,3
1027	21.07.20 17:48:06	13,16	0,08	47,0	-26,2	-16,7
1028	21.07.20 17:48:07	13,13	0,08	52,2	-34,2	3,6
1029	21.07.20 17:48:08	13,10	0,08	54,0	-30,0	6,0
1030	21.07.20 17:48:09	13,07	0,11	55,6	-23,9	10,5
1031	21.07.20 17:48:10	13,04	0,11	39,2	-44,8	6,0
1032	21.07.20 17:48:11	13,01	0,11	87,5	1,6	-0,9
1033	21.07.20 17:48:12	13,01	0,11	60,5	28,6	0,9
1034	21.07.20 17:48:13	12,98	0,11	58,5	26,0	5,4
1035	21.07.20 17:48:14	12,94	0,11	73,4	-6,7	9,9
1036	21.07.20 17:48:15	12,91	0,11	72,4	8,4	9,2
1037	21.07.20 17:48:16	12,91	0,11	12,1	9,4	68,5
1038	21.07.20 17:48:17	12,88	0,11	-11,0	-3,4	75,5
1039	21.07.20 17:48:18	12,85	0,13	-4,9	-0,4	84,7
1040	21.07.20 17:48:19	12,85	0,11	-13,0	0,3	76,7
1041	21.07.20 17:48:20	12,85	0,11	-14,1	-6,1	69,9
1042	21.07.20 17:48:21	12,82	0,11	-5,3	-4,7	79,9
1043	21.07.20 17:48:22	12,82	0,13	-11,6	-4,8	73,6
1044	21.07.20 17:48:23	12,82	0,13	-11,6	2,5	76,0
1045	21.07.20 17:48:24	12,82	0,13	-11,0	-2,4	76,5
1046	21.07.20 17:48:25	12,79	0,15	-11,3	0,7	78,0
1047	21.07.20 17:48:26	12,79	0,13	-10,9	0,2	78,9
1048	21.07.20 17:48:27	12,76	0,15	-10,4	-3,8	75,8
1049	21.07.20 17:48:28	12,76	0,15	-8,3	-1,6	80,1
1050	21.07.20 17:48:29	12,76	0,15	-5,5	-2,0	82,4
1051	21.07.20 17:48:30	12,73	0,13	-3,8	-4,7	81,5
1052	21.07.20 17:48:31	12,73	0,13	-18,3	-1,7	70,0
1053	21.07.20 17:48:32	12,73	0,13	-50,1	2,6	-37,3
1054	21.07.20 17:48:33	12,69	0,13	6,7	82,2	1,1
1055	21.07.20 17:48:34	12,69	0,13	2,4	87,0	-0,6
1056	21.07.20 17:48:35	12,69	0,13	2,7	86,8	0,5
1057	21.07.20 17:48:36	12,69	0,15	4,4	84,9	0,7
1058	21.07.20 17:48:37	12,69	0,15	5,0	84,0	1,0
1059	21.07.20 17:48:38	12,66	0,15	4,5	83,8	1,8
1060	21.07.20 17:48:39	12,66	0,15	3,1	85,5	1,4
1061	21.07.20 17:48:40	12,66	0,15	1,1	87,8	-1,1
1062	21.07.20 17:48:41	12,66	0,15	1,1	86,8	-2,2
1063	21.07.20 17:48:42	12,63	0,15	2,7	86,5	0,8
1064	21.07.20 17:48:43	12,63	0,15	4,6	82,5	2,9
1065	21.07.20 17:48:44	12,63	0,15	6,2	79,8	-4,0
1066	21.07.20 17:48:45	12,63	0,15	4,4	82,0	-3,6
1067	21.07.20 17:48:46	12,63	0,15	2,9	84,9	-2,2
1068	21.07.20 17:48:47	12,63	0,15	2,5	86,3	-1,3
1069	21.07.20 17:48:48	12,60	0,15	3,8	83,8	-2,4
1070	21.07.20 17:48:49	12,60	0,15	2,2	84,7	-3,1
1071	21.07.20 17:48:50	12,60	0,15	0,7	87,0	-2,3
1072	21.07.20 17:48:51	12,60	0,15	3,7	83,2	-3,1
1073	21.07.20 17:48:52	12,60	0,15	5,5	81,6	-2,9
1074	21.07.20 17:48:53	12,60	0,15	4,1	85,8	-0,1
1075	21.07.20 17:48:54	12,60	0,15	4,1	84,3	1,6
1076	21.07.20 17:48:55	12,60	0,18	4,6	83,9	-1,5
1077	21.07.20 17:48:56	12,60	0,15	3,2	82,3	-4,5
1078	21.07.20 17:48:57	12,60	0,18	0,9	85,6	-3,5
1079	21.07.20 17:48:58	12,60	0,15	1,0	86,5	-2,5
1080	21.07.20 17:48:59	12,57	0,15	2,7	85,6	-1,7
1081	21.07.20 17:49:00	12,57	0,15	5,3	84,5	-0,2
1082	21.07.20 17:49:01	12,57	0,15	7,0	81,7	-1,3
1083	21.07.20 17:49:02	12,57	0,18	7,2	82,4	-0,5
1084	21.07.20 17:49:03	12,57	0,15	2,7	85,7	-1,5
1085	21.07.20 17:49:04	12,57	0,18	0,6	88,0	-1,4
1086	21.07.20 17:49:05	12,57	0,18	3,5	85,1	-1,5
1087	21.07.20 17:49:06	12,57	0,15	4,5	83,0	-2,5
1088	21.07.20 17:49:07	12,60	0,15	2,0	84,9	-3,1
1089	21.07.20 17:49:08	12,60	0,15	3,9	83,3	-2,8
1090	21.07.20 17:49:09	12,60	0,15	5,9	83,0	-1,2
1091	21.07.20 17:49:10	12,60	0,15	4,5	83,8	1,6
1092	21.07.20 17:49:11	12,60	0,15	2,5	86,9	-0,5
1093	21.07.20 17:49:12	12,60	0,15	4,9	81,8	-3,3
1094	21.07.20 17:49:13	12,60	0,18	4,7	82,3	-3,0
1095	21.07.20 17:49:14	12,60	0,15	2,7	87,2	0,1
1096	21.07.20 17:49:15	12,60	0,15	2,3	87,1	-0,7
1097	21.07.20 17:49:16	12,60	0,15	4,0	81,6	-4,5
1098	21.07.20 17:49:17	12,60	0,15	4,0	83,1	-2,9
1099	21.07.20 17:49:18	12,60	0,15	3,3	86,3	-0,4
1100	21.07.20 17:49:19	12,63	0,15	4,2	84,9	-1,0
1101	21.07.20 17:49:20	12,63	0,15	5,4	84,1	0,5
1102	21.07.20 17:49:21	12,63	0,15	5,0	84,3	-0,7
1103	21.07.20 17:49:22	12,63	0,13	3,0	82,9	-4,1
1104	21.07.20 17:49:23	12,63	0,15	2,0	86,5	-1,5
1105	21.07.20 17:49:24	12,63	0,15	1,2	88,4	0,4
1106	21.07.20 17:49:25	12,63	0,13	2,7	87,2	0,2
1107	21.07.20 17:49:26	12,63	0,15	3,7	84,5	-1,9
1108	21.07.20 17:49:27	12,63	0,15	4,1	84,9	-1,0
1109	21.07.20 17:49:28	12,63	0,15	2,0	88,0	-0,1
1110	21.07.20 17:49:29	12,66	0,15	0,8	88,8	-0,5
1111	21.07.20 17:49:30	12,66	0,15	2,7	84,4	-2,9
1112	21.07.20 17:49:31	12,66	0,15	2,1	85,5	-2,4
1113	21.07.20 17:49:32	12,66	0,15	0,2	86,9	-3,0
1114	21.07.20 17:49:33	12,66	0,15	-0,7	84,5	-4,8
1115	21.07.20 17:49:34	12,66	0,15	-1,3	84,1	-4,6
1116	21.07.20 17:49:35	12,66	0,15	1,7	87,1	-1,2
1117	21.07.20 17:49:36	12,69	0,15	5,1	84,9	0,0
1118	21.07.20 17:49:37	12,69	0,13	6,3	81,5	2,2
1119	21.07.20 17:49:38	12,69	0,15	9,1	77,4	3,5
1120	21.07.20 17:49:39	12,69	0,15	9,7	76,9	3,4
1121	21.07.20 17:49:40	12,69	0,15	7,7	80,3	2,0
1122	21.07.20 17:49:41	12,69	0,15	6,8	82,1	1,1
1123	21.07.20 17:49:42	12,69	0,15	7,6	80,4	2,0
1124	21.07.20 17:49:43	12,69	0,13	7,2	80,5	2,2
1125	21.07.20 17:49:44	12,73	0,15	7,8	81,1	1,2
1126	21.07.20 17:49:45	12,73	0,15	7,5	81,3	1,2
1127	21.07.20 17:49:46	12,73	0,15	7,1	81,4	1,5
1128	21.07.20 17:49:47	12,73	0,15	6,7	82,9	-0,4
1129	21.07.20 17:49:48	12,73	0,15	6,2	83,7	0,1
1130	21.07.20 17:49:49	12,73	0,15	4,8	84,9	0,3
1131	21.07.20 17:49:50	12,73	0,15	3,2	85,1	-1,8
1132	21.07.20 17:49:51	12,76	0,18	2,9	84,6	-2,5
1133	21.07.20 17:49:52	12,76	0,18	1,8	85,9	-2,3
1134	21.07.20 17:49:53	12,76	0,15	0,9	85,1	-4,0
1135	21.07.20 17:49:54	12,76	0,15	0,9	83,7	-5,4
1136	21.07.20 17:49:55	12,76	0,18	0,3	86,5	-3,2
1137	21.07.20 17:49:56	12,76	0,18	2,8	86,0	-1,2
1138	21.07.20 17:49:57	12,76	0,18	7,5	81,3	-1,2
1139	21.07.20 17:49:58	12,79	0,18	6,3	82,9	0,7
1140	21.07.20 17:49:59	12,79	0,18	4,9	85,0	0,0
1141	21.07.20 17:50:00	12,79	0,15	4,1	82,1	-3,8
1142	21.07.20 17:50:01	12,79	0,15	1,8	84,3	-3,9
1143	21.07.20 17:50:02	12,79	0,15	0,1	86,4	-3,4
1144	21.07.20 17:50:03	12,82	0,15	2,5	84,2	-3,4
1145	21.07.20 17:50:04	12,82	0,18	5,3	83,7	-0,9
1146	21.07.20 17:50:05	12,82	0,15	6,1	83,6	0,3
1147	21.07.20 17:50:06	12,82	0,15	4,9	82,8	-2,2
1148	21.07.20 17:50:07	12,82	0,15	3,0	84,9	-2,1
1149	21.07.20 17:50:08	12,82	0,13	3,4	83,0	-3,6
1150	21.07.20 17:50:09	12,82	0,15	3,5	83,0	-3,6
1151	21.07.20 17:50:10	12,85	0,15	4,5	85,1	-0,4
1152	21.07.20 17:50:11	12,85	0,15	4,9	84,7	0,4
1153	21.07.20 17:50:12	12,85	0,15	4,7	82,9	-2,5
1154	21.07.20 17:50:13	12,85	0,15	4,0	83,9	-2,1
1155	21.07.20 17:50:14	12,85	0,15	1,9	85,4	-2,7
1156	21.07.20 17:50:15	12,88	0,15	1,6	84,7	-3,8
1157	21.07.20 17:50:16	12,88	0,15	3,7	82,4	-3,8
1158	21.07.20 17:50:17	12,88	0,15	5,1	84,0	-0,9
1159	21.07.20 17:50:18	12,88	0,15	6,8	82,8	-0,5
1160	21.07.20 17:50:19	12,88	0,13	7,5	82,3	0,2
1161	21.07.20 17:50:20	12,91	0,15	6,2	83,6	-0,2
1162	21.07.20 17:50:21	12,91	0,15	5,0	83,4	-1,6
1163	21.07.20 17:50:22	12,91	0,15	2,7	84,7	-2,6
1164	21.07.20 17:50:23	12,91	0,15	-0,1	86,5	-3,4
1165	21.07.20 17:50:24	12,94	0,15	2,0	82,2	-5,8
1166	21.07.20 17:50:25	12,94	0,15	2,5	83,8	-3,7
1167	21.07.20 17:50:26	12,94	0,15	2,5	86,4	-1,1
1168	21.07.20 17:50:27	12,94	0,13	7,1	80,8	-2,1
1169	21.07.20 17:50:28	12,98	0,18	6,2	83,1	-0,6
1170	21.07.20 17:50:29	12,98	0,18	3,6	85,4	-1,0
1171	21.07.20 17:50:30	12,98	0,15	2,9	83,5	-3,6
1172	21.07.20 17:50:31	12,98	0,18	2,4	83,8	-3,7
1173	21.07.20 17:50:32	12,98	0,15	1,7	86,3	-2,0
1174	21.07.20 17:50:33	13,01	0,15	3,5	84,6	-1,9
1175	21.07.20 17:50:34	13,01	0,18	5,3	83,8	-0,8
1176	21.07.20 17:50:35	13,01	0,15	5,5	84,1	-0,4
1177	21.07.20 17:50:36	13,01	0,15	6,1	83,8	-0,1
1178	21.07.20 17:50:37	13,01	0,15	4,2	84,6	-1,1
1179	21.07.20 17:50:38	13,01	0,15	3,0	84,0	-2,9
1180	21.07.20 17:50:39	13,01	0,18	1,9	83,8	-4,3
1181	21.07.20 17:50:40	13,04	0,18	1,5	84,2	-4,3
1182	21.07.20 17:50:41	13,04	0,15	1,1	84,8	-4,1
1183	21.07.20 17:50:42	13,04	0,15	3,4	83,8	-2,9
1184	21.07.20 17:50:43	13,04	0,15	6,0	83,5	0,5
1185	21.07.20 17:50:44	13,04	0,15	6,7	83,2	-0,2
1186	21.07.20 17:50:45	13,07	0,15	6,8	81,2	-2,0
1187	21.07.20 17:50:46	13,07	0,15	5,3	83,8	-0,8
1188	21.07.20 17:50:47	13,07	0,15	3,9	84,7	-1,5
1189	21.07.20 17:50:48	13,07	0,15	4,4	81,9	-3,7
1190	21.07.20 17:50:49	13,07	0,18	1,9	84,9	-3,2
1191	21.07.20 17:50:50	13,10	0,18	1,0	86,4	-2,6
1192	21.07.20 17:50:51	13,10	0,15	2,6	81,6	-5,7
1193	21.07.20 17:50:52	13,10	0,15	0,1	85,5	-4,4
1194	21.07.20 17:50:53	13,10	0,15	1,4	84,4	-4,1
1195	21.07.20 17:50:54	13,10	0,15	4,0	82,9	-3,1
1196	21.07.20 17:50:55	13,13	0,15	5,1	82,5	-2,4
1197	21.07.20 17:50:56	13,13	0,15	6,7	83,1	-0,1
1198	21.07.20 17:50:57	13,13	0,15	7,2	81,8	1,0
1199	21.07.20 17:50:58	13,13	0,18	8,0	81,2	-0,8
1200	21.07.20 17:50:59	13,16	0,15	5,8	82,4	-1,8
1201	21.07.20 17:51:00	13,16	0,15	1,5	86,3	-2,2
1202	21.07.20 17:51:01	13,16	0,18	0,9	83,9	-5,2
1203	21.07.20 17:51:02	13,16	0,15	0,8	82,7	-6,5
1204	21.07.20 17:51:03	13,16	0,15	0,7	85,6	-3,7
1205	21.07.20 17:51:04	13,19	0,15	4,2	82,9	-2,9
1206	21.07.20 17:51:05	13,19	0,15	5,1	83,3	-1,6
1207	21.07.20 17:51:06	13,19	0,18	5,9	83,1	-1,0
1208	21.07.20 17:51:07	13,19	0,18	8,0	81,9	-0,1
1209	21.07.20 17:51:08	13,23	0,18	7,8	81,4	0,7
1210	21.07.20 17:51:09	13,23	0,18	5,7	84,1	-0,1
1211	21.07.20 17:51:10	13,23	0,18	5,8	82,3	-1,9
1212	21.07.20 17:51:11	13,23	0,15	3,2	84,0	-2,8
1213	21.07.20 17:51:12	13,23	0,15	2,4	84,5	-3,2
1214	21.07.20 17:51:13	13,26	0,15	1,1	82,7	-6,1
1215	21.07.20 17:51:14	13,26	0,18	-0,2	85,3	-4,5
1216	21.07.20 17:51:15	13,26	0,18	1,6	85,6	-2,7
1217	21.07.20 17:51:16	13,26	0,18	4,7	82,4	-2,9
1218	21.07.20 17:51:17	13,26	0,18	5,2	83,8	-1,0
1219	21.07.20 17:51:18	13,29	0,15	5,0	84,0	-1,0
1220	21.07.20 17:51:19	13,29	0,18	6,4	81,4	-2,1
1221	21.07.20 17:51:20	13,29	0,15	5,3	83,5	-1,2
1222	21.07.20 17:51:21	13,29	0,15	4,5	82,1	-3,4
1223	21.07.20 17:51:22	13,29	0,15	3,3	83,4	-3,3
1224	21.07.20 17:51:23	13,32	0,15	3,1	85,1	-1,8
1225	21.07.20 17:51:24	13,32	0,15	5,5	82,6	-1,9
1226	21.07.20 17:51:25	13,32	0,15	4,8	83,1	-2,2
1227	21.07.20 17:51:26	13,32	0,13	3,4	84,6	-2,1
1228	21.07.20 17:51:27	13,32	0,15	3,9	82,8	-3,3
1229	21.07.20 17:51:28	13,32	0,15	3,7	83,8	-2,5
1230	21.07.20 17:51:29	13,32	0,15	3,1	85,2	-1,7
1231	21.07.20 17:51:30	13,35	0,15	5,8	82,3	-1,9
1232	21.07.20 17:51:31	13,35	0,15	6,5	81,3	-2,2
1233	21.07.20 17:51:32	13,35	0,18	4,4	84,3	-1,3
1234	21.07.20 17:51:33	13,35	0,15	4,1	81,7	-4,2
1235	21.07.20 17:51:34	13,35	0,15	3,0	82,3	-4,7
1236	21.07.20 17:51:35	13,38	0,13	1,1	85,9	-3,0
1237	21.07.20 17:51:36	13,38	0,15	2,5	84,0	-3,4
1238	21.07.20 17:51:37	13,38	0,15	3,2	84,3	-2,6
1239	21.07.20 17:51:38	13,38	0,15	0,4	86,9	-2,7
1240	21.07.20 17:51:39	13,38	0,15	2,6	82,1	-5,3
1241	21.07.20 17:51:40	13,38	0,15	2,6	83,6	-3,8
1242	21.07.20 17:51:41	13,41	0,18	0,9	86,3	-2,8
1243	21.07.20 17:51:42	13,41	0,18	3,7	82,4	-3,9
1244	21.07.20 17:51:43	13,41	0,18	5,8	80,7	-3,5
1245	21.07.20 17:51:44	13,41	0,18	5,7	82,9	-1,4
1246	21.07.20 17:51:45	13,44	0,18	5,8	83,7	0,4
1247	21.07.20 17:51:46	13,44	0,15	5,6	83,6	-0,9
1248	21.07.20 17:51:47	13,44	0,18	6,2	81,8	-2,0
1249	21.07.20 17:51:48	13,44	0,15	4,6	85,1	-0,3
1250	21.07.20 17:51:49	13,47	0,15	3,0	85,9	-1,1
1251	21.07.20 17:51:50	13,47	0,15	5,3	80,9	-3,8
1252	21.07.20 17:51:51	13,47	0,15	4,4	83,7	-1,9
1253	21.07.20 17:51:52	13,47	0,18	6,3	83,2	-0,5
1254	21.07.20 17:51:53	13,50	0,15	6,7	81,2	-2,1
1255	21.07.20 17:51:54	13,50	0,15	3,4	82,4	-4,3
1256	21.07.20 17:51:55	13,50	0,15	1,1	85,7	-3,2
1257	21.07.20 17:51:56	13,50	0,15	1,5	84,5	-4,0
1258	21.07.20 17:51:57	13,50	0,15	0,9	84,8	-4,3
1259	21.07.20 17:51:58	13,54	0,15	1,9	84,8	-3,3
1260	21.07.20 17:51:59	13,54	0,15	1,8	85,8	-2,4
1261	21.07.20 17:52:00	13,54	0,15	3,5	82,7	-3,9
1262	21.07.20 17:52:01	13,54	0,15	4,3	82,8	-3,0
1263	21.07.20 17:52:02	13,57	0,15	3,9	84,7	-1,4
1264	21.07.20 17:52:03	13,57	0,15	5,8	82,6	-1,6
1265	21.07.20 17:52:04	13,57	0,15	8,7	80,8	-0,4
1266	21.07.20 17:52:05	13,57	0,18	8,1	80,9	1,0
1267	21.07.20 17:52:06	13,57	0,18	7,2	82,0	0,8
1268	21.07.20 17:52:07	13,57	0,15	5,5	82,3	-2,2
1269	21.07.20 17:52:08	13,60	0,15	2,2	83,9	-3,8
1270	21.07.20 17:52:09	13,60	0,15	1,7	84,1	-4,3
1271	21.07.20 17:52:10	13,60	0,15	0,4	85,2	-4,3
1272	21.07.20 17:52:11	13,60	0,15	0,8	84,9	-4,3
1273	21.07.20 17:52:12	13,63	0,15	2,1	84,6	-3,3
1274	21.07.20 17:52:13	13,63	0,13	3,7	83,8	-2,6
1275	21.07.20 17:52:14	13,63	0,13	5,8	82,1	-2,1
1276	21.07.20 17:52:15	13,63	0,15	6,4	80,9	-2,7
1277	21.07.20 17:52:16	13,63	0,15	4,0	84,2	-1,8
1278	21.07.20 17:52:17	13,63	0,13	3,5	84,1	-2,4
1279	21.07.20 17:52:18	13,66	0,18	5,2	82,2	-2,7
1280	21.07.20 17:52:19	13,66	0,18	4,4	82,7	-2,9
1281	21.07.20 17:52:20	13,66	0,18	2,3	84,4	-3,3
1282	21.07.20 17:52:21	13,66	0,18	2,5	85,2	-2,3
1283	21.07.20 17:52:22	13,66	0,18	3,3	84,1	-2,5
1284	21.07.20 17:52:23	13,69	0,15	5,1	82,8	-2,1
1285	21.07.20 17:52:24	13,69	0,15	3,2	85,9	-0,9
1286	21.07.20 17:52:25	13,69	0,15	6,8	80,0	-3,1
1287	21.07.20 17:52:26	13,69	0,15	4,8	82,7	-2,5
1288	21.07.20 17:52:27	13,69	0,15	4,1	84,6	-1,3
1289	21.07.20 17:52:28	13,72	0,15	6,7	80,5	-2,8
1290	21.07.20 17:52:29	13,72	0,18	4,8	83,7	-1,5
1291	21.07.20 17:52:30	13,72	0,18	2,9	85,6	-1,5
1292	21.07.20 17:52:31	13,72	0,15	4,6	82,5	-2,9
1293	21.07.20 17:52:32	13,72	0,15	4,5	83,2	-2,3
1294	21.07.20 17:52:33	13,75	0,18	4,5	84,5	-1,0
1295	21.07.20 17:52:34	13,75	0,15	5,5	82,4	-2,0
1296	21.07.20 17:52:35	13,75	0,15	4,8	84,1	-1,1
1297	21.07.20 17:52:36	13,75	0,15	5,6	84,0	-0,4
1298	21.07.20 17:52:37	13,75	0,15	4,6	83,4	-2,0
1299	21.07.20 17:52:38	13,75	0,15	5,4	81,3	-3,3
1300	21.07.20 17:52:39	13,78	0,15	3,3	84,4	-2,2
1301	21.07.20 17:52:40	13,78	0,13	2,2	83,4	-4,4
1302	21.07.20 17:52:41	13,78	0,15	2,1	83,1	-4,8
1303	21.07.20 17:52:42	13,78	0,15	0,1	84,7	-5,2
1304	21.07.20 17:52:43	13,81	0,13	2,4	83,2	-4,4
1305	21.07.20 17:52:44	13,81	0,15	3,3	85,5	-1,2
1306	21.07.20 17:52:45	13,81	0,15	3,8	83,9	-2,4
1307	21.07.20 17:52:46	13,81	0,13	6,0	83,6	-0,5
1308	21.07.20 17:52:47	13,81	0,15	6,9	82,7	0,4
1309	21.07.20 17:52:48	13,81	0,15	9,6	80,1	-0,3
1310	21.07.20 17:52:49	13,81	0,13	7,4	81,8	-0,8
1311	21.07.20 17:52:50	13,81	0,15	5,1	83,4	-1,5
1312	21.07.20 17:52:51	13,85	0,15	4,4	83,3	-2,3
1313	21.07.20 17:52:52	13,85	0,13	3,0	82,5	-4,5
1314	21.07.20 17:52:53	13,85	0,15	3,2	81,8	-5,0
1315	21.07.20 17:52:54	13,85	0,15	0,6	86,9	-2,6
1316	21.07.20 17:52:55	13,85	0,13	1,6	84,7	-3,7
1317	21.07.20 17:52:56	13,88	0,15	4,2	84,2	-1,6
1318	21.07.20 17:52:57	13,88	0,15	5,6	84,1	-0,3
1319	21.07.20 17:52:58	13,88	0,15	6,5	80,8	-2,7
1320	21.07.20 17:52:59	13,88	0,15	6,1	82,0	-1,9
1321	21.07.20 17:53:00	13,88	0,15	4,5	84,4	-1,1
1322	21.07.20 17:53:01	13,91	0,15	6,1	82,1	-1,8
1323	21.07.20 17:53:02	13,91	0,15	6,6	82,3	-1,1
1324	21.07.20 17:53:03	13,91	0,15	6,7	83,0	0,3
1325	21.07.20 17:53:04	13,91	0,15	5,9	82,9	-1,2
1326	21.07.20 17:53:05	13,91	0,15	4,7	81,9	-3,4
1327	21.07.20 17:53:06	13,91	0,18	1,4	85,6	-3,0
1328	21.07.20 17:53:07	13,94	0,18	0,8	84,8	-4,5
1329	21.07.20 17:53:08	13,94	0,15	1,3	84,1	-4,6
1330	21.07.20 17:53:09	13,94	0,15	2,2	84,8	-3,0
1331	21.07.20 17:53:10	13,94	0,18	3,3	83,0	-3,8
1332	21.07.20 17:53:11	13,94	0,15	3,4	83,7	-2,9
1333	21.07.20 17:53:12	13,97	0,15	3,8	83,5	-2,7
1334	21.07.20 17:53:13	13,97	0,15	4,3	82,1	-3,6
1335	21.07.20 17:53:14	13,97	0,15	5,2	83,6	-1,2
1336	21.07.20 17:53:15	13,97	0,15	5,4	82,8	-1,8
1337	21.07.20 17:53:16	13,97	0,15	5,4	82,6	-2,1
1338	21.07.20 17:53:17	14,00	0,18	4,8	83,9	1,3
1339	21.07.20 17:53:18	14,00	0,15	7,8	81,7	-0,5
1340	21.07.20 17:53:19	14,00	0,15	7,2	82,0	-0,8
1341	21.07.20 17:53:20	14,00	0,15	4,2	84,9	-0,9
1342	21.07.20 17:53:21	14,00	0,15	4,3	82,7	-3,0
1343	21.07.20 17:53:22	14,00	0,15	4,2	81,8	-4,0
1344	21.07.20 17:53:23	14,00	0,15	2,2	84,5	-3,3
1345	21.07.20 17:53:24	14,03	0,18	2,3	84,8	-2,9
1346	21.07.20 17:53:25	14,03	0,15	2,9	83,9	-3,2
1347	21.07.20 17:53:26	14,03	0,15	4,9	82,5	-2,7
1348	21.07.20 17:53:27	14,03	0,15	4,5	83,0	-2,4
1349	21.07.20 17:53:28	14,03	0,15	3,4	84,1	-2,4
1350	21.07.20 17:53:29	14,06	0,13	2,3	84,4	-3,2
1351	21.07.20 17:53:30	14,06	0,15	3,2	83,4	-3,3
1352	21.07.20 17:53:31	14,06	0,15	3,2	84,4	-2,4
1353	21.07.20 17:53:32	14,06	0,15	4,0	83,8	-2,2
1354	21.07.20 17:53:33	14,06	0,15	3,6	83,5	-2,9
1355	21.07.20 17:53:34	14,06	0,15	3,7	82,3	-4,0
1356	21.07.20 17:53:35	14,06	0,15	4,6	82,8	-2,6
1357	21.07.20 17:53:36	14,09	0,18	4,7	83,9	-1,5
1358	21.07.20 17:53:37	14,09	0,18	6,0	82,8	-1,2
1359	21.07.20 17:53:38	14,09	0,18	7,1	82,1	-0,8
1360	21.07.20 17:53:39	14,09	0,18	5,1	83,3	-1,6
1361	21.07.20 17:53:40	14,09	0,18	5,2	84,1	-0,7
1362	21.07.20 17:53:41	14,12	0,18	4,8	84,5	-0,7
1363	21.07.20 17:53:42	14,12	0,18	5,3	81,7	-2,9
1364	21.07.20 17:53:43	14,12	0,15	2,7	83,6	-3,7
1365	21.07.20 17:53:44	14,12	0,15	1,4	85,4	-3,2
1366	21.07.20 17:53:45	14,12	0,15	3,8	83,5	-2,8
1367	21.07.20 17:53:46	14,15	0,15	5,5	82,2	-2,3
1368	21.07.20 17:53:47	14,15	0,15	6,2	82,4	-1,4
1369	21.07.20 17:53:48	14,15	0,15	6,0	78,6	-5,4
1370	21.07.20 17:53:49	14,15	0,15	32,4	35,8	-21,8
1371	21.07.20 17:53:50	14,15	0,15	33,7	-20,3	-36,0
1372	21.07.20 17:53:51	14,19	0,18	21,6	-5,6	-62,8
1373	21.07.20 17:53:52	14,19	0,18	35,5	10,0	-44,5
1374	21.07.20 17:53:53	14,19	0,15	25,7	33,1	-31,2
1375	21.07.20 17:53:54	14,19	0,18	24,2	64,5	-1,3
1376	21.07.20 17:53:55	14,22	0,18	6,2	76,6	7,1
1377	21.07.20 17:53:56	14,22	0,15	1,2	81,7	7,1
1378	21.07.20 17:53:57	14,22	0,15	1,4	83,0	5,5
1379	21.07.20 17:53:58	14,22	0,15	0,3	83,2	6,5
1380	21.07.20 17:53:59	14,25	0,15	-3,0	82,6	4,4
1381	21.07.20 17:54:00	14,25	0,15	-5,4	82,8	1,8
1382	21.07.20 17:54:01	14,25	0,13	-8,1	79,2	2,7
1383	21.07.20 17:54:02	14,25	0,15	-7,0	81,5	1,5
1384	21.07.20 17:54:03	14,25	0,15	-3,8	83,8	2,4
1385	21.07.20 17:54:04	14,28	0,15	-2,2	83,6	4,3
1386	21.07.20 17:54:05	14,28	0,13	0,3	84,4	5,3
1387	21.07.20 17:54:06	14,28	0,15	3,5	79,9	6,5
1388	21.07.20 17:54:07	14,28	0,13	3,7	78,8	7,4
1389	21.07.20 17:54:08	14,28	0,15	2,5	81,9	5,7
1390	21.07.20 17:54:09	14,31	0,18	1,7	83,7	4,6
1391	21.07.20 17:54:10	14,31	0,15	-1,5	82,1	6,4
1392	21.07.20 17:54:11	14,31	0,18	-3,9	81,5	4,6
1393	21.07.20 17:54:12	14,31	0,18	-3,7	84,7	1,7
1394	21.07.20 17:54:13	14,31	0,15	-4,6	81,5	4,0
1395	21.07.20 17:54:14	14,31	0,18	-2,7	82,2	5,1
1396	21.07.20 17:54:15	14,31	0,18	-0,2	86,6	3,2
1397	21.07.20 17:54:16	14,34	0,18	0,3	84,5	5,2
1398	21.07.20 17:54:17	14,34	0,15	1,0	82,4	6,6
1399	21.07.20 17:54:18	14,34	0,18	1,7	82,5	5,8
1400	21.07.20 17:54:19	14,34	0,18	1,0	82,7	6,3
1401	21.07.20 17:54:20	14,34	0,15	-2,2	83,2	4,6
1402	21.07.20 17:54:21	14,34	0,18	-3,4	83,0	3,6
1403	21.07.20 17:54:22	14,34	0,18	-3,2	82,5	4,3
1404	21.07.20 17:54:23	14,34	0,15	-3,6	83,6	2,9
1405	21.07.20 17:54:24	14,37	0,18	-4,4	81,3	4,4
1406	21.07.20 17:54:25	14,37	0,15	-2,4	84,0	3,6
1407	21.07.20 17:54:26	14,37	0,18	-0,6	84,7	4,7
1408	21.07.20 17:54:27	14,37	0,18	0,0	83,9	6,1
1409	21.07.20 17:54:28	14,37	0,18	1,5	81,6	6,9
1410	21.07.20 17:54:29	14,37	0,15	3,1	82,2	4,7
1411	21.07.20 17:54:30	14,37	0,15	0,4	84,3	5,3
1412	21.07.20 17:54:31	14,37	0,15	-1,5	82,8	5,8
1413	21.07.20 17:54:32	14,40	0,15	0,0	87,5	2,5
1414	21.07.20 17:54:33	14,40	0,15	-4,1	81,5	4,4
1415	21.07.20 17:54:34	14,40	0,15	-5,5	79,7	4,8
1416	21.07.20 17:54:35	14,40	0,18	-5,4	82,6	2,0
1417	21.07.20 17:54:36	14,40	0,15	-4,7	82,4	2,8
1418	21.07.20 17:54:37	14,43	0,15	-4,3	79,3	6,4
1419	21.07.20 17:54:38	14,43	0,15	-0,9	85,0	4,1
1420	21.07.20 17:54:39	14,43	0,15	2,1	82,7	5,2
1421	21.07.20 17:54:40	14,43	0,15	2,3	80,7	7,0
1422	21.07.20 17:54:41	14,43	0,18	2,6	82,7	4,6
1423	21.07.20 17:54:42	14,46	0,15	0,9	84,8	4,4
1424	21.07.20 17:54:43	14,46	0,18	-1,3	82,3	6,3
1425	21.07.20 17:54:44	14,46	0,15	0,2	84,2	5,6
1426	21.07.20 17:54:45	14,46	0,15	0,0	85,5	4,4
1427	21.07.20 17:54:46	14,46	0,15	-3,0	82,7	4,3
1428	21.07.20 17:54:47	14,46	0,15	-2,9	82,0	5,2
1429	21.07.20 17:54:48	14,46	0,18	-3,0	83,0	4,0
1430	21.07.20 17:54:49	14,49	0,15	-3,1	83,1	3,8
1431	21.07.20 17:54:50	14,49	0,15	-3,0	83,0	4,0
1432	21.07.20 17:54:51	14,49	0,15	-0,8	82,5	6,7
1433	21.07.20 17:54:52	14,49	0,15	18,4	-11,8	59,8
1434	21.07.20 17:54:53	14,49	0,18	-3,1	-32,4	54,5
1435	21.07.20 17:54:54	14,52	0,15	12,4	-13,1	64,5
1436	21.07.20 17:54:55	14,52	0,15	-21,7	4,0	64,3
1437	21.07.20 17:54:56	14,52	0,15	-13,3	-0,6	76,1
1438	21.07.20 17:54:57	14,55	0,18	-8,7	3,2	78,0
1439	21.07.20 17:54:58	14,55	0,15	-53,7	12,9	23,3
1440	21.07.20 17:54:59	14,55	0,18	-58,7	-2,4	28,9
1441	21.07.20 17:55:00	14,55	0,18	-37,3	45,6	7,1
1442	21.07.20 17:55:01	14,58	0,15	-19,4	37,1	33,4
1443	21.07.20 17:55:02	14,58	0,18	-15,8	50,4	23,8
1444	21.07.20 17:55:03	14,58	0,15	83,1	-3,7	3,2
1445	21.07.20 17:55:04	14,58	0,18	61,8	6,6	21,6
1446	21.07.20 17:55:05	14,62	0,15	46,1	14,0	29,9
1447	21.07.20 17:55:06	14,62	0,15	39,0	17,5	33,5
1448	21.07.20 17:55:07	14,62	0,15	42,5	11,3	36,2
1449	21.07.20 17:55:08	14,65	0,13	21,4	33,5	35,0
1450	21.07.20 17:55:09	14,65	0,13	41,8	19,2	29,0
1451	21.07.20 17:55:10	14,68	0,15	26,4	2,6	61,0
1452	21.07.20 17:55:11	14,68	0,15	-8,5	-9,9	71,6
1453	21.07.20 17:55:12	14,71	0,13	17,5	-65,4	7,2
1454	21.07.20 17:55:13	14,71	0,13	26,0	-40,8	23,2
1455	21.07.20 17:55:14	14,71	0,15	36,6	-8,7	44,7
1456	21.07.20 17:55:15	14,74	0,13	28,0	-19,7	42,3
1457	21.07.20 17:55:16	14,74	0,15	1,5	-28,7	59,7
1458	21.07.20 17:55:17	14,74	0,15	5,3	-22,1	62,7
1459	21.07.20 17:55:18	14,74	0,15	-4,5	-31,3	54,2
1460	21.07.20 17:55:19	14,77	0,15	8,0	33,1	48,8
1461	21.07.20 17:55:20	14,77	0,15	13,8	34,5	41,7
1462	21.07.20 17:55:21	14,77	0,15	16,6	33,0	40,4
1463	21.07.20 17:55:22	14,80	0,15	16,1	30,8	43,2
1464	21.07.20 17:55:23	14,80	0,18	16,0	32,1	42,0
1465	21.07.20 17:55:24	14,80	0,15	17,4	32,4	40,2
1466	21.07.20 17:55:25	14,80	0,15	17,5	34,2	38,3
1467	21.07.20 17:55:26	14,80	0,15	15,0	37,4	37,6
1468	21.07.20 17:55:27	14,83	0,15	17,5	32,5	40,0
1469	21.07.20 17:55:28	14,83	0,15	16,8	35,7	37,5
1470	21.07.20 17:55:29	14,83	0,13	18,4	35,7	35,9
1471	21.07.20 17:55:30	14,83	0,15	17,7	36,4	35,9
1472	21.07.20 17:55:31	14,83	0,15	15,3	34,9	39,8
1473	21.07.20 17:55:32	14,83	0,15	33,6	-1,6	54,9
1474	21.07.20 17:55:33	14,86	0,15	49,3	16,2	24,5
1475	21.07.20 17:55:34	14,86	0,11	20,7	-14,4	54,9
1476	21.07.20 17:55:35	14,95	0,04	29,2	-23,8	37,0
1477	21.07.20 17:55:36	15,04	0,04	5,7	-32,0	52,2
1478	21.07.20 17:55:37	15,10	0,04	-1,8	-27,4	60,9
1479	21.07.20 17:55:38	15,20	0,20	41,7	-8,8	39,5
1480	21.07.20 17:55:39	15,23	0,44	47,3	-9,3	33,4
1481	21.07.20 17:55:40	15,29	0,44	31,0	-26,1	32,8
1482	21.07.20 17:55:41	15,32	0,44	34,3	-25,2	30,4
1483	21.07.20 17:55:42	15,38	0,39	32,2	7,6	50,2
1484	21.07.20 17:55:43	15,47	0,34	-19,9	22,3	47,8
1485	21.07.20 17:55:44	15,56	0,39	-12,4	22,3	55,3
1486	21.07.20 17:55:45	15,65	0,36	-14,5	38,2	37,3
1487	21.07.20 17:55:46	15,71	0,39	9,1	-73,3	-7,5
1488	21.07.20 17:55:47	15,83	0,27	5,0	-52,1	32,9
1489	21.07.20 17:55:48	16,14	0,18	-73,2	7,4	-9,4
