#0	Date-time:	21/07/2020 7:21:29 PM
#1	Recorder:	26H0950
#2	File type:	1
#3	Columns:	7
#4	Channels:	5
#5	Field separation:	0
#6	Decimal point:	0
#7	Date def.:	0	0
#8	Time def.:	0
#9	Channel 1:	Temperature(°C)	Temp(°C)	2	1
#10	Channel 2:	Pressure(Bar)	Press(Bar)	2	1
#11	Reconvertion:	0
#14	Channel 3:	Tilt-X(°)	Tilt-X(°)	1	1
#18	Channel 4:	Tilt-Y(°)	Tilt-Y(°)	1	1
#19	Line color:	1	2	3	4
#22	Channel 5:	Tilt-Z(°)	Tilt-Z(°)	1	1
#30	Trend Type Number:	3
#33	Limit Temp. Corr. OTCR:	1
1	21.07.20 18:51:00	21,12	0,22	-9,3	8,3	72,4
2	21.07.20 18:51:01	21,12	0,22	-5,9	5,4	78,7
3	21.07.20 18:51:02	21,12	0,22	-7,0	8,8	74,3
4	21.07.20 18:51:03	21,12	0,22	-4,4	7,3	78,3
5	21.07.20 18:51:04	21,12	0,22	-3,7	2,1	84,2
6	21.07.20 18:51:05	21,12	0,22	-10,0	10,0	70,1
7	21.07.20 18:51:06	21,12	0,22	-6,5	6,8	76,6
8	21.07.20 18:51:07	21,12	0,20	-2,8	2,6	84,6
9	21.07.20 18:51:08	21,12	0,22	-5,0	8,0	77,0
10	21.07.20 18:51:09	21,12	0,22	-7,9	9,0	73,1
11	21.07.20 18:51:10	21,12	0,22	-2,6	1,8	85,6
12	21.07.20 18:51:11	21,12	0,22	-5,0	7,4	77,6
13	21.07.20 18:51:12	21,12	0,22	-8,2	8,1	73,7
14	21.07.20 18:51:13	21,12	0,22	-7,2	5,3	77,5
15	21.07.20 18:51:14	21,12	0,22	-3,1	4,9	81,9
16	21.07.20 18:51:15	21,12	0,22	-6,6	10,4	73,0
17	21.07.20 18:51:16	21,12	0,22	-7,7	7,0	75,3
18	21.07.20 18:51:17	21,09	0,22	-3,2	5,0	81,8
19	21.07.20 18:51:18	21,09	0,22	-8,0	8,7	73,3
20	21.07.20 18:51:19	21,09	0,22	-5,3	10,1	74,7
21	21.07.20 18:51:20	21,09	0,22	-5,4	6,0	78,6
22	21.07.20 18:51:21	21,09	0,22	-5,5	6,0	78,5
23	21.07.20 18:51:22	21,09	0,22	-7,5	9,7	72,8
24	21.07.20 18:51:23	21,09	0,22	-6,3	9,1	74,6
25	21.07.20 18:51:24	21,09	0,22	-3,0	3,2	83,9
26	21.07.20 18:51:25	21,09	0,22	-8,0	5,7	76,3
27	21.07.20 18:51:26	21,09	0,22	-9,0	8,6	72,3
28	21.07.20 18:51:27	21,09	0,22	-7,3	7,1	75,6
29	21.07.20 18:51:28	21,09	0,22	-2,9	4,2	82,9
30	21.07.20 18:51:29	21,09	0,22	-8,4	9,4	72,3
31	21.07.20 18:51:30	21,09	0,22	-8,9	5,5	75,6
32	21.07.20 18:51:31	21,09	0,22	-5,0	1,8	83,1
33	21.07.20 18:51:32	21,09	0,25	-8,1	10,0	71,9
34	21.07.20 18:51:33	21,09	0,22	-5,6	7,3	77,1
35	21.07.20 18:51:34	21,09	0,25	-5,1	4,2	80,7
36	21.07.20 18:51:35	21,09	0,22	-2,9	5,6	81,5
37	21.07.20 18:51:36	21,09	0,22	-7,2	10,9	71,8
38	21.07.20 18:51:37	21,09	0,25	-4,9	7,1	78,0
39	21.07.20 18:51:38	21,09	0,25	-2,4	5,1	82,5
40	21.07.20 18:51:39	21,06	0,22	-3,5	9,1	77,4
41	21.07.20 18:51:40	21,06	0,22	-2,9	6,4	80,7
42	21.07.20 18:51:41	21,06	0,22	-7,9	10,5	71,6
43	21.07.20 18:51:42	21,06	0,25	-2,5	6,2	81,3
44	21.07.20 18:51:43	21,06	0,22	-2,8	4,8	82,4
45	21.07.20 18:51:44	21,06	0,22	-5,3	9,9	74,8
46	21.07.20 18:51:45	21,06	0,22	-5,3	7,3	77,4
47	21.07.20 18:51:46	21,06	0,25	-2,4	6,6	81,0
48	21.07.20 18:51:47	21,06	0,22	-5,3	9,2	75,5
49	21.07.20 18:51:48	21,06	0,22	-6,2	7,6	76,2
50	21.07.20 18:51:49	21,06	0,25	-1,6	3,7	84,7
51	21.07.20 18:51:50	21,06	0,22	-4,5	7,0	78,5
52	21.07.20 18:51:51	21,06	0,22	-7,0	9,1	73,9
53	21.07.20 18:51:52	21,06	0,22	-1,2	5,2	83,6
54	21.07.20 18:51:53	21,06	0,22	-5,0	9,4	75,7
55	21.07.20 18:51:54	21,06	0,25	-4,1	8,6	77,3
56	21.07.20 18:51:55	21,06	0,25	-0,9	5,3	83,8
57	21.07.20 18:51:56	21,06	0,22	-4,4	8,3	77,2
58	21.07.20 18:51:57	21,06	0,22	-4,2	9,8	75,9
59	21.07.20 18:51:58	21,06	0,22	-3,9	7,9	78,2
60	21.07.20 18:51:59	21,06	0,22	-3,4	6,9	79,7
61	21.07.20 18:52:00	21,06	0,22	-3,7	3,4	82,9
62	21.07.20 18:52:01	21,06	0,25	-7,5	8,8	73,7
63	21.07.20 18:52:02	21,06	0,25	-5,2	5,1	79,8
64	21.07.20 18:52:03	21,06	0,22	-6,2	4,8	79,0
65	21.07.20 18:52:04	21,06	0,22	-7,1	7,6	75,3
66	21.07.20 18:52:05	21,03	0,20	-6,5	7,1	76,4
67	21.07.20 18:52:06	21,03	0,20	-8,6	6,7	74,7
68	21.07.20 18:52:07	21,03	0,20	-6,8	8,0	75,2
69	21.07.20 18:52:08	21,03	0,22	-5,6	6,7	77,7
70	21.07.20 18:52:09	21,03	0,20	-7,7	8,3	74,0
71	21.07.20 18:52:10	21,03	0,22	-7,1	6,8	76,1
72	21.07.20 18:52:11	21,03	0,22	-6,1	4,7	79,2
73	21.07.20 18:52:12	21,03	0,22	-8,4	8,6	72,9
74	21.07.20 18:52:13	21,03	0,20	-7,2	8,0	74,8
75	21.07.20 18:52:14	21,03	0,20	-4,8	4,8	80,4
76	21.07.20 18:52:15	21,03	0,20	-7,5	7,7	74,8
77	21.07.20 18:52:16	21,03	0,22	-9,0	9,4	71,6
78	21.07.20 18:52:17	21,03	0,22	-3,7	5,8	80,5
79	21.07.20 18:52:18	21,03	0,20	-6,1	5,6	78,2
80	21.07.20 18:52:19	21,03	0,22	-11,5	10,2	68,3
81	21.07.20 18:52:20	21,03	0,22	-4,8	5,7	79,5
82	21.07.20 18:52:21	21,03	0,20	-6,4	7,9	75,8
83	21.07.20 18:52:22	21,03	0,22	-7,7	9,4	72,9
84	21.07.20 18:52:23	21,03	0,22	-5,9	6,6	77,5
85	21.07.20 18:52:24	21,03	0,20	-6,8	5,3	77,9
86	21.07.20 18:52:25	21,03	0,22	-9,0	9,2	71,8
87	21.07.20 18:52:26	21,03	0,22	-6,0	5,1	78,9
88	21.07.20 18:52:27	21,03	0,22	-4,5	6,1	79,3
89	21.07.20 18:52:28	21,03	0,20	-8,7	7,5	73,8
90	21.07.20 18:52:29	21,00	0,22	-7,9	7,6	74,6
91	21.07.20 18:52:30	21,00	0,22	-5,6	7,0	77,4
92	21.07.20 18:52:31	21,00	0,22	-4,2	5,4	80,4
93	21.07.20 18:52:32	21,00	0,22	-8,5	10,7	70,7
94	21.07.20 18:52:33	21,00	0,22	-6,4	6,3	77,3
95	21.07.20 18:52:34	21,00	0,20	-5,8	4,5	79,7
96	21.07.20 18:52:35	21,00	0,22	-5,8	9,2	75,0
97	21.07.20 18:52:36	21,00	0,20	-9,1	7,3	73,6
98	21.07.20 18:52:37	21,00	0,22	-6,9	7,1	76,0
99	21.07.20 18:52:38	21,00	0,20	-3,8	7,3	78,9
100	21.07.20 18:52:39	21,00	0,22	-5,0	4,8	80,2
101	21.07.20 18:52:40	21,00	0,22	-10,6	7,4	71,9
102	21.07.20 18:52:41	21,00	0,22	-7,8	8,2	74,0
103	21.07.20 18:52:42	21,00	0,20	-5,2	7,2	77,6
104	21.07.20 18:52:43	21,00	0,22	-5,2	7,9	76,9
105	21.07.20 18:52:44	21,00	0,20	-6,8	7,4	75,8
106	21.07.20 18:52:45	21,00	0,20	-6,8	3,0	80,2
107	21.07.20 18:52:46	21,00	0,22	-9,4	8,8	71,8
108	21.07.20 18:52:47	21,00	0,20	-7,2	7,9	74,9
109	21.07.20 18:52:48	21,00	0,22	-6,1	6,0	77,9
110	21.07.20 18:52:49	21,00	0,20	-6,2	6,1	77,7
111	21.07.20 18:52:50	21,00	0,22	-4,8	7,4	77,8
112	21.07.20 18:52:51	21,00	0,20	-9,1	7,4	73,5
113	21.07.20 18:52:52	21,00	0,20	-5,2	5,5	79,3
114	21.07.20 18:52:53	21,00	0,20	-6,7	8,7	74,7
115	21.07.20 18:52:54	21,00	0,22	-6,6	6,1	77,3
116	21.07.20 18:52:55	21,00	0,22	-5,9	7,1	77,0
117	21.07.20 18:52:56	21,00	0,20	-6,9	8,9	74,3
118	21.07.20 18:52:57	21,00	0,22	-6,0	7,3	76,7
119	21.07.20 18:52:58	21,00	0,22	-2,7	4,2	83,1
120	21.07.20 18:52:59	21,00	0,22	-8,5	9,9	71,7
121	21.07.20 18:53:00	21,00	0,22	-7,5	10,2	72,3
122	21.07.20 18:53:01	20,97	0,22	-2,5	7,3	80,2
123	21.07.20 18:53:02	20,97	0,22	-3,5	6,4	80,1
124	21.07.20 18:53:03	20,97	0,22	-6,4	8,2	75,4
125	21.07.20 18:53:04	20,97	0,20	-11,1	8,5	70,4
126	21.07.20 18:53:05	20,97	0,20	-6,6	4,5	78,8
127	21.07.20 18:53:06	20,97	0,22	-6,1	4,1	79,8
128	21.07.20 18:53:07	20,97	0,20	-11,3	4,1	74,6
129	21.07.20 18:53:08	20,97	0,22	-13,9	-1,0	75,1
130	21.07.20 18:53:09	20,97	0,22	-10,1	-4,7	75,2
131	21.07.20 18:53:10	20,97	0,22	-13,3	4,4	72,3
132	21.07.20 18:53:11	20,97	0,20	-8,4	-2,7	78,8
133	21.07.20 18:53:12	20,97	0,22	-9,5	1,4	79,1
134	21.07.20 18:53:13	20,97	0,22	-12,6	-2,6	74,8
135	21.07.20 18:53:14	20,97	0,22	-7,3	-1,5	81,2
136	21.07.20 18:53:15	20,97	0,20	-4,9	-3,4	81,8
137	21.07.20 18:53:16	20,97	0,20	-7,1	-3,4	79,4
138	21.07.20 18:53:17	20,97	0,22	-10,3	-2,7	77,0
139	21.07.20 18:53:18	20,97	0,22	-8,6	-3,5	78,0
140	21.07.20 18:53:19	20,97	0,22	-7,2	-3,8	79,0
141	21.07.20 18:53:20	20,97	0,20	-8,2	-1,8	80,0
142	21.07.20 18:53:21	20,97	0,22	-5,4	-1,3	83,2
143	21.07.20 18:53:22	20,97	0,20	-5,5	0,1	84,5
144	21.07.20 18:53:23	20,97	0,22	-7,2	0,6	82,2
145	21.07.20 18:53:24	20,94	0,22	-8,6	0,5	81,0
146	21.07.20 18:53:25	20,94	0,22	-7,9	-2,3	79,8
147	21.07.20 18:53:26	20,94	0,22	-6,0	-2,6	81,4
148	21.07.20 18:53:27	20,94	0,22	-4,7	3,6	81,7
149	21.07.20 18:53:28	20,94	0,22	-6,5	5,6	77,9
150	21.07.20 18:53:29	20,94	0,22	-6,2	1,5	82,2
151	21.07.20 18:53:30	20,94	0,22	-6,3	-1,1	82,6
152	21.07.20 18:53:31	20,94	0,22	-7,5	1,6	81,0
153	21.07.20 18:53:32	20,94	0,22	-7,0	2,8	80,3
154	21.07.20 18:53:33	20,94	0,22	-6,2	1,1	82,7
155	21.07.20 18:53:34	20,94	0,22	-6,8	-0,2	83,0
156	21.07.20 18:53:35	20,94	0,22	-5,5	3,4	81,1
157	21.07.20 18:53:36	20,94	0,22	-9,4	-0,7	79,9
158	21.07.20 18:53:37	20,94	0,20	-9,5	-3,8	76,7
159	21.07.20 18:53:38	20,94	0,22	-9,2	-2,6	78,3
160	21.07.20 18:53:39	20,94	0,22	-8,1	-1,5	80,4
161	21.07.20 18:53:40	20,94	0,22	-12,4	2,2	75,4
162	21.07.20 18:53:41	20,94	0,22	-22,8	34,0	33,3
163	21.07.20 18:53:42	20,94	0,20	1,5	87,6	0,8
164	21.07.20 18:53:43	20,94	0,22	33,4	56,1	0,4
165	21.07.20 18:53:44	20,94	0,22	32,2	57,8	0,0
166	21.07.20 18:53:45	20,94	0,22	33,3	56,1	-0,7
167	21.07.20 18:53:46	20,94	0,22	40,0	46,0	3,9
168	21.07.20 18:53:47	20,94	0,22	58,5	28,6	3,0
169	21.07.20 18:53:48	20,94	0,22	56,4	24,9	8,6
170	21.07.20 18:53:49	20,94	0,22	60,1	21,9	8,0
171	21.07.20 18:53:50	20,94	0,22	57,7	28,5	3,8
172	21.07.20 18:53:51	20,92	0,20	56,9	28,9	4,1
173	21.07.20 18:53:52	20,92	0,25	56,9	29,9	3,2
174	21.07.20 18:53:53	20,92	0,22	58,2	27,7	4,1
175	21.07.20 18:53:54	20,92	0,22	60,5	28,3	1,2
176	21.07.20 18:53:55	20,92	0,22	62,6	6,0	21,4
177	21.07.20 18:53:56	20,92	0,22	63,4	8,4	18,1
178	21.07.20 18:53:57	20,92	0,22	63,5	9,8	16,7
179	21.07.20 18:53:58	20,92	0,22	63,6	8,0	18,4
180	21.07.20 18:53:59	20,92	0,22	64,0	8,8	17,2
181	21.07.20 18:54:00	20,92	0,22	62,0	9,8	18,2
182	21.07.20 18:54:01	20,92	0,20	62,3	8,1	19,6
183	21.07.20 18:54:02	20,92	0,22	59,6	10,2	20,2
184	21.07.20 18:54:03	20,92	0,22	60,4	9,0	20,6
185	21.07.20 18:54:04	20,92	0,22	62,7	7,6	19,7
186	21.07.20 18:54:05	20,92	0,22	61,5	10,3	18,2
187	21.07.20 18:54:06	20,92	0,22	61,4	9,3	19,3
188	21.07.20 18:54:07	20,92	0,22	63,5	8,4	18,2
189	21.07.20 18:54:08	20,92	0,22	65,2	8,9	15,9
190	21.07.20 18:54:09	20,92	0,22	67,5	8,9	13,6
191	21.07.20 18:54:10	20,92	0,22	70,3	8,7	11,1
192	21.07.20 18:54:11	20,89	0,20	71,1	9,1	9,7
193	21.07.20 18:54:12	20,92	0,22	74,0	8,0	8,0
194	21.07.20 18:54:13	20,89	0,22	73,2	7,7	9,0
195	21.07.20 18:54:14	20,89	0,22	72,5	8,3	9,2
196	21.07.20 18:54:15	20,89	0,22	71,2	8,9	9,9
197	21.07.20 18:54:16	20,89	0,22	71,6	8,1	10,4
198	21.07.20 18:54:17	20,89	0,22	68,6	8,0	13,4
199	21.07.20 18:54:18	20,89	0,22	65,8	9,1	15,0
200	21.07.20 18:54:19	20,89	0,22	65,0	8,8	16,2
201	21.07.20 18:54:20	20,89	0,20	64,9	7,9	17,3
202	21.07.20 18:54:21	20,89	0,22	64,0	10,2	15,8
203	21.07.20 18:54:22	20,89	0,22	67,3	8,5	14,3
204	21.07.20 18:54:23	20,89	0,22	65,5	6,9	17,6
205	21.07.20 18:54:24	20,89	0,25	61,0	9,9	19,1
206	21.07.20 18:54:25	20,89	0,22	62,7	9,2	18,1
207	21.07.20 18:54:26	20,89	0,22	61,8	7,8	20,3
208	21.07.20 18:54:27	20,89	0,25	60,1	8,9	21,0
209	21.07.20 18:54:28	20,89	0,22	60,5	9,2	20,3
210	21.07.20 18:54:29	20,89	0,22	60,5	9,7	19,8
211	21.07.20 18:54:30	20,89	0,22	62,7	8,8	18,5
212	21.07.20 18:54:31	20,89	0,22	63,3	8,7	17,9
213	21.07.20 18:54:32	20,89	0,22	63,8	9,1	17,1
214	21.07.20 18:54:33	20,89	0,22	61,9	10,7	17,4
215	21.07.20 18:54:34	20,89	0,22	53,7	15,6	20,7
216	21.07.20 18:54:35	20,89	0,22	53,3	17,1	19,6
217	21.07.20 18:54:36	20,89	0,22	53,2	17,4	19,4
218	21.07.20 18:54:37	20,89	0,22	54,2	16,1	19,6
219	21.07.20 18:54:38	20,86	0,22	54,8	17,0	18,2
220	21.07.20 18:54:39	20,86	0,22	57,0	17,1	16,0
221	21.07.20 18:54:40	20,86	0,22	55,9	18,1	16,0
222	21.07.20 18:54:41	20,86	0,22	54,7	18,9	16,4
223	21.07.20 18:54:42	20,86	0,22	52,7	19,2	18,1
224	21.07.20 18:54:43	20,86	0,22	51,6	18,6	19,9
225	21.07.20 18:54:44	20,86	0,22	50,8	19,7	19,5
226	21.07.20 18:54:45	20,86	0,20	52,9	18,8	18,3
227	21.07.20 18:54:46	20,86	0,20	54,8	17,8	17,5
228	21.07.20 18:54:47	20,86	0,22	55,0	19,2	15,8
229	21.07.20 18:54:48	20,86	0,22	54,9	18,9	16,2
230	21.07.20 18:54:49	20,86	0,22	53,2	18,3	18,6
231	21.07.20 18:54:50	20,86	0,22	51,9	19,0	19,0
232	21.07.20 18:54:51	20,86	0,22	52,0	18,7	19,3
233	21.07.20 18:54:52	20,86	0,22	52,7	16,7	20,6
234	21.07.20 18:54:53	20,86	0,22	52,1	18,4	19,4
235	21.07.20 18:54:54	20,86	0,22	53,0	20,7	16,4
236	21.07.20 18:54:55	20,86	0,22	56,5	18,4	15,1
237	21.07.20 18:54:56	20,86	0,22	55,3	17,3	17,4
238	21.07.20 18:54:57	20,86	0,22	53,2	17,6	19,2
239	21.07.20 18:54:58	20,86	0,25	51,0	19,8	19,3
240	21.07.20 18:54:59	20,86	0,22	49,8	20,4	19,8
241	21.07.20 18:55:00	20,86	0,22	51,3	18,9	19,9
242	21.07.20 18:55:01	20,86	0,25	49,7	19,7	20,6
243	21.07.20 18:55:02	20,86	0,22	61,6	17,2	-11,2
244	21.07.20 18:55:03	20,86	0,22	40,6	43,2	-6,2
245	21.07.20 18:55:04	20,86	0,22	24,6	63,6	1,8
246	21.07.20 18:55:05	20,86	0,25	31,3	58,0	-0,6
247	21.07.20 18:55:06	20,83	0,25	21,3	67,2	-1,4
248	21.07.20 18:55:07	20,83	0,22	25,5	62,6	-1,9
249	21.07.20 18:55:08	20,83	0,22	36,6	48,4	5,0
250	21.07.20 18:55:09	20,83	0,22	39,0	30,7	-20,3
251	21.07.20 18:55:10	20,83	0,25	34,9	9,6	-45,5
252	21.07.20 18:55:11	20,83	0,22	49,5	-13,2	-27,3
253	21.07.20 18:55:12	20,83	0,22	38,4	-13,3	-38,2
254	21.07.20 18:55:13	20,83	0,22	12,0	50,8	-27,2
255	21.07.20 18:55:14	20,83	0,22	9,1	72,7	-8,3
256	21.07.20 18:55:15	20,83	0,22	12,8	46,4	-30,7
257	21.07.20 18:55:16	20,83	0,25	33,5	52,6	3,9
258	21.07.20 18:55:17	20,83	0,22	23,5	62,3	4,2
259	21.07.20 18:55:18	20,83	0,22	12,5	24,5	-53,0
260	21.07.20 18:55:19	20,83	0,22	1,7	5,9	-82,5
261	21.07.20 18:55:20	20,83	0,25	1,0	5,8	-83,3
262	21.07.20 18:55:21	20,83	0,22	-1,7	4,0	-84,3
263	21.07.20 18:55:22	20,83	0,22	1,5	1,3	-87,2
264	21.07.20 18:55:23	20,83	0,22	-1,9	0,5	-87,6
265	21.07.20 18:55:24	20,83	0,22	1,4	2,0	-86,6
266	21.07.20 18:55:25	20,83	0,22	3,0	2,4	-84,6
267	21.07.20 18:55:26	20,83	0,25	2,6	2,6	-84,8
268	21.07.20 18:55:27	20,83	0,25	2,6	1,4	-86,0
269	21.07.20 18:55:28	20,83	0,22	3,1	2,2	-84,7
270	21.07.20 18:55:29	20,83	0,22	2,7	1,8	-85,5
271	21.07.20 18:55:30	20,83	0,22	1,5	1,9	-86,6
272	21.07.20 18:55:31	20,83	0,22	-1,0	-7,7	-81,3
273	21.07.20 18:55:32	20,83	0,22	-1,9	-29,9	-58,2
274	21.07.20 18:55:33	20,83	0,22	-2,3	-31,8	-55,9
275	21.07.20 18:55:34	20,83	0,25	-0,3	-32,2	-57,5
276	21.07.20 18:55:35	20,83	0,22	1,9	-30,6	-57,5
277	21.07.20 18:55:36	20,83	0,22	0,3	-32,0	-57,7
278	21.07.20 18:55:37	20,83	0,22	-4,3	-30,7	-54,9
279	21.07.20 18:55:38	20,83	0,22	-2,0	-31,5	-56,4
280	21.07.20 18:55:39	20,83	0,22	77,5	-1,2	11,3
281	21.07.20 18:55:40	20,77	0,29	48,0	-37,4	4,6
282	21.07.20 18:55:41	20,62	0,41	80,8	2,1	7,2
283	21.07.20 18:55:42	20,56	0,44	35,6	33,5	20,9
284	21.07.20 18:55:43	20,53	0,36	22,2	64,4	3,4
285	21.07.20 18:55:44	20,42	0,44	25,2	53,9	10,9
286	21.07.20 18:55:45	20,27	0,46	26,8	63,0	-0,1
287	21.07.20 18:55:46	20,18	0,51	36,5	47,1	-6,4
288	21.07.20 18:55:47	20,15	0,51	35,9	49,4	-4,6
289	21.07.20 18:55:48	20,12	0,46	31,1	43,3	15,6
290	21.07.20 18:55:49	20,09	0,46	32,3	13,8	44,0
291	21.07.20 18:55:50	20,09	0,46	20,0	13,0	57,0
292	21.07.20 18:55:51	20,06	0,46	29,1	13,1	47,8
293	21.07.20 18:55:52	20,04	0,52	33,7	9,5	46,8
294	21.07.20 18:55:53	20,01	0,51	34,0	16,6	39,4
295	21.07.20 18:55:54	19,95	0,48	32,2	22,1	35,7
296	21.07.20 18:55:55	19,89	0,44	25,9	32,1	32,0
297	21.07.20 18:55:56	19,89	0,44	32,9	9,7	47,3
298	21.07.20 18:55:57	19,89	0,44	27,6	16,9	45,5
299	21.07.20 18:55:58	19,89	0,46	19,4	20,9	49,7
300	21.07.20 18:55:59	19,86	0,44	27,2	8,8	54,0
301	21.07.20 18:56:00	19,83	0,44	28,6	10,8	50,6
302	21.07.20 18:56:01	19,80	0,52	43,0	15,5	31,5
303	21.07.20 18:56:02	19,74	0,53	34,8	18,3	36,9
304	21.07.20 18:56:03	19,71	0,48	29,0	18,0	43,1
305	21.07.20 18:56:04	19,68	0,46	24,2	29,7	36,1
306	21.07.20 18:56:05	19,65	0,46	38,1	10,7	41,2
307	21.07.20 18:56:06	19,62	0,50	32,2	15,2	42,6
308	21.07.20 18:56:07	19,59	0,46	20,1	35,5	34,4
309	21.07.20 18:56:08	19,59	0,52	44,7	10,0	35,3
310	21.07.20 18:56:09	19,59	0,46	35,7	15,4	38,9
311	21.07.20 18:56:10	19,56	0,49	27,2	26,8	35,9
312	21.07.20 18:56:11	19,53	0,46	34,7	21,0	34,3
313	21.07.20 18:56:12	19,53	0,46	37,1	17,6	35,3
314	21.07.20 18:56:13	19,53	0,46	39,9	13,7	36,4
315	21.07.20 18:56:14	19,53	0,49	29,3	27,1	33,6
316	21.07.20 18:56:15	19,53	0,51	57,6	10,9	21,5
317	21.07.20 18:56:16	19,50	0,53	49,7	14,8	25,5
318	21.07.20 18:56:17	19,48	0,51	27,5	26,2	36,3
319	21.07.20 18:56:18	19,48	0,51	30,7	32,4	26,9
320	21.07.20 18:56:19	19,45	0,46	44,5	6,4	39,1
321	21.07.20 18:56:20	19,42	0,46	32,4	17,8	39,8
322	21.07.20 18:56:21	19,42	0,50	33,9	18,4	37,7
323	21.07.20 18:56:22	19,39	0,46	26,1	26,9	37,0
324	21.07.20 18:56:23	19,39	0,46	40,7	12,6	36,6
325	21.07.20 18:56:24	19,39	0,44	49,8	5,7	34,6
326	21.07.20 18:56:25	19,36	0,52	50,3	17,6	22,1
327	21.07.20 18:56:26	19,36	0,54	35,2	25,4	29,5
328	21.07.20 18:56:27	19,33	0,49	33,4	20,2	36,4
329	21.07.20 18:56:28	19,33	0,46	31,7	20,0	38,3
330	21.07.20 18:56:29	19,30	0,46	28,5	23,4	38,1
331	21.07.20 18:56:30	19,27	0,48	26,3	31,3	32,3
332	21.07.20 18:56:31	19,27	0,48	38,6	23,7	27,6
333	21.07.20 18:56:32	19,24	0,55	43,1	17,7	29,2
334	21.07.20 18:56:33	19,24	0,57	52,8	11,7	25,5
335	21.07.20 18:56:34	19,21	0,64	52,3	17,4	20,2
336	21.07.20 18:56:35	19,21	0,67	50,8	16,0	23,2
337	21.07.20 18:56:36	19,18	0,69	44,4	23,0	22,6
338	21.07.20 18:56:37	19,18	0,69	53,1	21,0	15,9
339	21.07.20 18:56:38	19,18	0,69	53,9	17,3	18,7
340	21.07.20 18:56:39	19,18	0,69	40,9	17,8	31,2
341	21.07.20 18:56:40	19,18	0,71	39,6	19,5	30,9
342	21.07.20 18:56:41	19,15	0,71	43,2	21,4	25,5
343	21.07.20 18:56:42	19,15	0,71	41,0	20,9	28,0
344	21.07.20 18:56:43	19,15	0,68	38,1	23,7	28,2
345	21.07.20 18:56:44	19,15	0,71	43,1	19,5	27,3
346	21.07.20 18:56:45	19,12	0,66	35,0	23,7	31,2
347	21.07.20 18:56:46	19,12	0,63	41,9	16,0	32,0
348	21.07.20 18:56:47	19,12	0,61	34,8	20,0	35,3
349	21.07.20 18:56:48	19,12	0,61	35,4	21,5	33,1
350	21.07.20 18:56:49	19,09	0,56	25,1	9,1	55,8
351	21.07.20 18:56:50	19,09	0,51	20,5	14,0	55,5
352	21.07.20 18:56:51	19,09	0,46	16,0	21,2	52,8
353	21.07.20 18:56:52	19,06	0,49	38,3	6,1	45,6
354	21.07.20 18:56:53	19,06	0,46	19,2	19,0	51,8
355	21.07.20 18:56:54	19,06	0,44	21,9	25,7	42,5
356	21.07.20 18:56:55	19,03	0,44	36,1	-1,6	52,3
357	21.07.20 18:56:56	19,03	0,41	19,7	18,1	52,2
358	21.07.20 18:56:57	19,03	0,46	33,0	3,2	53,8
359	21.07.20 18:56:58	19,03	0,44	24,6	8,9	56,5
360	21.07.20 18:56:59	19,03	0,46	32,6	11,8	45,7
361	21.07.20 18:57:00	19,00	0,46	29,2	14,8	46,0
362	21.07.20 18:57:01	19,00	0,46	32,2	12,8	45,1
363	21.07.20 18:57:02	19,00	0,46	28,2	12,1	49,7
364	21.07.20 18:57:03	18,97	0,44	16,8	15,2	58,0
365	21.07.20 18:57:04	18,97	0,46	25,1	18,8	46,1
366	21.07.20 18:57:05	18,97	0,44	19,5	32,3	38,2
367	21.07.20 18:57:06	18,94	0,50	34,3	12,5	43,2
368	21.07.20 18:57:07	18,94	0,50	28,0	12,9	49,2
369	21.07.20 18:57:08	18,94	0,50	22,8	14,6	52,7
370	21.07.20 18:57:09	18,94	0,50	28,0	12,6	49,4
371	21.07.20 18:57:10	18,94	0,54	32,2	12,7	45,1
372	21.07.20 18:57:11	18,94	0,54	32,9	6,3	50,8
373	21.07.20 18:57:12	18,94	0,57	31,1	2,2	56,7
374	21.07.20 18:57:13	18,91	0,54	26,1	-3,4	60,5
375	21.07.20 18:57:14	18,91	0,56	39,8	0,2	50,0
376	21.07.20 18:57:15	18,88	0,56	43,9	-1,8	44,3
377	21.07.20 18:57:16	18,88	0,56	41,7	0,8	47,5
378	21.07.20 18:57:17	18,86	0,53	32,6	9,9	47,6
379	21.07.20 18:57:18	18,86	0,51	34,6	6,5	48,9
380	21.07.20 18:57:19	18,86	0,53	28,6	8,0	53,4
381	21.07.20 18:57:20	18,86	0,49	20,8	14,3	55,0
382	21.07.20 18:57:21	18,86	0,53	35,3	3,3	51,4
383	21.07.20 18:57:22	18,86	0,58	39,6	16,0	34,4
384	21.07.20 18:57:23	18,83	0,62	46,7	12,3	31,0
385	21.07.20 18:57:24	18,83	0,58	30,8	12,4	46,8
386	21.07.20 18:57:25	18,83	0,55	34,4	11,2	44,4
387	21.07.20 18:57:26	18,83	0,55	32,6	9,2	48,2
388	21.07.20 18:57:27	18,83	0,55	38,7	12,8	38,5
389	21.07.20 18:57:28	18,83	0,58	36,9	15,0	38,0
390	21.07.20 18:57:29	18,83	0,60	37,8	18,9	33,3
391	21.07.20 18:57:30	18,80	0,65	45,0	22,8	22,2
392	21.07.20 18:57:31	18,83	0,67	41,8	19,4	28,9
393	21.07.20 18:57:32	18,80	0,65	38,2	20,3	31,5
394	21.07.20 18:57:33	18,83	0,65	36,6	19,9	33,5
395	21.07.20 18:57:34	18,83	0,65	36,4	15,7	37,9
396	21.07.20 18:57:35	18,83	0,62	40,9	14,1	35,1
397	21.07.20 18:57:36	18,80	0,65	43,6	19,8	26,6
398	21.07.20 18:57:37	18,80	0,69	47,7	22,6	19,7
399	21.07.20 18:57:38	18,80	0,74	51,6	20,6	17,8
400	21.07.20 18:57:39	18,80	0,72	45,7	19,0	25,3
401	21.07.20 18:57:40	18,80	0,74	45,6	14,5	29,9
402	21.07.20 18:57:41	18,77	0,76	47,9	18,2	23,8
403	21.07.20 18:57:42	18,77	0,76	49,8	15,5	24,7
404	21.07.20 18:57:43	18,77	0,78	49,2	11,9	28,9
405	21.07.20 18:57:44	18,77	0,78	50,3	10,5	29,2
406	21.07.20 18:57:45	18,77	0,78	51,9	11,1	26,9
407	21.07.20 18:57:46	18,74	0,83	54,6	11,0	24,4
408	21.07.20 18:57:47	18,71	0,82	57,6	10,9	21,4
409	21.07.20 18:57:48	18,71	0,87	60,4	9,9	19,8
410	21.07.20 18:57:49	18,71	0,87	56,0	9,5	24,5
411	21.07.20 18:57:50	18,71	0,87	54,7	8,7	26,7
412	21.07.20 18:57:51	18,71	0,89	56,5	7,6	25,9
413	21.07.20 18:57:52	18,71	0,92	55,8	7,6	26,6
414	21.07.20 18:57:53	18,71	0,94	60,0	6,0	23,9
415	21.07.20 18:57:54	18,71	0,96	63,9	3,1	22,9
416	21.07.20 18:57:55	18,71	0,94	49,5	0,9	39,6
417	21.07.20 18:57:56	18,68	0,91	35,8	0,2	54,0
418	21.07.20 18:57:57	18,68	0,91	38,9	-4,4	46,7
419	21.07.20 18:57:58	18,65	0,96	47,0	-4,4	38,6
420	21.07.20 18:57:59	18,62	0,95	49,6	-3,7	36,7
421	21.07.20 18:58:00	18,59	0,98	53,8	-5,5	30,7
422	21.07.20 18:58:01	18,59	1,00	54,5	-5,8	29,8
423	21.07.20 18:58:02	18,56	1,00	51,2	-1,5	37,3
424	21.07.20 18:58:03	18,56	1,00	47,7	0,4	42,0
425	21.07.20 18:58:04	18,53	0,99	37,9	-2,6	49,4
426	21.07.20 18:58:05	18,53	0,97	28,8	-4,4	56,8
427	21.07.20 18:58:06	18,53	0,97	25,5	-8,3	56,2
428	21.07.20 18:58:07	18,47	0,99	40,0	-4,7	45,3
429	21.07.20 18:58:08	18,47	1,01	40,8	-5,4	43,8
430	21.07.20 18:58:09	18,44	1,01	49,8	-4,6	35,6
431	21.07.20 18:58:10	18,44	1,01	44,4	-4,9	40,7
432	21.07.20 18:58:11	18,44	1,03	48,5	-0,1	41,4
433	21.07.20 18:58:12	18,44	0,98	37,2	3,4	49,5
434	21.07.20 18:58:13	18,41	0,96	34,7	4,9	50,4
435	21.07.20 18:58:14	18,41	0,93	35,3	3,9	50,7
436	21.07.20 18:58:15	18,41	0,93	37,4	3,9	48,8
437	21.07.20 18:58:16	18,38	0,95	38,9	-1,2	49,9
438	21.07.20 18:58:17	18,38	0,98	47,0	-0,8	42,3
439	21.07.20 18:58:18	18,38	0,98	49,3	0,9	39,8
440	21.07.20 18:58:19	18,38	0,98	41,0	1,6	47,4
441	21.07.20 18:58:20	18,35	0,97	46,7	0,2	43,0
442	21.07.20 18:58:21	18,35	1,00	54,8	-1,0	34,3
443	21.07.20 18:58:22	18,35	1,00	51,0	1,6	37,4
444	21.07.20 18:58:23	18,32	0,97	46,5	3,4	40,0
445	21.07.20 18:58:24	18,29	0,99	50,6	1,8	37,6
446	21.07.20 18:58:25	18,29	1,01	51,0	3,3	35,7
447	21.07.20 18:58:26	18,29	1,01	49,2	5,4	35,4
448	21.07.20 18:58:27	18,26	1,01	54,1	5,2	30,6
449	21.07.20 18:58:28	18,26	1,04	62,7	6,6	20,7
450	21.07.20 18:58:29	18,26	1,06	61,6	6,6	21,8
451	21.07.20 18:58:30	18,23	1,06	51,7	5,9	32,4
452	21.07.20 18:58:31	18,23	1,06	62,1	6,0	21,9
453	21.07.20 18:58:32	18,23	1,10	63,2	8,3	18,5
454	21.07.20 18:58:33	18,23	1,10	58,3	11,9	19,8
455	21.07.20 18:58:34	18,23	1,13	63,9	12,0	14,1
456	21.07.20 18:58:35	18,23	1,17	73,7	10,8	5,5
457	21.07.20 18:58:36	18,23	1,22	65,7	9,8	14,5
458	21.07.20 18:58:37	18,23	1,20	51,6	10,1	28,3
459	21.07.20 18:58:38	18,23	1,20	63,0	9,0	17,9
460	21.07.20 18:58:39	18,20	1,24	71,5	7,3	11,1
461	21.07.20 18:58:40	18,20	1,26	72,1	4,7	13,2
462	21.07.20 18:58:41	18,20	1,31	65,1	5,1	19,8
463	21.07.20 18:58:42	18,11	1,30	67,6	5,5	16,9
464	21.07.20 18:58:43	18,02	1,36	73,8	5,4	10,8
465	21.07.20 18:58:44	17,96	1,38	73,2	4,9	11,9
466	21.07.20 18:58:45	17,93	1,40	70,3	5,3	14,4
467	21.07.20 18:58:46	17,91	1,42	69,1	6,8	14,1
468	21.07.20 18:58:47	17,85	1,44	66,8	7,8	15,4
469	21.07.20 18:58:48	17,82	1,50	62,7	7,8	19,5
470	21.07.20 18:58:49	17,79	1,50	59,2	7,2	23,6
471	21.07.20 18:58:50	17,76	1,52	62,9	6,1	21,0
472	21.07.20 18:58:51	17,73	1,59	65,3	4,3	20,3
473	21.07.20 18:58:52	17,70	1,59	68,1	2,3	19,5
474	21.07.20 18:58:53	17,70	1,63	75,0	-0,2	14,8
475	21.07.20 18:58:54	17,67	1,61	72,5	-2,3	15,2
476	21.07.20 18:58:55	17,61	1,65	64,8	-2,2	23,1
477	21.07.20 18:58:56	17,58	1,67	67,9	-2,6	19,4
478	21.07.20 18:58:57	17,55	1,71	70,5	-1,9	17,6
479	21.07.20 18:58:58	17,52	1,75	70,5	-0,8	18,8
480	21.07.20 18:58:59	17,49	1,80	71,0	-2,5	16,5
481	21.07.20 18:59:00	17,43	1,81	72,9	-3,3	13,8
482	21.07.20 18:59:01	17,40	1,86	68,3	-0,7	21,0
483	21.07.20 18:59:02	17,34	1,88	64,6	2,0	23,4
484	21.07.20 18:59:03	17,28	1,89	64,0	3,2	22,7
485	21.07.20 18:59:04	17,22	1,93	62,1	3,8	24,1
486	21.07.20 18:59:05	17,19	1,93	56,9	4,8	28,3
487	21.07.20 18:59:06	17,16	1,93	51,8	5,4	32,8
488	21.07.20 18:59:07	17,16	1,90	45,9	7,8	36,3
489	21.07.20 18:59:08	17,10	1,90	34,4	13,6	42,0
490	21.07.20 18:59:09	17,04	1,87	41,9	16,0	32,1
491	21.07.20 18:59:10	16,98	1,93	49,8	16,0	24,2
492	21.07.20 18:59:11	16,95	1,93	43,9	11,9	34,3
493	21.07.20 18:59:12	16,95	1,91	29,5	18,3	42,3
494	21.07.20 18:59:13	16,89	1,88	33,7	18,0	38,3
495	21.07.20 18:59:14	16,83	1,89	40,2	17,3	32,5
496	21.07.20 18:59:15	16,80	1,91	42,5	11,5	36,0
497	21.07.20 18:59:16	16,80	1,84	36,4	9,6	43,9
498	21.07.20 18:59:17	16,77	1,79	34,4	7,8	47,7
499	21.07.20 18:59:18	16,77	1,79	41,5	7,0	41,5
500	21.07.20 18:59:19	16,74	1,79	41,1	11,0	37,9
501	21.07.20 18:59:20	16,71	1,81	53,7	6,1	30,1
502	21.07.20 18:59:21	16,71	1,86	53,9	10,1	25,9
503	21.07.20 18:59:22	16,71	1,86	55,5	7,8	26,7
504	21.07.20 18:59:23	16,71	1,86	54,6	7,2	28,2
505	21.07.20 18:59:24	16,71	1,86	55,0	5,7	29,2
506	21.07.20 18:59:25	16,68	1,83	54,4	3,8	31,9
507	21.07.20 18:59:26	16,62	1,82	47,3	3,9	38,7
508	21.07.20 18:59:27	16,59	1,80	40,6	2,5	46,9
509	21.07.20 18:59:28	16,59	1,80	42,5	0,6	46,9
510	21.07.20 18:59:29	16,59	1,80	46,7	-2,8	40,5
511	21.07.20 18:59:30	16,59	1,82	51,3	-3,8	34,9
512	21.07.20 18:59:31	16,59	1,84	52,6	-4,8	32,5
513	21.07.20 18:59:32	16,59	1,82	51,8	-2,9	35,3
514	21.07.20 18:59:33	16,59	1,82	42,9	-2,7	44,4
515	21.07.20 18:59:34	16,56	1,82	29,9	-4,9	55,2
516	21.07.20 18:59:35	16,53	1,79	30,0	-4,4	55,6
517	21.07.20 18:59:36	16,50	1,79	34,1	-6,3	49,6
518	21.07.20 18:59:37	16,50	1,84	43,3	-4,8	41,9
519	21.07.20 18:59:38	16,47	1,86	45,0	-7,1	37,9
520	21.07.20 18:59:39	16,47	1,88	53,6	-8,4	28,0
521	21.07.20 18:59:40	16,47	1,88	54,9	-7,4	27,8
522	21.07.20 18:59:41	16,47	1,88	43,5	-3,9	42,6
523	21.07.20 18:59:42	16,44	1,88	38,4	-5,9	45,7
524	21.07.20 18:59:43	16,44	1,88	36,6	-5,8	47,6
525	21.07.20 18:59:44	16,44	1,88	39,4	-0,4	50,2
526	21.07.20 18:59:45	16,41	1,87	36,6	-5,5	47,9
527	21.07.20 18:59:46	16,41	1,87	48,2	-1,1	40,8
528	21.07.20 18:59:47	16,41	1,92	43,0	-6,8	40,2
529	21.07.20 18:59:48	16,41	1,92	45,7	-3,4	40,9
530	21.07.20 18:59:49	16,41	1,92	45,1	-3,6	41,3
531	21.07.20 18:59:50	16,38	1,94	45,6	-3,9	40,5
532	21.07.20 18:59:51	16,38	1,96	41,7	-1,9	46,4
533	21.07.20 18:59:52	16,35	1,96	37,0	-3,9	49,2
534	21.07.20 18:59:53	16,32	1,96	36,7	-4,0	49,3
535	21.07.20 18:59:54	16,26	2,00	30,3	-4,8	54,9
536	21.07.20 18:59:55	16,14	1,98	28,6	-7,9	53,5
537	21.07.20 18:59:56	16,05	1,98	32,3	-8,3	49,3
538	21.07.20 18:59:57	15,89	2,08	40,5	-6,4	43,2
539	21.07.20 18:59:58	15,80	2,11	42,1	-5,7	42,1
540	21.07.20 18:59:59	15,74	2,11	43,9	-5,5	40,6
541	21.07.20 19:00:00	15,74	2,13	40,5	-5,5	43,9
542	21.07.20 19:00:01	15,68	2,15	31,8	-6,0	52,2
543	21.07.20 19:00:02	15,62	2,17	25,5	-8,7	55,7
544	21.07.20 19:00:03	15,59	2,21	32,0	-9,6	48,3
545	21.07.20 19:00:04	15,41	2,26	41,7	-7,0	41,2
546	21.07.20 19:00:05	15,32	2,27	42,2	-4,6	43,1
547	21.07.20 19:00:06	15,26	2,29	45,2	-5,9	38,9
548	21.07.20 19:00:07	15,23	2,33	47,7	-3,8	38,5
549	21.07.20 19:00:08	15,20	2,35	39,6	-1,4	49,0
550	21.07.20 19:00:09	15,17	2,35	27,3	-7,2	55,5
551	21.07.20 19:00:10	15,17	2,28	25,7	-9,1	55,2
552	21.07.20 19:00:11	15,04	2,36	23,8	-9,0	57,2
553	21.07.20 19:00:12	14,95	2,38	24,3	-9,8	55,9
554	21.07.20 19:00:13	14,86	2,41	32,7	-8,9	48,3
555	21.07.20 19:00:14	14,80	2,48	44,8	-4,6	40,6
556	21.07.20 19:00:15	14,77	2,47	46,3	-3,5	40,2
557	21.07.20 19:00:16	14,77	2,52	45,7	-0,8	43,5
558	21.07.20 19:00:17	14,74	2,52	38,7	1,1	50,3
559	21.07.20 19:00:18	14,71	2,51	25,8	-5,5	58,7
560	21.07.20 19:00:19	14,62	2,53	19,7	-8,3	62,1
561	21.07.20 19:00:20	14,28	2,59	20,6	-9,1	60,2
562	21.07.20 19:00:21	13,88	2,71	26,6	-6,9	56,4
563	21.07.20 19:00:22	13,60	2,82	36,6	-1,8	51,5
564	21.07.20 19:00:23	13,35	2,84	42,7	0,2	47,0
565	21.07.20 19:00:24	13,16	2,85	47,4	1,4	41,3
566	21.07.20 19:00:25	13,10	2,86	42,2	4,7	43,1
567	21.07.20 19:00:26	13,07	2,86	35,2	0,9	53,8
568	21.07.20 19:00:27	13,04	2,76	34,4	-0,8	54,8
569	21.07.20 19:00:28	12,88	2,93	34,6	0,0	55,4
570	21.07.20 19:00:29	12,60	2,97	35,8	-0,3	54,0
571	21.07.20 19:00:30	12,32	3,04	37,4	0,4	52,2
572	21.07.20 19:00:31	12,16	3,07	44,8	1,6	43,5
573	21.07.20 19:00:32	12,06	3,08	47,7	1,7	40,6
574	21.07.20 19:00:33	12,00	3,05	41,3	5,7	43,0
575	21.07.20 19:00:34	11,97	3,05	34,0	0,1	55,9
576	21.07.20 19:00:35	11,94	3,07	34,6	-0,4	55,1
577	21.07.20 19:00:36	11,91	3,04	30,9	-1,0	58,0
578	21.07.20 19:00:37	11,78	3,10	28,3	-4,9	56,9
579	21.07.20 19:00:38	11,52	3,24	38,6	-2,6	48,8
580	21.07.20 19:00:39	11,33	3,26	44,6	-3,5	42,0
581	21.07.20 19:00:40	11,24	3,25	44,7	-3,4	41,9
582	21.07.20 19:00:41	11,21	3,25	35,8	-1,0	53,2
583	21.07.20 19:00:42	11,17	3,27	19,5	-7,1	63,4
584	21.07.20 19:00:43	11,11	3,15	24,4	-8,1	57,4
585	21.07.20 19:00:44	10,88	3,29	24,1	-8,9	56,9
586	21.07.20 19:00:45	10,72	3,37	22,3	-8,5	59,2
587	21.07.20 19:00:46	10,63	3,38	29,9	-6,8	53,3
588	21.07.20 19:00:47	10,47	3,43	43,8	-2,5	43,7
589	21.07.20 19:00:48	10,30	3,49	40,9	2,3	46,8
590	21.07.20 19:00:49	10,24	3,48	27,7	-2,9	59,4
591	21.07.20 19:00:50	10,21	3,41	26,3	-5,1	58,6
592	21.07.20 19:00:51	10,08	3,53	27,1	-5,1	57,8
593	21.07.20 19:00:52	9,95	3,59	22,3	-6,4	61,3
594	21.07.20 19:00:53	9,81	3,58	23,2	-7,2	59,6
595	21.07.20 19:00:54	9,72	3,61	27,8	-4,8	57,4
596	21.07.20 19:00:55	9,62	3,65	26,8	-4,6	58,5
597	21.07.20 19:00:56	9,49	3,66	18,2	-7,7	64,1
598	21.07.20 19:00:57	9,36	3,69	18,0	-10,2	61,7
599	21.07.20 19:00:58	9,26	3,73	19,0	-9,3	61,6
600	21.07.20 19:00:59	9,16	3,74	18,0	-8,9	63,1
601	21.07.20 19:01:00	9,06	3,75	19,2	-10,5	60,3
602	21.07.20 19:01:01	8,99	3,79	22,2	-10,1	57,7
603	21.07.20 19:01:02	8,89	3,83	21,8	-9,1	59,2
604	21.07.20 19:01:03	8,79	3,84	20,2	-9,8	59,9
605	21.07.20 19:01:04	8,69	3,86	21,0	-8,9	60,1
606	21.07.20 19:01:05	8,63	3,87	17,0	-7,9	65,1
607	21.07.20 19:01:06	8,49	3,88	13,1	-7,7	69,2
608	21.07.20 19:01:07	8,39	3,92	16,9	-10,6	62,5
609	21.07.20 19:01:08	8,32	3,96	21,3	-10,5	58,2
610	21.07.20 19:01:09	8,29	3,98	30,6	-4,6	54,7
611	21.07.20 19:01:10	8,22	3,97	28,0	-4,4	57,6
612	21.07.20 19:01:11	8,22	4,02	31,5	-3,5	55,0
613	21.07.20 19:01:12	8,22	4,04	25,7	-5,6	58,7
614	21.07.20 19:01:13	8,22	4,00	15,8	-10,2	64,0
615	21.07.20 19:01:14	8,19	3,99	16,2	-9,3	64,6
616	21.07.20 19:01:15	8,06	4,07	16,4	-10,3	63,3
617	21.07.20 19:01:16	7,92	4,10	17,0	-10,0	62,9
618	21.07.20 19:01:17	7,82	4,12	22,5	-9,1	58,5
619	21.07.20 19:01:18	7,75	4,18	29,9	-7,1	53,0
620	21.07.20 19:01:19	7,72	4,20	31,6	-6,2	52,2
621	21.07.20 19:01:20	7,68	4,20	15,9	-15,9	58,2
622	21.07.20 19:01:21	7,65	4,24	28,4	-13,4	48,3
623	21.07.20 19:01:22	7,65	4,26	25,1	-13,6	51,3
624	21.07.20 19:01:23	7,51	4,32	29,4	-11,0	49,6
625	21.07.20 19:01:24	7,48	4,34	30,6	-10,2	49,2
626	21.07.20 19:01:25	7,41	4,38	28,6	-12,0	49,4
627	21.07.20 19:01:26	7,34	4,40	25,3	-14,0	50,7
628	21.07.20 19:01:27	7,34	4,42	33,9	-11,1	45,1
629	21.07.20 19:01:28	7,34	4,49	25,1	-19,1	45,8
630	21.07.20 19:01:29	7,28	4,46	25,3	-17,8	46,9
631	21.07.20 19:01:30	7,17	4,47	27,7	-11,9	50,4
632	21.07.20 19:01:31	7,07	4,51	27,8	-10,0	52,2
633	21.07.20 19:01:32	7,00	4,50	27,6	-8,9	53,5
634	21.07.20 19:01:33	7,00	4,50	30,6	-5,1	54,3
635	21.07.20 19:01:34	7,00	4,50	34,0	-4,9	51,1
636	21.07.20 19:01:35	7,04	4,53	39,3	-5,1	45,6
637	21.07.20 19:01:36	7,04	4,50	42,6	-4,0	43,4
638	21.07.20 19:01:37	7,04	4,55	41,9	-0,6	47,4
639	21.07.20 19:01:38	7,00	4,55	43,5	-1,6	44,9
640	21.07.20 19:01:39	7,00	4,55	47,7	-0,5	41,8
641	21.07.20 19:01:40	6,97	4,54	44,1	-0,4	45,5
642	21.07.20 19:01:41	6,93	4,54	44,8	1,4	43,8
643	21.07.20 19:01:42	6,90	4,56	46,8	-2,8	40,4
644	21.07.20 19:01:43	6,90	4,61	51,1	-2,7	36,2
645	21.07.20 19:01:44	6,83	4,62	49,8	-1,2	39,0
646	21.07.20 19:01:45	6,83	4,62	52,7	-3,5	33,9
647	21.07.20 19:01:46	6,79	4,69	61,1	-3,3	25,7
648	21.07.20 19:01:47	6,76	4,71	59,4	-1,8	28,8
649	21.07.20 19:01:48	6,76	4,68	47,6	0,8	41,6
650	21.07.20 19:01:49	6,76	4,71	50,2	-1,5	38,3
651	21.07.20 19:01:50	6,76	4,75	61,4	-2,6	26,1
652	21.07.20 19:01:51	6,69	4,82	63,4	-2,3	24,3
653	21.07.20 19:01:52	6,66	4,81	62,1	-0,6	27,4
654	21.07.20 19:01:53	6,66	4,84	62,1	-0,4	27,5
655	21.07.20 19:01:54	6,66	4,84	64,9	-1,5	23,6
656	21.07.20 19:01:55	6,69	4,89	66,5	-1,6	22,0
657	21.07.20 19:01:56	6,69	4,89	66,5	0,6	22,8
658	21.07.20 19:01:57	6,73	4,91	63,9	2,3	23,9
659	21.07.20 19:01:58	6,73	4,91	63,0	2,1	24,9
660	21.07.20 19:01:59	6,76	4,92	68,5	-0,5	20,9
661	21.07.20 19:02:00	6,76	4,96	67,8	1,2	21,0
662	21.07.20 19:02:01	6,79	4,97	61,8	2,5	25,7
663	21.07.20 19:02:02	6,79	5,02	60,8	2,0	27,2
664	21.07.20 19:02:03	6,79	5,02	60,6	0,8	28,6
665	21.07.20 19:02:04	6,76	5,03	61,6	2,4	26,0
666	21.07.20 19:02:05	6,76	5,06	62,3	3,6	24,1
667	21.07.20 19:02:06	6,76	5,10	62,3	3,8	23,9
668	21.07.20 19:02:07	6,76	5,13	55,9	3,2	30,9
669	21.07.20 19:02:08	6,73	5,17	49,0	4,7	36,2
670	21.07.20 19:02:09	6,73	5,22	49,9	4,3	35,8
671	21.07.20 19:02:10	6,73	5,22	55,5	4,6	29,9
672	21.07.20 19:02:11	6,73	5,26	57,4	2,7	29,8
673	21.07.20 19:02:12	6,69	5,33	58,3	3,8	27,9
674	21.07.20 19:02:13	6,69	5,35	59,5	4,7	25,8
675	21.07.20 19:02:14	6,66	5,40	59,9	6,2	23,8
676	21.07.20 19:02:15	6,66	5,40	57,2	4,2	28,6
677	21.07.20 19:02:16	6,66	5,42	57,1	3,9	29,0
678	21.07.20 19:02:17	6,66	5,49	64,1	5,2	20,7
679	21.07.20 19:02:18	6,62	5,51	60,8	6,0	23,2
680	21.07.20 19:02:19	6,62	5,49	55,3	5,7	29,0
681	21.07.20 19:02:20	6,59	5,55	62,2	4,0	23,8
682	21.07.20 19:02:21	6,59	5,60	70,1	2,0	17,9
683	21.07.20 19:02:22	6,55	5,67	64,6	3,7	21,7
684	21.07.20 19:02:23	6,52	5,66	59,6	4,5	25,9
685	21.07.20 19:02:24	6,52	5,73	61,5	4,5	24,0
686	21.07.20 19:02:25	6,45	5,80	62,8	3,1	24,1
687	21.07.20 19:02:26	6,45	5,82	66,8	2,4	20,8
688	21.07.20 19:02:27	6,45	5,87	67,7	2,3	20,0
689	21.07.20 19:02:28	6,38	5,93	57,7	3,2	29,1
690	21.07.20 19:02:29	6,31	5,94	58,1	3,3	28,6
691	21.07.20 19:02:30	6,24	5,98	61,0	2,2	26,9
692	21.07.20 19:02:31	6,20	6,00	56,7	2,7	30,6
693	21.07.20 19:02:32	6,17	6,02	58,5	3,6	27,9
694	21.07.20 19:02:33	6,17	6,05	62,2	3,1	24,7
695	21.07.20 19:02:34	6,13	6,07	59,5	3,1	27,4
696	21.07.20 19:02:35	6,10	6,06	56,6	2,2	31,2
697	21.07.20 19:02:36	6,03	6,10	60,2	1,7	28,0
698	21.07.20 19:02:37	6,03	6,12	49,1	2,8	38,1
699	21.07.20 19:02:38	5,99	6,14	36,7	4,6	48,7
700	21.07.20 19:02:39	5,96	6,14	9,8	-1,3	78,9
701	21.07.20 19:02:40	5,89	6,18	2,4	3,2	84,4
702	21.07.20 19:02:41	5,82	6,15	8,0	12,0	70,0
703	21.07.20 19:02:42	5,78	6,22	-11,9	5,7	72,4
704	21.07.20 19:02:43	5,71	6,21	-0,3	9,0	80,7
705	21.07.20 19:02:44	5,68	6,18	-11,0	-6,6	72,4
706	21.07.20 19:02:45	5,64	6,18	0,7	5,3	84,0
707	21.07.20 19:02:46	5,61	6,17	0,3	-4,7	85,1
708	21.07.20 19:02:47	5,57	6,15	-10,7	2,7	76,6
709	21.07.20 19:02:48	5,54	6,14	5,6	-2,7	81,7
710	21.07.20 19:02:49	5,50	6,16	-9,7	-0,3	80,1
711	21.07.20 19:02:50	5,50	6,16	5,4	0,4	84,2
712	21.07.20 19:02:51	5,47	6,18	4,1	6,1	79,8
713	21.07.20 19:02:52	5,43	6,13	-2,6	3,4	84,0
714	21.07.20 19:02:53	5,43	6,13	3,1	-0,5	86,4
715	21.07.20 19:02:54	5,39	6,13	-2,6	8,6	78,9
716	21.07.20 19:02:55	5,36	6,17	7,2	1,5	81,4
717	21.07.20 19:02:56	5,32	6,17	6,4	5,1	78,6
718	21.07.20 19:02:57	5,29	6,16	-11,5	-1,8	76,7
719	21.07.20 19:02:58	5,25	6,16	-3,5	-5,1	81,4
720	21.07.20 19:02:59	5,25	6,16	19,1	-2,9	68,0
721	21.07.20 19:03:00	5,22	6,13	4,9	-2,2	82,9
722	21.07.20 19:03:01	5,18	6,11	5,6	0,4	84,0
723	21.07.20 19:03:02	5,15	6,10	-10,9	-2,5	76,7
724	21.07.20 19:03:03	5,15	6,13	-5,1	8,5	76,4
725	21.07.20 19:03:04	5,11	6,10	12,3	-2,3	75,4
726	21.07.20 19:03:05	5,11	6,12	7,0	-0,6	82,4
727	21.07.20 19:03:06	5,07	6,14	1,0	-1,4	87,6
728	21.07.20 19:03:07	5,04	6,12	11,1	3,6	75,3
729	21.07.20 19:03:08	5,00	6,11	-2,1	-1,4	86,5
730	21.07.20 19:03:09	4,97	6,13	6,8	4,8	78,4
731	21.07.20 19:03:10	4,90	6,15	3,6	4,5	81,9
732	21.07.20 19:03:11	4,86	6,14	6,4	-2,3	81,3
733	21.07.20 19:03:12	4,82	6,16	28,8	2,5	58,8
734	21.07.20 19:03:13	4,79	6,11	5,8	-5,3	79,0
735	21.07.20 19:03:14	4,79	6,14	7,7	-0,2	82,1
736	21.07.20 19:03:15	4,75	6,11	1,8	-4,9	83,3
737	21.07.20 19:03:16	4,72	6,10	-1,5	-0,7	87,8
738	21.07.20 19:03:17	4,72	6,10	17,8	7,8	64,3
739	21.07.20 19:03:18	4,68	6,15	8,8	5,2	76,0
740	21.07.20 19:03:19	4,68	6,12	10,0	-3,7	76,3
741	21.07.20 19:03:20	4,64	6,12	9,9	-1,7	78,4
742	21.07.20 19:03:21	4,61	6,12	10,0	2,5	77,5
743	21.07.20 19:03:22	4,61	6,09	4,0	-4,0	82,0
744	21.07.20 19:03:23	4,57	6,09	-8,3	-1,4	80,3
745	21.07.20 19:03:24	4,54	6,11	-1,0	5,5	83,5
746	21.07.20 19:03:25	4,54	6,11	-0,9	-0,6	88,5
747	21.07.20 19:03:26	4,50	6,06	13,0	3,9	73,1
748	21.07.20 19:03:27	4,50	6,08	-2,7	1,6	85,6
749	21.07.20 19:03:28	4,46	6,08	2,8	-0,2	87,0
750	21.07.20 19:03:29	4,43	6,10	-1,6	8,1	80,4
751	21.07.20 19:03:30	4,43	6,07	10,3	4,3	75,4
752	21.07.20 19:03:31	4,39	6,12	1,3	6,8	81,9
753	21.07.20 19:03:32	4,32	6,11	3,5	15,8	70,7
754	21.07.20 19:03:33	4,28	6,11	15,0	0,8	74,2
755	21.07.20 19:03:34	4,25	6,10	7,0	8,6	74,3
756	21.07.20 19:03:35	4,21	6,10	12,3	9,8	68,0
757	21.07.20 19:03:36	4,17	6,09	14,0	10,6	65,5
758	21.07.20 19:03:37	4,17	6,09	-4,4	8,1	77,6
759	21.07.20 19:03:38	4,14	6,09	0,7	6,9	82,4
760	21.07.20 19:03:39	4,10	6,09	12,3	3,0	74,7
761	21.07.20 19:03:40	4,06	6,08	11,0	12,7	66,3
762	21.07.20 19:03:41	4,06	6,13	-2,7	2,3	85,0
763	21.07.20 19:03:42	4,03	6,10	1,9	12,8	75,3
764	21.07.20 19:03:43	3,99	6,10	18,2	2,6	69,2
765	21.07.20 19:03:44	3,95	6,10	2,4	-1,1	86,5
766	21.07.20 19:03:45	3,92	6,09	2,0	-8,1	79,9
767	21.07.20 19:03:46	3,88	6,09	13,9	3,1	73,0
768	21.07.20 19:03:47	3,84	6,08	12,0	-5,3	72,8
769	21.07.20 19:03:48	3,81	6,08	14,6	-1,8	73,6
770	21.07.20 19:03:49	3,77	6,05	10,4	7,2	72,5
771	21.07.20 19:03:50	3,70	6,11	8,2	17,7	64,1
772	21.07.20 19:03:51	3,66	6,09	7,3	4,6	78,1
773	21.07.20 19:03:52	3,62	6,13	15,1	-16,6	58,3
774	21.07.20 19:03:53	3,62	6,13	1,5	-20,0	68,5
775	21.07.20 19:03:54	3,59	6,13	4,7	1,8	83,4
776	21.07.20 19:03:55	3,59	6,13	16,3	1,6	72,1
777	21.07.20 19:03:56	3,55	6,08	-12,5	2,8	74,7
778	21.07.20 19:03:57	3,51	6,10	-2,7	5,5	81,8
779	21.07.20 19:03:58	3,51	6,10	17,0	-2,0	71,0
780	21.07.20 19:03:59	3,48	6,11	6,1	0,7	83,2
781	21.07.20 19:04:00	3,48	6,09	-5,3	4,4	80,3
782	21.07.20 19:04:01	3,48	6,09	-0,1	4,2	85,7
783	21.07.20 19:04:02	3,44	6,11	8,1	1,1	80,7
784	21.07.20 19:04:03	3,44	6,09	16,0	-3,6	70,4
785	21.07.20 19:04:04	3,44	6,06	-3,2	4,1	82,7
786	21.07.20 19:04:05	3,40	6,08	7,7	2,2	80,2
787	21.07.20 19:04:06	3,40	6,08	-7,3	7,5	75,3
788	21.07.20 19:04:07	3,36	6,10	-2,7	-6,9	80,5
789	21.07.20 19:04:08	3,36	6,08	5,9	-2,7	81,4
790	21.07.20 19:04:09	3,36	6,03	10,0	-7,5	72,5
791	21.07.20 19:04:10	3,33	6,08	5,0	7,1	77,9
792	21.07.20 19:04:11	3,33	6,08	11,5	6,7	71,8
793	21.07.20 19:04:12	3,29	6,10	-13,8	10,3	65,9
794	21.07.20 19:04:13	3,25	6,07	-8,7	5,2	76,1
795	21.07.20 19:04:14	3,25	6,07	1,9	11,7	76,4
796	21.07.20 19:04:15	3,22	6,06	4,8	0,5	84,7
797	21.07.20 19:04:16	3,22	6,09	22,5	2,0	65,5
798	21.07.20 19:04:17	3,18	6,11	-9,5	-6,3	74,2
799	21.07.20 19:04:18	3,18	6,08	-15,1	1,7	73,2
800	21.07.20 19:04:19	3,14	6,08	2,4	-2,9	84,7
801	21.07.20 19:04:20	3,14	6,06	-20,1	4,6	65,3
802	21.07.20 19:04:21	3,14	6,10	-17,0	1,0	72,0
803	21.07.20 19:04:22	3,10	6,05	-3,2	4,0	82,8
804	21.07.20 19:04:23	3,10	6,05	9,2	9,9	70,9
805	21.07.20 19:04:24	3,10	6,05	-6,4	3,3	80,3
806	21.07.20 19:04:25	3,07	6,05	1,4	10,0	78,6
807	21.07.20 19:04:26	3,07	6,05	10,0	2,9	77,2
808	21.07.20 19:04:27	3,07	6,07	22,0	1,2	66,8
809	21.07.20 19:04:28	3,03	6,04	2,0	2,5	85,5
810	21.07.20 19:04:29	3,03	6,07	-2,2	3,5	84,3
811	21.07.20 19:04:30	2,99	6,09	10,8	12,1	67,1
812	21.07.20 19:04:31	2,95	6,08	-1,6	2,6	85,8
813	21.07.20 19:04:32	2,92	6,08	9,4	6,9	73,7
814	21.07.20 19:04:33	2,88	6,07	-6,7	-1,4	81,9
815	21.07.20 19:04:34	2,88	6,10	-1,0	2,5	86,5
816	21.07.20 19:04:35	2,84	6,09	-12,6	10,4	67,0
817	21.07.20 19:04:36	2,80	6,07	2,0	1,1	86,9
818	21.07.20 19:04:37	2,80	6,09	3,4	3,9	82,7
819	21.07.20 19:04:38	2,77	6,06	0,9	5,7	83,4
820	21.07.20 19:04:39	2,77	6,06	-0,3	11,6	78,1
821	21.07.20 19:04:40	2,77	6,09	9,2	-2,3	78,5
822	21.07.20 19:04:41	2,77	6,09	-5,5	2,9	81,6
823	21.07.20 19:04:42	2,77	6,06	0,9	6,5	82,6
824	21.07.20 19:04:43	2,73	6,06	-4,8	3,5	81,6
825	21.07.20 19:04:44	2,73	6,06	1,2	11,5	77,3
826	21.07.20 19:04:45	2,73	6,04	4,3	-4,5	81,1
827	21.07.20 19:04:46	2,73	6,06	4,3	-2,9	82,8
828	21.07.20 19:04:47	2,69	6,05	-1,3	-1,6	87,1
829	21.07.20 19:04:48	2,69	6,03	11,9	0,8	77,3
830	21.07.20 19:04:49	2,65	6,05	-2,5	5,1	82,4
831	21.07.20 19:04:50	2,65	6,07	-5,0	4,1	80,9
832	21.07.20 19:04:51	2,65	6,05	8,7	3,6	77,7
833	21.07.20 19:04:52	2,65	6,05	3,7	-2,0	84,2
834	21.07.20 19:04:53	2,62	6,05	6,4	2,5	81,1
835	21.07.20 19:04:54	2,62	6,05	-3,2	6,3	80,5
836	21.07.20 19:04:55	2,58	6,07	3,7	-0,1	86,2
837	21.07.20 19:04:56	2,54	6,06	10,4	5,3	74,3
838	21.07.20 19:04:57	2,54	6,09	-0,4	7,5	82,1
839	21.07.20 19:04:58	2,54	6,06	1,7	7,6	80,8
840	21.07.20 19:04:59	2,50	6,03	2,6	-21,7	65,7
841	21.07.20 19:05:00	2,50	6,03	-13,5	-6,8	69,6
842	21.07.20 19:05:01	2,50	6,06	3,6	11,0	75,4
843	21.07.20 19:05:02	2,50	6,06	-8,8	-6,7	74,5
844	21.07.20 19:05:03	2,50	6,08	-5,6	1,8	82,6
845	21.07.20 19:05:04	2,47	6,05	10,2	-3,9	75,9
846	21.07.20 19:05:05	2,47	6,03	6,5	1,2	82,3
847	21.07.20 19:05:06	2,47	6,03	-5,2	0,5	84,2
848	21.07.20 19:05:07	2,47	6,05	10,3	-6,9	72,8
849	21.07.20 19:05:08	2,47	6,05	2,7	-5,0	82,3
850	21.07.20 19:05:09	2,47	6,03	-7,1	13,1	69,8
851	21.07.20 19:05:10	2,43	6,05	-3,8	-1,1	85,1
852	21.07.20 19:05:11	2,43	6,05	5,6	2,5	81,9
853	21.07.20 19:05:12	2,43	6,05	-15,3	7,8	66,9
854	21.07.20 19:05:13	2,39	6,05	-3,4	-0,2	86,4
855	21.07.20 19:05:14	2,39	6,05	10,0	-2,7	77,2
856	21.07.20 19:05:15	2,39	6,02	13,3	0,0	76,7
857	21.07.20 19:05:16	2,39	6,07	11,2	3,5	75,3
858	21.07.20 19:05:17	2,35	6,04	-1,1	11,7	77,2
859	21.07.20 19:05:18	2,35	6,07	-2,6	5,3	82,1
860	21.07.20 19:05:19	2,35	6,04	-19,5	-4,9	65,6
861	21.07.20 19:05:20	2,31	6,04	2,1	14,7	73,1
862	21.07.20 19:05:21	2,31	6,01	4,6	2,9	82,5
863	21.07.20 19:05:22	2,31	6,04	11,3	0,2	78,5
864	21.07.20 19:05:23	2,31	6,04	16,6	3,6	69,8
865	21.07.20 19:05:24	2,31	6,01	-5,6	-5,4	79,0
866	21.07.20 19:05:25	2,31	6,06	5,7	-1,8	82,5
867	21.07.20 19:05:26	2,28	6,03	3,1	2,6	84,3
868	21.07.20 19:05:27	2,28	6,03	-11,8	1,1	77,1
869	21.07.20 19:05:28	2,28	6,03	-1,3	0,5	88,3
870	21.07.20 19:05:29	2,24	6,03	-7,2	1,9	80,9
871	21.07.20 19:05:30	2,24	6,05	0,3	-3,9	85,8
872	21.07.20 19:05:31	2,24	6,05	2,4	-0,2	87,4
873	21.07.20 19:05:32	2,24	6,05	3,8	0,3	85,9
874	21.07.20 19:05:33	2,24	6,03	-3,4	-2,0	84,6
875	21.07.20 19:05:34	2,24	6,01	6,8	2,3	80,9
876	21.07.20 19:05:35	2,24	6,03	4,1	-0,1	85,9
877	21.07.20 19:05:36	2,20	6,03	14,1	-3,9	71,9
878	21.07.20 19:05:37	2,20	6,12	10,2	3,7	76,0
879	21.07.20 19:05:38	2,20	6,03	6,7	-1,2	82,1
880	21.07.20 19:05:39	2,20	6,05	6,7	8,4	74,9
881	21.07.20 19:05:40	2,16	6,00	-0,2	-2,5	87,4
882	21.07.20 19:05:41	2,16	6,02	4,5	-0,4	85,1
883	21.07.20 19:05:42	2,16	6,02	9,0	6,0	75,0
884	21.07.20 19:05:43	2,16	6,02	5,4	0,0	84,5
885	21.07.20 19:05:44	2,16	6,02	13,3	4,9	71,8
886	21.07.20 19:05:45	2,12	6,02	-7,4	1,9	80,7
887	21.07.20 19:05:46	2,12	6,02	1,4	-0,6	88,0
888	21.07.20 19:05:47	2,12	6,02	-0,1	6,1	83,8
889	21.07.20 19:05:48	2,12	5,99	10,0	3,7	76,4
890	21.07.20 19:05:49	2,12	6,02	7,3	10,9	71,9
891	21.07.20 19:05:50	2,12	6,04	8,8	4,5	76,7
892	21.07.20 19:05:51	2,09	6,01	-2,0	12,3	75,7
893	21.07.20 19:05:52	2,09	6,01	10,9	5,4	73,7
894	21.07.20 19:05:53	2,09	6,04	-6,0	9,6	74,4
895	21.07.20 19:05:54	2,09	6,04	2,0	1,9	86,1
896	21.07.20 19:05:55	2,09	6,01	6,1	-1,4	82,5
897	21.07.20 19:05:56	2,09	6,01	3,1	11,1	75,8
898	21.07.20 19:05:57	2,09	6,04	8,0	5,2	76,8
899	21.07.20 19:05:58	2,05	6,01	9,1	-14,1	66,8
900	21.07.20 19:05:59	2,05	6,06	-4,9	-3,7	81,5
901	21.07.20 19:06:00	2,05	6,01	3,9	8,8	77,3
902	21.07.20 19:06:01	2,05	6,08	10,7	-8,0	71,3
903	21.07.20 19:06:02	2,05	5,99	-1,8	5,8	82,4
904	21.07.20 19:06:03	2,01	6,03	4,3	3,7	81,9
905	21.07.20 19:06:04	2,01	5,98	14,4	10,1	65,5
906	21.07.20 19:06:05	2,01	6,00	5,9	-0,2	83,9
907	21.07.20 19:06:06	2,01	6,00	-5,7	2,0	82,3
908	21.07.20 19:06:07	2,01	6,03	6,1	-3,9	80,0
909	21.07.20 19:06:08	1,97	6,00	2,7	2,6	84,7
910	21.07.20 19:06:09	1,97	6,00	3,6	-2,0	84,4
911	21.07.20 19:06:10	1,97	6,02	13,9	-1,5	74,6
912	21.07.20 19:06:11	1,97	6,02	13,2	-2,9	73,9
913	21.07.20 19:06:12	1,93	6,02	11,0	-5,2	73,8
914	21.07.20 19:06:13	1,93	6,02	4,7	5,0	80,2
915	21.07.20 19:06:14	1,93	6,02	-10,3	3,1	76,5
916	21.07.20 19:06:15	1,93	6,02	14,5	-2,3	73,2
917	21.07.20 19:06:16	1,93	6,00	11,0	11,2	67,8
918	21.07.20 19:06:17	1,93	6,02	5,7	-1,2	83,1
919	21.07.20 19:06:18	1,93	6,02	-3,3	1,9	84,8
920	21.07.20 19:06:19	1,89	5,99	2,1	-2,8	85,1
921	21.07.20 19:06:20	1,89	6,02	-2,8	4,5	82,7
922	21.07.20 19:06:21	1,89	6,04	-3,6	7,8	78,6
923	21.07.20 19:06:22	1,89	6,02	-8,8	-1,2	80,0
924	21.07.20 19:06:23	1,86	6,01	1,0	-6,6	82,4
925	21.07.20 19:06:24	1,86	6,01	0,1	1,3	88,6
926	21.07.20 19:06:25	1,86	5,99	10,6	-1,1	78,3
927	21.07.20 19:06:26	1,86	5,99	-14,4	2,4	73,2
928	21.07.20 19:06:27	1,86	6,01	6,6	-9,6	73,7
929	21.07.20 19:06:28	1,86	5,99	-5,1	-0,2	84,7
930	21.07.20 19:06:29	1,86	6,04	18,0	-2,7	69,3
931	21.07.20 19:06:30	1,86	6,01	4,3	0,1	85,6
932	21.07.20 19:06:31	1,86	6,01	3,5	-12,4	74,1
933	21.07.20 19:06:32	1,82	5,98	-0,2	2,7	87,1
934	21.07.20 19:06:33	1,82	5,98	0,7	-0,9	88,4
935	21.07.20 19:06:34	1,82	6,03	7,2	-5,8	77,0
936	21.07.20 19:06:35	1,82	6,01	-0,3	6,2	83,5
937	21.07.20 19:06:36	1,82	6,01	1,9	-2,1	86,0
938	21.07.20 19:06:37	1,82	6,01	-1,1	5,9	83,0
939	21.07.20 19:06:38	1,82	6,01	1,9	1,8	86,2
940	21.07.20 19:06:39	1,78	6,00	5,4	2,2	82,5
941	21.07.20 19:06:40	1,78	6,00	7,1	0,1	82,8
942	21.07.20 19:06:41	1,78	6,00	5,8	6,3	78,0
943	21.07.20 19:06:42	1,78	6,00	11,1	-3,5	75,4
944	21.07.20 19:06:43	1,78	6,00	-4,5	-3,8	81,7
945	21.07.20 19:06:44	1,78	6,03	-2,7	-9,1	78,2
946	21.07.20 19:06:45	1,78	6,00	19,8	3,8	66,4
947	21.07.20 19:06:46	1,78	6,00	10,7	-4,2	75,0
948	21.07.20 19:06:47	1,78	6,00	8,7	0,3	81,0
949	21.07.20 19:06:48	1,74	5,98	-2,4	4,3	83,3
950	21.07.20 19:06:49	1,74	6,00	3,7	-3,4	82,9
951	21.07.20 19:06:50	1,74	6,00	1,5	3,0	85,5
952	21.07.20 19:06:51	1,74	6,02	5,4	-3,5	81,1
953	21.07.20 19:06:52	1,74	6,02	-8,0	-0,9	81,2
954	21.07.20 19:06:53	1,74	6,00	-3,1	6,1	80,8
955	21.07.20 19:06:54	1,74	6,00	-5,6	6,0	78,3
956	21.07.20 19:06:55	1,74	5,98	3,0	6,5	80,5
957	21.07.20 19:06:56	1,74	6,00	-13,7	4,4	71,9
958	21.07.20 19:06:57	1,70	6,02	9,1	-6,7	74,2
959	21.07.20 19:06:58	1,70	6,00	0,8	-2,6	86,7
960	21.07.20 19:06:59	1,70	6,00	-2,2	-0,6	87,2
961	21.07.20 19:07:00	1,70	6,02	-15,9	4,0	70,1
962	21.07.20 19:07:01	1,70	6,02	7,8	2,3	79,9
963	21.07.20 19:07:02	1,70	6,00	-12,2	-2,6	75,2
964	21.07.20 19:07:03	1,70	6,00	10,7	1,1	78,2
965	21.07.20 19:07:04	1,70	5,97	-4,6	-2,9	82,5
966	21.07.20 19:07:05	1,70	6,00	15,6	5,4	69,0
967	21.07.20 19:07:06	1,70	6,00	12,8	-0,2	77,0
968	21.07.20 19:07:07	1,70	6,00	-2,2	4,6	83,2
969	21.07.20 19:07:08	1,70	6,00	22,0	1,2	66,9
970	21.07.20 19:07:09	1,66	6,01	18,6	22,3	49,2
971	21.07.20 19:07:10	1,66	6,01	10,6	1,3	78,1
972	21.07.20 19:07:11	1,66	5,99	4,1	-6,9	79,0
973	21.07.20 19:07:12	1,66	5,99	2,7	1,8	85,5
974	21.07.20 19:07:13	1,66	6,01	0,8	-1,1	88,2
975	21.07.20 19:07:14	1,66	6,01	-12,6	-1,5	75,9
976	21.07.20 19:07:15	1,62	5,99	4,6	5,0	80,4
977	21.07.20 19:07:16	1,62	5,99	7,2	-12,6	70,2
978	21.07.20 19:07:17	1,62	5,99	1,3	7,0	81,7
979	21.07.20 19:07:18	1,62	6,01	-14,4	4,2	71,4
980	21.07.20 19:07:19	1,62	6,01	0,1	2,7	87,2
981	21.07.20 19:07:20	1,62	6,01	-7,6	0,7	81,6
982	21.07.20 19:07:21	1,62	6,01	2,7	-3,5	83,8
983	21.07.20 19:07:22	1,62	5,99	8,2	-2,2	79,7
984	21.07.20 19:07:23	1,62	5,99	14,0	6,1	69,9
985	21.07.20 19:07:24	1,62	5,99	-3,4	3,1	83,5
986	21.07.20 19:07:25	1,62	5,99	2,0	10,3	77,6
987	21.07.20 19:07:26	1,59	5,98	3,9	1,7	84,5
988	21.07.20 19:07:27	1,59	6,01	17,3	10,7	62,0
989	21.07.20 19:07:28	1,59	5,98	-6,8	7,3	75,9
990	21.07.20 19:07:29	1,59	6,01	4,5	0,9	84,6
991	21.07.20 19:07:30	1,59	6,01	6,4	2,4	81,2
992	21.07.20 19:07:31	1,59	6,03	-10,0	8,6	71,4
993	21.07.20 19:07:32	1,59	5,98	22,0	1,1	66,9
994	21.07.20 19:07:33	1,59	6,01	-0,7	-4,4	84,8
995	21.07.20 19:07:34	1,55	6,00	0,5	5,0	84,6
996	21.07.20 19:07:35	1,55	5,98	-13,3	-5,6	71,0
997	21.07.20 19:07:36	1,55	5,98	16,6	5,3	68,1
998	21.07.20 19:07:37	1,55	5,93	27,4	-5,5	57,1
999	21.07.20 19:07:38	1,55	5,98	12,5	10,4	67,1
1000	21.07.20 19:07:39	1,55	6,00	9,5	-4,0	76,5
1001	21.07.20 19:07:40	1,55	6,00	30,9	-6,1	52,9
1002	21.07.20 19:07:41	1,55	5,98	4,6	4,6	80,7
1003	21.07.20 19:07:42	1,55	6,00	5,3	2,7	82,0
1004	21.07.20 19:07:43	1,55	6,00	5,0	-6,1	78,9
1005	21.07.20 19:07:44	1,55	5,96	8,2	-3,8	78,0
1006	21.07.20 19:07:45	1,51	5,97	8,7	1,6	79,7
1007	21.07.20 19:07:46	1,51	5,97	3,6	7,9	78,5
1008	21.07.20 19:07:47	1,51	6,00	9,0	3,9	77,1
1009	21.07.20 19:07:48	1,51	6,02	-7,0	6,9	76,1
1010	21.07.20 19:07:49	1,51	5,97	10,3	-2,9	76,7
1011	21.07.20 19:07:50	1,51	6,00	8,6	-4,4	77,0
1012	21.07.20 19:07:51	1,51	5,97	0,6	-7,3	82,1
1013	21.07.20 19:07:52	1,51	6,00	-14,2	-6,8	69,0
1014	21.07.20 19:07:53	1,51	6,00	-0,5	-0,2	89,3
1015	21.07.20 19:07:54	1,51	6,02	4,9	3,3	81,9
1016	21.07.20 19:07:55	1,51	5,97	-5,2	-5,9	78,9
1017	21.07.20 19:07:56	1,51	5,97	-17,3	14,5	58,3
1018	21.07.20 19:07:57	1,51	5,95	1,3	5,7	83,1
1019	21.07.20 19:07:58	1,51	6,00	10,1	0,1	79,8
1020	21.07.20 19:07:59	1,51	6,00	11,3	5,0	73,6
1021	21.07.20 19:08:00	1,51	6,00	1,8	-3,5	84,7
1022	21.07.20 19:08:01	1,47	5,99	3,1	8,2	78,7
1023	21.07.20 19:08:02	1,47	5,99	4,8	-4,4	80,8
1024	21.07.20 19:08:03	1,47	5,99	0,9	-9,7	79,4
1025	21.07.20 19:08:04	1,47	5,99	19,1	0,0	70,8
1026	21.07.20 19:08:05	1,47	5,99	-12,8	7,5	69,7
1027	21.07.20 19:08:06	1,47	5,95	-2,2	5,6	82,2
1028	21.07.20 19:08:07	1,47	5,99	5,9	-4,1	80,0
1029	21.07.20 19:08:08	1,47	5,99	-3,0	11,4	75,6
1030	21.07.20 19:08:09	1,47	5,99	0,1	5,4	84,5
1031	21.07.20 19:08:10	1,47	6,04	5,5	-0,9	83,6
1032	21.07.20 19:08:11	1,47	5,99	-8,0	3,8	78,2
1033	21.07.20 19:08:12	1,47	5,99	-6,3	1,9	81,8
1034	21.07.20 19:08:13	1,47	5,97	0,3	-2,6	87,1
1035	21.07.20 19:08:14	1,47	5,99	3,4	1,8	84,8
1036	21.07.20 19:08:15	1,47	5,97	9,0	1,7	79,4
1037	21.07.20 19:08:16	1,47	5,97	-0,2	3,7	86,1
1038	21.07.20 19:08:17	1,47	5,97	-5,0	3,2	81,8
1039	21.07.20 19:08:18	1,47	5,97	8,4	1,7	80,0
1040	21.07.20 19:08:19	1,43	5,97	10,4	-8,6	71,0
1041	21.07.20 19:08:20	1,43	5,99	0,6	-5,2	84,2
1042	21.07.20 19:08:21	1,43	5,99	-3,5	-2,3	84,2
1043	21.07.20 19:08:22	1,43	5,99	-7,7	-1,5	80,8
1044	21.07.20 19:08:23	1,43	5,99	-10,1	14,8	65,0
1045	21.07.20 19:08:24	1,43	6,01	12,2	-2,1	75,7
1046	21.07.20 19:08:25	1,43	5,97	-4,2	4,6	81,1
1047	21.07.20 19:08:26	1,43	5,99	-2,4	-3,4	84,3
1048	21.07.20 19:08:27	1,43	5,97	3,7	-1,1	85,2
1049	21.07.20 19:08:28	1,43	5,97	6,6	3,5	79,8
1050	21.07.20 19:08:29	1,43	5,97	-7,8	0,4	81,8
1051	21.07.20 19:08:30	1,43	5,99	-5,6	9,1	75,2
1052	21.07.20 19:08:31	1,43	5,99	7,3	2,8	79,9
1053	21.07.20 19:08:32	1,43	5,97	14,2	1,7	74,1
1054	21.07.20 19:08:33	1,43	5,99	1,9	3,5	84,6
1055	21.07.20 19:08:34	1,43	5,99	0,4	-6,2	83,4
1056	21.07.20 19:08:35	1,43	5,99	3,7	6,5	79,9
1057	21.07.20 19:08:36	1,43	5,99	7,9	-19,4	62,7
1058	21.07.20 19:08:37	1,43	6,01	0,3	-7,7	82,0
1059	21.07.20 19:08:38	1,39	5,98	-4,1	12,2	73,7
1060	21.07.20 19:08:39	1,39	5,98	-13,5	6,7	69,8
1061	21.07.20 19:08:40	1,39	5,98	-1,5	11,6	76,9
1062	21.07.20 19:08:41	1,39	6,01	-0,9	9,1	80,0
1063	21.07.20 19:08:42	1,39	5,98	12,0	3,8	74,2
1064	21.07.20 19:08:43	1,39	5,98	1,4	9,7	78,9
1065	21.07.20 19:08:44	1,39	6,05	-3,1	-4,5	82,4
1066	21.07.20 19:08:45	1,39	5,98	-1,9	8,9	79,2
1067	21.07.20 19:08:46	1,39	5,98	4,0	14,0	71,9
1068	21.07.20 19:08:47	1,39	5,98	11,2	31,2	47,6
1069	21.07.20 19:08:48	1,39	5,98	9,4	49,0	31,6
1070	21.07.20 19:08:49	1,39	6,01	-7,7	14,9	67,4
1071	21.07.20 19:08:50	1,39	6,01	1,2	20,0	68,8
1072	21.07.20 19:08:51	1,39	5,98	8,1	30,9	50,9
1073	21.07.20 19:08:52	1,39	5,98	4,7	29,7	55,6
1074	21.07.20 19:08:53	1,39	6,01	-6,0	9,7	74,2
1075	21.07.20 19:08:54	1,39	5,98	0,8	13,7	75,5
1076	21.07.20 19:08:55	1,39	6,01	19,7	16,2	54,1
1077	21.07.20 19:08:56	1,39	5,98	8,1	31,6	50,2
1078	21.07.20 19:08:57	1,39	5,98	-1,7	28,6	59,7
1079	21.07.20 19:08:58	1,39	5,98	-1,3	19,7	69,0
1080	21.07.20 19:08:59	1,39	6,01	5,7	23,4	60,9
1081	21.07.20 19:09:00	1,35	6,00	8,6	50,4	31,1
1082	21.07.20 19:09:01	1,35	5,98	13,8	54,0	22,1
1083	21.07.20 19:09:02	1,35	5,98	24,4	49,3	16,3
1084	21.07.20 19:09:03	1,35	5,98	46,5	32,4	11,1
1085	21.07.20 19:09:04	1,35	5,96	46,0	32,5	11,4
1086	21.07.20 19:09:05	1,35	5,93	50,9	30,5	8,6
1087	21.07.20 19:09:06	1,35	5,96	58,7	28,3	3,0
1088	21.07.20 19:09:07	1,35	5,93	50,0	32,2	7,8
1089	21.07.20 19:09:08	1,35	5,91	43,3	34,8	11,8
1090	21.07.20 19:09:09	1,35	5,91	48,7	32,5	8,9
1091	21.07.20 19:09:10	1,35	5,96	53,1	29,1	7,8
1092	21.07.20 19:09:11	1,35	5,91	48,5	31,9	9,6
1093	21.07.20 19:09:12	1,35	5,89	44,8	36,5	8,8
1094	21.07.20 19:09:13	1,35	5,89	48,8	32,7	8,6
1095	21.07.20 19:09:14	1,35	5,84	49,7	31,6	8,7
1096	21.07.20 19:09:15	1,35	5,82	52,4	30,9	6,7
1097	21.07.20 19:09:16	1,35	5,84	58,1	27,4	4,5
1098	21.07.20 19:09:17	1,35	5,82	50,6	32,6	6,8
1099	21.07.20 19:09:18	1,35	5,77	49,2	33,7	7,1
1100	21.07.20 19:09:19	1,35	5,72	44,5	37,7	7,8
1101	21.07.20 19:09:20	1,35	5,65	50,4	33,9	5,7
1102	21.07.20 19:09:21	1,31	5,65	53,9	30,7	5,3
1103	21.07.20 19:09:22	1,31	5,65	53,4	30,5	6,1
1104	21.07.20 19:09:23	1,31	5,60	48,3	34,9	6,8
1105	21.07.20 19:09:24	1,31	5,56	52,6	33,2	4,2
1106	21.07.20 19:09:25	1,31	5,53	51,1	34,1	4,8
1107	21.07.20 19:09:26	1,31	5,49	47,4	37,0	5,6
1108	21.07.20 19:09:27	1,31	5,46	53,1	32,7	4,2
1109	21.07.20 19:09:28	1,31	5,46	53,0	31,9	5,1
1110	21.07.20 19:09:29	1,31	5,37	48,1	36,2	5,6
1111	21.07.20 19:09:30	1,31	5,30	48,0	38,9	3,1
1112	21.07.20 19:09:31	1,31	5,28	53,3	33,4	3,3
1113	21.07.20 19:09:32	1,31	5,28	55,7	32,0	2,4
1114	21.07.20 19:09:33	1,31	5,25	52,5	35,0	2,5
1115	21.07.20 19:09:34	1,31	5,18	48,1	39,3	2,6
1116	21.07.20 19:09:35	1,31	5,09	46,1	37,5	6,4
1117	21.07.20 19:09:36	1,31	5,04	44,6	38,3	7,1
1118	21.07.20 19:09:37	1,31	5,04	47,6	35,5	6,9
1119	21.07.20 19:09:38	1,31	5,04	46,4	36,7	6,9
1120	21.07.20 19:09:39	1,31	5,00	40,4	41,0	8,6
1121	21.07.20 19:09:40	1,31	5,02	46,7	35,4	7,9
1122	21.07.20 19:09:41	1,31	5,04	47,3	33,8	8,9
1123	21.07.20 19:09:42	1,31	5,07	45,8	34,3	9,9
1124	21.07.20 19:09:43	1,31	5,09	51,3	30,5	8,2
1125	21.07.20 19:09:44	1,31	5,14	56,0	25,2	8,8
1126	21.07.20 19:09:45	1,31	5,11	62,0	8,8	19,2
1127	21.07.20 19:09:46	1,31	5,09	49,8	-9,4	30,8
1128	21.07.20 19:09:47	1,31	5,09	54,7	-22,8	12,5
1129	21.07.20 19:09:48	1,31	5,14	59,0	-21,3	9,7
1130	21.07.20 19:09:49	1,31	5,11	57,2	-15,7	17,1
1131	21.07.20 19:09:50	1,31	5,11	54,5	-13,4	22,1
1132	21.07.20 19:09:51	1,31	5,16	63,9	-13,6	12,5
1133	21.07.20 19:09:52	1,31	5,21	64,6	-13,1	12,3
1134	21.07.20 19:09:53	1,31	5,21	61,1	-11,9	17,1
1135	21.07.20 19:09:54	1,31	5,16	57,1	-12,6	20,3
1136	21.07.20 19:09:55	1,31	5,14	62,8	-12,5	14,7
1137	21.07.20 19:09:56	1,31	5,16	63,3	-11,9	14,9
1138	21.07.20 19:09:57	1,31	5,14	61,2	-11,6	17,2
1139	21.07.20 19:09:58	1,31	5,14	67,3	-10,8	11,8
1140	21.07.20 19:09:59	1,31	5,16	65,3	-10,8	13,9
1141	21.07.20 19:10:00	1,31	5,14	57,9	-10,0	22,1
1142	21.07.20 19:10:01	1,31	5,09	56,9	-10,1	23,0
1143	21.07.20 19:10:02	1,31	5,04	63,2	-10,5	16,3
1144	21.07.20 19:10:03	1,31	5,07	65,5	-11,0	13,4
1145	21.07.20 19:10:04	1,31	5,07	64,3	-10,4	15,3
1146	21.07.20 19:10:05	1,31	5,02	63,6	-7,1	19,3
1147	21.07.20 19:10:06	1,31	4,95	61,8	-6,3	21,9
1148	21.07.20 19:10:07	1,31	4,88	62,9	-6,4	20,7
1149	21.07.20 19:10:08	1,31	4,79	62,3	-5,7	22,0
1150	21.07.20 19:10:09	1,31	4,72	58,4	-6,5	25,1
1151	21.07.20 19:10:10	1,31	4,60	58,2	-7,2	24,6
1152	21.07.20 19:10:11	1,31	4,51	55,2	-8,6	26,2
1153	21.07.20 19:10:12	1,31	4,41	52,3	-10,5	27,1
1154	21.07.20 19:10:13	1,31	4,34	52,7	-9,3	28,0
1155	21.07.20 19:10:14	1,31	4,23	53,5	-9,3	27,3
1156	21.07.20 19:10:15	1,31	4,16	53,4	-8,7	27,9
1157	21.07.20 19:10:16	1,31	4,06	55,4	-4,2	30,4
1158	21.07.20 19:10:17	1,31	3,99	53,5	3,8	32,8
1159	21.07.20 19:10:18	1,31	3,90	46,8	7,8	35,4
1160	21.07.20 19:10:19	1,31	3,81	38,4	12,0	39,6
1161	21.07.20 19:10:20	1,31	3,69	37,8	15,1	37,1
1162	21.07.20 19:10:21	1,35	3,60	37,1	17,7	35,1
1163	21.07.20 19:10:22	1,39	3,49	35,0	20,1	34,9
1164	21.07.20 19:10:23	1,39	3,42	40,6	18,2	31,2
1165	21.07.20 19:10:24	1,43	3,38	41,6	18,4	30,0
1166	21.07.20 19:10:25	1,47	3,36	46,0	17,8	26,2
1167	21.07.20 19:10:26	1,47	3,31	40,2	22,3	27,5
1168	21.07.20 19:10:27	1,47	3,24	39,1	21,1	29,8
1169	21.07.20 19:10:28	1,47	3,22	42,8	20,4	26,8
1170	21.07.20 19:10:29	1,47	3,19	49,4	16,7	24,0
1171	21.07.20 19:10:30	1,51	3,22	52,9	15,2	21,9
1172	21.07.20 19:10:31	1,51	3,24	54,2	19,3	16,5
1173	21.07.20 19:10:32	1,55	3,29	58,3	23,1	8,5
1174	21.07.20 19:10:33	1,59	3,32	61,0	16,1	12,9
1175	21.07.20 19:10:34	1,59	3,35	59,2	14,4	16,4
1176	21.07.20 19:10:35	1,59	3,35	59,6	19,7	10,6
1177	21.07.20 19:10:36	1,62	3,37	59,2	21,3	9,5
1178	21.07.20 19:10:37	1,62	3,37	59,3	16,3	14,4
1179	21.07.20 19:10:38	1,62	3,37	63,1	10,5	16,4
1180	21.07.20 19:10:39	1,66	3,35	62,3	8,7	19,0
1181	21.07.20 19:10:40	1,66	3,31	58,7	8,8	22,5
1182	21.07.20 19:10:41	1,66	3,26	45,1	16,1	28,7
1183	21.07.20 19:10:42	1,66	3,24	41,4	19,4	29,2
1184	21.07.20 19:10:43	1,70	3,19	40,0	20,8	29,1
1185	21.07.20 19:10:44	1,70	3,17	45,1	19,3	25,6
1186	21.07.20 19:10:45	1,70	3,19	52,9	16,3	20,8
1187	21.07.20 19:10:46	1,70	3,17	47,1	17,5	25,4
1188	21.07.20 19:10:47	1,70	3,12	40,9	20,5	28,6
1189	21.07.20 19:10:48	1,70	3,08	42,2	20,6	27,2
1190	21.07.20 19:10:49	1,70	3,03	41,3	21,9	26,9
1191	21.07.20 19:10:50	1,70	2,94	39,9	20,8	29,2
1192	21.07.20 19:10:51	1,74	2,85	41,3	21,3	27,5
1193	21.07.20 19:10:52	1,78	2,78	45,9	18,1	26,0
1194	21.07.20 19:10:53	1,78	2,78	37,6	28,5	23,9
1195	21.07.20 19:10:54	1,78	2,74	44,0	18,6	27,4
1196	21.07.20 19:10:55	1,82	2,72	38,8	22,2	29,0
1197	21.07.20 19:10:56	1,82	2,69	41,3	19,0	29,8
1198	21.07.20 19:10:57	1,86	2,65	45,8	15,4	28,8
1199	21.07.20 19:10:58	1,86	2,58	45,7	12,9	31,4
1200	21.07.20 19:10:59	1,86	2,53	47,2	9,4	33,4
1201	21.07.20 19:11:00	1,89	2,49	46,6	7,6	35,8
1202	21.07.20 19:11:01	1,89	2,47	48,5	3,6	37,9
1203	21.07.20 19:11:02	1,89	2,44	52,7	0,5	36,8
1204	21.07.20 19:11:03	1,89	2,47	55,9	-2,0	32,1
1205	21.07.20 19:11:04	1,93	2,49	55,6	-5,0	29,4
1206	21.07.20 19:11:05	1,93	2,45	47,8	-7,8	34,4
1207	21.07.20 19:11:06	2,01	2,36	41,1	-9,1	39,8
1208	21.07.20 19:11:07	2,09	2,35	37,8	-12,4	39,7
1209	21.07.20 19:11:08	2,16	2,36	45,9	-12,0	32,1
1210	21.07.20 19:11:09	2,24	2,39	51,2	-12,7	26,0
1211	21.07.20 19:11:10	2,28	2,37	53,7	-11,1	25,1
1212	21.07.20 19:11:11	2,31	2,33	55,1	-8,5	26,3
1213	21.07.20 19:11:12	2,31	2,33	54,3	-7,4	28,3
1214	21.07.20 19:11:13	2,35	2,28	51,0	-4,9	34,2
1215	21.07.20 19:11:14	2,35	2,21	45,3	-0,6	44,1
1216	21.07.20 19:11:15	2,39	2,17	39,6	5,4	45,0
1217	21.07.20 19:11:16	2,43	2,13	34,8	6,9	48,3
1218	21.07.20 19:11:17	2,69	1,97	30,8	8,0	51,2
1219	21.07.20 19:11:18	3,22	1,67	27,2	9,3	53,5
1220	21.07.20 19:11:19	3,62	1,58	25,8	12,6	51,6
1221	21.07.20 19:11:20	4,06	1,51	28,0	12,8	49,2
1222	21.07.20 19:11:21	4,46	1,41	26,6	12,0	51,4
1223	21.07.20 19:11:22	4,79	1,28	26,9	11,8	51,2
1224	21.07.20 19:11:23	5,07	1,17	31,9	10,5	47,7
1225	21.07.20 19:11:24	5,36	1,10	25,9	13,4	50,7
1226	21.07.20 19:11:25	5,57	0,98	30,0	13,0	47,0
1227	21.07.20 19:11:26	5,85	0,94	29,6	14,8	45,5
1228	21.07.20 19:11:27	6,03	0,91	29,9	16,0	44,1
1229	21.07.20 19:11:28	6,17	0,88	30,7	13,2	46,1
1230	21.07.20 19:11:29	6,31	0,83	30,9	14,4	44,7
1231	21.07.20 19:11:30	6,38	0,79	33,9	10,1	46,0
1232	21.07.20 19:11:31	6,41	0,79	29,0	15,4	45,6
1233	21.07.20 19:11:32	6,48	0,75	35,2	9,0	45,7
1234	21.07.20 19:11:33	6,59	0,71	29,4	15,0	45,6
1235	21.07.20 19:11:34	6,79	0,57	28,8	14,5	46,7
1236	21.07.20 19:11:35	6,93	0,56	32,3	12,1	45,5
1237	21.07.20 19:11:36	7,00	0,57	34,5	10,7	44,8
1238	21.07.20 19:11:37	7,10	0,53	30,6	15,1	44,3
1239	21.07.20 19:11:38	7,21	0,50	29,8	13,8	46,4
1240	21.07.20 19:11:39	7,31	0,44	30,0	14,5	45,4
1241	21.07.20 19:11:40	7,38	0,41	31,5	15,5	43,0
1242	21.07.20 19:11:41	7,45	0,36	30,3	15,8	43,9
1243	21.07.20 19:11:42	7,55	0,34	29,3	16,5	44,2
1244	21.07.20 19:11:43	7,62	0,29	33,2	8,1	48,7
1245	21.07.20 19:11:44	7,72	0,34	32,4	8,6	49,0
1246	21.07.20 19:11:45	7,85	0,29	28,0	14,3	47,7
1247	21.07.20 19:11:46	7,99	0,22	28,9	17,5	43,7
1248	21.07.20 19:11:47	8,09	0,18	30,4	12,0	47,6
1249	21.07.20 19:11:48	8,19	0,13	30,5	12,2	47,4
1250	21.07.20 19:11:49	8,29	0,15	29,6	10,5	50,0
1251	21.07.20 19:11:50	8,43	0,20	25,1	12,4	52,5
1252	21.07.20 19:11:51	8,53	0,08	28,2	11,8	50,1
1253	21.07.20 19:11:52	8,73	0,04	29,0	6,5	54,4
1254	21.07.20 19:11:53	8,99	0,00	31,3	1,3	57,4
1255	21.07.20 19:11:54	9,16	0,00	31,2	4,1	54,7
1256	21.07.20 19:11:55	9,26	0,00	31,8	2,5	55,7
1257	21.07.20 19:11:56	9,29	0,00	32,7	-2,3	55,0
1258	21.07.20 19:11:57	9,39	0,00	27,7	-1,1	61,2
1259	21.07.20 19:11:58	9,59	0,00	26,1	-0,5	63,4
1260	21.07.20 19:11:59	9,72	0,00	23,2	0,4	66,4
1261	21.07.20 19:12:00	9,78	0,00	27,7	6,7	55,5
1262	21.07.20 19:12:01	9,85	0,00	28,2	2,3	59,5
1263	21.07.20 19:12:02	9,95	0,00	28,2	-4,7	57,1
1264	21.07.20 19:12:03	10,08	0,00	28,6	1,3	60,0
1265	21.07.20 19:12:04	10,21	0,00	24,2	1,4	64,3
1266	21.07.20 19:12:05	10,37	0,00	27,1	0,6	62,3
1267	21.07.20 19:12:06	10,43	0,00	25,6	5,3	59,1
1268	21.07.20 19:12:07	10,50	0,00	17,7	10,4	61,8
1269	21.07.20 19:12:08	10,59	0,00	23,7	9,2	57,2
1270	21.07.20 19:12:09	10,66	0,00	30,8	6,6	52,6
1271	21.07.20 19:12:10	10,76	0,00	33,1	-0,1	56,8
1272	21.07.20 19:12:11	10,82	0,00	23,2	4,8	62,0
1273	21.07.20 19:12:12	10,88	0,00	29,0	1,5	59,5
1274	21.07.20 19:12:13	10,92	0,00	27,6	-0,9	61,5
1275	21.07.20 19:12:14	10,98	0,00	25,5	5,5	59,0
1276	21.07.20 19:12:15	11,01	0,00	26,1	3,4	60,4
1277	21.07.20 19:12:16	11,08	0,00	23,8	4,7	61,5
1278	21.07.20 19:12:17	11,11	0,00	27,1	4,5	58,4
1279	21.07.20 19:12:18	11,11	0,00	31,9	-2,7	55,4
1280	21.07.20 19:12:19	11,17	0,00	22,1	12,3	55,6
1281	21.07.20 19:12:20	11,27	0,00	26,3	4,4	59,3
1282	21.07.20 19:12:21	11,33	0,00	26,3	5,2	58,6
1283	21.07.20 19:12:22	11,37	0,00	27,5	4,5	58,0
1284	21.07.20 19:12:23	11,46	0,00	22,2	9,9	57,9
1285	21.07.20 19:12:24	11,49	0,00	24,2	7,5	58,3
1286	21.07.20 19:12:25	11,56	0,00	23,4	4,7	61,9
1287	21.07.20 19:12:26	11,59	0,00	33,6	3,0	53,4
1288	21.07.20 19:12:27	11,68	0,00	31,7	5,8	52,5
1289	21.07.20 19:12:28	11,72	0,00	21,4	6,8	61,8
1290	21.07.20 19:12:29	11,75	0,00	24,9	6,2	58,9
1291	21.07.20 19:12:30	11,78	0,00	29,9	8,4	51,7
1292	21.07.20 19:12:31	11,81	0,00	31,8	2,8	55,5
1293	21.07.20 19:12:32	11,87	0,00	30,7	6,7	52,6
1294	21.07.20 19:12:33	11,94	0,00	27,0	8,3	54,6
1295	21.07.20 19:12:34	12,00	0,00	21,0	10,2	58,8
1296	21.07.20 19:12:35	12,03	0,04	25,8	7,8	56,4
1297	21.07.20 19:12:36	12,06	0,00	27,2	-5,8	57,1
1298	21.07.20 19:12:37	12,10	0,00	27,5	-1,1	61,4
1299	21.07.20 19:12:38	12,13	0,00	27,3	-1,6	61,1
1300	21.07.20 19:12:39	12,19	0,00	25,5	0,6	63,9
1301	21.07.20 19:12:40	12,25	0,00	29,1	2,6	58,4
1302	21.07.20 19:12:41	12,32	0,00	28,7	0,5	60,8
1303	21.07.20 19:12:42	12,35	0,04	32,0	-1,3	56,7
1304	21.07.20 19:12:43	12,38	0,01	37,0	1,9	51,1
1305	21.07.20 19:12:44	12,51	0,00	28,5	-0,3	61,2
1306	21.07.20 19:12:45	12,57	0,00	38,0	9,9	42,1
1307	21.07.20 19:12:46	12,63	0,00	13,9	-2,2	73,9
1308	21.07.20 19:12:47	12,69	0,00	23,4	-2,9	63,7
1309	21.07.20 19:12:48	12,76	0,00	15,1	-4,5	70,4
1310	21.07.20 19:12:49	12,82	0,00	29,8	-2,0	58,1
1311	21.07.20 19:12:50	12,88	0,00	33,3	-0,2	56,5
1312	21.07.20 19:12:51	12,88	0,00	28,3	-4,8	56,9
1313	21.07.20 19:12:52	12,91	0,00	29,9	-2,1	58,1
1314	21.07.20 19:12:53	12,94	0,00	17,4	3,1	69,5
1315	21.07.20 19:12:54	13,01	0,00	20,1	-2,7	67,1
1316	21.07.20 19:12:55	13,07	0,00	15,7	-6,8	67,5
1317	21.07.20 19:12:56	13,13	0,00	26,5	3,0	60,4
1318	21.07.20 19:12:57	13,13	0,00	27,2	-11,3	51,4
1319	21.07.20 19:12:58	13,16	0,00	19,8	-18,8	51,5
1320	21.07.20 19:12:59	13,19	0,00	30,0	6,3	53,7
1321	21.07.20 19:13:00	13,23	0,00	32,9	1,2	55,9
1322	21.07.20 19:13:01	13,29	0,00	19,5	-26,7	43,8
1323	21.07.20 19:13:02	13,32	0,00	25,9	-16,9	47,3
1324	21.07.20 19:13:03	13,32	0,00	20,4	-22,5	47,1
1325	21.07.20 19:13:04	13,35	0,00	31,4	-8,6	50,0
1326	21.07.20 19:13:05	13,38	0,00	31,3	-7,4	51,3
1327	21.07.20 19:13:06	13,41	0,00	26,9	-9,2	53,9
1328	21.07.20 19:13:07	13,44	0,00	17,4	-10,2	62,4
1329	21.07.20 19:13:08	13,50	0,00	19,0	19,5	51,5
1330	21.07.20 19:13:09	13,57	0,00	19,5	21,7	48,8
1331	21.07.20 19:13:10	13,60	0,00	24,2	11,5	54,3
1332	21.07.20 19:13:11	13,63	0,00	32,9	23,0	34,1
1333	21.07.20 19:13:12	13,63	0,00	58,9	16,0	15,0
1334	21.07.20 19:13:13	13,66	0,00	42,2	14,2	33,5
1335	21.07.20 19:13:14	13,72	0,00	32,2	10,9	46,9
1336	21.07.20 19:13:15	13,75	0,00	35,4	-12,3	42,3
1337	21.07.20 19:13:16	13,81	0,00	59,4	4,3	26,3
1338	21.07.20 19:13:17	13,85	0,00	64,8	15,4	9,8
1339	21.07.20 19:13:18	13,88	0,00	61,0	24,4	4,6
1340	21.07.20 19:13:19	13,91	0,00	60,9	22,3	6,9
1341	21.07.20 19:13:20	13,85	0,00	65,9	18,8	5,3
1342	21.07.20 19:13:21	13,75	0,04	76,0	8,1	5,9
1343	21.07.20 19:13:22	13,63	0,04	74,2	9,7	6,1
1344	21.07.20 19:13:23	13,54	0,06	67,0	17,9	5,1
1345	21.07.20 19:13:24	13,44	0,11	61,2	24,9	3,9
1346	21.07.20 19:13:25	13,35	0,06	62,6	23,6	3,8
1347	21.07.20 19:13:26	13,32	0,11	59,9	-22,3	7,8
1348	21.07.20 19:13:27	13,26	0,11	79,8	-2,4	7,8
1349	21.07.20 19:13:28	13,19	0,11	80,6	3,5	5,9
1350	21.07.20 19:13:29	13,13	0,11	77,2	-5,9	6,9
1351	21.07.20 19:13:30	13,10	0,11	82,8	1,1	6,2
1352	21.07.20 19:13:31	13,04	0,13	81,5	3,7	4,8
1353	21.07.20 19:13:32	13,01	0,15	80,2	3,4	6,4
1354	21.07.20 19:13:33	12,98	0,13	65,2	21,4	3,4
1355	21.07.20 19:13:34	12,94	0,13	66,1	20,7	3,2
1356	21.07.20 19:13:35	12,91	0,13	49,0	14,3	26,7
1357	21.07.20 19:13:36	12,88	0,13	-15,8	-2,2	72,0
1358	21.07.20 19:13:37	12,85	0,13	62,0	0,3	27,7
1359	21.07.20 19:13:38	12,82	0,13	43,5	-11,4	35,0
1360	21.07.20 19:13:39	12,82	0,15	80,9	-2,4	6,7
1361	21.07.20 19:13:40	12,79	0,18	58,9	-20,5	-10,6
1362	21.07.20 19:13:41	12,76	0,15	70,2	-2,2	17,6
1363	21.07.20 19:13:42	12,73	0,15	70,1	4,2	-15,6
1364	21.07.20 19:13:43	12,69	0,18	55,0	11,0	-23,9
1365	21.07.20 19:13:44	12,66	0,15	62,0	11,1	-17,0
1366	21.07.20 19:13:45	12,63	0,18	58,7	20,3	-11,1
1367	21.07.20 19:13:46	12,60	0,18	47,2	36,1	-6,7
1368	21.07.20 19:13:47	12,57	0,18	51,0	36,3	2,7
1369	21.07.20 19:13:48	12,57	0,18	36,1	47,0	-6,9
1370	21.07.20 19:13:49	12,54	0,20	38,9	51,1	0,1
1371	21.07.20 19:13:50	12,51	0,18	44,3	27,6	18,1
1372	21.07.20 19:13:51	12,51	0,20	58,1	6,5	25,4
1373	21.07.20 19:13:52	12,47	0,18	58,5	7,2	24,2
1374	21.07.20 19:13:53	12,44	0,18	45,3	14,5	30,2
1375	21.07.20 19:13:54	12,44	0,18	50,5	14,2	-25,3
1376	21.07.20 19:13:55	12,41	0,18	-21,0	-9,8	-59,2
1377	21.07.20 19:13:56	12,41	0,18	-14,7	-7,8	-67,5
1378	21.07.20 19:13:57	12,38	0,18	-12,4	-13,1	-64,4
1379	21.07.20 19:13:58	12,38	0,18	-11,4	-6,0	-72,6
1380	21.07.20 19:13:59	12,38	0,20	-8,6	-3,1	-78,3
1381	21.07.20 19:14:00	12,35	0,20	-7,3	-5,5	-77,2
1382	21.07.20 19:14:01	12,35	0,22	-7,9	-0,2	-82,0
1383	21.07.20 19:14:02	12,35	0,20	-8,3	-2,7	-79,0
1384	21.07.20 19:14:03	12,32	0,20	-6,0	-1,2	-82,8
1385	21.07.20 19:14:04	12,32	0,20	-6,8	-1,4	-81,8
1386	21.07.20 19:14:05	12,32	0,22	-8,9	1,2	-79,9
1387	21.07.20 19:14:06	12,32	0,20	-10,4	-4,7	-74,8
1388	21.07.20 19:14:07	12,29	0,20	-9,0	-1,5	-79,5
1389	21.07.20 19:14:08	12,29	0,20	-5,7	0,9	-83,4
1390	21.07.20 19:14:09	12,29	0,22	-9,3	-3,8	-76,9
1391	21.07.20 19:14:10	12,25	0,20	-8,3	-2,6	-79,1
1392	21.07.20 19:14:11	12,25	0,20	-7,9	0,5	-81,6
1393	21.07.20 19:14:12	12,25	0,20	-7,0	2,1	-80,8
1394	21.07.20 19:14:13	12,25	0,20	-11,0	-2,9	-76,1
1395	21.07.20 19:14:14	12,25	0,20	-57,7	-4,9	-27,3
1396	21.07.20 19:14:15	12,22	0,20	-20,1	-11,1	-58,8
1397	21.07.20 19:14:16	12,25	0,20	-2,9	-3,1	-84,0
1398	21.07.20 19:14:17	12,25	0,18	-1,2	-1,7	-87,1
1399	21.07.20 19:14:18	12,25	0,20	-3,0	-3,9	-83,1
1400	21.07.20 19:14:19	12,25	0,20	-4,1	-4,9	-81,0
1401	21.07.20 19:14:20	12,25	0,20	-2,9	-5,1	-81,9
1402	21.07.20 19:14:21	12,22	0,20	-1,6	-3,9	-84,5
1403	21.07.20 19:14:22	12,22	0,20	-1,4	-1,5	-87,1
1404	21.07.20 19:14:23	12,22	0,20	-2,9	-4,1	-83,0
1405	21.07.20 19:14:24	12,22	0,20	-47,0	-22,8	-20,2
1406	21.07.20 19:14:25	12,22	0,20	-59,9	-9,9	-20,1
1407	21.07.20 19:14:26	12,25	0,18	-56,5	-9,2	-24,3
1408	21.07.20 19:14:27	12,25	0,18	-60,3	-7,2	-22,6
1409	21.07.20 19:14:28	12,29	0,20	-59,6	-6,1	-24,3
1410	21.07.20 19:14:29	12,29	0,22	-58,7	-9,4	-21,9
1411	21.07.20 19:14:30	12,29	0,22	-58,8	-6,7	-24,5
1412	21.07.20 19:14:31	12,32	0,20	-55,4	-1,6	-33,0
1413	21.07.20 19:14:32	12,32	0,20	-85,2	2,4	2,4
1414	21.07.20 19:14:33	12,32	0,20	-81,6	5,7	2,7
1415	21.07.20 19:14:34	12,35	0,20	-79,1	9,4	1,5
1416	21.07.20 19:14:35	12,35	0,20	-81,8	6,5	1,7
1417	21.07.20 19:14:36	12,35	0,20	-81,3	4,6	4,1
1418	21.07.20 19:14:37	12,35	0,20	-79,4	5,6	5,0
1419	21.07.20 19:14:38	12,35	0,20	-81,7	6,8	1,5
1420	21.07.20 19:14:39	12,35	0,20	-82,7	6,8	0,6
1421	21.07.20 19:14:40	12,35	0,20	-81,3	6,3	2,4
1422	21.07.20 19:14:41	12,35	0,20	-80,4	5,6	4,0
1423	21.07.20 19:14:42	12,35	0,20	-80,8	5,8	3,5
1424	21.07.20 19:14:43	12,35	0,20	-82,5	5,9	1,6
1425	21.07.20 19:14:44	12,35	0,22	-84,3	5,6	0,1
1426	21.07.20 19:14:45	12,35	0,20	-83,0	6,6	0,3
1427	21.07.20 19:14:46	12,35	0,20	-80,5	6,2	3,3
1428	21.07.20 19:14:47	12,38	0,18	-78,6	5,3	6,1
1429	21.07.20 19:14:48	12,38	0,18	-77,2	7,7	5,1
1430	21.07.20 19:14:49	12,38	0,18	-79,8	6,8	3,4
1431	21.07.20 19:14:50	12,38	0,18	-85,6	4,3	0,0
1432	21.07.20 19:14:51	12,41	0,20	-82,7	5,3	-1,9
1433	21.07.20 19:14:52	12,41	0,20	-82,1	6,7	1,2
1434	21.07.20 19:14:53	12,41	0,18	-78,7	6,1	5,3
1435	21.07.20 19:14:54	12,41	0,20	-80,2	5,3	4,5
1436	21.07.20 19:14:55	12,41	0,18	-81,6	7,0	1,5
1437	21.07.20 19:14:56	12,44	0,20	-83,2	6,5	0,2
1438	21.07.20 19:14:57	12,44	0,20	-82,6	3,9	3,6
1439	21.07.20 19:14:58	12,44	0,18	-77,5	6,8	5,7
1440	21.07.20 19:14:59	12,44	0,18	-78,4	8,6	3,0
1441	21.07.20 19:15:00	12,44	0,20	-84,3	4,1	1,5
1442	21.07.20 19:15:01	12,44	0,18	-84,6	4,6	0,7
1443	21.07.20 19:15:02	12,47	0,18	-81,3	7,9	0,8
1444	21.07.20 19:15:03	12,47	0,20	-79,8	6,5	3,7
1445	21.07.20 19:15:04	12,47	0,18	-79,7	4,5	5,8
1446	21.07.20 19:15:05	12,47	0,20	-80,0	5,5	4,6
1447	21.07.20 19:15:06	12,47	0,18	-79,5	9,1	1,4
1448	21.07.20 19:15:07	12,47	0,18	-81,6	7,3	1,1
1449	21.07.20 19:15:08	12,51	0,20	-85,2	3,0	1,8
1450	21.07.20 19:15:09	12,51	0,18	-84,4	3,7	2,0
1451	21.07.20 19:15:10	12,54	0,18	-79,1	8,4	2,4
1452	21.07.20 19:15:11	12,54	0,20	-77,7	8,2	4,0
1453	21.07.20 19:15:12	12,54	0,20	-81,9	4,1	4,0
1454	21.07.20 19:15:13	12,54	0,20	-82,9	4,5	2,6
1455	21.07.20 19:15:14	12,54	0,20	-80,0	8,0	2,0
1456	21.07.20 19:15:15	12,57	0,20	-79,1	7,7	3,2
1457	21.07.20 19:15:16	12,57	0,20	-81,8	5,1	3,2
1458	21.07.20 19:15:17	12,57	0,20	-85,5	4,1	0,3
1459	21.07.20 19:15:18	12,57	0,18	-83,4	5,7	0,9
1460	21.07.20 19:15:19	12,57	0,18	-78,4	8,3	3,3
1461	21.07.20 19:15:20	12,57	0,20	-78,2	6,7	5,1
1462	21.07.20 19:15:21	12,60	0,20	-81,5	4,5	4,0
1463	21.07.20 19:15:22	12,60	0,20	-82,1	6,0	1,9
1464	21.07.20 19:15:23	12,60	0,20	-82,8	6,4	0,8
1465	21.07.20 19:15:24	12,63	0,18	-81,4	5,6	3,0
1466	21.07.20 19:15:25	12,63	0,20	-78,8	6,2	5,0
1467	21.07.20 19:15:26	12,63	0,20	-70,8	-8,4	-10,8
1468	21.07.20 19:15:27	12,63	0,20	-26,7	1,0	-62,3
1469	21.07.20 19:15:28	12,63	0,20	-59,8	-4,7	-25,5
1470	21.07.20 19:15:29	12,66	0,20	-62,2	-4,7	-23,2
1471	21.07.20 19:15:30	12,66	0,20	1,1	85,4	-3,5
1472	21.07.20 19:15:31	12,66	0,18	0,6	87,8	-1,5
1473	21.07.20 19:15:32	12,66	0,20	-0,6	86,0	-3,4
1474	21.07.20 19:15:33	12,69	0,20	-0,7	85,1	-4,2
1475	21.07.20 19:15:34	12,69	0,18	-1,8	85,8	-2,5
1476	21.07.20 19:15:35	12,69	0,20	-2,4	85,4	-2,2
1477	21.07.20 19:15:36	12,69	0,18	-1,0	84,7	-4,3
1478	21.07.20 19:15:37	12,69	0,20	0,2	87,0	-2,8
1479	21.07.20 19:15:38	12,69	0,18	1,2	87,7	-1,1
1480	21.07.20 19:15:39	12,69	0,20	0,1	85,8	-4,0
1481	21.07.20 19:15:40	12,69	0,18	-1,7	83,2	-5,1
1482	21.07.20 19:15:41	12,73	0,20	-1,7	86,1	-2,2
1483	21.07.20 19:15:42	12,73	0,18	-1,3	87,6	-1,1
1484	21.07.20 19:15:43	12,73	0,18	-0,6	86,3	-3,0
1485	21.07.20 19:15:44	12,73	0,20	-0,1	84,5	-5,4
1486	21.07.20 19:15:45	12,73	0,18	-1,3	85,5	-3,2
1487	21.07.20 19:15:46	12,76	0,20	-1,7	88,0	-0,3
1488	21.07.20 19:15:47	12,76	0,20	-0,2	87,0	-2,8
1489	21.07.20 19:15:48	12,76	0,20	0,2	83,8	-6,1
1490	21.07.20 19:15:49	12,76	0,20	-0,1	87,6	-2,3
1491	21.07.20 19:15:50	12,76	0,20	-0,9	89,0	0,1
1492	21.07.20 19:15:51	12,76	0,20	-1,7	83,9	-4,4
1493	21.07.20 19:15:52	12,79	0,22	-2,0	81,8	-6,2
1494	21.07.20 19:15:53	12,79	0,20	-2,3	86,3	-1,5
1495	21.07.20 19:15:54	12,79	0,20	-60,8	-7,6	-21,6
1496	21.07.20 19:15:55	12,79	0,20	-67,9	-1,9	-20,2
1497	21.07.20 19:15:56	12,82	0,20	-62,4	-2,9	-24,7
1498	21.07.20 19:15:57	12,82	0,20	-61,3	-5,3	-23,3
1499	21.07.20 19:15:58	12,82	0,20	-59,0	-5,4	-25,6
1500	21.07.20 19:15:59	12,85	0,20	-62,4	-3,6	-24,1
1501	21.07.20 19:16:00	12,85	0,18	-59,7	-4,3	-26,0
1502	21.07.20 19:16:01	12,85	0,20	-57,0	-6,9	-26,1
1503	21.07.20 19:16:02	12,88	0,20	-49,4	-5,6	-34,9
1504	21.07.20 19:16:03	12,88	0,20	-54,4	-9,0	-26,6
1505	21.07.20 19:16:04	12,88	0,18	-58,8	-3,9	-27,2
1506	21.07.20 19:16:05	12,88	0,20	-57,6	-7,1	-25,4
1507	21.07.20 19:16:06	12,91	0,18	-55,3	-6,8	-27,9
1508	21.07.20 19:16:07	12,91	0,18	-59,0	-6,1	-24,9
1509	21.07.20 19:16:08	12,91	0,18	-60,4	-5,4	-24,2
1510	21.07.20 19:16:09	12,94	0,20	-58,6	-5,9	-25,5
1511	21.07.20 19:16:10	12,94	0,18	-56,0	-5,0	-29,0
1512	21.07.20 19:16:11	12,94	0,18	-59,5	-6,5	-24,0
1513	21.07.20 19:16:12	12,98	0,18	-59,9	-5,7	-24,5
1514	21.07.20 19:16:13	12,98	0,20	-60,7	-5,6	-23,7
1515	21.07.20 19:16:14	13,01	0,20	-59,6	-6,4	-24,0
1516	21.07.20 19:16:15	13,01	0,20	-58,6	-5,5	-25,9
1517	21.07.20 19:16:16	13,01	0,20	-60,0	-5,7	-24,3
1518	21.07.20 19:16:17	13,01	0,18	-59,8	-5,8	-24,4
1519	21.07.20 19:16:18	13,04	0,20	-59,4	-6,1	-24,4
1520	21.07.20 19:16:19	13,04	0,18	-58,0	-5,7	-26,3
1521	21.07.20 19:16:20	13,07	0,18	-59,8	-6,2	-24,0
1522	21.07.20 19:16:21	13,07	0,18	-59,5	-5,6	-25,0
1523	21.07.20 19:16:22	13,07	0,15	-52,3	-10,2	-27,5
1524	21.07.20 19:16:23	13,10	0,18	-58,6	-6,0	-25,4
1525	21.07.20 19:16:24	13,13	0,18	-58,6	-12,1	-19,3
1526	21.07.20 19:16:25	13,13	0,18	-45,2	-28,3	-16,5
1527	21.07.20 19:16:26	13,13	0,15	-28,6	-33,2	-28,2
1528	21.07.20 19:16:27	13,16	0,15	-30,8	-33,6	-25,6
1529	21.07.20 19:16:28	13,16	0,18	-31,1	-34,8	-24,1
1530	21.07.20 19:16:29	13,16	0,15	-27,2	-36,2	-26,6
1531	21.07.20 19:16:30	13,19	0,20	-25,6	-35,7	-28,7
1532	21.07.20 19:16:31	13,23	0,20	-28,9	-35,1	-26,0
1533	21.07.20 19:16:32	13,23	0,18	-28,7	-34,9	-26,3
1534	21.07.20 19:16:33	13,26	0,18	-25,8	-35,0	-29,3
1535	21.07.20 19:16:34	13,26	0,18	-26,7	-34,2	-29,1
1536	21.07.20 19:16:35	13,29	0,18	-29,6	-34,1	-26,3
1537	21.07.20 19:16:36	13,29	0,18	-29,3	-35,0	-25,7
1538	21.07.20 19:16:37	13,29	0,18	-25,8	-35,4	-28,8
1539	21.07.20 19:16:38	13,29	0,18	-24,1	-36,2	-29,6
1540	21.07.20 19:16:39	13,29	0,20	-27,0	-35,7	-27,3
1541	21.07.20 19:16:40	13,29	0,20	-28,8	-34,4	-26,8
1542	21.07.20 19:16:41	13,32	0,20	-27,8	-34,7	-27,4
1543	21.07.20 19:16:42	13,32	0,18	-26,5	-35,3	-28,2
1544	21.07.20 19:16:43	13,35	0,18	-25,8	-34,3	-29,8
1545	21.07.20 19:16:44	13,35	0,18	-27,1	-35,5	-27,4
1546	21.07.20 19:16:45	13,35	0,15	-27,7	-35,0	-27,3
1547	21.07.20 19:16:46	13,38	0,18	-27,3	-34,6	-28,1
1548	21.07.20 19:16:47	13,38	0,18	-28,2	-34,9	-26,8
1549	21.07.20 19:16:48	13,38	0,18	-25,4	-35,5	-29,1
1550	21.07.20 19:16:49	13,38	0,18	-23,6	-36,0	-30,4
1551	21.07.20 19:16:50	13,38	0,15	-28,5	-35,0	-26,5
1552	21.07.20 19:16:51	13,38	0,18	-30,1	-33,1	-26,8
1553	21.07.20 19:16:52	13,41	0,20	-26,0	-33,4	-30,6
1554	21.07.20 19:16:53	13,44	0,18	-23,1	-37,3	-29,6
1555	21.07.20 19:16:54	13,44	0,20	-25,2	-38,4	-26,4
1556	21.07.20 19:16:55	13,47	0,18	-25,8	-14,4	-49,8
1557	21.07.20 19:16:56	13,47	0,18	-15,3	-9,1	-65,6
1558	21.07.20 19:16:57	13,50	0,18	-11,9	-9,4	-68,7
1559	21.07.20 19:16:58	13,50	0,18	-10,6	-13,7	-65,7
1560	21.07.20 19:16:59	13,50	0,18	-10,9	-14,1	-65,0
1561	21.07.20 19:17:00	13,50	0,18	-12,1	-10,4	-67,4
1562	21.07.20 19:17:01	13,50	0,20	-14,0	-9,3	-66,8
1563	21.07.20 19:17:02	13,50	0,20	-13,4	-10,3	-66,3
1564	21.07.20 19:17:03	13,50	0,18	-12,3	-8,8	-68,9
1565	21.07.20 19:17:04	13,54	0,18	-46,7	36,8	6,5
1566	21.07.20 19:17:05	13,57	0,18	-44,0	-15,4	30,6
1567	21.07.20 19:17:06	13,57	0,18	-41,7	-18,1	30,2
1568	21.07.20 19:17:07	13,57	0,18	-42,2	-18,8	29,0
1569	21.07.20 19:17:08	13,57	0,18	-29,9	-44,3	-15,8
1570	21.07.20 19:17:09	13,60	0,18	-24,4	-24,2	-41,4
1571	21.07.20 19:17:10	13,60	0,18	-24,0	-24,6	-41,4
1572	21.07.20 19:17:11	13,60	0,20	-24,6	-25,2	-40,2
1573	21.07.20 19:17:12	13,63	0,18	-24,6	-25,4	-40,1
1574	21.07.20 19:17:13	13,63	0,18	-25,4	-24,1	-40,5
1575	21.07.20 19:17:14	13,63	0,18	-26,0	-22,3	-41,7
1576	21.07.20 19:17:15	13,63	0,18	-26,1	-20,9	-43,0
1577	21.07.20 19:17:16	13,63	0,18	-25,4	-22,2	-42,4
1578	21.07.20 19:17:17	13,66	0,20	-24,2	-25,0	-40,8
1579	21.07.20 19:17:18	13,66	0,20	-24,1	-26,4	-39,6
1580	21.07.20 19:17:19	13,69	0,18	-23,0	-27,0	-40,0
1581	21.07.20 19:17:20	13,69	0,18	-24,2	-25,5	-40,4
1582	21.07.20 19:17:21	13,72	0,20	-27,0	-23,4	-39,6
1583	21.07.20 19:17:22	13,72	0,20	-27,0	-21,0	-42,0
1584	21.07.20 19:17:23	13,72	0,20	-24,1	-20,3	-45,6
1585	21.07.20 19:17:24	13,72	0,20	-22,8	-23,9	-43,4
1586	21.07.20 19:17:25	13,72	0,20	-26,5	-27,1	-36,4
1587	21.07.20 19:17:26	13,75	0,18	-26,5	-26,6	-36,9
1588	21.07.20 19:17:27	13,75	0,20	-22,7	-22,4	-44,8
1589	21.07.20 19:17:28	13,75	0,18	-24,0	-21,4	-44,6
1590	21.07.20 19:17:29	13,78	0,18	-28,2	-23,6	-38,2
1591	21.07.20 19:17:30	13,78	0,18	-26,7	-24,9	-38,4
1592	21.07.20 19:17:31	13,81	0,18	-22,4	-24,8	-42,8
1593	21.07.20 19:17:32	13,81	0,18	-21,8	-24,6	-43,7
1594	21.07.20 19:17:33	13,81	0,18	-26,6	-24,6	-38,8
1595	21.07.20 19:17:34	13,81	0,18	-28,8	-23,6	-37,6
1596	21.07.20 19:17:35	13,81	0,18	-24,7	-22,1	-43,3
1597	21.07.20 19:17:36	13,81	0,18	-22,4	-22,6	-45,0
1598	21.07.20 19:17:37	13,85	0,15	-25,4	-24,0	-40,7
1599	21.07.20 19:17:38	13,85	0,18	-27,0	-25,0	-37,9
1600	21.07.20 19:17:39	13,85	0,18	-24,1	-25,6	-40,3
1601	21.07.20 19:17:40	13,85	0,18	-23,1	-24,6	-42,3
1602	21.07.20 19:17:41	13,88	0,18	-25,2	-24,0	-40,8
1603	21.07.20 19:17:42	13,88	0,20	-26,5	-23,8	-39,7
1604	21.07.20 19:17:43	13,91	0,18	-25,5	-22,5	-41,9
1605	21.07.20 19:17:44	13,91	0,20	-23,9	-22,3	-43,8
1606	21.07.20 19:17:45	13,91	0,18	-24,8	-23,2	-41,9
1607	21.07.20 19:17:46	13,91	0,18	-26,9	-25,4	-37,7
1608	21.07.20 19:17:47	13,94	0,18	-26,4	-26,0	-37,6
1609	21.07.20 19:17:48	13,94	0,18	-23,2	-25,6	-41,2
1610	21.07.20 19:17:49	13,94	0,18	-23,8	-23,9	-42,3
1611	21.07.20 19:17:50	13,94	0,20	-27,0	-21,8	-41,2
1612	21.07.20 19:17:51	13,94	0,20	-27,3	-23,0	-39,7
1613	21.07.20 19:17:52	13,97	0,20	-24,4	-26,1	-39,5
1614	21.07.20 19:17:53	13,97	0,18	-23,2	-26,7	-40,0
1615	21.07.20 19:17:54	14,00	0,18	-25,2	-25,4	-39,4
1616	21.07.20 19:17:55	14,00	0,18	-26,3	-23,0	-40,7
1617	21.07.20 19:17:56	14,00	0,18	-25,4	-22,4	-42,3
1618	21.07.20 19:17:57	14,03	0,18	-25,4	-23,8	-40,8
1619	21.07.20 19:17:58	14,03	0,18	-27,0	-23,7	-39,3
1620	21.07.20 19:17:59	14,03	0,18	-26,9	-23,0	-40,1
1621	21.07.20 19:18:00	14,03	0,20	-24,8	-22,3	-42,9
1622	21.07.20 19:18:01	14,03	0,20	-24,4	-22,6	-42,9
1623	21.07.20 19:18:02	14,06	0,18	-28,1	-22,2	-39,7
1624	21.07.20 19:18:03	14,06	0,18	-27,8	-22,9	-39,3
1625	21.07.20 19:18:04	14,06	0,18	-24,2	-23,1	-42,7
1626	21.07.20 19:18:05	14,09	0,22	-26,9	-21,4	-41,8
1627	21.07.20 19:18:06	14,09	0,20	-30,7	-20,6	-38,7
1628	21.07.20 19:18:07	14,12	0,20	-29,0	-19,7	-41,2
1629	21.07.20 19:18:08	14,12	0,18	-26,2	-19,3	-44,4
1630	21.07.20 19:18:09	14,12	0,18	-27,7	-20,0	-42,3
1631	21.07.20 19:18:10	14,12	0,18	-30,6	-17,7	-41,7
1632	21.07.20 19:18:11	14,12	0,20	-30,5	-15,2	-44,3
1633	21.07.20 19:18:12	14,12	0,20	-30,6	-15,5	-43,9
1634	21.07.20 19:18:13	14,15	0,20	-30,3	-18,1	-41,7
1635	21.07.20 19:18:14	14,15	0,20	-29,0	-19,7	-41,3
1636	21.07.20 19:18:15	14,15	0,20	-26,1	-20,0	-43,9
1637	21.07.20 19:18:16	14,19	0,20	-27,1	-18,7	-44,2
1638	21.07.20 19:18:17	14,19	0,18	-30,7	-17,8	-41,6
1639	21.07.20 19:18:18	14,22	0,18	-27,4	-20,5	-42,1
1640	21.07.20 19:18:19	14,22	0,18	-24,6	-23,9	-41,5
1641	21.07.20 19:18:20	14,22	0,15	-24,9	-25,4	-39,7
1642	21.07.20 19:18:21	14,22	0,18	-23,9	-28,2	-37,9
1643	21.07.20 19:18:22	14,25	0,20	-22,5	-29,4	-38,2
1644	21.07.20 19:18:23	14,25	0,18	-23,2	-28,1	-38,7
1645	21.07.20 19:18:24	14,25	0,18	-23,5	-25,9	-40,6
1646	21.07.20 19:18:25	14,25	0,18	-24,8	-23,1	-42,1
1647	21.07.20 19:18:26	14,25	0,18	-25,5	-22,6	-42,0
1648	21.07.20 19:18:27	14,28	0,18	-25,1	-22,7	-42,2
1649	21.07.20 19:18:28	14,28	0,18	-24,7	-24,9	-40,4
1650	21.07.20 19:18:29	14,28	0,18	-24,2	-27,7	-38,1
1651	21.07.20 19:18:30	14,31	0,20	-21,2	-29,1	-39,7
1652	21.07.20 19:18:31	14,31	0,20	-21,8	-30,1	-38,1
1653	21.07.20 19:18:32	14,31	0,20	-23,0	-28,8	-38,2
1654	21.07.20 19:18:33	14,31	0,20	-21,6	-27,8	-40,5
1655	21.07.20 19:18:34	14,31	0,20	-22,1	-26,0	-41,9
1656	21.07.20 19:18:35	14,31	0,20	-23,3	-25,5	-41,2
1657	21.07.20 19:18:36	14,34	0,20	-23,7	-27,1	-39,2
1658	21.07.20 19:18:37	14,34	0,20	-23,3	-27,5	-39,1
1659	21.07.20 19:18:38	14,34	0,20	-22,5	-27,5	-40,1
1660	21.07.20 19:18:39	14,37	0,18	-23,1	-27,3	-39,6
1661	21.07.20 19:18:40	14,37	0,18	-24,3	-27,4	-38,3
1662	21.07.20 19:18:41	14,37	0,18	-22,9	-24,7	-42,4
1663	21.07.20 19:18:42	14,40	0,18	-24,0	-23,0	-43,1
1664	21.07.20 19:18:43	14,40	0,18	-26,0	-22,2	-41,8
1665	21.07.20 19:18:44	14,40	0,18	-26,3	-20,4	-43,3
1666	21.07.20 19:18:45	14,43	0,18	-26,0	-19,8	-44,2
1667	21.07.20 19:18:46	14,43	0,18	-26,6	-20,1	-43,3
1668	21.07.20 19:18:47	14,43	0,20	-26,1	-21,9	-42,1
1669	21.07.20 19:18:48	14,43	0,18	-25,6	-24,2	-40,2
1670	21.07.20 19:18:49	14,43	0,18	-23,1	-24,5	-42,4
1671	21.07.20 19:18:50	14,46	0,18	-23,7	-24,3	-42,0
1672	21.07.20 19:18:51	14,46	0,18	-25,4	-24,3	-40,3
1673	21.07.20 19:18:52	14,46	0,15	-24,2	-23,5	-42,3
1674	21.07.20 19:18:53	14,49	0,18	-24,7	-23,7	-41,6
1675	21.07.20 19:18:54	14,49	0,18	-25,2	-22,1	-42,7
1676	21.07.20 19:18:55	14,49	0,18	-24,5	-22,1	-43,4
1677	21.07.20 19:18:56	14,52	0,18	-25,3	-23,3	-41,4
1678	21.07.20 19:18:57	14,52	0,18	-24,3	-24,1	-41,6
1679	21.07.20 19:18:58	14,52	0,18	-24,2	-24,5	-41,3
1680	21.07.20 19:18:59	14,52	0,18	-24,1	-25,7	-40,2
1681	21.07.20 19:19:00	14,52	0,18	-24,1	-23,5	-42,4
1682	21.07.20 19:19:01	14,52	0,18	-24,4	-22,9	-42,7
1683	21.07.20 19:19:02	14,55	0,20	-25,4	-23,5	-41,1
1684	21.07.20 19:19:03	14,55	0,18	-24,8	-23,5	-41,7
1685	21.07.20 19:19:04	14,58	0,20	-23,0	-23,4	-43,6
1686	21.07.20 19:19:05	14,58	0,18	-24,6	-23,9	-41,5
1687	21.07.20 19:19:06	14,62	0,18	-25,3	-22,6	-42,1
1688	21.07.20 19:19:07	14,62	0,18	-25,5	-21,9	-42,6
1689	21.07.20 19:19:08	14,62	0,18	-25,7	-21,3	-43,0
1690	21.07.20 19:19:09	14,62	0,20	-26,2	-21,3	-42,5
1691	21.07.20 19:19:10	14,62	0,18	-26,4	-23,3	-40,3
1692	21.07.20 19:19:11	14,62	0,20	-23,5	-23,9	-42,6
1693	21.07.20 19:19:12	14,65	0,18	-23,0	-24,2	-42,8
1694	21.07.20 19:19:13	14,65	0,18	-24,3	-25,1	-40,5
1695	21.07.20 19:19:14	14,68	0,18	-24,5	-24,7	-40,8
1696	21.07.20 19:19:15	14,68	0,18	-24,0	-22,1	-43,9
1697	21.07.20 19:19:16	14,68	0,18	-25,2	-22,0	-42,9
1698	21.07.20 19:19:17	14,71	0,18	-27,3	-20,9	-41,8
1699	21.07.20 19:19:18	14,71	0,18	-26,1	-21,4	-42,5
1700	21.07.20 19:19:19	14,71	0,18	-24,5	-24,1	-41,3
1701	21.07.20 19:19:20	14,71	0,18	-24,2	-28,1	-37,8
1702	21.07.20 19:19:21	14,71	0,18	-21,1	-27,1	-41,8
1703	21.07.20 19:19:22	14,71	0,15	-22,6	-25,0	-42,3
1704	21.07.20 19:19:23	14,74	0,18	-25,8	-22,2	-42,0
1705	21.07.20 19:19:24	14,74	0,15	-25,0	-22,1	-42,9
1706	21.07.20 19:19:25	14,74	0,18	-26,3	-20,8	-42,9
1707	21.07.20 19:19:26	14,77	0,20	-26,4	-22,1	-41,5
1708	21.07.20 19:19:27	14,77	0,20	-24,3	-24,9	-40,7
1709	21.07.20 19:19:28	14,80	0,20	-23,1	-25,9	-40,9
1710	21.07.20 19:19:29	14,80	0,20	-23,8	-25,7	-40,6
1711	21.07.20 19:19:30	14,80	0,20	-23,9	-24,9	-41,2
1712	21.07.20 19:19:31	14,80	0,20	-25,0	-22,9	-42,0
1713	21.07.20 19:19:32	14,80	0,18	-25,5	-21,7	-42,8
1714	21.07.20 19:19:33	14,80	0,20	-26,2	-20,0	-43,8
1715	21.07.20 19:19:34	14,80	0,18	-25,8	-20,1	-44,1
1716	21.07.20 19:19:35	14,80	0,18	-24,6	-22,6	-42,8
1717	21.07.20 19:19:36	14,83	0,18	-24,7	-25,1	-40,2
1718	21.07.20 19:19:37	14,83	0,18	-22,8	-27,2	-40,0
1719	21.07.20 19:19:38	14,86	0,18	-22,8	-26,8	-40,4
1720	21.07.20 19:19:39	14,86	0,18	-22,2	-26,5	-41,3
1721	21.07.20 19:19:40	14,86	0,18	-23,6	-25,6	-40,8
1722	21.07.20 19:19:41	14,89	0,18	-25,6	-24,0	-40,4
1723	21.07.20 19:19:42	14,89	0,18	-24,9	-22,1	-42,9
1724	21.07.20 19:19:43	14,89	0,18	-24,9	-21,3	-43,8
1725	21.07.20 19:19:44	14,89	0,18	-25,4	-22,6	-42,0
1726	21.07.20 19:19:45	14,89	0,18	-24,6	-22,6	-42,9
1727	21.07.20 19:19:46	14,89	0,20	-24,4	-24,6	-41,0
1728	21.07.20 19:19:47	14,92	0,18	-23,4	-25,7	-40,9
1729	21.07.20 19:19:48	14,92	0,18	-22,6	-25,2	-42,2
1730	21.07.20 19:19:49	14,92	0,18	-25,0	-24,4	-40,6
1731	21.07.20 19:19:50	14,95	0,20	-24,9	-23,5	-41,6
1732	21.07.20 19:19:51	14,95	0,15	-24,5	-23,0	-42,6
1733	21.07.20 19:19:52	14,98	0,15	-25,4	-23,2	-41,5
1734	21.07.20 19:19:53	14,98	0,18	-24,6	-23,4	-42,0
1735	21.07.20 19:19:54	14,98	0,18	-23,0	-24,9	-42,1
1736	21.07.20 19:19:55	14,98	0,15	-23,0	-26,5	-40,5
1737	21.07.20 19:19:56	14,98	0,18	-23,0	-26,5	-40,5
1738	21.07.20 19:19:57	14,98	0,18	-24,5	-24,6	-40,9
1739	21.07.20 19:19:58	15,01	0,18	-24,2	-22,4	-43,5
1740	21.07.20 19:19:59	15,01	0,18	-27,2	-18,8	-44,0
1741	21.07.20 19:20:00	15,01	0,18	-27,9	-19,2	-42,9
1742	21.07.20 19:20:01	15,04	0,18	-26,6	-20,6	-42,8
1743	21.07.20 19:20:02	15,04	0,20	-24,7	-23,5	-41,8
1744	21.07.20 19:20:03	15,04	0,18	-23,9	-24,8	-41,3
1745	21.07.20 19:20:04	15,07	0,18	-22,1	-26,7	-41,2
1746	21.07.20 19:20:05	15,07	0,18	-22,4	-27,2	-40,4
1747	21.07.20 19:20:06	15,07	0,18	-23,8	-27,0	-39,1
1748	21.07.20 19:20:07	15,07	0,20	-23,0	-25,1	-41,9
1749	21.07.20 19:20:08	15,07	0,18	-24,8	-23,3	-41,9
1750	21.07.20 19:20:09	15,10	0,18	-26,3	-21,0	-42,7
1751	21.07.20 19:20:10	15,10	0,18	-26,4	-20,8	-42,8
1752	21.07.20 19:20:11	15,10	0,18	-26,3	-20,8	-42,9
1753	21.07.20 19:20:12	15,13	0,18	-24,1	-23,2	-42,7
1754	21.07.20 19:20:13	15,13	0,18	-23,4	-25,8	-40,8
1755	21.07.20 19:20:14	15,17	0,18	-23,3	-27,4	-39,3
1756	21.07.20 19:20:15	15,17	0,18	-22,4	-26,9	-40,7
1757	21.07.20 19:20:16	15,17	0,18	-22,0	-25,5	-42,4
1758	21.07.20 19:20:17	15,17	0,18	-25,2	-24,2	-40,6
1759	21.07.20 19:20:18	15,17	0,18	-25,0	-23,8	-41,2
1760	21.07.20 19:20:19	15,17	0,18	-24,1	-23,3	-42,5
1761	21.07.20 19:20:20	15,20	0,15	-25,0	-23,1	-41,9
1762	21.07.20 19:20:21	15,20	0,15	-24,7	-23,3	-41,9
1763	21.07.20 19:20:22	15,20	0,18	-25,2	-23,8	-41,1
1764	21.07.20 19:20:23	15,20	0,18	-25,5	-22,2	-42,3
1765	21.07.20 19:20:24	15,23	0,20	-24,2	-22,9	-42,9
1766	21.07.20 19:20:25	15,23	0,20	-24,1	-23,2	-42,7
1767	21.07.20 19:20:26	15,26	0,20	-7,3	-66,1	-16,6
1768	21.07.20 19:20:27	15,32	0,08	32,7	-52,3	5,0
1769	21.07.20 19:20:28	15,44	0,18	-14,5	24,1	51,4
1770	21.07.20 19:20:29	15,53	0,00	-31,4	7,5	51,0
1771	21.07.20 19:20:30	15,74	0,25	-36,7	10,9	42,4
1772	21.07.20 19:20:31	15,95	0,27	-12,3	45,6	32,1
1773	21.07.20 19:20:32	16,11	0,29	-36,0	-13,0	41,0
1774	21.07.20 19:20:33	16,23	0,29	-19,6	-17,2	53,2
1775	21.07.20 19:20:34	16,29	0,34	25,6	-63,7	0,6
1776	21.07.20 19:20:35	16,38	0,29	9,4	-80,1	-0,5
1777	21.07.20 19:20:36	16,47	0,32	-5,1	-42,3	42,6
1778	21.07.20 19:20:37	16,56	0,32	-27,5	-16,4	46,1
1779	21.07.20 19:20:38	16,62	0,29	-5,0	-41,8	43,2
1780	21.07.20 19:20:39	16,74	0,18	20,5	-7,5	62,1
1781	21.07.20 19:20:40	16,95	0,11	-7,2	-68,1	-14,7
1782	21.07.20 19:20:41	17,22	0,13	-38,7	-6,2	-45,1
1783	21.07.20 19:20:42	17,43	0,13	-78,7	-9,6	1,7
