#0	Date-time:	01/09/2020 7:28:25 PM
#1	Recorder:	17H1034
#2	File type:	1
#3	Columns:	7
#4	Channels:	5
#5	Field separation:	0
#6	Decimal point:	0
#7	Date def.:	0	0
#8	Time def.:	0
#9	Channel 1:	Temperature(°C)	Temp(°C)	2	1
#10	Channel 2:	Pressure(Bar)	Press(Bar)	2	1
#11	Reconvertion:	0
#14	Channel 3:	Tilt-X(°)	Tilt-X(°)	2	1
#18	Channel 4:	Tilt-Y(°)	Tilt-Y(°)	2	1
#19	Line color:	1	2	3	4
#22	Channel 5:	Tilt-Z(°)	Tilt-Z(°)	2	1
#30	Trend Type Number:	3
#33	Limit Temp. Corr. OTCR:	1
1	01.09.20 18:58:00	19,44	0,00	57,67	-25,81	6,52
2	01.09.20 18:58:01	19,44	0,00	78,05	5,68	6,27
3	01.09.20 18:58:02	19,41	0,00	80,79	2,97	6,24
4	01.09.20 18:58:03	19,41	0,00	81,47	-2,04	6,49
5	01.09.20 18:58:04	19,41	0,00	70,28	11,41	8,31
6	01.09.20 18:58:05	19,38	0,00	74,14	4,52	11,34
7	01.09.20 18:58:06	19,38	0,00	78,36	1,16	10,48
8	01.09.20 18:58:07	19,38	0,00	66,33	14,33	9,34
9	01.09.20 18:58:08	19,36	0,00	75,85	8,24	5,91
10	01.09.20 18:58:09	19,36	0,00	78,50	5,76	5,74
11	01.09.20 18:58:10	19,36	0,00	80,92	-2,30	6,78
12	01.09.20 18:58:11	19,36	0,00	83,51	-0,33	6,16
13	01.09.20 18:58:12	19,33	0,00	82,71	-1,03	6,25
14	01.09.20 18:58:13	19,33	0,00	83,13	-1,41	5,46
15	01.09.20 18:58:14	19,33	0,00	79,61	-3,72	6,67
16	01.09.20 18:58:15	19,33	0,00	77,97	6,13	5,90
17	01.09.20 18:58:16	19,30	0,00	81,41	2,57	6,03
18	01.09.20 18:58:17	19,30	0,00	82,18	1,16	6,66
19	01.09.20 18:58:18	19,30	0,00	79,60	4,86	5,54
20	01.09.20 18:58:19	19,30	0,00	85,18	1,91	2,91
21	01.09.20 18:58:20	19,27	0,00	78,31	5,37	6,32
22	01.09.20 18:58:21	19,27	0,00	76,61	6,60	6,79
23	01.09.20 18:58:22	19,27	0,00	75,73	6,47	7,80
24	01.09.20 18:58:23	19,27	0,00	76,80	7,15	6,06
25	01.09.20 18:58:24	19,27	0,00	62,98	20,47	6,56
26	01.09.20 18:58:25	19,24	0,00	55,62	29,65	4,73
27	01.09.20 18:58:26	19,24	0,00	58,23	27,33	4,44
28	01.09.20 18:58:27	19,24	0,00	32,29	43,09	14,62
29	01.09.20 18:58:28	19,24	0,00	30,16	52,87	6,97
30	01.09.20 18:58:29	19,24	0,00	30,68	56,75	2,57
31	01.09.20 18:58:30	19,21	0,00	28,54	59,14	-2,32
32	01.09.20 18:58:31	19,21	0,00	38,26	50,06	-1,67
33	01.09.20 18:58:32	19,21	0,00	12,30	77,45	0,25
34	01.09.20 18:58:33	19,21	0,00	14,04	73,51	-2,45
35	01.09.20 18:58:34	19,21	0,00	16,03	71,52	2,45
36	01.09.20 18:58:35	19,21	0,00	22,16	67,40	0,43
37	01.09.20 18:58:36	19,21	0,00	17,69	62,08	10,22
38	01.09.20 18:58:37	19,18	0,00	-2,29	49,41	38,30
39	01.09.20 18:58:38	19,18	0,00	1,55	45,78	42,67
40	01.09.20 18:58:39	19,18	0,00	2,81	45,70	41,49
41	01.09.20 18:58:40	19,18	0,00	2,75	45,77	41,48
42	01.09.20 18:58:41	19,18	0,00	2,43	45,14	42,43
43	01.09.20 18:58:42	19,15	0,00	2,34	44,62	43,04
44	01.09.20 18:58:43	19,15	0,00	-13,53	0,19	76,28
45	01.09.20 18:58:44	19,15	0,00	-12,53	1,42	76,05
46	01.09.20 18:58:45	19,15	0,00	-11,25	1,76	76,99
47	01.09.20 18:58:46	19,15	0,00	-12,30	2,61	75,09
48	01.09.20 18:58:47	19,15	0,00	-12,83	2,07	75,10
49	01.09.20 18:58:48	19,12	0,00	-12,95	0,63	76,42
50	01.09.20 18:58:49	19,12	0,00	-16,74	3,78	69,48
51	01.09.20 18:58:50	19,12	0,00	3,86	14,92	71,22
52	01.09.20 18:58:51	19,12	0,00	-12,70	3,54	73,76
53	01.09.20 18:58:52	19,12	0,00	-13,04	6,40	70,55
54	01.09.20 18:58:53	19,12	0,00	-12,86	5,03	72,11
55	01.09.20 18:58:54	19,12	0,00	-13,83	5,24	70,93
56	01.09.20 18:58:55	19,09	0,00	-27,23	4,93	57,85
57	01.09.20 18:58:56	19,09	0,00	52,43	-28,90	8,67
58	01.09.20 18:58:57	18,85	0,00	11,30	17,73	-60,97
59	01.09.20 18:58:58	18,62	0,00	35,76	9,69	44,55
60	01.09.20 18:58:59	18,02	0,03	31,68	8,98	49,34
61	01.09.20 18:59:00	17,76	0,06	35,29	3,47	51,24
62	01.09.20 18:59:01	17,61	0,06	22,84	15,03	52,12
63	01.09.20 18:59:02	17,55	0,06	3,63	-25,23	61,14
64	01.09.20 18:59:03	17,46	0,06	39,59	0,00	50,41
65	01.09.20 18:59:04	17,40	0,06	17,10	-2,79	70,11
66	01.09.20 18:59:05	17,37	0,06	26,87	5,38	57,75
67	01.09.20 18:59:06	17,31	0,08	47,46	12,99	29,55
68	01.09.20 18:59:07	17,25	0,03	13,69	-2,90	73,42
69	01.09.20 18:59:08	17,19	0,03	10,14	-8,39	71,46
70	01.09.20 18:59:09	17,13	0,06	22,19	13,71	54,10
71	01.09.20 18:59:10	17,13	0,06	17,98	-3,79	68,23
72	01.09.20 18:59:11	17,07	0,06	25,29	6,02	58,69
73	01.09.20 18:59:12	17,04	0,06	17,43	-3,67	68,90
74	01.09.20 18:59:13	17,01	0,03	9,54	-23,02	57,44
75	01.09.20 18:59:14	16,98	0,03	13,51	-4,07	72,42
76	01.09.20 18:59:15	16,92	0,03	24,12	4,42	61,46
77	01.09.20 18:59:16	16,89	0,03	27,79	13,67	48,53
78	01.09.20 18:59:17	16,89	0,06	23,16	4,94	61,91
79	01.09.20 18:59:18	16,86	0,06	20,34	4,28	65,38
80	01.09.20 18:59:19	16,86	0,08	29,08	-9,43	51,49
81	01.09.20 18:59:20	16,83	0,08	25,64	-4,58	59,78
82	01.09.20 18:59:21	16,80	0,06	32,09	-6,22	51,69
83	01.09.20 18:59:22	16,80	0,06	33,00	10,81	46,19
84	01.09.20 18:59:23	16,74	0,06	28,54	2,62	58,85
85	01.09.20 18:59:24	16,71	0,08	18,07	-3,10	68,83
86	01.09.20 18:59:25	16,71	0,06	26,22	14,44	49,34
87	01.09.20 18:59:26	16,68	0,10	29,70	3,09	57,21
88	01.09.20 18:59:27	16,65	0,10	16,65	-9,75	63,60
89	01.09.20 18:59:28	16,62	0,08	21,40	3,49	65,11
90	01.09.20 18:59:29	16,62	0,13	27,35	10,44	52,21
91	01.09.20 18:59:30	16,59	0,10	18,04	2,64	69,32
92	01.09.20 18:59:31	16,56	0,13	18,68	-3,59	67,74
93	01.09.20 18:59:32	16,53	0,10	21,12	4,29	64,59
94	01.09.20 18:59:33	16,53	0,13	27,61	-4,87	57,52
95	01.09.20 18:59:34	16,50	0,15	35,33	0,70	53,97
96	01.09.20 18:59:35	16,47	0,15	26,78	-6,81	56,41
97	01.09.20 18:59:36	16,47	0,13	32,11	5,21	52,68
98	01.09.20 18:59:37	16,47	0,10	19,41	6,12	64,47
99	01.09.20 18:59:38	16,44	0,13	21,71	6,68	61,61
100	01.09.20 18:59:39	16,41	0,15	25,35	3,45	61,19
101	01.09.20 18:59:40	16,41	0,15	28,25	8,04	53,71
102	01.09.20 18:59:41	16,38	0,17	28,62	3,63	57,76
103	01.09.20 18:59:42	16,38	0,17	30,52	0,96	58,52
104	01.09.20 18:59:43	16,35	0,19	29,33	9,32	51,36
105	01.09.20 18:59:44	16,35	0,19	37,31	3,31	49,38
106	01.09.20 18:59:45	16,35	0,19	29,89	4,02	56,09
107	01.09.20 18:59:46	16,35	0,17	32,78	0,99	56,23
108	01.09.20 18:59:47	16,35	0,19	31,59	-1,58	56,84
109	01.09.20 18:59:48	16,32	0,17	16,75	-15,91	57,34
110	01.09.20 18:59:49	16,32	0,19	23,13	-8,19	58,69
111	01.09.20 18:59:50	16,29	0,15	15,77	-17,56	56,67
112	01.09.20 18:59:51	16,29	0,15	19,77	-9,82	60,41
113	01.09.20 18:59:52	16,29	0,17	23,34	-8,40	58,26
114	01.09.20 18:59:53	16,26	0,19	28,37	-6,94	54,69
115	01.09.20 18:59:54	16,23	0,17	17,25	-13,09	59,66
116	01.09.20 18:59:55	16,23	0,17	26,80	-4,52	58,68
117	01.09.20 18:59:56	16,23	0,19	25,22	-10,53	54,25
118	01.09.20 18:59:57	16,23	0,19	32,25	-3,31	54,44
119	01.09.20 18:59:58	16,20	0,19	26,18	-9,24	54,57
120	01.09.20 18:59:59	16,17	0,17	19,01	-10,47	60,51
121	01.09.20 19:00:00	16,17	0,19	21,83	-9,66	58,51
122	01.09.20 19:00:01	16,14	0,19	23,29	-6,85	59,86
123	01.09.20 19:00:02	16,14	0,24	30,45	-6,90	52,65
124	01.09.20 19:00:03	16,14	0,22	27,77	-10,47	51,76
125	01.09.20 19:00:04	16,11	0,22	26,14	-9,47	54,39
126	01.09.20 19:00:05	16,11	0,24	36,71	-0,38	52,92
127	01.09.20 19:00:06	16,11	0,24	31,42	-7,65	50,93
128	01.09.20 19:00:07	16,08	0,24	32,68	-4,83	52,49
129	01.09.20 19:00:08	16,08	0,24	40,08	-2,52	47,40
130	01.09.20 19:00:09	16,08	0,24	39,35	-7,02	43,64
131	01.09.20 19:00:10	16,08	0,26	29,98	-5,00	55,02
132	01.09.20 19:00:11	16,02	0,22	34,47	-9,16	46,37
133	01.09.20 19:00:12	16,02	0,22	33,32	-5,03	51,66
134	01.09.20 19:00:13	16,02	0,22	33,13	3,93	52,95
135	01.09.20 19:00:14	15,99	0,22	30,79	-2,28	56,93
136	01.09.20 19:00:15	16,02	0,22	34,44	-5,37	50,19
137	01.09.20 19:00:16	16,02	0,24	46,20	-2,07	41,72
138	01.09.20 19:00:17	16,02	0,24	43,49	-1,38	45,13
139	01.09.20 19:00:18	15,99	0,24	38,90	-3,49	47,61
140	01.09.20 19:00:19	15,99	0,24	35,88	-3,55	50,57
141	01.09.20 19:00:20	15,99	0,22	27,83	-4,82	57,36
142	01.09.20 19:00:21	15,99	0,24	32,52	-9,70	47,78
143	01.09.20 19:00:22	15,99	0,22	33,88	-5,28	50,84
144	01.09.20 19:00:23	15,96	0,22	33,77	-7,77	48,46
145	01.09.20 19:00:24	15,96	0,22	31,79	-8,06	50,15
146	01.09.20 19:00:25	15,96	0,24	33,02	-7,80	49,17
147	01.09.20 19:00:26	15,96	0,24	34,57	-6,18	49,25
148	01.09.20 19:00:27	15,96	0,24	40,93	-0,92	48,14
149	01.09.20 19:00:28	15,93	0,26	34,90	-5,89	49,21
150	01.09.20 19:00:29	15,93	0,26	30,30	-10,05	49,65
151	01.09.20 19:00:30	15,93	0,24	31,10	-8,12	50,78
152	01.09.20 19:00:31	15,93	0,26	30,36	-11,37	48,27
153	01.09.20 19:00:32	15,89	0,26	27,90	-12,50	49,60
154	01.09.20 19:00:33	15,89	0,24	31,86	-10,13	48,01
155	01.09.20 19:00:34	15,89	0,26	36,20	-2,31	51,49
156	01.09.20 19:00:35	15,89	0,29	39,69	-3,26	47,06
157	01.09.20 19:00:36	15,86	0,31	32,10	-9,66	48,23
158	01.09.20 19:00:37	15,86	0,31	37,15	-3,19	49,66
159	01.09.20 19:00:38	15,86	0,31	36,43	-2,20	51,37
160	01.09.20 19:00:39	15,86	0,33	29,45	-1,18	59,37
161	01.09.20 19:00:40	15,86	0,31	20,07	6,01	63,92
162	01.09.20 19:00:41	15,83	0,33	22,83	7,83	59,34
163	01.09.20 19:00:42	15,80	0,36	27,08	9,66	53,26
164	01.09.20 19:00:43	15,77	0,36	31,70	8,08	50,22
165	01.09.20 19:00:44	15,77	0,38	25,19	10,55	54,26
166	01.09.20 19:00:45	15,77	0,36	21,16	13,77	55,07
167	01.09.20 19:00:46	15,77	0,36	25,91	13,84	50,25
168	01.09.20 19:00:47	15,77	0,40	34,85	10,57	44,58
169	01.09.20 19:00:48	15,74	0,43	46,19	8,16	35,65
170	01.09.20 19:00:49	15,74	0,49	50,20	9,37	30,42
171	01.09.20 19:00:50	15,77	0,51	52,35	9,59	28,06
172	01.09.20 19:00:51	15,77	0,56	51,49	12,39	26,12
173	01.09.20 19:00:52	15,77	0,56	51,88	14,01	24,11
174	01.09.20 19:00:53	15,77	0,58	51,02	14,80	24,17
175	01.09.20 19:00:54	15,77	0,61	51,78	14,92	23,30
176	01.09.20 19:00:55	15,77	0,65	51,95	17,22	20,83
177	01.09.20 19:00:56	15,74	0,70	53,53	15,28	21,19
178	01.09.20 19:00:57	15,74	0,72	55,82	13,77	20,41
179	01.09.20 19:00:58	15,71	0,76	59,41	12,06	18,53
180	01.09.20 19:00:59	15,68	0,76	57,99	11,85	20,16
181	01.09.20 19:01:00	15,62	0,82	57,03	12,25	20,71
182	01.09.20 19:01:01	15,62	0,82	60,90	10,90	18,21
183	01.09.20 19:01:02	15,62	0,87	62,78	7,89	19,33
184	01.09.20 19:01:03	15,59	0,89	62,44	1,36	26,20
185	01.09.20 19:01:04	15,59	0,91	60,66	-0,03	29,31
186	01.09.20 19:01:05	15,59	0,94	58,87	-1,60	29,53
187	01.09.20 19:01:06	15,59	0,94	56,22	-2,78	31,00
188	01.09.20 19:01:07	15,59	0,96	55,15	-3,24	31,61
189	01.09.20 19:01:08	15,59	1,00	56,65	-3,97	29,38
190	01.09.20 19:01:09	15,56	1,03	57,68	-4,17	28,14
191	01.09.20 19:01:10	15,56	1,05	57,23	-3,99	28,78
192	01.09.20 19:01:11	15,56	1,07	60,49	-2,51	27,00
193	01.09.20 19:01:12	15,56	1,12	61,95	-1,63	26,42
194	01.09.20 19:01:13	15,56	1,12	57,84	-1,28	30,88
195	01.09.20 19:01:14	15,56	1,12	52,35	-1,60	36,05
196	01.09.20 19:01:15	15,56	1,12	49,34	0,67	39,98
197	01.09.20 19:01:16	15,53	1,14	43,45	-0,97	45,58
198	01.09.20 19:01:17	15,50	1,13	30,86	8,02	51,12
199	01.09.20 19:01:18	15,50	1,11	29,44	15,58	44,98
200	01.09.20 19:01:19	15,47	1,13	35,58	13,69	40,73
201	01.09.20 19:01:20	15,44	1,15	33,54	12,24	44,22
202	01.09.20 19:01:21	15,41	1,13	31,65	12,77	45,58
203	01.09.20 19:01:22	15,38	1,12	29,04	20,52	40,44
204	01.09.20 19:01:23	15,38	1,10	25,23	22,20	42,56
205	01.09.20 19:01:24	15,38	1,12	25,06	25,50	39,44
206	01.09.20 19:01:25	15,35	1,14	35,80	14,15	40,05
207	01.09.20 19:01:26	15,35	1,17	32,53	18,02	39,45
208	01.09.20 19:01:27	15,35	1,17	30,25	17,70	42,06
209	01.09.20 19:01:28	15,35	1,17	31,08	17,57	41,35
210	01.09.20 19:01:29	15,35	1,17	35,05	15,65	39,29
211	01.09.20 19:01:30	15,35	1,17	39,88	9,63	40,49
212	01.09.20 19:01:31	15,35	1,17	41,30	6,65	42,05
213	01.09.20 19:01:32	15,35	1,17	40,25	6,45	43,30
214	01.09.20 19:01:33	15,35	1,17	43,00	3,89	43,11
215	01.09.20 19:01:34	15,35	1,17	44,40	1,74	43,86
216	01.09.20 19:01:35	15,35	1,17	46,14	0,15	43,71
217	01.09.20 19:01:36	15,35	1,19	43,85	0,00	46,15
218	01.09.20 19:01:37	15,32	1,19	37,21	-5,70	47,09
219	01.09.20 19:01:38	15,32	1,19	36,61	-3,52	49,88
220	01.09.20 19:01:39	15,29	1,18	34,20	-5,39	50,42
221	01.09.20 19:01:40	15,29	1,18	34,03	-6,85	49,13
222	01.09.20 19:01:41	15,29	1,21	31,88	-8,01	50,11
223	01.09.20 19:01:42	15,29	1,21	36,76	-4,62	48,62
224	01.09.20 19:01:43	15,29	1,21	32,02	-8,62	49,37
225	01.09.20 19:01:44	15,26	1,23	26,49	-12,54	50,97
226	01.09.20 19:01:45	15,26	1,20	31,43	-7,82	50,75
227	01.09.20 19:01:46	15,26	1,23	32,21	-6,55	51,24
228	01.09.20 19:01:47	15,23	1,25	29,89	-10,67	49,44
229	01.09.20 19:01:48	15,23	1,25	29,87	-10,56	49,57
230	01.09.20 19:01:49	15,23	1,27	31,75	-7,15	51,11
231	01.09.20 19:01:50	15,20	1,27	27,54	-11,50	50,96
232	01.09.20 19:01:51	15,20	1,27	26,74	-14,17	49,09
233	01.09.20 19:01:52	15,17	1,29	33,69	-6,93	49,37
234	01.09.20 19:01:53	15,17	1,31	33,03	-8,01	48,96
235	01.09.20 19:01:54	15,17	1,33	23,81	-16,01	50,18
236	01.09.20 19:01:55	15,17	1,33	33,42	-9,08	47,50
237	01.09.20 19:01:56	15,14	1,35	25,86	-12,37	51,77
238	01.09.20 19:01:57	15,14	1,35	27,19	-12,98	49,83
239	01.09.20 19:01:58	15,14	1,38	32,87	-7,28	49,85
240	01.09.20 19:01:59	15,14	1,38	27,46	-11,46	51,08
241	01.09.20 19:02:00	15,11	1,40	23,28	-16,14	50,58
242	01.09.20 19:02:01	15,11	1,42	27,94	-10,83	51,23
243	01.09.20 19:02:02	15,11	1,42	29,70	-7,96	52,34
244	01.09.20 19:02:03	15,11	1,44	23,66	-17,29	49,05
245	01.09.20 19:02:04	15,11	1,47	27,75	-11,33	50,92
246	01.09.20 19:02:05	15,11	1,49	29,27	-10,18	50,55
247	01.09.20 19:02:06	15,11	1,49	22,01	-16,60	51,39
248	01.09.20 19:02:07	15,07	1,49	29,40	-12,11	48,49
249	01.09.20 19:02:08	15,07	1,51	31,53	-7,45	51,02
250	01.09.20 19:02:09	15,07	1,51	26,70	-13,09	50,21
251	01.09.20 19:02:10	15,07	1,56	27,32	-14,24	48,43
252	01.09.20 19:02:11	15,07	1,56	28,84	-11,25	49,92
253	01.09.20 19:02:12	15,07	1,58	21,69	-18,28	50,03
254	01.09.20 19:02:13	15,07	1,60	27,92	-12,01	50,08
255	01.09.20 19:02:14	15,07	1,60	28,76	-9,91	51,33
256	01.09.20 19:02:15	15,04	1,65	27,73	-13,72	48,56
257	01.09.20 19:02:16	15,07	1,65	29,04	-10,67	50,29
258	01.09.20 19:02:17	15,04	1,69	26,94	-13,90	49,16
259	01.09.20 19:02:18	15,04	1,67	33,41	-6,73	49,86
260	01.09.20 19:02:19	15,04	1,72	22,59	-17,75	49,65
261	01.09.20 19:02:20	15,04	1,72	31,97	-9,13	48,90
262	01.09.20 19:02:21	15,04	1,74	21,79	-17,90	50,31
263	01.09.20 19:02:22	15,01	1,76	31,26	-9,88	48,86
264	01.09.20 19:02:23	15,01	1,78	29,18	-12,80	48,02
265	01.09.20 19:02:24	15,01	1,81	22,38	-18,48	49,15
266	01.09.20 19:02:25	15,01	1,81	31,97	-9,60	48,43
267	01.09.20 19:02:26	15,01	1,83	21,14	-18,67	50,19
268	01.09.20 19:02:27	15,01	1,85	32,62	-9,04	48,33
269	01.09.20 19:02:28	15,01	1,87	22,17	-17,88	49,95
270	01.09.20 19:02:29	15,01	1,92	36,55	-7,14	46,31
271	01.09.20 19:02:30	15,01	1,92	29,68	-13,27	47,05
272	01.09.20 19:02:31	15,01	1,97	24,37	-17,18	48,44
273	01.09.20 19:02:32	15,01	1,99	31,25	-11,41	47,34
274	01.09.20 19:02:33	14,98	1,99	22,94	-16,90	50,16
275	01.09.20 19:02:34	14,98	2,01	26,80	-13,72	49,48
276	01.09.20 19:02:35	14,95	2,05	29,62	-13,88	46,50
277	01.09.20 19:02:36	14,92	2,05	21,14	-18,12	50,74
278	01.09.20 19:02:37	14,92	2,10	33,39	-9,41	47,21
279	01.09.20 19:02:38	14,89	2,09	26,69	-14,67	48,64
280	01.09.20 19:02:39	14,80	2,15	29,91	-11,61	48,48
281	01.09.20 19:02:40	14,74	2,22	30,50	-12,28	47,22
282	01.09.20 19:02:41	14,71	2,19	22,21	-15,96	51,83
283	01.09.20 19:02:42	14,68	2,24	22,63	-15,91	51,47
284	01.09.20 19:02:43	14,65	2,26	25,77	-14,48	49,76
285	01.09.20 19:02:44	14,62	2,28	22,32	-14,45	53,23
286	01.09.20 19:02:45	14,59	2,30	19,85	-16,63	53,53
287	01.09.20 19:02:46	14,56	2,36	28,23	-10,68	51,08
288	01.09.20 19:02:47	14,52	2,36	23,41	-11,75	54,85
289	01.09.20 19:02:48	14,49	2,38	23,51	-10,75	55,74
290	01.09.20 19:02:49	14,46	2,40	19,43	-13,79	56,79
291	01.09.20 19:02:50	14,40	2,42	18,47	-13,43	58,10
292	01.09.20 19:02:51	14,40	2,46	16,42	-13,53	60,05
293	01.09.20 19:02:52	14,34	2,53	18,91	-13,04	58,06
294	01.09.20 19:02:53	14,16	2,53	18,94	-13,13	57,93
295	01.09.20 19:02:54	14,06	2,52	20,53	-11,68	57,79
296	01.09.20 19:02:55	13,97	2,56	21,13	-11,80	57,07
297	01.09.20 19:02:56	13,91	2,58	19,12	-11,88	59,00
298	01.09.20 19:02:57	13,82	2,62	14,93	-12,56	62,51
299	01.09.20 19:02:58	13,69	2,65	16,58	-11,86	61,56
300	01.09.20 19:02:59	13,26	2,79	16,57	-11,98	61,45
301	01.09.20 19:03:00	13,01	2,79	16,15	-14,39	59,47
302	01.09.20 19:03:01	12,92	2,81	19,02	-13,15	57,83
303	01.09.20 19:03:02	12,85	2,83	17,79	-12,12	60,09
304	01.09.20 19:03:03	12,79	2,84	17,76	-11,40	60,84
305	01.09.20 19:03:04	12,73	2,88	19,96	-12,60	57,43
306	01.09.20 19:03:05	12,54	2,91	17,72	-14,13	58,15
307	01.09.20 19:03:06	12,26	2,95	18,62	-14,59	56,79
308	01.09.20 19:03:07	12,07	3,00	26,38	-9,51	54,11
309	01.09.20 19:03:08	11,97	3,07	29,35	-8,24	52,41
310	01.09.20 19:03:09	11,91	3,04	28,40	-8,03	53,57
311	01.09.20 19:03:10	11,91	3,06	24,73	-11,01	54,26
312	01.09.20 19:03:11	11,91	3,11	23,88	-10,01	56,12
313	01.09.20 19:03:12	11,72	3,11	18,70	-13,08	58,22
314	01.09.20 19:03:13	11,53	3,16	19,31	-12,48	58,21
315	01.09.20 19:03:14	11,40	3,17	20,00	-11,65	58,35
316	01.09.20 19:03:15	11,37	3,15	20,91	-10,89	58,20
317	01.09.20 19:03:16	11,27	3,16	27,31	-7,26	55,42
318	01.09.20 19:03:17	11,21	3,22	25,17	-7,75	57,08
319	01.09.20 19:03:18	11,15	3,26	17,82	-11,09	61,09
320	01.09.20 19:03:19	11,02	3,32	16,95	-12,21	60,84
321	01.09.20 19:03:20	10,86	3,35	16,59	-12,72	60,69
322	01.09.20 19:03:21	10,53	3,51	18,39	-10,85	60,77
323	01.09.20 19:03:22	10,02	3,57	19,54	-9,81	60,64
324	01.09.20 19:03:23	9,43	3,61	22,76	-7,84	59,40
325	01.09.20 19:03:24	9,10	3,60	20,49	-7,81	61,70
326	01.09.20 19:03:25	8,97	3,68	17,39	-10,59	62,02
327	01.09.20 19:03:26	8,73	3,70	17,67	-10,81	61,52
328	01.09.20 19:03:27	8,53	3,73	16,20	-11,48	62,33
329	01.09.20 19:03:28	8,37	3,76	17,56	-11,37	61,07
330	01.09.20 19:03:29	8,33	3,75	20,88	-9,99	59,13
331	01.09.20 19:03:30	8,27	3,77	20,40	-11,15	58,45
332	01.09.20 19:03:31	8,17	3,81	22,17	-10,30	57,53
333	01.09.20 19:03:32	8,10	3,80	19,01	-12,83	58,16
334	01.09.20 19:03:33	8,10	3,82	21,13	-12,18	56,69
335	01.09.20 19:03:34	8,10	3,82	16,24	-16,24	57,52
336	01.09.20 19:03:35	8,13	3,83	26,92	-10,44	52,64
337	01.09.20 19:03:36	8,17	3,88	33,09	-9,16	47,75
338	01.09.20 19:03:37	8,17	3,90	35,76	-5,77	48,46
339	01.09.20 19:03:38	8,20	3,90	30,55	-8,76	50,69
340	01.09.20 19:03:39	8,27	3,93	24,28	-13,46	52,27
341	01.09.20 19:03:40	8,30	3,94	25,34	-13,52	51,15
342	01.09.20 19:03:41	8,33	3,98	25,19	-14,02	50,79
343	01.09.20 19:03:42	8,30	4,03	24,14	-15,38	50,49
344	01.09.20 19:03:43	8,20	4,11	30,68	-12,75	46,57
345	01.09.20 19:03:44	7,86	4,15	30,65	-15,18	44,17
346	01.09.20 19:03:45	7,73	4,23	31,44	-16,54	42,03
347	01.09.20 19:03:46	7,59	4,28	25,58	-20,33	44,10
348	01.09.20 19:03:47	7,49	4,25	24,72	-21,91	43,37
349	01.09.20 19:03:48	7,39	4,28	23,71	-16,93	49,36
350	01.09.20 19:03:49	7,25	4,27	26,25	-13,86	49,89
351	01.09.20 19:03:50	7,22	4,27	28,01	-12,71	49,28
352	01.09.20 19:03:51	7,25	4,29	30,58	-12,28	47,15
353	01.09.20 19:03:52	7,25	4,29	32,65	-10,48	46,87
354	01.09.20 19:03:53	7,29	4,32	35,08	-8,52	46,40
355	01.09.20 19:03:54	7,32	4,32	34,83	-7,42	47,76
356	01.09.20 19:03:55	7,32	4,32	37,07	-5,46	47,47
357	01.09.20 19:03:56	7,29	4,34	39,29	-6,20	44,51
358	01.09.20 19:03:57	7,22	4,36	38,73	-6,50	44,76
359	01.09.20 19:03:58	7,15	4,38	38,63	-7,08	44,29
360	01.09.20 19:03:59	7,12	4,40	40,15	-6,03	43,82
361	01.09.20 19:04:00	7,08	4,42	39,59	-9,33	41,08
362	01.09.20 19:04:01	7,01	4,48	41,33	-8,66	40,01
363	01.09.20 19:04:02	6,91	4,49	40,89	-8,81	40,30
364	01.09.20 19:04:03	6,84	4,51	41,41	-9,56	39,03
365	01.09.20 19:04:04	6,81	4,53	42,99	-8,97	38,04
366	01.09.20 19:04:05	6,77	4,57	44,15	-8,07	37,78
367	01.09.20 19:04:06	6,77	4,55	43,32	-10,33	36,35
368	01.09.20 19:04:07	6,77	4,59	46,36	-7,27	36,37
369	01.09.20 19:04:08	6,81	4,60	48,20	-5,40	36,40
370	01.09.20 19:04:09	6,81	4,60	42,17	-10,41	37,42
371	01.09.20 19:04:10	6,84	4,62	46,70	-6,04	37,26
372	01.09.20 19:04:11	6,84	4,62	49,82	-6,29	33,90
373	01.09.20 19:04:12	6,84	4,65	46,88	-9,55	33,58
374	01.09.20 19:04:13	6,87	4,70	48,51	-7,64	33,85
375	01.09.20 19:04:14	6,87	4,74	51,09	-4,47	34,45
376	01.09.20 19:04:15	6,84	4,76	49,33	-8,44	32,22
377	01.09.20 19:04:16	6,81	4,78	48,61	-8,87	32,52
378	01.09.20 19:04:17	6,81	4,81	49,32	-5,42	35,26
379	01.09.20 19:04:18	6,81	4,83	48,41	-5,80	35,78
380	01.09.20 19:04:19	6,77	4,85	47,11	-9,04	33,85
381	01.09.20 19:04:20	6,74	4,87	50,73	-4,95	34,32
382	01.09.20 19:04:21	6,70	4,89	48,01	-4,63	37,36
383	01.09.20 19:04:22	6,67	4,91	45,13	-8,15	36,72
384	01.09.20 19:04:23	6,67	4,95	50,83	-6,57	32,61
385	01.09.20 19:04:24	6,63	4,97	51,52	-6,14	32,34
386	01.09.20 19:04:25	6,63	4,97	48,08	-6,79	35,14
387	01.09.20 19:04:26	6,63	5,00	45,29	-7,90	36,81
388	01.09.20 19:04:27	6,63	5,07	50,75	-4,38	34,86
389	01.09.20 19:04:28	6,56	5,08	51,76	-5,69	32,55
390	01.09.20 19:04:29	6,56	5,13	48,53	-9,69	31,79
391	01.09.20 19:04:30	6,56	5,17	49,59	-10,14	30,27
392	01.09.20 19:04:31	6,56	5,20	47,19	-13,65	29,15
393	01.09.20 19:04:32	6,56	5,22	45,01	-14,96	30,04
394	01.09.20 19:04:33	6,56	5,24	44,15	-15,22	30,63
395	01.09.20 19:04:34	6,60	5,25	43,29	-15,07	31,64
396	01.09.20 19:04:35	6,60	5,27	43,94	-15,81	30,26
397	01.09.20 19:04:36	6,56	5,34	45,82	-16,15	28,03
398	01.09.20 19:04:37	6,53	5,36	46,68	-14,67	28,65
399	01.09.20 19:04:38	6,50	5,35	44,57	-12,16	33,28
400	01.09.20 19:04:39	6,50	5,38	41,38	-13,26	35,36
401	01.09.20 19:04:40	6,50	5,42	8,92	-28,28	52,81
402	01.09.20 19:04:41	6,46	5,42	0,41	-15,61	73,97
403	01.09.20 19:04:42	6,32	5,43	-4,18	-5,97	79,85
404	01.09.20 19:04:43	6,29	5,45	-8,77	-0,22	81,01
405	01.09.20 19:04:44	6,22	5,44	-3,01	-1,45	85,54
406	01.09.20 19:04:45	6,18	5,48	-3,71	-2,18	84,11
407	01.09.20 19:04:46	6,08	5,50	0,12	0,74	89,14
408	01.09.20 19:04:47	5,97	5,48	-8,25	1,58	80,17
409	01.09.20 19:04:48	5,90	5,48	-6,77	0,80	82,43
410	01.09.20 19:04:49	5,87	5,50	-0,20	-0,13	89,67
411	01.09.20 19:04:50	5,80	5,49	-1,34	-1,50	87,16
412	01.09.20 19:04:51	5,69	5,48	-8,17	-1,01	80,82
413	01.09.20 19:04:52	5,62	5,47	1,42	-0,26	88,32
414	01.09.20 19:04:53	5,52	5,49	-4,02	-3,25	82,73
415	01.09.20 19:04:54	5,48	5,46	-4,62	-0,93	84,45
416	01.09.20 19:04:55	5,41	5,47	0,43	2,16	87,41
417	01.09.20 19:04:56	5,37	5,49	-1,97	-1,48	86,55
418	01.09.20 19:04:57	5,30	5,49	-9,91	1,93	78,16
419	01.09.20 19:04:58	5,27	5,48	-3,43	0,20	86,37
420	01.09.20 19:04:59	5,20	5,48	-5,15	-5,46	79,39
421	01.09.20 19:05:00	5,16	5,47	-1,09	1,25	87,66
422	01.09.20 19:05:01	5,13	5,47	-3,10	0,54	86,36
423	01.09.20 19:05:02	5,09	5,44	-6,12	1,28	82,61
424	01.09.20 19:05:03	5,05	5,46	3,01	1,49	85,50
425	01.09.20 19:05:04	5,02	5,44	-12,71	5,33	71,96
426	01.09.20 19:05:05	5,02	5,46	-10,62	0,94	78,44
427	01.09.20 19:05:06	4,98	5,45	0,26	-5,05	84,69
428	01.09.20 19:05:07	4,98	5,45	0,13	-2,13	87,74
429	01.09.20 19:05:08	4,95	5,43	-4,77	-5,96	79,26
430	01.09.20 19:05:09	4,95	5,43	-11,22	3,36	75,42
431	01.09.20 19:05:10	4,91	5,42	-0,80	2,03	87,17
432	01.09.20 19:05:11	4,88	5,42	2,39	4,38	83,23
433	01.09.20 19:05:12	4,84	5,44	-8,32	-1,02	80,66
434	01.09.20 19:05:13	4,80	5,41	3,80	4,46	81,74
435	01.09.20 19:05:14	4,80	5,44	-1,83	0,86	87,31
436	01.09.20 19:05:15	4,77	5,41	-11,53	3,80	74,67
437	01.09.20 19:05:16	4,77	5,43	-3,25	0,76	86,00
438	01.09.20 19:05:17	4,73	5,43	-8,67	0,35	80,98
439	01.09.20 19:05:18	4,73	5,41	3,04	9,77	77,19
440	01.09.20 19:05:19	4,70	5,43	-8,62	3,43	77,95
441	01.09.20 19:05:20	4,70	5,43	-6,11	1,74	82,15
442	01.09.20 19:05:21	4,66	5,42	-5,13	3,63	81,24
443	01.09.20 19:05:22	4,66	5,40	-2,12	0,45	87,43
444	01.09.20 19:05:23	4,63	5,42	-7,50	5,47	77,03
445	01.09.20 19:05:24	4,63	5,42	-4,66	1,33	84,00
446	01.09.20 19:05:25	4,59	5,41	-6,87	3,40	79,73
447	01.09.20 19:05:26	4,59	5,39	-5,46	1,04	83,50
448	01.09.20 19:05:27	4,55	5,39	-5,51	3,66	80,83
449	01.09.20 19:05:28	4,55	5,39	-11,39	2,17	76,44
450	01.09.20 19:05:29	4,52	5,41	-9,17	1,83	79,00
451	01.09.20 19:05:30	4,52	5,38	-3,17	-0,42	86,41
452	01.09.20 19:05:31	4,48	5,38	-22,41	1,11	66,48
453	01.09.20 19:05:32	4,48	5,38	-14,16	0,14	75,70
454	01.09.20 19:05:33	4,44	5,38	0,95	1,00	88,05
455	01.09.20 19:05:34	4,44	5,40	-5,85	1,88	82,27
456	01.09.20 19:05:35	4,41	5,37	-0,79	-1,66	87,56
457	01.09.20 19:05:36	4,41	5,40	-2,53	0,25	87,21
458	01.09.20 19:05:37	4,41	5,37	-2,58	-2,75	84,66
459	01.09.20 19:05:38	4,37	5,37	-6,82	-0,69	82,49
460	01.09.20 19:05:39	4,37	5,37	-1,45	-0,09	88,46
461	01.09.20 19:05:40	4,37	5,37	-9,87	1,61	78,52
462	01.09.20 19:05:41	4,34	5,39	-5,10	2,63	82,26
463	01.09.20 19:05:42	4,34	5,37	-1,08	1,36	87,56
464	01.09.20 19:05:43	4,34	5,39	-1,06	2,57	86,37
465	01.09.20 19:05:44	4,30	5,36	-4,25	1,84	83,91
466	01.09.20 19:05:45	4,30	5,36	-2,34	2,06	85,60
467	01.09.20 19:05:46	4,30	5,36	-2,59	1,79	85,62
468	01.09.20 19:05:47	4,30	5,36	-4,76	-5,61	79,63
469	01.09.20 19:05:48	4,26	5,36	-0,03	-1,07	88,90
470	01.09.20 19:05:49	4,26	5,36	-8,24	-2,93	78,83
471	01.09.20 19:05:50	4,26	5,36	-4,67	1,55	83,78
472	01.09.20 19:05:51	4,23	5,38	-3,62	-1,29	85,09
473	01.09.20 19:05:52	4,23	5,35	-11,19	-3,34	75,47
474	01.09.20 19:05:53	4,19	5,37	-8,16	-0,34	81,50
475	01.09.20 19:05:54	4,19	5,35	-1,54	-0,95	87,50
476	01.09.20 19:05:55	4,16	5,35	-5,04	-0,90	84,06
477	01.09.20 19:05:56	4,16	5,35	-6,77	-0,09	83,14
478	01.09.20 19:05:57	4,16	5,37	0,49	0,48	89,03
479	01.09.20 19:05:58	4,12	5,34	-9,70	-0,81	79,48
480	01.09.20 19:05:59	4,12	5,37	-4,06	-2,32	83,61
481	01.09.20 19:06:00	4,12	5,37	-0,60	-1,67	87,73
482	01.09.20 19:06:01	4,08	5,36	-1,88	2,56	85,56
483	01.09.20 19:06:02	4,08	5,36	-1,69	0,80	87,51
484	01.09.20 19:06:03	4,08	5,34	-9,16	2,63	78,21
485	01.09.20 19:06:04	4,08	5,36	-7,94	-0,83	81,22
486	01.09.20 19:06:05	4,05	5,36	-0,81	1,15	88,04
487	01.09.20 19:06:06	4,05	5,36	-0,86	2,49	86,65
488	01.09.20 19:06:07	4,05	5,36	-0,77	0,28	88,94
489	01.09.20 19:06:08	4,01	5,36	-5,77	-2,10	82,13
490	01.09.20 19:06:09	4,01	5,36	4,44	-0,68	84,88
491	01.09.20 19:06:10	4,01	5,38	1,36	6,07	82,57
492	01.09.20 19:06:11	3,97	5,38	-6,31	1,17	82,51
493	01.09.20 19:06:12	3,97	5,35	-4,79	-0,22	84,99
494	01.09.20 19:06:13	3,94	5,37	-2,01	2,36	85,64
495	01.09.20 19:06:14	3,94	5,35	-9,60	1,18	79,22
496	01.09.20 19:06:15	3,90	5,34	-0,74	-2,95	86,31
497	01.09.20 19:06:16	3,90	5,34	-10,71	2,13	77,17
498	01.09.20 19:06:17	3,90	5,34	0,00	3,62	86,38
499	01.09.20 19:06:18	3,90	5,34	-2,10	6,00	81,90
500	01.09.20 19:06:19	3,90	5,37	-0,96	5,68	83,36
501	01.09.20 19:06:20	3,90	5,34	-5,94	1,13	82,93
502	01.09.20 19:06:21	3,86	5,34	-6,28	0,68	83,04
503	01.09.20 19:06:22	3,86	5,34	-6,59	-1,85	81,56
504	01.09.20 19:06:23	3,86	5,34	5,36	-0,38	84,26
505	01.09.20 19:06:24	3,86	5,34	2,48	3,54	83,98
506	01.09.20 19:06:25	3,86	5,34	0,98	2,10	86,92
507	01.09.20 19:06:26	3,83	5,34	-7,51	2,94	79,55
508	01.09.20 19:06:27	3,83	5,34	-8,74	2,71	78,55
509	01.09.20 19:06:28	3,79	5,33	-4,15	1,22	84,63
510	01.09.20 19:06:29	3,79	5,33	-21,09	0,78	68,14
511	01.09.20 19:06:30	3,79	5,33	-2,31	3,25	84,44
512	01.09.20 19:06:31	3,79	5,36	-2,93	3,48	83,59
513	01.09.20 19:06:32	3,79	5,33	-8,89	3,17	77,93
514	01.09.20 19:06:33	3,75	5,35	-3,18	1,50	85,32
515	01.09.20 19:06:34	3,75	5,33	-6,20	-1,60	82,20
516	01.09.20 19:06:35	3,75	5,33	-4,89	1,79	83,32
517	01.09.20 19:06:36	3,75	5,33	-5,77	3,21	81,02
518	01.09.20 19:06:37	3,75	5,33	-2,46	-3,01	84,53
519	01.09.20 19:06:38	3,75	5,33	-10,19	4,61	75,20
520	01.09.20 19:06:39	3,75	5,31	-3,06	0,47	86,47
521	01.09.20 19:06:40	3,72	5,33	-7,40	-0,73	81,87
522	01.09.20 19:06:41	3,72	5,30	-5,18	0,70	84,12
523	01.09.20 19:06:42	3,72	5,33	2,43	3,71	83,85
524	01.09.20 19:06:43	3,72	5,33	-3,46	1,56	84,98
525	01.09.20 19:06:44	3,72	5,33	-3,74	-0,90	85,36
526	01.09.20 19:06:45	3,68	5,32	-3,66	0,62	85,72
527	01.09.20 19:06:46	3,68	5,35	2,74	-1,47	85,78
528	01.09.20 19:06:47	3,68	5,32	-2,56	2,88	84,56
529	01.09.20 19:06:48	3,64	5,32	-12,44	-0,14	77,41
530	01.09.20 19:06:49	3,64	5,34	-0,79	-0,69	88,53
531	01.09.20 19:06:50	3,64	5,34	-3,50	-0,38	86,12
532	01.09.20 19:06:51	3,64	5,32	-1,71	1,16	87,13
533	01.09.20 19:06:52	3,64	5,32	-2,23	2,89	84,89
534	01.09.20 19:06:53	3,64	5,32	-0,69	-0,85	88,45
535	01.09.20 19:06:54	3,61	5,31	-2,89	1,20	85,90
536	01.09.20 19:06:55	3,61	5,31	-1,21	-3,53	85,26
537	01.09.20 19:06:56	3,57	5,33	-3,84	-2,83	83,32
538	01.09.20 19:06:57	3,57	5,31	-4,93	0,19	84,87
539	01.09.20 19:06:58	3,57	5,31	-4,00	-1,12	84,89
540	01.09.20 19:06:59	3,57	5,31	-6,41	0,35	83,24
541	01.09.20 19:07:00	3,57	5,31	-6,06	1,34	82,60
542	01.09.20 19:07:01	3,57	5,33	-3,82	-0,93	85,25
543	01.09.20 19:07:02	3,57	5,33	-4,83	2,84	82,33
544	01.09.20 19:07:03	3,53	5,33	-12,33	-2,11	75,56
545	01.09.20 19:07:04	3,53	5,33	2,52	1,09	86,39
546	01.09.20 19:07:05	3,53	5,28	-5,77	-0,08	84,15
547	01.09.20 19:07:06	3,53	5,31	-2,58	2,89	84,53
548	01.09.20 19:07:07	3,53	5,31	-0,53	-3,81	85,66
549	01.09.20 19:07:08	3,50	5,30	-9,91	-1,93	78,16
550	01.09.20 19:07:09	3,50	5,30	-2,17	0,70	87,13
551	01.09.20 19:07:10	3,50	5,33	-0,42	2,14	87,44
552	01.09.20 19:07:11	3,50	5,30	-7,66	-2,82	79,52
553	01.09.20 19:07:12	3,50	5,30	-0,37	2,04	87,60
554	01.09.20 19:07:13	3,46	5,30	-7,36	0,12	82,53
555	01.09.20 19:07:14	3,46	5,32	-3,56	-1,68	84,76
556	01.09.20 19:07:15	3,46	5,32	-10,78	-1,16	78,07
557	01.09.20 19:07:16	3,46	5,30	-8,03	0,17	81,80
558	01.09.20 19:07:17	3,46	5,30	-2,33	-1,81	85,87
559	01.09.20 19:07:18	3,42	5,30	-12,06	5,84	72,10
560	01.09.20 19:07:19	3,42	5,30	-2,00	0,24	87,77
561	01.09.20 19:07:20	3,42	5,30	-0,78	1,53	87,69
562	01.09.20 19:07:21	3,42	5,32	11,71	-0,03	78,26
563	01.09.20 19:07:22	3,42	5,30	7,77	2,34	79,90
564	01.09.20 19:07:23	3,42	5,30	-7,40	-1,98	80,63
565	01.09.20 19:07:24	3,42	5,30	-12,77	0,81	76,42
566	01.09.20 19:07:25	3,39	5,29	-1,84	-1,86	86,30
567	01.09.20 19:07:26	3,39	5,29	-2,66	1,29	86,05
568	01.09.20 19:07:27	3,39	5,29	-26,63	0,64	62,73
569	01.09.20 19:07:28	3,39	5,31	-8,13	2,59	79,28
570	01.09.20 19:07:29	3,39	5,29	-4,52	-0,16	85,32
571	01.09.20 19:07:30	3,39	5,31	7,34	-1,77	80,89
572	01.09.20 19:07:31	3,35	5,29	-5,09	2,48	82,42
573	01.09.20 19:07:32	3,35	5,29	-12,03	0,97	77,00
574	01.09.20 19:07:33	3,35	5,29	-2,28	-2,38	85,34
575	01.09.20 19:07:34	3,35	5,29	1,72	3,07	85,22
576	01.09.20 19:07:35	3,35	5,29	-7,61	1,37	81,02
577	01.09.20 19:07:36	3,35	5,29	3,75	0,23	86,02
578	01.09.20 19:07:37	3,31	5,31	-1,87	0,12	88,01
579	01.09.20 19:07:38	3,31	5,31	-8,68	2,60	78,72
580	01.09.20 19:07:39	3,31	5,31	-0,57	0,40	89,02
581	01.09.20 19:07:40	3,31	5,28	0,76	-3,08	86,16
582	01.09.20 19:07:41	3,27	5,28	2,14	1,85	86,01
583	01.09.20 19:07:42	3,27	5,28	-9,90	1,75	78,35
584	01.09.20 19:07:43	3,27	5,33	-3,02	3,15	83,83
585	01.09.20 19:07:44	3,27	5,30	-1,15	0,03	88,82
586	01.09.20 19:07:45	3,27	5,30	-0,32	-1,14	88,54
587	01.09.20 19:07:46	3,27	5,28	-3,56	3,48	82,96
588	01.09.20 19:07:47	3,27	5,30	-1,01	-2,66	86,33
589	01.09.20 19:07:48	3,27	5,28	-10,05	-1,02	78,93
590	01.09.20 19:07:49	3,27	5,30	-3,76	-0,03	86,21
591	01.09.20 19:07:50	3,27	5,28	-5,90	1,28	82,82
592	01.09.20 19:07:51	3,27	5,30	-5,17	3,40	81,42
593	01.09.20 19:07:52	3,27	5,28	-0,27	1,38	88,35
594	01.09.20 19:07:53	3,27	5,30	-5,84	1,28	82,87
595	01.09.20 19:07:54	3,27	5,28	-1,88	-4,03	84,09
596	01.09.20 19:07:55	3,24	5,30	5,99	2,05	81,97
597	01.09.20 19:07:56	3,24	5,30	-0,83	0,42	88,75
598	01.09.20 19:07:57	3,24	5,30	0,45	2,90	86,65
599	01.09.20 19:07:58	3,24	5,30	0,61	-2,33	87,06
600	01.09.20 19:07:59	3,24	5,30	-0,63	-0,81	88,57
601	01.09.20 19:08:00	3,24	5,28	-5,46	1,93	82,62
602	01.09.20 19:08:01	3,24	5,30	-12,49	-1,04	76,48
603	01.09.20 19:08:02	3,24	5,28	-7,24	-2,89	79,87
604	01.09.20 19:08:03	3,24	5,28	-3,53	7,65	78,82
605	01.09.20 19:08:04	3,24	5,30	2,83	3,26	83,91
606	01.09.20 19:08:05	3,24	5,28	-2,40	-3,61	83,99
607	01.09.20 19:08:06	3,24	5,28	-6,80	0,38	82,82
608	01.09.20 19:08:07	3,24	5,28	0,94	1,83	87,23
609	01.09.20 19:08:08	3,20	5,27	-1,07	3,12	85,82
610	01.09.20 19:08:09	3,20	5,30	9,98	0,80	79,21
611	01.09.20 19:08:10	3,20	5,30	1,99	-1,10	86,91
612	01.09.20 19:08:11	3,20	5,30	-7,35	-1,52	81,12
613	01.09.20 19:08:12	3,20	5,30	-12,61	-0,29	77,10
614	01.09.20 19:08:13	3,20	5,27	-8,63	2,86	78,51
615	01.09.20 19:08:14	3,20	5,30	-4,70	1,40	83,90
616	01.09.20 19:08:15	3,20	5,30	-5,06	-3,44	81,50
617	01.09.20 19:08:16	3,20	5,27	-1,67	0,24	88,09
618	01.09.20 19:08:17	3,20	5,27	-10,33	2,22	77,45
619	01.09.20 19:08:18	3,20	5,27	-2,90	2,85	84,25
620	01.09.20 19:08:19	3,20	5,30	-2,43	0,96	86,61
621	01.09.20 19:08:20	3,16	5,27	-2,42	3,32	84,26
622	01.09.20 19:08:21	3,16	5,29	-7,60	1,80	80,60
623	01.09.20 19:08:22	3,16	5,27	-2,22	2,09	85,69
624	01.09.20 19:08:23	3,16	5,29	-3,26	-2,00	84,74
625	01.09.20 19:08:24	3,16	5,27	-10,36	-0,44	79,20
626	01.09.20 19:08:25	3,16	5,27	-0,48	1,79	87,73
627	01.09.20 19:08:26	3,16	5,29	-14,75	-2,13	73,12
628	01.09.20 19:08:27	3,16	5,29	-6,00	2,24	81,76
629	01.09.20 19:08:28	3,16	5,27	-0,76	-0,70	88,54
630	01.09.20 19:08:29	3,16	5,29	-10,91	2,13	76,96
631	01.09.20 19:08:30	3,13	5,26	-3,56	-4,00	82,45
632	01.09.20 19:08:31	3,13	5,26	-1,66	-1,86	86,48
633	01.09.20 19:08:32	3,13	5,26	-10,32	1,25	78,43
634	01.09.20 19:08:33	3,13	5,26	-1,39	1,18	87,43
635	01.09.20 19:08:34	3,13	5,29	-2,10	-0,25	87,64
636	01.09.20 19:08:35	3,13	5,29	-9,36	-0,25	80,39
637	01.09.20 19:08:36	3,13	5,29	-3,15	-3,08	83,77
638	01.09.20 19:08:37	3,13	5,29	-0,71	5,42	83,86
639	01.09.20 19:08:38	3,13	5,29	2,13	1,13	86,74
640	01.09.20 19:08:39	3,13	5,29	0,03	-1,26	88,71
641	01.09.20 19:08:40	3,13	5,26	-9,90	0,34	79,76
642	01.09.20 19:08:41	3,09	5,28	-4,75	-0,62	84,63
643	01.09.20 19:08:42	3,13	5,29	-2,10	1,17	86,72
644	01.09.20 19:08:43	3,13	5,29	-3,93	-1,28	84,78
645	01.09.20 19:08:44	3,09	5,31	-2,71	0,51	86,79
646	01.09.20 19:08:45	3,09	5,28	-4,69	-0,08	85,23
647	01.09.20 19:08:46	3,09	5,26	-5,42	-0,08	84,51
648	01.09.20 19:08:47	3,09	5,28	-1,44	-2,47	86,09
649	01.09.20 19:08:48	3,09	5,28	-3,58	-0,96	85,46
650	01.09.20 19:08:49	3,09	5,26	-6,37	-2,20	81,44
651	01.09.20 19:08:50	3,05	5,28	8,86	-3,60	77,53
652	01.09.20 19:08:51	3,05	5,28	-3,08	1,07	85,85
653	01.09.20 19:08:52	3,05	5,28	-3,03	0,71	86,26
654	01.09.20 19:08:53	3,05	5,28	-4,33	-0,80	84,87
655	01.09.20 19:08:54	3,05	5,28	-10,56	0,82	78,61
656	01.09.20 19:08:55	3,05	5,28	-15,96	0,20	73,84
657	01.09.20 19:08:56	3,01	5,28	-6,40	-0,14	83,47
658	01.09.20 19:08:57	3,01	5,28	-9,90	0,03	80,07
659	01.09.20 19:08:58	3,01	5,25	-4,30	2,36	83,34
660	01.09.20 19:08:59	3,01	5,28	2,53	-0,71	86,76
661	01.09.20 19:09:00	3,01	5,28	-8,61	4,30	77,09
662	01.09.20 19:09:01	3,01	5,25	3,54	-4,40	82,05
663	01.09.20 19:09:02	3,01	5,28	-10,24	-4,40	75,36
664	01.09.20 19:09:03	3,01	5,25	-6,99	-2,49	80,53
665	01.09.20 19:09:04	3,01	5,30	4,61	-0,99	84,40
666	01.09.20 19:09:05	3,01	5,28	-2,22	-0,39	87,40
667	01.09.20 19:09:06	3,01	5,30	-8,15	-0,79	81,06
668	01.09.20 19:09:07	3,01	5,28	-0,38	2,60	87,02
669	01.09.20 19:09:08	3,01	5,30	-11,28	-2,73	75,99
670	01.09.20 19:09:09	3,01	5,28	-0,74	-4,23	85,03
671	01.09.20 19:09:10	3,01	5,30	-2,36	-0,87	86,77
672	01.09.20 19:09:11	3,01	5,28	-6,68	-3,52	79,80
673	01.09.20 19:09:12	3,01	5,28	4,21	0,69	85,10
674	01.09.20 19:09:13	2,98	5,27	-5,00	1,95	83,05
675	01.09.20 19:09:14	2,98	5,27	-4,97	0,17	84,86
676	01.09.20 19:09:15	2,98	5,30	0,05	-1,71	88,23
677	01.09.20 19:09:16	2,98	5,25	-4,00	3,63	82,37
678	01.09.20 19:09:17	2,98	5,27	-2,96	-3,63	83,41
679	01.09.20 19:09:18	2,98	5,27	-10,13	3,54	76,33
680	01.09.20 19:09:19	2,98	5,30	0,32	1,38	88,29
681	01.09.20 19:09:20	2,98	5,27	-1,58	-0,74	87,69
682	01.09.20 19:09:21	2,98	5,27	-6,20	1,15	82,65
683	01.09.20 19:09:22	2,98	5,27	-4,09	-1,44	84,47
684	01.09.20 19:09:23	2,98	5,27	-6,35	-4,20	79,44
685	01.09.20 19:09:24	2,98	5,25	-6,62	-0,62	82,76
686	01.09.20 19:09:25	2,98	5,30	1,38	3,71	84,91
687	01.09.20 19:09:26	2,98	5,27	-5,28	-1,67	83,06
688	01.09.20 19:09:27	2,98	5,27	0,30	2,69	87,01
689	01.09.20 19:09:28	2,98	5,30	-1,14	-2,37	86,49
690	01.09.20 19:09:29	2,98	5,27	-10,00	-2,66	77,33
691	01.09.20 19:09:30	2,98	5,30	-3,93	3,16	82,91
692	01.09.20 19:09:31	2,98	5,27	-3,71	0,03	86,26
693	01.09.20 19:09:32	2,98	5,27	1,42	1,47	87,11
694	01.09.20 19:09:33	2,98	5,27	-9,25	0,94	79,81
695	01.09.20 19:09:34	2,98	5,25	-3,59	0,83	85,58
696	01.09.20 19:09:35	2,98	5,30	1,13	0,00	88,87
697	01.09.20 19:09:36	2,94	5,27	-3,88	0,46	85,66
698	01.09.20 19:09:37	2,94	5,27	-4,50	-2,54	82,96
699	01.09.20 19:09:38	2,94	5,29	0,00	-3,34	86,66
700	01.09.20 19:09:39	2,94	5,27	-9,01	-2,27	78,72
701	01.09.20 19:09:40	2,94	5,29	-2,27	5,25	82,49
702	01.09.20 19:09:41	2,94	5,29	3,50	1,59	84,91
703	01.09.20 19:09:42	2,94	5,27	-6,15	0,65	83,20
704	01.09.20 19:09:43	2,94	5,27	-5,32	-2,68	82,00
705	01.09.20 19:09:44	2,94	5,29	-3,91	-0,79	85,30
706	01.09.20 19:09:45	2,94	5,29	6,47	0,12	83,40
707	01.09.20 19:09:46	2,94	5,27	-1,70	2,24	86,06
708	01.09.20 19:09:47	2,94	5,29	-0,79	1,04	88,17
709	01.09.20 19:09:48	2,94	5,25	18,29	-1,43	70,29
710	01.09.20 19:09:49	2,94	5,27	-0,19	-3,66	86,15
711	01.09.20 19:09:50	2,94	5,25	-6,72	-3,86	79,43
712	01.09.20 19:09:51	2,90	5,26	-0,29	0,58	89,12
713	01.09.20 19:09:52	2,90	5,31	-12,69	-3,05	74,26
714	01.09.20 19:09:53	2,90	5,26	3,62	0,63	85,75
715	01.09.20 19:09:54	2,87	5,28	7,66	-3,32	79,02
716	01.09.20 19:09:55	2,87	5,28	1,91	3,90	84,19
717	01.09.20 19:09:56	2,87	5,26	-26,29	4,00	59,72
718	01.09.20 19:09:57	2,83	5,26	-12,25	2,38	75,36
719	01.09.20 19:09:58	2,83	5,26	-1,90	3,07	85,03
720	01.09.20 19:09:59	2,83	5,28	0,35	-0,74	88,91
721	01.09.20 19:10:00	2,79	5,25	-7,75	3,40	78,85
722	01.09.20 19:10:01	2,79	5,28	-2,92	-0,97	86,11
723	01.09.20 19:10:02	2,79	5,28	6,89	0,55	82,57
724	01.09.20 19:10:03	2,79	5,28	1,37	-4,20	84,43
725	01.09.20 19:10:04	2,79	5,28	-5,74	-4,99	79,27
726	01.09.20 19:10:05	2,79	5,28	-6,51	1,69	81,81
727	01.09.20 19:10:06	2,79	5,28	-2,78	-2,37	84,85
728	01.09.20 19:10:07	2,75	5,27	-6,66	2,20	81,14
729	01.09.20 19:10:08	2,75	5,27	-4,75	-5,15	80,10
730	01.09.20 19:10:09	2,75	5,27	-2,09	-3,70	84,21
731	01.09.20 19:10:10	2,75	5,27	-11,76	1,32	76,92
732	01.09.20 19:10:11	2,75	5,27	-4,35	-1,04	84,61
733	01.09.20 19:10:12	2,75	5,27	5,67	-0,12	84,20
734	01.09.20 19:10:13	2,75	5,27	-1,36	-1,99	86,64
735	01.09.20 19:10:14	2,75	5,27	-6,94	0,16	82,90
736	01.09.20 19:10:15	2,75	5,27	2,04	-5,46	82,50
737	01.09.20 19:10:16	2,75	5,27	-1,38	-1,69	86,93
738	01.09.20 19:10:17	2,75	5,27	2,88	-6,77	80,35
739	01.09.20 19:10:18	2,75	5,30	-3,21	-1,75	85,04
740	01.09.20 19:10:19	2,75	5,27	7,70	-5,04	77,25
741	01.09.20 19:10:20	2,75	5,27	-0,25	-5,07	84,68
742	01.09.20 19:10:21	2,75	5,27	-12,66	-3,80	73,53
743	01.09.20 19:10:22	2,75	5,27	-13,20	-1,82	74,98
744	01.09.20 19:10:23	2,75	5,27	6,24	2,57	81,19
745	01.09.20 19:10:24	2,75	5,30	-2,95	-0,32	86,73
746	01.09.20 19:10:25	2,75	5,27	2,77	0,70	86,52
747	01.09.20 19:10:26	2,75	5,27	-2,35	-4,25	83,40
748	01.09.20 19:10:27	2,75	5,27	4,44	-1,14	84,42
749	01.09.20 19:10:28	2,75	5,27	1,50	-2,52	85,98
750	01.09.20 19:10:29	2,75	5,27	-1,70	-0,57	87,73
751	01.09.20 19:10:30	2,75	5,27	-9,33	1,45	79,22
752	01.09.20 19:10:31	2,75	5,27	-2,96	-2,08	84,96
753	01.09.20 19:10:32	2,72	5,27	5,98	0,41	83,62
754	01.09.20 19:10:33	2,72	5,29	-4,91	-3,11	81,98
755	01.09.20 19:10:34	2,72	5,27	-1,97	-8,04	79,98
756	01.09.20 19:10:35	2,75	5,27	0,44	-0,35	89,20
757	01.09.20 19:10:36	2,72	5,27	7,80	-2,15	80,05
758	01.09.20 19:10:37	2,72	5,27	0,26	-3,10	86,64
759	01.09.20 19:10:38	2,72	5,27	-8,63	-0,52	80,85
760	01.09.20 19:10:39	2,72	5,27	8,02	-6,23	75,75
761	01.09.20 19:10:40	2,72	5,29	0,78	-1,79	87,43
762	01.09.20 19:10:41	2,72	5,29	-0,14	-6,46	83,41
763	01.09.20 19:10:42	2,72	5,27	1,75	1,05	87,20
764	01.09.20 19:10:43	2,72	5,27	0,24	5,33	84,43
765	01.09.20 19:10:44	2,72	5,27	-6,57	6,37	77,07
766	01.09.20 19:10:45	2,72	5,27	-0,65	13,76	75,59
767	01.09.20 19:10:46	2,72	5,27	2,99	20,10	66,92
768	01.09.20 19:10:47	2,72	5,27	16,35	19,61	54,04
769	01.09.20 19:10:48	2,72	5,27	27,61	14,39	48,00
770	01.09.20 19:10:49	2,72	5,25	31,88	14,35	43,77
771	01.09.20 19:10:50	2,72	5,25	31,20	17,46	41,34
772	01.09.20 19:10:51	2,72	5,22	27,10	18,72	44,18
773	01.09.20 19:10:52	2,72	5,20	26,91	18,54	44,56
774	01.09.20 19:10:53	2,72	5,18	33,69	15,98	40,32
775	01.09.20 19:10:54	2,72	5,15	31,73	17,60	40,67
776	01.09.20 19:10:55	2,72	5,15	38,12	14,27	37,62
777	01.09.20 19:10:56	2,72	5,15	37,51	14,99	37,51
778	01.09.20 19:10:57	2,72	5,13	45,03	12,34	32,62
779	01.09.20 19:10:58	2,72	5,13	45,93	12,31	31,76
780	01.09.20 19:10:59	2,72	5,11	41,43	14,51	34,05
781	01.09.20 19:11:00	2,72	5,08	45,57	12,85	31,58
782	01.09.20 19:11:01	2,72	5,08	47,31	12,49	30,21
783	01.09.20 19:11:02	2,72	5,06	43,67	15,13	31,21
784	01.09.20 19:11:03	2,72	5,06	41,62	15,84	32,54
785	01.09.20 19:11:04	2,72	5,04	44,54	14,65	30,81
786	01.09.20 19:11:05	2,72	5,01	46,49	13,33	30,18
787	01.09.20 19:11:06	2,72	4,99	37,48	19,50	33,02
788	01.09.20 19:11:07	2,72	4,97	37,94	19,10	32,97
789	01.09.20 19:11:08	2,72	4,97	39,86	18,40	31,74
790	01.09.20 19:11:09	2,72	4,92	40,20	18,21	31,59
791	01.09.20 19:11:10	2,72	4,90	38,79	19,31	31,90
792	01.09.20 19:11:11	2,72	4,88	36,86	20,60	32,54
793	01.09.20 19:11:12	2,72	4,85	37,45	19,94	32,61
794	01.09.20 19:11:13	2,72	4,83	37,95	19,61	32,44
795	01.09.20 19:11:14	2,72	4,81	36,23	21,70	32,07
796	01.09.20 19:11:15	2,72	4,78	37,50	20,64	31,86
797	01.09.20 19:11:16	2,72	4,74	36,87	20,65	32,48
798	01.09.20 19:11:17	2,72	4,71	35,80	23,33	30,87
799	01.09.20 19:11:18	2,72	4,69	39,48	20,30	30,22
800	01.09.20 19:11:19	2,72	4,67	36,71	20,33	32,96
801	01.09.20 19:11:20	2,72	4,62	38,82	20,95	30,24
802	01.09.20 19:11:21	2,72	4,60	39,14	20,26	30,61
803	01.09.20 19:11:22	2,72	4,58	43,12	17,05	29,84
804	01.09.20 19:11:23	2,72	4,55	38,42	21,65	29,93
805	01.09.20 19:11:24	2,72	4,51	33,14	23,03	33,82
806	01.09.20 19:11:25	2,72	4,46	34,98	20,11	34,91
807	01.09.20 19:11:26	2,72	4,44	35,75	21,61	32,64
808	01.09.20 19:11:27	2,72	4,44	40,26	20,12	29,62
809	01.09.20 19:11:28	2,72	4,39	38,22	20,50	31,28
810	01.09.20 19:11:29	2,68	4,34	34,57	20,84	34,59
811	01.09.20 19:11:30	2,68	4,27	35,31	19,84	34,85
812	01.09.20 19:11:31	2,68	4,27	38,29	18,40	33,30
813	01.09.20 19:11:32	2,68	4,20	33,81	19,02	37,18
814	01.09.20 19:11:33	2,68	4,18	35,12	17,27	37,60
815	01.09.20 19:11:34	2,68	4,13	35,71	15,93	38,35
816	01.09.20 19:11:35	2,68	4,11	39,21	14,13	36,66
817	01.09.20 19:11:36	2,68	4,06	38,86	13,13	38,01
818	01.09.20 19:11:37	2,68	3,99	40,21	11,35	38,44
819	01.09.20 19:11:38	2,68	3,97	39,06	11,16	39,78
820	01.09.20 19:11:39	2,68	3,90	45,58	8,44	35,98
821	01.09.20 19:11:40	2,68	3,88	49,94	5,10	34,96
822	01.09.20 19:11:41	2,68	3,83	48,00	6,59	35,42
823	01.09.20 19:11:42	2,68	3,79	48,12	5,93	35,95
824	01.09.20 19:11:43	2,68	3,74	48,84	5,62	35,55
825	01.09.20 19:11:44	2,68	3,69	50,38	4,11	35,52
826	01.09.20 19:11:45	2,68	3,67	53,18	2,25	34,57
827	01.09.20 19:11:46	2,64	3,60	54,66	1,68	33,66
828	01.09.20 19:11:47	2,64	3,57	54,02	8,02	27,96
829	01.09.20 19:11:48	2,64	3,60	58,72	11,26	20,02
830	01.09.20 19:11:49	2,64	3,62	59,76	14,30	15,93
831	01.09.20 19:11:50	2,64	3,64	58,06	14,89	17,05
832	01.09.20 19:11:51	2,64	3,67	53,61	16,68	19,71
833	01.09.20 19:11:52	2,64	3,67	52,05	18,39	19,57
834	01.09.20 19:11:53	2,64	3,69	52,75	19,00	18,26
835	01.09.20 19:11:54	2,64	3,64	53,46	13,39	23,15
836	01.09.20 19:11:55	2,64	3,67	64,49	6,14	19,37
837	01.09.20 19:11:56	2,64	3,64	66,63	7,68	15,69
838	01.09.20 19:11:57	2,64	3,64	66,11	6,81	17,08
839	01.09.20 19:11:58	2,64	3,62	64,40	6,80	18,81
840	01.09.20 19:11:59	2,64	3,60	64,57	7,14	18,29
841	01.09.20 19:12:00	2,64	3,60	67,23	6,63	16,14
842	01.09.20 19:12:01	2,60	3,57	68,26	5,31	16,42
843	01.09.20 19:12:02	2,60	3,59	66,10	5,77	18,13
844	01.09.20 19:12:03	2,60	3,55	64,87	5,51	19,62
845	01.09.20 19:12:04	2,60	3,52	62,70	5,77	21,54
846	01.09.20 19:12:05	2,60	3,48	54,50	8,61	26,89
847	01.09.20 19:12:06	2,60	3,41	42,47	12,72	34,81
848	01.09.20 19:12:07	2,60	3,34	41,90	14,42	33,68
849	01.09.20 19:12:08	2,60	3,25	40,55	15,32	34,12
850	01.09.20 19:12:09	2,60	3,20	39,26	15,30	35,44
851	01.09.20 19:12:10	2,60	3,13	40,40	14,32	35,28
852	01.09.20 19:12:11	2,60	3,06	36,34	15,97	37,68
853	01.09.20 19:12:12	2,60	2,99	35,46	14,94	39,60
854	01.09.20 19:12:13	2,60	2,92	37,19	12,32	40,49
855	01.09.20 19:12:14	2,60	2,83	34,01	15,44	40,55
856	01.09.20 19:12:15	2,60	2,78	33,87	16,35	39,78
857	01.09.20 19:12:16	2,60	2,69	32,88	15,98	41,13
858	01.09.20 19:12:17	2,60	2,62	34,82	13,41	41,77
859	01.09.20 19:12:18	2,60	2,55	35,34	12,34	42,31
860	01.09.20 19:12:19	2,60	2,48	30,54	17,79	41,67
861	01.09.20 19:12:20	2,64	2,42	30,10	17,79	42,12
862	01.09.20 19:12:21	2,64	2,35	34,08	13,18	42,74
863	01.09.20 19:12:22	2,64	2,26	32,51	12,89	44,60
864	01.09.20 19:12:23	2,64	2,19	30,15	13,87	45,97
865	01.09.20 19:12:24	2,68	2,17	36,57	10,96	42,47
866	01.09.20 19:12:25	2,72	2,08	30,96	16,14	42,90
867	01.09.20 19:12:26	2,75	2,01	28,64	16,63	44,73
868	01.09.20 19:12:27	2,83	1,95	37,39	6,65	45,96
869	01.09.20 19:12:28	2,90	1,85	32,53	12,68	44,79
870	01.09.20 19:12:29	3,01	1,79	36,48	10,18	43,35
871	01.09.20 19:12:30	3,13	1,78	32,71	14,03	43,25
872	01.09.20 19:12:31	3,16	1,71	30,19	15,96	43,85
873	01.09.20 19:12:32	3,20	1,62	28,06	16,32	45,62
874	01.09.20 19:12:33	3,24	1,58	32,81	11,11	46,08
875	01.09.20 19:12:34	3,27	1,49	33,88	9,01	47,11
876	01.09.20 19:12:35	3,27	1,47	33,77	8,77	47,46
877	01.09.20 19:12:36	3,31	1,40	30,25	11,24	48,51
878	01.09.20 19:12:37	3,35	1,38	35,24	5,12	49,64
879	01.09.20 19:12:38	3,35	1,31	25,61	13,34	51,05
880	01.09.20 19:12:39	3,39	1,25	24,92	12,48	52,60
881	01.09.20 19:12:40	3,42	1,11	26,69	10,56	52,75
882	01.09.20 19:12:41	3,53	1,06	23,05	11,93	55,03
883	01.09.20 19:12:42	3,64	1,02	32,05	11,71	46,24
884	01.09.20 19:12:43	3,79	0,97	32,56	2,62	54,83
885	01.09.20 19:12:44	3,90	0,91	32,75	-1,84	55,42
886	01.09.20 19:12:45	4,01	0,92	35,17	-3,65	51,18
887	01.09.20 19:12:46	4,08	0,90	33,89	-6,74	49,36
888	01.09.20 19:12:47	4,16	0,87	35,03	-6,50	48,46
889	01.09.20 19:12:48	4,19	0,82	33,46	-7,49	49,05
890	01.09.20 19:12:49	4,23	0,78	32,31	-8,58	49,11
891	01.09.20 19:12:50	4,30	0,76	33,37	-9,23	47,39
892	01.09.20 19:12:51	4,34	0,72	30,00	-13,51	46,48
893	01.09.20 19:12:52	4,37	0,70	29,50	-14,33	46,16
894	01.09.20 19:12:53	4,41	0,68	30,44	-13,87	45,69
895	01.09.20 19:12:54	4,41	0,66	27,94	-16,81	45,25
896	01.09.20 19:12:55	4,44	0,62	26,30	-18,88	44,82
897	01.09.20 19:12:56	4,48	0,58	26,51	-19,92	43,57
898	01.09.20 19:12:57	4,52	0,51	28,03	-21,58	40,39
899	01.09.20 19:12:58	4,59	0,49	25,01	-26,63	38,36
900	01.09.20 19:12:59	4,63	0,47	22,70	-31,45	35,85
901	01.09.20 19:13:00	4,66	0,46	24,59	-28,28	37,13
902	01.09.20 19:13:01	4,73	0,40	24,86	-24,26	40,88
903	01.09.20 19:13:02	4,80	0,33	23,73	-29,71	36,56
904	01.09.20 19:13:03	4,88	0,36	24,88	-28,31	36,80
905	01.09.20 19:13:04	4,91	0,31	25,40	-29,24	35,36
906	01.09.20 19:13:05	4,95	0,24	23,91	-34,27	31,81
907	01.09.20 19:13:06	5,02	0,17	19,10	-38,88	32,02
908	01.09.20 19:13:07	5,16	0,17	23,60	-33,48	32,92
909	01.09.20 19:13:08	5,27	0,13	22,25	-31,87	35,88
910	01.09.20 19:13:09	5,37	0,13	24,81	-30,63	34,56
911	01.09.20 19:13:10	5,45	0,08	20,91	-35,55	33,54
912	01.09.20 19:13:11	5,48	0,06	19,63	-31,35	39,01
913	01.09.20 19:13:12	5,52	0,03	22,15	-25,48	42,36
914	01.09.20 19:13:13	5,59	0,00	24,56	-14,93	50,51
915	01.09.20 19:13:14	5,73	0,00	22,50	-9,20	58,29
916	01.09.20 19:13:15	5,83	0,00	23,91	-14,73	51,36
917	01.09.20 19:13:16	5,90	0,00	25,65	-8,28	56,07
918	01.09.20 19:13:17	5,97	0,00	25,53	-9,99	54,47
919	01.09.20 19:13:18	6,01	0,00	22,18	-16,45	51,36
920	01.09.20 19:13:19	6,04	0,00	20,45	-15,01	54,54
921	01.09.20 19:13:20	6,08	0,00	23,06	-7,15	59,80
922	01.09.20 19:13:21	6,15	0,00	24,90	-9,45	55,65
923	01.09.20 19:13:22	6,22	0,00	14,99	-17,39	57,62
924	01.09.20 19:13:23	6,29	0,00	8,63	-21,12	60,25
925	01.09.20 19:13:24	6,36	0,00	16,97	-14,09	58,93
926	01.09.20 19:13:25	6,39	0,00	17,47	-18,76	53,77
927	01.09.20 19:13:26	6,43	0,00	20,57	-17,75	51,68
928	01.09.20 19:13:27	6,50	0,00	20,04	-19,59	50,37
929	01.09.20 19:13:28	6,56	0,00	20,16	-18,05	51,79
930	01.09.20 19:13:29	6,60	0,00	22,33	-15,91	51,76
931	01.09.20 19:13:30	6,67	0,00	23,03	-11,59	55,38
932	01.09.20 19:13:31	6,74	0,00	21,87	-7,29	60,84
933	01.09.20 19:13:32	6,84	0,00	21,80	-5,78	62,42
934	01.09.20 19:13:33	6,87	0,00	20,84	-3,78	65,38
935	01.09.20 19:13:34	6,98	0,00	23,62	1,24	65,14
936	01.09.20 19:13:35	7,08	0,00	17,42	-7,17	65,41
937	01.09.20 19:13:36	7,22	0,00	20,07	-9,03	60,90
938	01.09.20 19:13:37	7,39	0,00	24,07	-9,07	56,86
939	01.09.20 19:13:38	7,56	0,00	22,36	-15,71	51,93
940	01.09.20 19:13:39	7,73	0,00	19,58	-17,83	52,60
941	01.09.20 19:13:40	7,86	0,00	24,35	-17,15	48,50
942	01.09.20 19:13:41	8,03	0,00	23,97	-8,59	57,43
943	01.09.20 19:13:42	8,30	0,00	23,64	-9,20	57,16
944	01.09.20 19:13:43	8,43	0,00	26,88	-1,19	61,93
945	01.09.20 19:13:44	8,60	0,00	21,36	-6,40	62,24
946	01.09.20 19:13:45	8,77	0,00	21,22	-8,78	59,99
947	01.09.20 19:13:46	8,87	0,00	21,80	0,03	68,18
948	01.09.20 19:13:47	9,00	0,00	18,54	-1,96	69,50
949	01.09.20 19:13:48	9,13	0,00	19,87	-4,19	65,94
950	01.09.20 19:13:49	9,23	0,00	14,69	-8,17	67,14
951	01.09.20 19:13:50	9,36	0,00	21,21	-5,62	63,17
952	01.09.20 19:13:51	9,46	0,00	17,54	-6,31	66,15
953	01.09.20 19:13:52	9,56	0,00	22,63	-2,04	65,33
954	01.09.20 19:13:53	9,79	0,00	14,57	-8,70	66,72
955	01.09.20 19:13:54	9,85	0,00	19,49	-9,18	61,33
956	01.09.20 19:13:55	9,98	0,00	14,27	-17,78	57,96
957	01.09.20 19:13:56	10,05	0,00	22,05	-17,64	50,30
958	01.09.20 19:13:57	10,08	0,00	24,05	-17,22	48,73
959	01.09.20 19:13:58	10,11	0,00	23,72	-12,43	53,85
960	01.09.20 19:13:59	10,15	0,00	24,99	-10,70	54,31
961	01.09.20 19:14:00	10,21	0,00	9,71	-16,05	64,24
962	01.09.20 19:14:01	10,34	0,00	22,85	-12,64	54,50
963	01.09.20 19:14:02	10,44	0,00	16,11	-23,01	50,88
964	01.09.20 19:14:03	10,53	0,00	16,22	-11,34	62,45
965	01.09.20 19:14:04	10,60	0,00	28,19	-1,65	60,16
966	01.09.20 19:14:05	10,63	0,00	19,83	-9,23	60,94
967	01.09.20 19:14:06	10,70	0,00	14,77	-11,55	63,68
968	01.09.20 19:14:07	10,73	0,00	19,03	-6,17	64,81
969	01.09.20 19:14:08	10,79	0,00	15,77	-8,71	65,52
970	01.09.20 19:14:09	10,82	0,00	6,03	-11,35	72,62
971	01.09.20 19:14:10	10,89	0,00	22,15	-9,79	58,06
972	01.09.20 19:14:11	10,95	0,00	19,35	-10,14	60,51
973	01.09.20 19:14:12	10,95	0,00	25,28	-9,54	55,18
974	01.09.20 19:14:13	10,99	0,00	18,28	-20,54	51,18
975	01.09.20 19:14:14	10,99	0,00	19,15	-23,39	47,46
976	01.09.20 19:14:15	11,05	0,00	26,12	-19,81	44,08
977	01.09.20 19:14:16	11,08	0,00	18,08	-19,09	52,83
978	01.09.20 19:14:17	11,08	0,00	19,69	-18,72	51,59
979	01.09.20 19:14:18	11,08	0,00	23,95	-17,66	48,39
980	01.09.20 19:14:19	11,08	0,00	36,50	-12,28	41,22
981	01.09.20 19:14:20	11,15	0,00	19,18	-20,25	50,56
982	01.09.20 19:14:21	11,21	0,00	27,50	7,08	55,42
983	01.09.20 19:14:22	11,27	0,00	28,74	-1,13	60,13
984	01.09.20 19:14:23	11,37	0,00	29,84	-4,00	56,16
985	01.09.20 19:14:24	11,43	0,00	17,81	-4,54	67,65
986	01.09.20 19:14:25	11,46	0,00	21,87	-4,55	63,57
987	01.09.20 19:14:26	11,46	0,00	27,50	-4,50	58,00
988	01.09.20 19:14:27	11,50	0,00	25,25	-4,37	60,38
989	01.09.20 19:14:28	11,59	0,00	17,08	-5,84	67,08
990	01.09.20 19:14:29	11,69	0,00	14,40	-5,35	70,24
991	01.09.20 19:14:30	11,72	0,00	17,26	-8,30	64,44
992	01.09.20 19:14:31	11,78	0,00	26,25	0,76	63,00
993	01.09.20 19:14:32	11,78	0,00	25,19	-10,16	54,65
994	01.09.20 19:14:33	11,88	0,00	17,64	-24,61	47,75
995	01.09.20 19:14:34	11,94	0,00	28,73	-7,89	53,38
996	01.09.20 19:14:35	11,97	0,00	36,74	-16,91	36,36
997	01.09.20 19:14:36	11,97	0,00	37,18	-33,86	18,96
998	01.09.20 19:14:37	11,94	0,00	24,11	13,29	52,60
999	01.09.20 19:14:38	11,97	0,00	32,43	18,65	38,91
1000	01.09.20 19:14:39	11,91	0,00	42,66	28,39	18,95
1001	01.09.20 19:14:40	12,00	0,00	59,61	22,43	7,96
1002	01.09.20 19:14:41	12,00	0,00	61,10	25,80	3,10
1003	01.09.20 19:14:42	11,94	0,00	57,11	25,44	7,45
1004	01.09.20 19:14:43	11,88	0,00	45,42	20,14	24,44
1005	01.09.20 19:14:44	11,85	0,00	70,07	18,85	1,08
1006	01.09.20 19:14:45	11,81	0,00	79,50	7,92	2,58
1007	01.09.20 19:14:46	11,78	0,00	68,57	-7,36	14,07
1008	01.09.20 19:14:47	11,81	0,00	59,88	-21,76	8,36
1009	01.09.20 19:14:48	11,78	0,00	50,07	-19,86	20,07
1010	01.09.20 19:14:49	11,66	0,00	0,63	-56,14	33,23
1011	01.09.20 19:14:50	11,56	0,00	4,82	-49,62	35,56
1012	01.09.20 19:14:51	11,43	0,00	42,04	-25,93	22,03
1013	01.09.20 19:14:52	11,37	0,00	41,19	-38,68	10,13
1014	01.09.20 19:14:53	11,24	0,00	45,08	-34,18	10,74
1015	01.09.20 19:14:54	11,15	0,00	41,89	-33,43	14,68
1016	01.09.20 19:14:55	11,05	0,00	38,85	-40,67	10,47
1017	01.09.20 19:14:56	10,92	0,00	57,86	-21,11	11,02
1018	01.09.20 19:14:57	10,82	0,00	66,79	16,59	6,62
1019	01.09.20 19:14:58	10,73	0,00	47,14	42,84	-0,03
1020	01.09.20 19:14:59	10,63	0,00	56,69	29,55	3,76
1021	01.09.20 19:15:00	10,57	0,00	64,32	16,11	9,57
1022	01.09.20 19:15:01	10,47	0,00	67,85	11,68	10,47
1023	01.09.20 19:15:02	10,41	0,00	74,87	6,16	8,97
1024	01.09.20 19:15:03	10,37	0,00	80,91	-2,26	6,83
1025	01.09.20 19:15:04	10,31	0,00	77,03	-4,02	8,96
1026	01.09.20 19:15:05	10,24	0,00	79,48	-3,06	7,46
1027	01.09.20 19:15:06	10,21	0,00	77,89	-5,68	6,43
1028	01.09.20 19:15:07	10,15	0,00	83,11	0,87	6,03
1029	01.09.20 19:15:08	10,11	0,00	46,41	9,47	34,12
1030	01.09.20 19:15:09	10,05	0,00	-4,92	7,96	77,12
1031	01.09.20 19:15:10	10,02	0,00	-10,89	8,92	70,18
1032	01.09.20 19:15:11	9,98	0,00	-0,96	10,62	78,42
1033	01.09.20 19:15:12	9,95	0,00	-8,58	-0,55	80,87
1034	01.09.20 19:15:13	9,92	0,00	-7,14	1,99	80,87
1035	01.09.20 19:15:14	9,89	0,00	-8,37	-0,41	81,22
1036	01.09.20 19:15:15	9,85	0,00	-6,01	3,13	80,85
1037	01.09.20 19:15:16	9,85	0,00	-4,90	3,23	81,87
1038	01.09.20 19:15:17	9,85	0,00	-4,88	1,16	83,96
1039	01.09.20 19:15:18	9,82	0,00	-3,84	1,25	84,90
1040	01.09.20 19:15:19	9,79	0,00	-5,32	-1,96	82,71
1041	01.09.20 19:15:20	9,79	0,00	25,31	44,41	-20,28
1042	01.09.20 19:15:21	9,76	0,00	-16,61	39,06	-34,33
1043	01.09.20 19:15:22	9,76	0,00	-1,47	85,65	-2,88
1044	01.09.20 19:15:23	9,76	0,00	-1,39	86,50	-2,11
1045	01.09.20 19:15:24	9,72	0,00	-0,96	87,55	-1,49
1046	01.09.20 19:15:25	9,72	0,00	-0,96	87,59	-1,44
1047	01.09.20 19:15:26	9,72	0,00	-1,04	86,91	-2,05
1048	01.09.20 19:15:27	9,69	0,00	-1,05	86,62	-2,32
1049	01.09.20 19:15:28	9,69	0,00	-0,91	86,00	-3,09
1050	01.09.20 19:15:29	9,66	0,00	-1,82	84,64	-3,54
1051	01.09.20 19:15:30	9,66	0,00	-2,31	85,44	-2,24
1052	01.09.20 19:15:31	9,66	0,00	-1,04	87,91	-1,05
1053	01.09.20 19:15:32	9,66	0,00	-0,24	88,65	-1,11
1054	01.09.20 19:15:33	9,62	0,00	-0,60	86,81	-2,59
1055	01.09.20 19:15:34	9,62	0,00	-1,99	85,14	-2,87
1056	01.09.20 19:15:35	9,59	0,00	-1,62	85,12	-3,26
1057	01.09.20 19:15:36	9,59	0,00	-1,40	85,48	-3,12
1058	01.09.20 19:15:37	9,59	0,00	-1,39	86,82	-1,79
1059	01.09.20 19:15:38	9,59	0,00	-0,69	87,11	-2,20
1060	01.09.20 19:15:39	9,59	0,00	-0,57	87,36	-2,07
1061	01.09.20 19:15:40	9,56	0,00	-1,24	85,86	-2,90
1062	01.09.20 19:15:41	9,56	0,00	-2,33	84,19	-3,48
1063	01.09.20 19:15:42	9,56	0,00	-1,11	86,34	-2,56
1064	01.09.20 19:15:43	9,56	0,00	0,64	86,57	-2,79
1065	01.09.20 19:15:44	9,56	0,00	0,59	86,65	-2,76
1066	01.09.20 19:15:45	9,53	0,00	0,36	87,46	-2,18
1067	01.09.20 19:15:46	9,53	0,00	-0,18	87,29	-2,53
1068	01.09.20 19:15:47	9,53	0,00	-0,39	86,26	-3,34
1069	01.09.20 19:15:48	9,53	0,00	0,30	86,24	-3,46
1070	01.09.20 19:15:49	9,53	0,00	-1,38	85,89	-2,73
1071	01.09.20 19:15:50	9,53	0,00	-0,30	87,17	-2,53
1072	01.09.20 19:15:51	9,53	0,00	-0,06	86,93	-3,01
1073	01.09.20 19:15:52	9,53	0,00	-0,75	86,02	-3,24
1074	01.09.20 19:15:53	9,53	0,00	-0,54	85,65	-3,81
1075	01.09.20 19:15:54	9,49	0,00	-1,59	84,31	-4,10
1076	01.09.20 19:15:55	9,49	0,00	-1,47	84,81	-3,71
1077	01.09.20 19:15:56	9,49	0,00	-0,52	86,92	-2,56
1078	01.09.20 19:15:57	9,49	0,00	0,69	85,89	-3,41
1079	01.09.20 19:15:58	9,49	0,00	0,39	85,51	-4,10
1080	01.09.20 19:15:59	9,49	0,00	0,03	86,62	-3,35
1081	01.09.20 19:16:00	9,49	0,00	-0,03	89,74	0,23
1082	01.09.20 19:16:01	9,49	0,00	1,87	85,34	2,80
1083	01.09.20 19:16:02	9,49	0,00	1,64	85,75	2,62
1084	01.09.20 19:16:03	9,49	0,00	1,51	84,56	3,94
1085	01.09.20 19:16:04	9,49	0,00	0,63	86,66	2,71
1086	01.09.20 19:16:05	9,53	0,00	0,93	86,01	3,06
1087	01.09.20 19:16:06	9,53	0,00	0,84	86,25	2,90
1088	01.09.20 19:16:07	9,53	0,00	0,18	87,40	2,42
1089	01.09.20 19:16:08	9,53	0,00	0,18	87,22	2,60
1090	01.09.20 19:16:09	9,53	0,00	-0,12	87,98	1,90
1091	01.09.20 19:16:10	9,53	0,00	-0,48	89,03	-0,49
1092	01.09.20 19:16:11	9,53	0,00	-1,54	84,75	-3,71
1093	01.09.20 19:16:12	9,53	0,00	-2,11	82,73	-5,17
1094	01.09.20 19:16:13	9,53	0,00	-2,51	80,94	-6,55
1095	01.09.20 19:16:14	9,53	0,00	-3,80	78,15	-8,05
1096	01.09.20 19:16:15	9,53	0,00	-3,09	79,14	-7,77
1097	01.09.20 19:16:16	9,56	0,00	-3,12	78,93	-7,95
1098	01.09.20 19:16:17	9,56	0,00	-3,31	78,80	-7,88
1099	01.09.20 19:16:18	9,56	0,00	-3,20	79,23	-7,57
1100	01.09.20 19:16:19	9,56	0,00	-2,57	80,62	-6,81
1101	01.09.20 19:16:20	9,56	0,00	-2,70	83,42	-3,89
1102	01.09.20 19:16:21	9,56	0,00	-1,70	87,27	-1,03
1103	01.09.20 19:16:22	9,56	0,00	-0,85	87,96	-1,19
1104	01.09.20 19:16:23	9,59	0,00	-0,67	88,11	1,22
1105	01.09.20 19:16:24	9,59	0,00	-0,33	87,36	2,31
1106	01.09.20 19:16:25	9,59	0,00	-0,36	87,72	1,92
1107	01.09.20 19:16:26	9,59	0,00	-0,55	88,06	1,40
1108	01.09.20 19:16:27	9,59	0,00	-1,18	88,01	0,81
1109	01.09.20 19:16:28	9,59	0,00	-0,84	88,93	0,23
1110	01.09.20 19:16:29	9,62	0,00	-1,56	87,37	-1,07
1111	01.09.20 19:16:30	9,62	0,00	-1,41	87,94	-0,65
1112	01.09.20 19:16:31	9,62	0,00	-2,06	87,56	-0,38
1113	01.09.20 19:16:32	9,62	0,00	-1,17	86,63	-2,21
1114	01.09.20 19:16:33	9,66	0,00	-2,04	84,15	-3,81
1115	01.09.20 19:16:34	9,66	0,00	-3,29	81,71	-5,00
1116	01.09.20 19:16:35	9,66	0,00	-2,28	82,91	-4,81
1117	01.09.20 19:16:36	9,66	0,00	-2,70	82,89	-4,41
1118	01.09.20 19:16:37	9,66	0,00	-2,62	83,86	-3,53
1119	01.09.20 19:16:38	9,66	0,00	-1,97	83,92	-4,11
1120	01.09.20 19:16:39	9,69	0,00	-2,10	85,38	-2,52
1121	01.09.20 19:16:40	9,69	0,00	-1,80	85,81	-2,39
1122	01.09.20 19:16:41	9,69	0,00	-2,17	85,88	-1,96
1123	01.09.20 19:16:42	9,69	0,00	-1,36	87,03	-1,61
1124	01.09.20 19:16:43	9,72	0,00	-1,11	87,53	-1,35
1125	01.09.20 19:16:44	9,72	0,00	-1,96	87,23	-0,81
1126	01.09.20 19:16:45	9,72	0,00	-2,11	87,37	-0,52
1127	01.09.20 19:16:46	9,72	0,00	-1,30	88,03	-0,67
1128	01.09.20 19:16:47	9,72	0,00	-1,18	87,17	-1,65
1129	01.09.20 19:16:48	9,76	0,00	-2,52	85,35	-2,13
1130	01.09.20 19:16:49	9,76	0,00	-1,85	85,67	-2,48
1131	01.09.20 19:16:50	9,76	0,00	-1,96	85,04	-3,00
1132	01.09.20 19:16:51	9,76	0,00	-2,06	85,56	-2,38
1133	01.09.20 19:16:52	9,79	0,00	-2,61	84,35	-3,04
1134	01.09.20 19:16:53	9,79	0,00	-1,73	84,51	-3,77
1135	01.09.20 19:16:54	9,79	0,00	-1,94	84,54	-3,51
1136	01.09.20 19:16:55	9,79	0,00	-2,64	84,18	-3,18
1137	01.09.20 19:16:56	9,82	0,00	-2,35	85,11	-2,54
1138	01.09.20 19:16:57	9,82	0,00	-2,04	85,03	-2,93
1139	01.09.20 19:16:58	9,82	0,00	-1,60	87,73	-0,67
1140	01.09.20 19:16:59	9,82	0,00	-2,12	86,72	-1,16
1141	01.09.20 19:17:00	9,82	0,00	-1,28	86,83	-1,89
1142	01.09.20 19:17:01	9,85	0,00	-1,66	86,69	-1,65
1143	01.09.20 19:17:02	9,85	0,00	-1,98	86,68	-1,35
1144	01.09.20 19:17:03	9,85	0,00	-1,47	86,54	-1,99
1145	01.09.20 19:17:04	9,85	0,00	-2,08	85,76	-2,16
1146	01.09.20 19:17:05	9,85	0,00	-2,23	86,13	-1,65
1147	01.09.20 19:17:06	9,85	0,00	-1,24	87,64	-1,12
1148	01.09.20 19:17:07	9,85	0,00	-1,64	87,29	-1,07
1149	01.09.20 19:17:08	9,89	0,00	-1,62	86,29	-2,09
1150	01.09.20 19:17:09	9,89	0,00	-2,15	84,46	-3,39
1151	01.09.20 19:17:10	9,89	0,00	-2,05	85,04	-2,91
1152	01.09.20 19:17:11	9,89	0,00	-2,21	86,11	-1,68
1153	01.09.20 19:17:12	9,92	0,00	-2,09	85,94	-1,97
1154	01.09.20 19:17:13	9,92	0,00	-2,47	83,65	-3,87
1155	01.09.20 19:17:14	9,92	0,00	-1,68	85,30	-3,01
1156	01.09.20 19:17:15	9,92	0,00	-1,62	86,16	-2,22
1157	01.09.20 19:17:16	9,95	0,00	-2,81	84,32	-2,86
1158	01.09.20 19:17:17	9,95	0,00	-2,10	84,74	-3,16
1159	01.09.20 19:17:18	9,95	0,00	-1,03	86,37	-2,61
1160	01.09.20 19:17:19	9,95	0,00	-2,45	85,23	-2,32
1161	01.09.20 19:17:20	9,95	0,00	-2,42	85,24	-2,34
1162	01.09.20 19:17:21	9,98	0,00	-1,42	87,42	-1,16
1163	01.09.20 19:17:22	9,98	0,00	-1,21	88,24	-0,55
1164	01.09.20 19:17:23	9,98	0,00	-2,01	86,41	-1,58
1165	01.09.20 19:17:24	9,98	0,00	-2,08	86,16	-1,76
1166	01.09.20 19:17:25	10,02	0,00	-1,29	86,69	-2,01
1167	01.09.20 19:17:26	10,02	0,00	-1,98	85,46	-2,57
1168	01.09.20 19:17:27	10,02	0,00	-2,49	84,96	-2,55
1169	01.09.20 19:17:28	10,02	0,00	-1,43	86,71	-1,86
1170	01.09.20 19:17:29	10,05	0,00	-2,22	85,85	-1,93
1171	01.09.20 19:17:30	10,05	0,00	-1,99	85,96	-2,05
1172	01.09.20 19:17:31	10,05	0,00	-1,15	86,13	-2,72
1173	01.09.20 19:17:32	10,05	0,00	-2,35	83,80	-3,85
1174	01.09.20 19:17:33	10,08	0,00	-2,35	83,68	-3,97
1175	01.09.20 19:17:34	10,08	0,00	-2,25	84,56	-3,19
1176	01.09.20 19:17:35	10,08	0,00	-2,07	86,50	-1,43
1177	01.09.20 19:17:36	10,08	0,00	-2,03	86,54	-1,43
1178	01.09.20 19:17:37	10,11	0,00	-1,76	87,31	-0,93
1179	01.09.20 19:17:38	10,11	0,00	-1,04	87,50	-1,46
1180	01.09.20 19:17:39	10,11	0,00	-1,42	86,71	-1,87
1181	01.09.20 19:17:40	10,11	0,00	-2,56	85,33	-2,11
1182	01.09.20 19:17:41	10,15	0,00	-1,84	85,22	-2,94
1183	01.09.20 19:17:42	10,15	0,00	-1,77	86,43	-1,80
1184	01.09.20 19:17:43	10,15	0,00	-2,23	86,53	-1,24
1185	01.09.20 19:17:44	10,15	0,00	-1,42	87,36	-1,21
1186	01.09.20 19:17:45	10,18	0,00	-1,58	86,57	-1,85
1187	01.09.20 19:17:46	10,18	0,00	-1,95	85,18	-2,88
1188	01.09.20 19:17:47	10,18	0,00	-2,17	84,19	-3,64
1189	01.09.20 19:17:48	10,18	0,00	-2,57	84,04	-3,40
1190	01.09.20 19:17:49	10,21	0,00	-2,35	84,69	-2,96
1191	01.09.20 19:17:50	10,21	0,00	-1,32	86,75	-1,93
1192	01.09.20 19:17:51	10,21	0,00	-2,77	85,30	-1,93
1193	01.09.20 19:17:52	10,21	0,00	-1,99	84,90	-3,11
1194	01.09.20 19:17:53	10,21	0,00	-0,91	86,45	-2,64
1195	01.09.20 19:17:54	10,24	0,00	-2,33	84,22	-3,45
1196	01.09.20 19:17:55	10,24	0,00	-2,80	84,63	-2,57
1197	01.09.20 19:17:56	10,24	0,00	-1,47	86,02	-2,52
1198	01.09.20 19:17:57	10,24	0,00	-1,79	86,35	-1,86
1199	01.09.20 19:17:58	10,28	0,00	-2,27	86,46	-1,27
1200	01.09.20 19:17:59	10,28	0,00	-1,66	85,76	-2,58
1201	01.09.20 19:18:00	10,28	0,00	-1,01	86,94	-2,05
1202	01.09.20 19:18:01	10,28	0,00	-2,85	85,43	-1,72
1203	01.09.20 19:18:02	10,31	0,00	-1,31	86,62	-2,07
1204	01.09.20 19:18:03	10,31	0,00	-1,33	87,12	-1,56
1205	01.09.20 19:18:04	10,31	0,00	-2,54	85,66	-1,80
1206	01.09.20 19:18:05	10,31	0,00	-1,42	87,52	-1,07
1207	01.09.20 19:18:06	10,31	0,00	-0,81	88,59	0,60
1208	01.09.20 19:18:07	10,34	0,00	0,76	85,77	3,47
1209	01.09.20 19:18:08	10,34	0,00	-0,09	84,29	5,62
1210	01.09.20 19:18:09	10,34	0,00	1,75	80,65	7,60
1211	01.09.20 19:18:10	10,37	0,00	2,87	76,63	10,50
1212	01.09.20 19:18:11	10,37	0,00	1,98	77,64	10,38
1213	01.09.20 19:18:12	10,37	0,00	2,48	79,31	8,21
1214	01.09.20 19:18:13	10,37	0,00	1,06	82,94	6,00
1215	01.09.20 19:18:14	10,37	0,00	0,38	86,65	2,97
1216	01.09.20 19:18:15	10,37	0,00	0,79	88,04	1,16
1217	01.09.20 19:18:16	10,37	0,00	-1,00	88,74	0,27
1218	01.09.20 19:18:17	10,41	0,00	-1,82	87,89	-0,29
1219	01.09.20 19:18:18	10,41	0,00	-0,50	89,21	-0,28
1220	01.09.20 19:18:19	10,41	0,00	-0,34	88,47	1,20
1221	01.09.20 19:18:20	10,41	0,00	0,12	87,05	2,83
1222	01.09.20 19:18:21	10,41	0,00	1,34	84,48	4,18
1223	01.09.20 19:18:22	10,41	0,00	-0,03	84,49	5,48
1224	01.09.20 19:18:23	10,41	0,00	0,12	84,85	5,03
1225	01.09.20 19:18:24	10,44	0,00	1,39	84,35	4,27
1226	01.09.20 19:18:25	10,44	0,00	1,26	84,07	4,67
1227	01.09.20 19:18:26	10,44	0,00	-1,11	86,03	2,86
1228	01.09.20 19:18:27	10,44	0,00	-1,79	87,88	-0,34
1229	01.09.20 19:18:28	10,44	0,00	0,21	87,80	-1,99
1230	01.09.20 19:18:29	10,44	0,00	-2,18	84,95	-2,88
1231	01.09.20 19:18:30	10,47	0,00	-3,04	83,31	-3,65
1232	01.09.20 19:18:31	10,47	0,00	-1,63	83,52	-4,85
1233	01.09.20 19:18:32	10,47	0,00	-2,98	81,34	-5,68
1234	01.09.20 19:18:33	10,47	0,00	-2,10	82,17	-5,72
1235	01.09.20 19:18:34	10,47	0,00	-3,49	81,72	-4,79
1236	01.09.20 19:18:35	10,50	0,00	-2,63	82,10	-5,27
1237	01.09.20 19:18:36	10,50	0,00	-1,43	83,65	-4,92
1238	01.09.20 19:18:37	10,50	0,00	-2,94	83,39	-3,67
1239	01.09.20 19:18:38	10,50	0,00	-2,64	83,75	-3,61
1240	01.09.20 19:18:39	10,50	0,00	-1,63	85,40	-2,97
1241	01.09.20 19:18:40	10,50	0,00	-1,21	87,29	-1,50
1242	01.09.20 19:18:41	10,53	0,00	-1,02	88,63	0,35
1243	01.09.20 19:18:42	10,53	0,00	-1,72	87,80	0,48
1244	01.09.20 19:18:43	10,53	0,00	-0,71	88,39	0,90
1245	01.09.20 19:18:44	10,53	0,00	0,81	86,97	2,23
1246	01.09.20 19:18:45	10,53	0,00	-1,73	86,97	1,30
1247	01.09.20 19:18:46	10,57	0,00	-1,88	87,82	0,31
1248	01.09.20 19:18:47	10,57	0,00	0,28	89,52	-0,21
1249	01.09.20 19:18:48	10,57	0,00	-1,92	87,02	-1,06
1250	01.09.20 19:18:49	10,57	0,00	-1,44	86,39	-2,17
1251	01.09.20 19:18:50	10,57	0,00	-2,21	84,67	-3,13
1252	01.09.20 19:18:51	10,57	0,00	-2,87	83,49	-3,64
1253	01.09.20 19:18:52	10,60	0,00	-1,70	83,46	-4,85
1254	01.09.20 19:18:53	10,60	0,00	-2,41	82,73	-4,85
1255	01.09.20 19:18:54	10,60	0,00	-3,72	82,08	-4,20
1256	01.09.20 19:18:55	10,60	0,00	-1,65	83,46	-4,89
1257	01.09.20 19:18:56	10,60	0,00	-1,42	85,17	-3,40
1258	01.09.20 19:18:57	10,63	0,00	-3,60	83,06	-3,33
1259	01.09.20 19:18:58	10,63	0,00	-0,12	87,31	-2,57
1260	01.09.20 19:18:59	10,63	0,00	-2,30	85,91	-1,79
1261	01.09.20 19:19:00	10,63	0,00	-2,01	86,41	-1,58
1262	01.09.20 19:19:01	10,63	0,00	-0,93	88,38	-0,69
1263	01.09.20 19:19:02	10,63	0,00	-1,69	87,85	-0,46
1264	01.09.20 19:19:03	10,66	0,00	-1,45	88,32	0,23
1265	01.09.20 19:19:04	10,66	0,00	-0,79	88,87	-0,35
1266	01.09.20 19:19:05	10,66	0,00	-1,64	87,58	-0,78
1267	01.09.20 19:19:06	10,66	0,00	-2,45	85,63	-1,91
1268	01.09.20 19:19:07	10,66	0,00	-1,77	85,52	-2,71
1269	01.09.20 19:19:08	10,70	0,00	-1,60	85,31	-3,09
1270	01.09.20 19:19:09	10,70	0,00	-2,61	83,42	-3,97
1271	01.09.20 19:19:10	10,70	0,00	-2,77	82,98	-4,26
1272	01.09.20 19:19:11	10,70	0,00	-1,75	84,29	-3,96
1273	01.09.20 19:19:12	10,70	0,00	-2,71	83,64	-3,65
1274	01.09.20 19:19:13	10,70	0,00	-3,00	83,13	-3,86
1275	01.09.20 19:19:14	10,73	0,00	-1,53	85,01	-3,46
1276	01.09.20 19:19:15	10,73	0,00	-1,95	85,55	-2,50
1277	01.09.20 19:19:16	10,73	0,00	-2,25	85,99	-1,76
1278	01.09.20 19:19:17	10,73	0,00	-1,21	87,41	-1,38
1279	01.09.20 19:19:18	10,73	0,00	-1,22	88,01	-0,76
1280	01.09.20 19:19:19	10,76	0,00	-2,47	85,90	-1,63
1281	01.09.20 19:19:20	10,76	0,00	-1,31	86,63	-2,05
1282	01.09.20 19:19:21	10,76	0,00	-1,14	87,98	-0,88
1283	01.09.20 19:19:22	10,76	0,00	-1,77	87,28	-0,95
1284	01.09.20 19:19:23	10,76	0,00	-2,14	85,74	-2,13
1285	01.09.20 19:19:24	10,79	0,00	-2,80	84,51	-2,68
1286	01.09.20 19:19:25	10,79	0,00	-1,31	85,96	-2,73
1287	01.09.20 19:19:26	10,79	0,00	-1,88	85,29	-2,84
1288	01.09.20 19:19:27	10,79	0,00	-3,26	83,30	-3,45
1289	01.09.20 19:19:28	10,79	0,00	-1,38	85,16	-3,46
1290	01.09.20 19:19:29	10,79	0,00	-1,72	85,22	-3,06
1291	01.09.20 19:19:30	10,82	0,00	-3,38	84,13	-2,49
1292	01.09.20 19:19:31	10,82	0,00	-1,21	85,81	-2,98
1293	01.09.20 19:19:32	10,82	0,00	-0,28	87,01	-2,71
1294	01.09.20 19:19:33	10,82	0,00	-3,18	86,33	-0,50
1295	01.09.20 19:19:34	10,82	0,00	-1,26	88,21	-0,53
1296	01.09.20 19:19:35	10,86	0,00	-1,01	88,05	-0,94
1297	01.09.20 19:19:36	10,86	0,00	-1,40	88,39	-0,20
1298	01.09.20 19:19:37	10,86	0,00	-0,57	89,31	0,12
1299	01.09.20 19:19:38	10,86	0,00	-2,99	86,22	-0,79
1300	01.09.20 19:19:39	10,86	0,00	-2,43	85,09	-2,48
1301	01.09.20 19:19:40	10,86	0,00	0,53	87,00	-2,47
1302	01.09.20 19:19:41	10,89	0,00	-1,96	86,69	-1,36
1303	01.09.20 19:19:42	10,89	0,00	-4,87	82,22	-2,91
1304	01.09.20 19:19:43	10,89	0,00	-0,76	84,58	-4,66
1305	01.09.20 19:19:44	10,89	0,00	0,13	87,00	-2,87
1306	01.09.20 19:19:45	10,89	0,00	-4,84	82,64	-2,52
1307	01.09.20 19:19:46	10,89	0,00	-2,16	84,03	-3,81
1308	01.09.20 19:19:47	10,89	0,00	0,28	87,12	-2,60
1309	01.09.20 19:19:48	10,89	0,00	-2,92	86,30	-0,78
1310	01.09.20 19:19:49	10,92	0,00	-1,09	87,72	-1,18
1311	01.09.20 19:19:50	10,92	0,00	-2,22	86,90	-0,89
1312	01.09.20 19:19:51	10,92	0,00	-1,80	86,74	-1,46
1313	01.09.20 19:19:52	10,92	0,00	0,85	88,78	-0,36
1314	01.09.20 19:19:53	10,92	0,00	-3,54	86,32	-0,15
1315	01.09.20 19:19:54	10,95	0,00	-2,58	85,74	-1,69
1316	01.09.20 19:19:55	10,95	0,00	0,43	87,64	-1,93
1317	01.09.20 19:19:56	10,95	0,00	-1,27	87,75	-0,97
1318	01.09.20 19:19:57	10,95	0,00	-2,95	86,09	-0,96
1319	01.09.20 19:19:58	10,95	0,00	-1,50	86,65	-1,85
1320	01.09.20 19:19:59	10,95	0,00	-1,95	85,85	-2,20
1321	01.09.20 19:20:00	10,95	0,00	-1,42	86,09	-2,49
1322	01.09.20 19:20:01	10,99	0,00	-1,35	86,57	-2,08
1323	01.09.20 19:20:02	10,99	0,00	-3,61	83,88	-2,51
1324	01.09.20 19:20:03	10,99	0,00	-1,40	84,85	-3,75
1325	01.09.20 19:20:04	10,99	0,00	-2,09	84,53	-3,39
1326	01.09.20 19:20:05	10,99	0,00	-2,32	84,54	-3,13
1327	01.09.20 19:20:06	11,02	0,00	-1,61	85,23	-3,16
1328	01.09.20 19:20:07	11,02	0,00	-2,40	85,05	-2,55
1329	01.09.20 19:20:08	11,02	0,00	-2,90	84,63	-2,47
1330	01.09.20 19:20:09	11,02	0,00	-0,83	86,24	-2,93
1331	01.09.20 19:20:10	11,02	0,00	-1,81	86,32	-1,88
1332	01.09.20 19:20:11	11,02	0,00	-2,24	86,78	-0,98
1333	01.09.20 19:20:12	11,05	0,00	-1,84	87,15	-1,01
1334	01.09.20 19:20:13	11,05	0,00	-0,60	87,84	-1,56
1335	01.09.20 19:20:14	11,05	0,00	-1,74	87,24	-1,02
1336	01.09.20 19:20:15	11,05	0,00	-2,02	86,88	-1,10
1337	01.09.20 19:20:16	11,05	0,00	-1,50	86,55	-1,95
1338	01.09.20 19:20:17	11,05	0,00	-1,41	87,13	-1,46
1339	01.09.20 19:20:18	11,05	0,00	-0,91	87,49	-1,60
1340	01.09.20 19:20:19	11,08	0,00	-3,23	85,63	-1,13
1341	01.09.20 19:20:20	11,08	0,00	-1,86	85,27	-2,87
1342	01.09.20 19:20:21	11,08	0,00	-0,47	87,32	-2,21
1343	01.09.20 19:20:22	11,08	0,00	-2,49	85,63	-1,89
1344	01.09.20 19:20:23	11,08	0,00	-3,07	83,69	-3,24
1345	01.09.20 19:20:24	11,08	0,00	-1,59	84,75	-3,66
1346	01.09.20 19:20:25	11,11	0,00	-0,92	86,64	-2,44
1347	01.09.20 19:20:26	11,11	0,00	-2,87	85,12	-2,01
1348	01.09.20 19:20:27	11,11	0,00	-2,88	84,42	-2,70
1349	01.09.20 19:20:28	11,11	0,00	-0,52	86,47	-3,01
1350	01.09.20 19:20:29	11,11	0,00	-2,23	85,26	-2,51
1351	01.09.20 19:20:30	11,11	0,00	-3,17	84,33	-2,50
1352	01.09.20 19:20:31	11,15	0,00	-1,55	85,46	-2,99
1353	01.09.20 19:20:32	11,15	0,00	-2,02	85,23	-2,74
1354	01.09.20 19:20:33	11,15	0,00	-2,16	85,77	-2,07
1355	01.09.20 19:20:34	11,15	0,00	-2,17	84,91	-2,92
1356	01.09.20 19:20:35	11,15	0,00	-1,71	85,17	-3,12
1357	01.09.20 19:20:36	11,15	0,00	-1,67	86,27	-2,07
1358	01.09.20 19:20:37	11,18	0,00	-3,03	84,16	-2,81
1359	01.09.20 19:20:38	11,18	0,00	-1,72	85,76	-2,51
1360	01.09.20 19:20:39	11,18	0,00	-1,98	85,89	-2,12
1361	01.09.20 19:20:40	11,18	0,00	-0,76	88,39	-0,85
1362	01.09.20 19:20:41	11,18	0,00	-2,41	87,32	0,26
1363	01.09.20 19:20:42	11,18	0,00	-3,33	85,00	-1,67
1364	01.09.20 19:20:43	11,21	0,00	0,70	86,87	-2,43
1365	01.09.20 19:20:44	11,21	0,00	-0,69	88,90	0,41
1366	01.09.20 19:20:45	11,21	0,00	-3,94	85,86	-0,20
1367	01.09.20 19:20:46	11,21	0,00	-0,69	87,00	-2,31
1368	01.09.20 19:20:47	11,21	0,00	-0,93	87,18	-1,89
1369	01.09.20 19:20:48	11,24	0,00	-2,74	85,64	-1,63
1370	01.09.20 19:20:49	11,24	0,00	-1,87	86,28	-1,85
1371	01.09.20 19:20:50	11,24	0,00	-1,43	86,41	-2,16
1372	01.09.20 19:20:51	11,24	0,00	-2,38	84,65	-2,96
1373	01.09.20 19:20:52	11,24	0,00	-1,80	85,16	-3,04
1374	01.09.20 19:20:53	11,24	0,00	-2,67	84,69	-2,64
1375	01.09.20 19:20:54	11,27	0,00	-1,29	86,07	-2,64
1376	01.09.20 19:20:55	11,27	0,00	-1,78	86,33	-1,88
1377	01.09.20 19:20:56	11,27	0,00	-13,24	50,43	-26,33
1378	01.09.20 19:20:57	11,27	0,00	79,86	0,94	-9,20
1379	01.09.20 19:20:58	11,27	0,00	32,30	23,01	-34,70
1380	01.09.20 19:20:59	11,27	0,00	13,10	-0,45	-76,45
1381	01.09.20 19:21:00	11,27	0,00	22,36	10,52	-57,12
1382	01.09.20 19:21:01	11,31	0,00	17,12	2,40	-70,48
1383	01.09.20 19:21:02	11,31	0,00	-8,18	-1,15	-80,67
1384	01.09.20 19:21:03	11,31	0,00	-20,44	-3,94	-65,62
1385	01.09.20 19:21:04	11,34	0,00	-35,32	-1,49	-53,19
1386	01.09.20 19:21:05	11,34	0,00	-19,73	-10,14	-60,13
1387	01.09.20 19:21:06	11,34	0,00	-22,34	-7,90	-59,76
1388	01.09.20 19:21:07	11,34	0,00	-40,92	-17,90	-31,17
1389	01.09.20 19:21:08	11,34	0,00	-2,37	-56,10	-31,53
1390	01.09.20 19:21:09	11,37	0,00	-13,04	7,04	-69,92
1391	01.09.20 19:21:10	11,37	0,00	-15,79	44,51	-29,70
1392	01.09.20 19:21:11	11,40	0,00	-2,87	22,02	-65,10
1393	01.09.20 19:21:12	11,40	0,00	-16,51	-23,84	-49,65
1394	01.09.20 19:21:13	11,50	0,00	-15,62	-11,07	-63,31
1395	01.09.20 19:21:14	11,72	0,00	-16,47	-1,65	-71,88
1396	01.09.20 19:21:15	11,81	0,00	-7,90	20,43	-61,67
1397	01.09.20 19:21:16	11,88	0,00	-3,00	41,04	-45,97
1398	01.09.20 19:21:17	11,88	0,00	-1,29	60,46	-28,25
1399	01.09.20 19:21:18	11,91	0,00	-6,59	52,28	-31,13
1400	01.09.20 19:21:19	11,91	0,00	-0,72	42,64	-46,63
1401	01.09.20 19:21:20	11,91	0,00	19,46	59,46	-11,08
1402	01.09.20 19:21:21	11,94	0,00	-4,00	66,40	-19,60
1403	01.09.20 19:21:22	11,94	0,00	-11,75	65,56	-12,69
1404	01.09.20 19:21:23	11,97	0,00	-19,23	54,14	-16,63
1405	01.09.20 19:21:24	12,16	0,00	22,09	55,84	-12,07
1406	01.09.20 19:21:25	12,19	0,00	-25,41	46,34	-18,25
1407	01.09.20 19:21:26	12,23	0,00	-47,83	10,02	-32,15
1408	01.09.20 19:21:27	12,26	0,00	-44,25	18,13	-27,63
1409	01.09.20 19:21:28	12,29	0,00	1,85	78,92	-9,23
1410	01.09.20 19:21:29	12,32	0,00	-19,73	41,53	-28,74
1411	01.09.20 19:21:30	12,32	0,00	-25,90	48,57	-15,53
1412	01.09.20 19:21:31	12,35	0,00	37,82	31,41	-20,77
1413	01.09.20 19:21:32	12,35	0,00	-11,19	64,45	-14,36
1414	01.09.20 19:21:33	12,38	0,00	-50,20	12,70	-27,11
1415	01.09.20 19:21:34	12,60	0,00	-56,12	4,08	-29,79
1416	01.09.20 19:21:35	12,82	0,00	-31,86	47,44	-10,70
1417	01.09.20 19:21:36	13,23	0,00	-21,41	66,44	2,15
1418	01.09.20 19:21:37	13,41	0,00	-31,75	15,13	-43,12
1419	01.09.20 19:21:38	13,48	0,00	-34,40	-5,32	-50,28
1420	01.09.20 19:21:39	13,66	0,00	-12,70	-33,95	-43,35
1421	01.09.20 19:21:40	13,75	0,00	-19,52	-26,34	-44,13
1422	01.09.20 19:21:41	13,75	0,00	-44,77	-9,12	-36,10
1423	01.09.20 19:21:42	13,75	0,00	-26,30	-28,86	-34,84
1424	01.09.20 19:21:43	13,75	0,00	29,83	-34,08	-26,09
1425	01.09.20 19:21:44	13,75	0,00	21,05	-25,80	-43,15
1426	01.09.20 19:21:45	13,72	0,00	-11,62	-20,45	-57,92
1427	01.09.20 19:21:46	13,72	0,00	12,53	-34,32	-43,16
1428	01.09.20 19:21:47	13,69	0,00	28,74	-26,59	-34,68
1429	01.09.20 19:21:48	13,69	0,00	19,79	-19,16	-51,04
1430	01.09.20 19:21:49	13,66	0,00	2,06	38,64	-49,30
1431	01.09.20 19:21:50	13,63	0,00	5,42	19,24	-65,34
1432	01.09.20 19:21:51	13,63	0,00	-4,05	19,23	-66,73
1433	01.09.20 19:21:52	13,63	0,00	-20,97	13,24	-55,78
1434	01.09.20 19:21:53	13,60	0,00	-21,77	19,95	-48,28
1435	01.09.20 19:21:54	13,60	0,00	-9,16	14,00	-66,84
1436	01.09.20 19:21:55	13,60	0,00	19,76	34,37	-35,87
1437	01.09.20 19:21:56	13,60	0,00	55,75	30,29	3,96
1438	01.09.20 19:21:57	13,60	0,00	-11,48	47,14	31,37
1439	01.09.20 19:21:58	13,60	0,00	11,16	72,71	6,13
1440	01.09.20 19:21:59	13,57	0,00	44,05	-39,00	-6,94
1441	01.09.20 19:22:00	13,57	0,00	2,45	-79,88	7,68
1442	01.09.20 19:22:01	13,57	0,00	0,53	-82,55	6,92
1443	01.09.20 19:22:02	13,57	0,00	0,54	-83,06	6,40
1444	01.09.20 19:22:03	13,57	0,00	0,80	-82,47	6,73
1445	01.09.20 19:22:04	13,57	0,00	0,39	-82,44	7,17
1446	01.09.20 19:22:05	13,57	0,00	0,55	-83,25	6,20
1447	01.09.20 19:22:06	13,57	0,00	2,52	-80,40	7,08
1448	01.09.20 19:22:07	13,57	0,00	1,93	-82,85	5,22
1449	01.09.20 19:22:08	13,57	0,00	2,02	-82,35	5,63
1450	01.09.20 19:22:09	13,57	0,00	2,03	-81,50	6,47
1451	01.09.20 19:22:10	13,57	0,00	1,49	-82,05	6,46
1452	01.09.20 19:22:11	13,57	0,00	1,96	-81,18	6,87
1453	01.09.20 19:22:12	13,57	0,00	1,85	-82,62	5,53
1454	01.09.20 19:22:13	13,57	0,00	1,38	-83,81	4,81
1455	01.09.20 19:22:14	13,57	0,00	2,54	-79,75	7,72
1456	01.09.20 19:22:15	13,57	0,00	1,77	-82,63	5,59
1457	01.09.20 19:22:16	13,57	0,00	2,70	-81,89	5,41
1458	01.09.20 19:22:17	13,57	0,00	2,08	-82,79	5,14
1459	01.09.20 19:22:18	13,57	0,00	1,59	-81,38	7,04
1460	01.09.20 19:22:19	13,57	0,00	1,07	-83,00	5,93
1461	01.09.20 19:22:20	13,57	0,00	1,58	-81,65	6,76
1462	01.09.20 19:22:21	13,57	0,00	2,29	-81,66	6,05
1463	01.09.20 19:22:22	13,57	0,00	1,88	-81,82	6,29
1464	01.09.20 19:22:23	13,57	0,00	0,56	-84,15	5,28
1465	01.09.20 19:22:24	13,57	0,00	2,78	-80,18	7,04
1466	01.09.20 19:22:25	13,57	0,00	2,73	-80,99	6,28
1467	01.09.20 19:22:26	13,57	0,00	1,21	-83,51	5,28
1468	01.09.20 19:22:27	13,57	0,00	0,81	-83,20	6,00
1469	01.09.20 19:22:28	13,57	0,00	0,66	-82,18	7,16
1470	01.09.20 19:22:29	13,57	0,00	1,77	-80,51	7,72
1471	01.09.20 19:22:30	13,57	0,00	0,70	-83,90	5,40
1472	01.09.20 19:22:31	13,57	0,00	-0,16	-84,54	5,30
1473	01.09.20 19:22:32	13,57	0,00	0,68	-81,00	8,32
1474	01.09.20 19:22:33	13,57	0,00	1,24	-81,12	7,63
1475	01.09.20 19:22:34	13,57	0,00	0,21	-84,14	5,65
1476	01.09.20 19:22:35	13,57	0,00	0,74	-82,80	6,46
1477	01.09.20 19:22:36	13,60	0,00	0,58	-82,75	6,68
1478	01.09.20 19:22:37	13,60	0,00	0,63	-81,87	7,51
1479	01.09.20 19:22:38	13,60	0,00	0,64	-82,81	6,55
1480	01.09.20 19:22:39	13,60	0,00	1,12	-82,46	6,42
1481	01.09.20 19:22:40	13,60	0,00	1,27	-82,04	6,70
1482	01.09.20 19:22:41	13,60	0,00	0,25	-83,70	6,06
1483	01.09.20 19:22:42	13,60	0,00	1,56	-81,56	6,88
1484	01.09.20 19:22:43	13,60	0,00	2,74	-80,25	7,01
1485	01.09.20 19:22:44	13,60	0,00	1,80	-83,23	4,96
1486	01.09.20 19:22:45	13,60	0,00	0,13	-85,86	4,01
1487	01.09.20 19:22:46	13,60	0,00	3,26	-78,83	7,91
1488	01.09.20 19:22:47	13,60	0,00	2,96	-80,90	6,14
1489	01.09.20 19:22:48	13,60	0,00	1,17	-84,16	4,67
1490	01.09.20 19:22:49	13,60	0,00	0,73	-83,76	5,51
1491	01.09.20 19:22:50	13,60	0,00	1,23	-80,71	8,06
1492	01.09.20 19:22:51	13,60	0,00	0,71	-81,64	7,65
1493	01.09.20 19:22:52	13,60	0,00	-0,18	-84,08	5,73
1494	01.09.20 19:22:53	13,60	0,00	-0,31	-83,00	6,69
1495	01.09.20 19:22:54	13,63	0,00	0,09	-81,72	8,19
1496	01.09.20 19:22:55	13,60	0,00	0,94	-81,78	7,28
1497	01.09.20 19:22:56	13,63	0,00	0,40	-83,86	5,75
1498	01.09.20 19:22:57	13,63	0,00	1,54	-81,54	6,92
1499	01.09.20 19:22:58	13,63	0,00	-0,18	-84,40	5,42
1500	01.09.20 19:22:59	13,63	0,00	0,70	-81,70	7,60
1501	01.09.20 19:23:00	13,63	0,00	1,19	-81,22	7,60
1502	01.09.20 19:23:01	13,63	0,00	-0,06	-84,68	5,26
1503	01.09.20 19:23:02	13,63	0,00	0,31	-83,09	6,60
1504	01.09.20 19:23:03	13,63	0,00	0,74	-81,40	7,86
1505	01.09.20 19:23:04	13,63	0,00	0,50	-82,13	7,37
1506	01.09.20 19:23:05	13,63	0,00	-0,03	-84,16	5,81
1507	01.09.20 19:23:06	13,63	0,00	0,63	-82,51	6,86
1508	01.09.20 19:23:07	13,63	0,00	1,68	-80,96	7,36
1509	01.09.20 19:23:08	13,63	0,00	0,30	-83,58	6,12
1510	01.09.20 19:23:09	13,66	0,00	-0,19	-83,84	5,97
1511	01.09.20 19:23:10	13,66	0,00	2,81	-79,11	8,08
1512	01.09.20 19:23:11	13,66	0,00	2,04	-82,38	5,58
1513	01.09.20 19:23:12	13,66	0,00	0,48	-84,19	5,34
1514	01.09.20 19:23:13	13,66	0,00	1,96	-80,79	7,25
1515	01.09.20 19:23:14	13,66	0,00	2,25	-81,60	6,15
1516	01.09.20 19:23:15	13,66	0,00	1,52	-82,39	6,09
1517	01.09.20 19:23:16	13,66	0,00	0,64	-83,36	6,00
1518	01.09.20 19:23:17	13,66	0,00	1,92	-80,91	7,17
1519	01.09.20 19:23:18	13,66	0,00	0,45	-82,89	6,66
1520	01.09.20 19:23:19	13,66	0,00	0,62	-81,95	7,43
1521	01.09.20 19:23:20	13,66	0,00	0,53	-83,51	5,96
1522	01.09.20 19:23:21	13,66	0,00	-0,61	-82,94	6,45
1523	01.09.20 19:23:22	13,66	0,00	1,20	-80,57	8,23
1524	01.09.20 19:23:23	13,69	0,00	1,28	-82,07	6,65
1525	01.09.20 19:23:24	13,69	0,00	0,51	-84,45	5,04
1526	01.09.20 19:23:25	13,69	0,00	1,20	-82,06	6,74
1527	01.09.20 19:23:26	13,69	0,00	-56,93	-1,40	-31,67
1528	01.09.20 19:23:27	13,69	0,00	-58,41	-3,38	-28,21
1529	01.09.20 19:23:28	13,69	0,00	-51,25	-2,38	-36,38
1530	01.09.20 19:23:29	13,69	0,00	-51,96	-3,18	-34,85
1531	01.09.20 19:23:30	13,69	0,00	-57,55	-1,97	-30,48
1532	01.09.20 19:23:31	13,72	0,00	-57,41	-1,37	-31,22
1533	01.09.20 19:23:32	13,72	0,00	-60,54	-2,40	-27,06
1534	01.09.20 19:23:33	13,72	0,00	-58,06	-2,88	-29,07
1535	01.09.20 19:23:34	13,72	0,00	-55,30	-3,77	-30,93
1536	01.09.20 19:23:35	13,72	0,00	-57,30	-2,21	-30,49
1537	01.09.20 19:23:36	13,72	0,00	-58,19	-1,99	-29,82
1538	01.09.20 19:23:37	13,75	0,00	-56,53	-4,37	-29,10
1539	01.09.20 19:23:38	13,75	0,00	-52,50	-0,93	-36,57
1540	01.09.20 19:23:39	13,75	0,00	-56,17	-2,14	-31,70
1541	01.09.20 19:23:40	13,75	0,00	-57,93	0,60	-31,46
1542	01.09.20 19:23:41	13,79	0,00	-58,24	0,14	-31,62
1543	01.09.20 19:23:42	13,79	0,00	-51,98	-4,37	-33,65
1544	01.09.20 19:23:43	13,79	0,00	-53,59	-3,05	-33,36
1545	01.09.20 19:23:44	13,79	0,00	-53,36	-3,33	-33,31
1546	01.09.20 19:23:45	13,79	0,00	-51,91	-4,71	-33,38
1547	01.09.20 19:23:46	13,79	0,00	-51,91	-4,97	-33,12
1548	01.09.20 19:23:47	13,79	0,00	-53,19	-3,70	-33,11
1549	01.09.20 19:23:48	13,79	0,00	-52,22	-4,14	-33,63
1550	01.09.20 19:23:49	13,79	0,00	-52,90	-4,72	-32,38
1551	01.09.20 19:23:50	13,79	0,00	-53,34	-4,26	-32,40
1552	01.09.20 19:23:51	13,79	0,00	-52,77	-4,19	-33,05
1553	01.09.20 19:23:52	13,79	0,00	-52,14	-4,14	-33,72
1554	01.09.20 19:23:53	13,82	0,00	-52,97	-4,54	-32,50
1555	01.09.20 19:23:54	13,82	0,00	-52,64	-4,23	-33,14
1556	01.09.20 19:23:55	13,82	0,00	-51,14	-5,95	-32,91
1557	01.09.20 19:23:56	13,82	0,00	-56,44	-1,23	-32,33
1558	01.09.20 19:23:57	13,82	0,00	-60,19	-6,29	-23,52
1559	01.09.20 19:23:58	13,82	0,00	-55,07	-4,11	-30,82
1560	01.09.20 19:23:59	13,82	0,00	-55,75	-2,42	-31,84
1561	01.09.20 19:24:00	13,85	0,00	-56,74	-2,34	-30,91
1562	01.09.20 19:24:01	13,85	0,00	-58,81	-2,39	-28,80
1563	01.09.20 19:24:02	13,85	0,00	-51,63	-5,77	-32,61
1564	01.09.20 19:24:03	13,88	0,00	-55,52	-4,44	-30,04
1565	01.09.20 19:24:04	13,88	0,00	-56,95	-2,67	-30,39
1566	01.09.20 19:24:05	13,88	0,00	-60,82	-2,34	-26,85
1567	01.09.20 19:24:06	13,88	0,00	-38,84	-14,79	36,37
1568	01.09.20 19:24:07	13,88	0,00	-31,49	-11,44	47,07
1569	01.09.20 19:24:08	13,88	0,00	-34,46	-9,78	45,75
1570	01.09.20 19:24:09	13,91	0,00	-27,84	-10,95	51,21
1571	01.09.20 19:24:10	13,91	0,00	-28,54	-13,20	48,26
1572	01.09.20 19:24:11	13,91	0,00	-34,75	-11,74	43,51
1573	01.09.20 19:24:12	13,91	0,00	-32,85	-9,27	47,88
1574	01.09.20 19:24:13	13,91	0,00	-27,97	-9,61	52,43
1575	01.09.20 19:24:14	13,91	0,00	-30,22	-11,32	48,45
1576	01.09.20 19:24:15	13,91	0,00	-34,22	-10,34	45,44
1577	01.09.20 19:24:16	13,91	0,00	-32,41	-8,51	49,08
1578	01.09.20 19:24:17	13,91	0,00	-30,25	-8,49	51,25
1579	01.09.20 19:24:18	13,91	0,00	-29,10	-10,24	50,66
1580	01.09.20 19:24:19	13,91	0,00	-33,29	-9,68	47,03
1581	01.09.20 19:24:20	13,91	0,00	-33,72	-8,08	48,20
1582	01.09.20 19:24:21	13,91	0,00	-29,73	-8,69	51,58
1583	01.09.20 19:24:22	13,91	0,00	-29,26	-9,16	51,59
1584	01.09.20 19:24:23	13,94	0,00	-33,82	-8,95	47,23
1585	01.09.20 19:24:24	13,94	0,00	-34,29	-7,97	47,74
1586	01.09.20 19:24:25	13,94	0,00	-28,13	-8,54	53,33
1587	01.09.20 19:24:26	13,94	0,00	-30,83	-9,53	49,64
1588	01.09.20 19:24:27	13,94	0,00	-34,64	-8,53	46,83
1589	01.09.20 19:24:28	13,94	0,00	-31,49	-7,76	50,75
1590	01.09.20 19:24:29	13,94	0,00	-28,43	-9,33	52,24
1591	01.09.20 19:24:30	13,94	0,00	-33,28	-8,66	48,06
1592	01.09.20 19:24:31	13,94	0,00	-34,14	-7,92	47,94
1593	01.09.20 19:24:32	13,94	0,00	-29,00	-9,44	51,55
1594	01.09.20 19:24:33	13,94	0,00	-31,37	-9,00	49,62
1595	01.09.20 19:24:34	13,97	0,00	-34,96	-8,82	46,21
1596	01.09.20 19:24:35	13,97	0,00	-29,20	-9,36	51,45
1597	01.09.20 19:24:36	13,97	0,00	-30,27	-9,59	50,13
1598	01.09.20 19:24:37	13,97	0,00	-33,84	-9,66	46,50
1599	01.09.20 19:24:38	13,97	0,00	-31,55	-9,46	48,99
1600	01.09.20 19:24:39	14,00	0,00	-29,33	-10,18	50,49
1601	01.09.20 19:24:40	14,00	0,00	-31,82	-9,61	48,57
1602	01.09.20 19:24:41	14,00	0,00	-32,94	-9,92	47,13
1603	01.09.20 19:24:42	14,00	0,00	-29,73	-9,45	50,82
1604	01.09.20 19:24:43	14,00	0,00	-30,92	-9,07	50,01
1605	01.09.20 19:24:44	14,00	0,00	-32,13	-8,63	49,24
1606	01.09.20 19:24:45	14,00	0,00	-31,80	-8,77	49,43
1607	01.09.20 19:24:46	14,00	0,00	-31,61	-8,40	49,98
1608	01.09.20 19:24:47	14,00	0,00	-31,70	-8,01	50,28
1609	01.09.20 19:24:48	14,00	0,00	-31,58	-8,48	49,94
1610	01.09.20 19:24:49	14,00	0,00	-31,74	-8,19	50,07
1611	01.09.20 19:24:50	14,00	0,00	-32,96	-8,25	48,79
1612	01.09.20 19:24:51	14,03	0,00	-30,10	-8,95	50,94
1613	01.09.20 19:24:52	14,03	0,00	-30,47	-9,09	50,44
1614	01.09.20 19:24:53	14,03	0,00	-32,52	-8,88	48,60
1615	01.09.20 19:24:54	14,03	0,00	-32,53	-8,35	49,13
1616	01.09.20 19:24:55	14,03	0,00	-29,57	-9,45	50,98
1617	01.09.20 19:24:56	14,03	0,00	-33,13	-8,60	48,27
1618	01.09.20 19:24:57	14,03	0,00	-30,61	-9,81	49,58
1619	01.09.20 19:24:58	14,03	0,00	-32,31	-9,12	48,57
1620	01.09.20 19:24:59	14,03	0,00	-31,87	-9,28	48,86
1621	01.09.20 19:25:00	14,03	0,00	-29,90	-9,46	50,64
1622	01.09.20 19:25:01	14,03	0,00	-31,10	-10,05	48,85
1623	01.09.20 19:25:02	14,03	0,00	-33,28	-8,78	47,94
1624	01.09.20 19:25:03	14,03	0,00	-32,09	-8,37	49,54
1625	01.09.20 19:25:04	14,06	0,00	-28,73	-10,02	51,26
1626	01.09.20 19:25:05	14,06	0,00	-31,72	-9,06	49,22
1627	01.09.20 19:25:06	14,06	0,00	-35,24	-7,96	46,81
1628	01.09.20 19:25:07	14,06	0,00	-29,22	-8,67	52,11
1629	01.09.20 19:25:08	14,06	0,00	-31,50	-7,71	50,79
1630	01.09.20 19:25:09	14,06	0,00	-33,13	-8,50	48,37
1631	01.09.20 19:25:10	14,06	0,00	-30,87	-8,37	50,75
1632	01.09.20 19:25:11	14,09	0,00	-31,71	-7,93	50,36
1633	01.09.20 19:25:12	14,09	0,00	-31,50	-7,37	51,13
1634	01.09.20 19:25:13	14,09	0,00	-32,55	-7,19	50,25
1635	01.09.20 19:25:14	14,09	0,00	-32,38	-7,44	50,18
1636	01.09.20 19:25:15	14,09	0,00	-29,14	-8,78	52,08
1637	01.09.20 19:25:16	14,09	0,00	-27,66	8,65	53,69
1638	01.09.20 19:25:17	14,09	0,00	-27,47	10,21	52,31
1639	01.09.20 19:25:18	14,09	0,00	-25,43	8,44	56,13
1640	01.09.20 19:25:19	14,09	0,00	-26,29	9,03	54,68
1641	01.09.20 19:25:20	14,13	0,00	-28,10	9,22	52,68
1642	01.09.20 19:25:21	14,13	0,00	-26,59	10,18	53,24
1643	01.09.20 19:25:22	14,13	0,00	-24,88	9,41	55,71
1644	01.09.20 19:25:23	14,13	0,00	-26,56	9,91	53,53
1645	01.09.20 19:25:24	14,13	0,00	-27,17	10,13	52,70
1646	01.09.20 19:25:25	14,13	0,00	-26,29	9,53	54,18
1647	01.09.20 19:25:26	14,13	0,00	-26,10	9,07	54,83
1648	01.09.20 19:25:27	14,13	0,00	-26,76	10,02	53,22
1649	01.09.20 19:25:28	14,13	0,00	-27,03	9,61	53,36
1650	01.09.20 19:25:29	14,13	0,00	-27,69	9,60	52,71
1651	01.09.20 19:25:30	14,13	0,00	-31,37	1,36	57,27
1652	01.09.20 19:25:31	14,13	0,00	-30,74	-10,71	48,55
1653	01.09.20 19:25:32	14,16	0,00	-30,45	-20,00	39,55
1654	01.09.20 19:25:33	14,16	0,00	-26,79	-15,11	48,10
1655	01.09.20 19:25:34	14,16	0,00	-29,10	-10,27	50,63
1656	01.09.20 19:25:35	14,16	0,00	-33,28	-10,14	46,57
1657	01.09.20 19:25:36	14,16	0,00	-33,96	-8,88	47,17
1658	01.09.20 19:25:37	14,16	0,00	-28,30	-8,93	52,77
1659	01.09.20 19:25:38	14,16	0,00	-30,81	-9,29	49,90
1660	01.09.20 19:25:39	14,16	0,00	-34,09	-8,71	47,20
1661	01.09.20 19:25:40	14,19	0,00	-31,41	-8,64	49,95
1662	01.09.20 19:25:41	14,19	0,00	-29,64	-9,41	50,95
1663	01.09.20 19:25:42	14,19	0,00	-32,94	-8,36	48,71
1664	01.09.20 19:25:43	14,19	0,00	-33,55	-8,40	48,05
1665	01.09.20 19:25:44	14,19	0,00	-28,55	-9,91	51,54
1666	01.09.20 19:25:45	14,19	0,00	-31,02	-10,72	48,26
1667	01.09.20 19:25:46	14,19	0,00	-34,58	-9,53	45,89
1668	01.09.20 19:25:47	14,19	0,00	-29,81	-10,00	50,19
1669	01.09.20 19:25:48	14,19	0,00	-29,37	-10,79	49,84
1670	01.09.20 19:25:49	14,22	0,00	-33,27	-9,41	47,32
1671	01.09.20 19:25:50	14,22	0,00	-31,65	-10,00	48,35
1672	01.09.20 19:25:51	14,22	0,00	-30,22	-9,76	50,02
1673	01.09.20 19:25:52	14,22	0,00	-31,49	-9,02	49,49
1674	01.09.20 19:25:53	14,22	0,00	-32,01	-9,39	48,60
1675	01.09.20 19:25:54	14,22	0,00	-30,45	-9,94	49,62
1676	01.09.20 19:25:55	14,22	0,00	-30,91	-10,11	48,99
1677	01.09.20 19:25:56	14,22	0,00	-32,11	-9,50	48,39
1678	01.09.20 19:25:57	14,22	0,00	-31,36	-9,73	48,92
1679	01.09.20 19:25:58	14,22	0,00	-29,48	-10,64	49,88
1680	01.09.20 19:25:59	14,22	0,00	-31,04	-10,86	48,10
1681	01.09.20 19:26:00	14,22	0,00	-33,18	-10,04	46,78
1682	01.09.20 19:26:01	14,25	0,00	-30,24	-9,16	50,60
1683	01.09.20 19:26:02	14,25	0,00	-30,01	-9,17	50,82
1684	01.09.20 19:26:03	14,25	0,00	-32,20	-9,36	48,44
1685	01.09.20 19:26:04	14,25	0,00	-31,74	-10,09	48,17
1686	01.09.20 19:26:05	14,25	0,00	-30,51	-9,08	50,41
1687	01.09.20 19:26:06	14,28	0,00	-33,14	-7,87	48,99
1688	01.09.20 19:26:07	14,28	0,00	-30,17	-9,40	50,43
1689	01.09.20 19:26:08	14,28	0,00	-30,58	-9,67	49,74
1690	01.09.20 19:26:09	14,28	0,00	-33,30	-8,91	47,79
1691	01.09.20 19:26:10	14,28	0,00	-32,33	-8,36	49,31
1692	01.09.20 19:26:11	14,28	0,00	-28,87	-8,55	52,58
1693	01.09.20 19:26:12	14,28	0,00	-31,32	-9,32	49,37
1694	01.09.20 19:26:13	14,28	0,00	-34,29	-9,16	46,55
1695	01.09.20 19:26:14	14,28	0,00	-30,99	-8,61	50,40
1696	01.09.20 19:26:15	14,28	0,00	-29,95	-8,75	51,31
1697	01.09.20 19:26:16	14,28	0,00	-31,29	-9,43	49,27
1698	01.09.20 19:26:17	14,31	0,00	-33,09	-9,04	47,87
1699	01.09.20 19:26:18	14,31	0,00	-30,71	-8,47	50,82
1700	01.09.20 19:26:19	14,31	0,00	-30,73	-9,12	50,16
1701	01.09.20 19:26:20	14,31	0,00	-32,65	-7,94	49,41
1702	01.09.20 19:26:21	14,31	0,00	-31,37	-8,88	49,75
1703	01.09.20 19:26:22	14,31	0,00	-30,86	-9,00	50,14
1704	01.09.20 19:26:23	14,31	0,00	-32,08	-8,20	49,72
1705	01.09.20 19:26:24	14,31	0,00	-32,70	-7,30	49,99
1706	01.09.20 19:26:25	14,34	0,00	-29,79	-7,94	52,27
1707	01.09.20 19:26:26	14,34	0,00	-33,48	-7,11	49,41
1708	01.09.20 19:26:27	14,34	0,00	-31,63	-7,16	51,21
1709	01.09.20 19:26:28	14,34	0,00	-33,26	-7,17	49,57
1710	01.09.20 19:26:29	14,34	0,00	-29,85	-7,23	52,91
1711	01.09.20 19:26:30	14,34	0,00	-31,91	-8,23	49,86
1712	01.09.20 19:26:31	14,34	0,00	-32,89	-7,94	49,17
1713	01.09.20 19:26:32	14,34	0,00	-32,79	-6,99	50,22
1714	01.09.20 19:26:33	14,37	0,00	-29,24	-8,15	52,61
1715	01.09.20 19:26:34	14,37	0,00	-31,84	-7,65	50,51
1716	01.09.20 19:26:35	14,37	0,00	-34,02	-7,63	48,35
1717	01.09.20 19:26:36	14,37	0,00	-32,72	-6,61	50,67
1718	01.09.20 19:26:37	14,37	0,00	-29,08	-7,73	53,19
1719	01.09.20 19:26:38	14,37	0,00	-31,97	-8,47	49,56
1720	01.09.20 19:26:39	14,37	0,00	-34,92	-7,40	47,68
1721	01.09.20 19:26:40	14,37	0,00	-30,41	-7,99	51,59
1722	01.09.20 19:26:41	14,37	0,00	-28,68	-9,55	51,76
1723	01.09.20 19:26:42	14,37	0,00	-30,38	-17,70	41,92
1724	01.09.20 19:26:43	14,37	0,00	-31,76	-14,84	43,40
1725	01.09.20 19:26:44	14,40	0,00	-28,20	-14,41	47,39
1726	01.09.20 19:26:45	14,40	0,00	-29,05	-15,02	45,93
1727	01.09.20 19:26:46	14,40	0,00	-33,00	-13,89	43,11
1728	01.09.20 19:26:47	14,40	0,00	-29,96	-13,49	46,55
1729	01.09.20 19:26:48	14,40	0,00	-28,78	-13,93	47,29
1730	01.09.20 19:26:49	14,40	0,00	-30,12	-13,56	46,32
1731	01.09.20 19:26:50	14,40	0,00	-32,83	-12,91	44,26
1732	01.09.20 19:26:51	14,40	0,00	-29,62	-13,87	46,52
1733	01.09.20 19:26:52	14,40	0,00	-28,86	-14,51	46,63
1734	01.09.20 19:26:53	14,40	0,00	-30,86	-14,16	44,99
1735	01.09.20 19:26:54	14,43	0,00	-31,46	-14,55	43,99
1736	01.09.20 19:26:55	14,40	0,00	-55,59	31,11	-3,30
1737	01.09.20 19:26:56	14,43	0,00	6,50	32,74	50,76
1738	01.09.20 19:26:57	14,49	0,00	26,89	5,89	57,22
1739	01.09.20 19:26:58	14,86	0,00	32,91	-6,62	50,47
1740	01.09.20 19:26:59	15,20	0,00	31,96	-6,92	51,12
1741	01.09.20 19:27:00	15,41	0,00	30,59	-7,53	51,88
1742	01.09.20 19:27:01	15,59	0,00	45,74	-14,05	30,20
1743	01.09.20 19:27:02	15,71	0,00	58,17	-4,02	27,81
1744	01.09.20 19:27:03	15,77	0,00	12,23	-27,10	50,67
1745	01.09.20 19:27:04	15,89	0,03	13,00	-8,03	68,97
1746	01.09.20 19:27:05	16,02	0,01	17,33	-26,07	46,60
1747	01.09.20 19:27:06	16,11	0,06	39,37	-11,41	39,22
1748	01.09.20 19:27:07	16,17	0,06	-1,06	-28,13	60,81
1749	01.09.20 19:27:08	16,20	0,06	46,23	-3,17	40,60
1750	01.09.20 19:27:09	16,17	0,06	22,48	-21,79	45,73
1751	01.09.20 19:27:10	16,17	0,06	25,70	-7,10	57,20
1752	01.09.20 19:27:11	16,17	0,06	17,78	-10,12	62,11
1753	01.09.20 19:27:12	16,17	0,06	14,90	-35,58	39,52
1754	01.09.20 19:27:13	16,17	0,06	25,72	-45,35	18,93
1755	01.09.20 19:27:14	16,17	0,08	7,77	-37,72	44,52
1756	01.09.20 19:27:15	16,14	0,08	54,41	-9,86	25,74
1757	01.09.20 19:27:16	16,14	0,10	80,57	1,49	7,94
1758	01.09.20 19:27:17	16,14	0,08	78,05	-6,09	-5,86
1759	01.09.20 19:27:18	16,11	0,08	74,84	-14,34	-0,82
1760	01.09.20 19:27:19	16,11	0,10	83,46	-3,68	2,86
1761	01.09.20 19:27:20	16,11	0,10	80,76	-5,62	3,62
1762	01.09.20 19:27:21	16,26	0,00	15,98	64,23	9,79
1763	01.09.20 19:27:22	16,38	0,00	4,30	52,81	-32,89
1764	01.09.20 19:27:23	16,53	0,00	-17,21	56,42	-16,37
1765	01.09.20 19:27:24	16,68	0,00	-33,86	49,54	-6,60
1766	01.09.20 19:27:25	16,86	0,00	-40,23	30,88	-18,89
1767	01.09.20 19:27:26	17,10	0,00	-13,36	70,87	5,77
1768	01.09.20 19:27:27	17,40	0,00	-22,87	64,56	-2,57
1769	01.09.20 19:27:28	17,61	0,00	-20,61	57,58	11,81
1770	01.09.20 19:27:29	17,79	0,00	-65,13	3,10	21,76
